7.217120811826526E-9 6.538505317928447
1.264030607963543E-6 5.912284741198571
1.6405424618967784E-5 5.410579904504273
1.6405424618967784E-5 5.034656101895482
1.6405424618967784E-5 4.589232022670064
3.339830542840167E-4 4.663385295927465
7.785426613774556E-4 4.468395465081223
7.785426613774556E-4 4.39711506791551
7.785426613774556E-4 4.32624737547357
7.785426613774556E-4 4.13688604483524
0.0010522751162075816 3.9767001175625496
0.0021333439481100148 3.6685648383938254
0.0021333439481100148 3.455933220082888
0.0021333439481100148 3.074312401553885
0.0021333439481100148 2.9106938219106957
0.09319227055105198 3.0458029592077676
0.09319227055105198 3.2527239711571188
0.09319227055105198 3.06373273688108
0.09319227055105198 2.952021307764886
0.09319227055105198 2.755455591932934
0.09319227055105198 2.743578825141538
0.09319227055105198 2.5774563108848763
0.09319227055105198 2.4408230565998057
0.09319227055105198 2.570986333097986
0.13863585426543218 2.392956384654438
0.13863585426543218 2.389349569841911
0.6773810167689578 2.377530795124048
0.6773810167689578 2.250616930389007
0.6773810167689578 2.236190729039701
0.6773810167689578 2.1199325722313205
0.6773810167689578 1.8717181055044103
0.6773810167689578 1.7782146855880188
0.6773810167689578 1.8388012504854256
0.6773810167689578 1.8580404694229593
0.6773810167689578 1.7338241476146867
0.6773810167689578 1.8317971810461475
0.9837431378834278 1.7208788676578846
1.4022733512687793 1.7732363171126226
1.4022733512687793 1.6382562211111522
1.4022733512687793 1.611353807393933
1.4022733512687793 1.6587588434816052
1.4022733512687793 1.5688428909439944
1.4022733512687793 1.6379017878376436
1.4022733512687793 1.7858992694765332
1.4022733512687793 1.8008318230161935
1.4022733512687793 1.8149110256922936
1.4022733512687793 1.754264417313016
1.4022733512687793 1.6901927792051838
1.4022733512687793 1.6084246982832113
1.4022733512687793 1.3950532745861528
1.4022733512687793 1.4382348710785726
1.4022733512687793 1.3578528364058828
1.4022733512687793 1.2106471022069651
1.4022733512687793 1.0526522626860275
1.4022733512687793 0.9462409538292748
1.4022733512687793 0.8818163623920647
1.4022733512687793 0.759622601266789
1.4022733512687793 0.7332172085214691
1.4022733512687793 0.7605865652120951
1.4022733512687793 0.6885006145549988
1.4022733512687793 0.6488822374804643
1.4022733512687793 0.6333090815902741
1.4022733512687793 0.5748917363134509
1.4022733512687793 0.5009311617673027
1.4022733512687793 0.4633420751071822
1.578716059118666 0.48823909975188834
1.578716059118666 0.5079060141105665
1.578716059118666 0.48958685499781496
1.578716059118666 0.5150467138306882
1.578716059118666 0.5607371966177764
1.578716059118666 0.5352773377849032
1.578716059118666 0.5074077488709878
1.578716059118666 0.5074077488709878
1.578716059118666 0.5036219441552279
1.578716059118666 0.4927287463502899
1.578716059118666 0.4521189956019299
1.578716059118666 0.4521440858332141
2.0367728649802492 0.4403929006885343
2.200393480015825 0.39104509514582736
2.200393480015825 0.39104509514582736
2.200393480015825 0.39104509514582736
2.200393480015825 0.35275907478672847
2.200393480015825 0.35275907478672847
2.3515032186012608 0.3490348286234296
2.3515032186012608 0.3710778224763381
2.3515032186012608 0.3406189074540753
2.3515032186012608 0.24560372748050266
2.3515032186012608 0.2776749774002737
2.5591547991049026 0.31630940568300336
2.5591547991049026 0.30616609522694166
2.661287270508608 0.32055357897180853
2.661287270508608 0.29583917315627944
2.661287270508608 0.29583917315627944
2.661287270508608 0.2649979897428932
2.661287270508608 0.26024441992318204
3.1042990762091827 0.2590599715543854
4.398381591168507 0.2448351329313742
4.398381591168507 0.226809625578275
4.398381591168507 0.226809625578275
4.398381591168507 0.2583792606068293
4.398381591168507 0.27532412955498564
4.398381591168507 0.3303093986987495
4.398381591168507 0.3501937914579609
4.398381591168507 0.3561491357030554
4.398381591168507 0.3720933218392517
4.398381591168507 0.34969397573536215
4.398381591168507 0.31830765793622107
4.398381591168507 0.2976836173242487
4.398381591168507 0.2820710368095315
4.398381591168507 0.26456197268938764
4.398381591168507 0.3089648473404732
4.398381591168507 0.31090216509546154
4.398381591168507 0.309545989382779
4.398381591168507 0.2970217177119199
4.398381591168507 0.32181470173444476
4.398381591168507 0.30629830775830225
4.398381591168507 0.26263459332341127
4.398381591168507 0.2533268466205863
4.398381591168507 0.2573541916020344
4.398381591168507 0.25571140091601646
4.398381591168507 0.24623181528859472
4.657107165261502 0.26153143220193487
4.657107165261502 0.24675697762116194
4.657107165261502 0.21080263002738506
4.657107165261502 0.17224382200989577
4.657107165261502 0.1670582175196964
4.657107165261502 0.16585305662240402
4.657107165261502 0.1561065472622669
4.657107165261502 0.15536603044687888
4.657107165261502 0.1553660304468789
4.657107165261502 0.14219950821748942
4.674448513752785 0.15091355810135437
5.36743244966602 0.1618505279686913
5.36743244966602 0.14642102036080673
5.36743244966602 0.15818123095388853
5.36743244966602 0.15818123095388853
5.36743244966602 0.15933168302634276
5.36743244966602 0.17292592095657844
5.36743244966602 0.1862043901557366
5.36743244966602 0.15067342355168753
5.36743244966602 0.1418928112390933
5.36743244966602 0.11698507881462056
5.36743244966602 0.12713984695932995
5.36743244966602 0.11372266556000683
5.36743244966602 0.09914288642622776
5.523794667899843 0.09838864746068715
5.523794667899843 0.08479440953045145
5.523794667899843 0.09826950097375542
5.523794667899843 0.08805042486606547
5.523794667899843 0.08332768272067308
5.523794667899843 0.08332768272067308
5.523794667899843 0.07051867648004684
5.523794667899843 0.07051867648004684
5.523794667899843 0.046274508658486264
5.523794667899843 0.04446915048298658
5.523794667899843 0.04446915048298658
5.523794667899843 0.04446915048298658
5.523794667899843 0.05641940279653594
5.523794667899843 0.05641940279653594
5.523794667899843 0.04446915048298658
5.523794667899843 0.04446915048298658
5.8148854840942255 0.04772963627616902
5.8148854840942255 0.04772963627616902
5.8148854840942255 0.04772963627616902
5.8148854840942255 0.04772963627616902
5.8148854840942255 0.04772963627616902
5.8148854840942255 0.05309526812286139
5.8148854840942255 0.05309526812286139
5.8148854840942255 0.033113687656589376
5.8148854840942255 0.03133901633804637
5.8148854840942255 0.03133901633804637
5.8148854840942255 0.025973384491354
5.8148854840942255 0.025973384491354
5.8148854840942255 0.04534468535454014
5.8148854840942255 0.04534468535454014
5.8148854840942255 0.04534468535454014
5.8148854840942255 0.04534468535454015
5.8148854840942255 0.04534468535454014
5.8148854840942255 0.04534468535454014
5.8148854840942255 0.04534468535454014
5.8148854840942255 0.051090463766274415
5.8148854840942255 0.05109046376627442
5.8148854840942255 0.03581803376137084
5.8148854840942255 0.04240578137870565
6.693392631040293 0.04003524307318132
6.693392631040293 0.017922630404006414
6.693392631040293 0.025630548421998304
6.693392631040293 0.03277837259037994
6.693392631040293 0.03277837259037994
6.693392631040293 0.03277837259037994
6.693392631040293 0.028904996415516807
6.693392631040293 0.028904996415516807
6.693392631040293 0.028904996415516807
6.693392631040293 0.02042138692768713
6.693392631040293 0.01212931803015402
6.693392631040293 0.01212931803015402
6.693392631040293 0.01212931803015402
6.693392631040293 0.01212931803015402
6.693392631040293 0.004981493861772384
6.693392631040293 0.0
6.693392631040293 0.0
6.693392631040293 0.0
6.693392631040293 0.0
6.693392631040293 0.0
6.693392631040293 0.0
6.693392631040293 0.004457527054404353
6.827178491666553 0.008250161929825724
6.827178491666553 0.004457527054404353
6.827178491666553 0.004457527054404353
6.827178491666553 0.004457527054404353
6.827178491666553 0.004457527054404353
6.827178491666553 0.004457527054404353
6.827178491666553 0.004457527054404353
6.827178491666553 0.004457527054404353
6.827178491666553 0.017235773682482
6.827178491666553 0.02150917558026023
6.827178491666553 0.02150917558026023
6.827178491666553 0.018822369590396706
6.827178491666553 0.027082253846075162
6.827178491666553 0.027082253846075162
6.827178491666553 0.018822369590396706
6.827178491666553 0.018822369590396706
6.827178491666553 0.018822369590396706
6.827178491666553 0.018822369590396706
6.827178491666553 0.018822369590396706
6.827178491666553 0.012594121471451523
6.827178491666553 0.012594121471451523
6.827178491666553 0.018479268777257935
6.827178491666553 0.018479268777257935
6.827178491666553 0.018479268777257935
6.827178491666553 0.02522799329904605
6.827178491666553 0.0210797512916741
6.827178491666553 0.0210797512916741
6.827178491666553 0.016806349393895872
6.827178491666553 0.010057624872107757
6.827178491666553 0.010057624872107757
6.85582808214201 0.013546902427425875
6.85582808214201 0.013546902427425875
6.85582808214201 0.015000566163395672
6.85582808214201 0.015000566163395672
7.011542697766414 0.018059595371181545
7.011542697766414 0.018059595371181545
7.011542697766414 0.018059595371181545
7.011542697766414 0.018059595371181545
7.011542697766414 0.01660593163521175
7.011542697766414 0.01660593163521175
7.011542697766414 0.01660593163521175
7.011542697766414 0.017848325637710803
7.011542697766414 0.017848325637710803
7.011542697766414 0.011799237659235372
7.056816547726758 0.013513960209420727
7.056816547726758 0.0034892775553181177
7.056816547726758 0.0034892775553181177
7.056816547726758 0.0034892775553181177
7.056816547726758 0.0034892775553181177
7.056816547726758 0.0034892775553181177
7.056816547726758 0.0034892775553181177
7.056816547726758 0.0034892775553181177
7.056816547726758 0.0034892775553181177
7.056816547726758 0.0034892775553181177
7.056816547726758 0.0034892775553181177
7.056816547726758 0.0034892775553181177
7.056816547726758 0.0034892775553181177
7.056816547726758 0.0034892775553181177
7.056816547726758 0.0034892775553181177
7.056816547726758 0.0034892775553181177
7.056816547726758 0.0034892775553181177
7.056816547726758 0.0034892775553181177
7.056816547726758 0.0034892775553181177
7.056816547726758 0.0034892775553181177
7.056816547726758 0.0034892775553181177
7.056816547726758 0.0034892775553181177
7.056816547726758 0.00654830676310399
7.056816547726758 0.00654830676310399
7.056816547726758 0.00654830676310399
7.056816547726758 0.00654830676310399
7.056816547726758 0.00654830676310399
7.056816547726758 0.00654830676310399
7.056816547726758 0.00654830676310399
7.056816547726758 0.0036287462467090178
7.056816547726758 0.0036287462467090178
7.056816547726758 0.0036287462467090178
7.056816547726758 0.0
7.056816547726758 0.0
7.056816547726758 0.0
7.056816547726758 0.0
7.056816547726758 0.0
7.056816547726758 0.0
7.056816547726758 0.0
7.056816547726758 0.0
7.056816547726758 0.0
7.056816547726758 0.0
7.056816547726758 0.0
7.056816547726758 0.0
7.056816547726758 0.0
7.056816547726758 0.0
7.056816547726758 0.0
7.056816547726758 0.0
7.056816547726758 0.0
7.056816547726758 0.0
7.056816547726758 0.0
7.056816547726758 0.0
7.056816547726758 0.0
7.056816547726758 0.003445425261448789
7.056816547726758 0.003445425261448789
7.056816547726758 0.003445425261448789
7.056816547726758 0.006890850522897578
7.056816547726758 0.006890850522897578
7.056816547726758 0.006890850522897578
7.056816547726758 0.006890850522897578
7.056816547726758 0.006890850522897578
7.056816547726758 0.006890850522897578
7.056816547726758 0.006890850522897578
7.056816547726758 0.006890850522897578
7.056816547726758 0.006890850522897578
7.056816547726758 0.006890850522897578
7.056816547726758 0.007956311341658162
7.056816547726758 0.007956311341658162
7.056816547726758 0.007956311341658162
7.056816547726758 0.007956311341658162
7.056816547726758 0.007956311341658162
7.056816547726758 0.007956311341658162
7.056816547726758 0.007956311341658162
7.056816547726758 0.007956311341658162
7.056816547726758 0.007956311341658162
7.056816547726758 0.007956311341658162
7.056816547726758 0.007956311341658162
7.056816547726758 0.007956311341658162
7.056816547726758 0.007956311341658162
7.056816547726758 0.007956311341658162
7.056816547726758 0.007956311341658162
7.056816547726758 0.0
7.056816547726758 0.0
7.056816547726758 0.0
7.056816547726758 0.0
7.259736703144498 0.008521512148082609
7.259736703144498 0.008521512148082609
7.259736703144498 0.008521512148082609
7.259736703144498 0.008521512148082609
7.349093693202011 0.006854317055307068
7.349093693202011 0.006854317055307068
7.349093693202011 0.006854317055307068
7.349093693202011 0.003427158527653534
7.349093693202011 0.003427158527653534
7.349093693202011 0.003427158527653534
7.349093693202011 0.003427158527653534
7.349093693202011 0.003427158527653534
7.349093693202011 0.003427158527653534
7.349093693202011 0.003427158527653534
7.349093693202011 0.003427158527653534
7.349093693202011 0.003427158527653534
7.349093693202011 0.0
7.349093693202011 0.0
7.349093693202011 0.0
7.349093693202011 0.0
7.349093693202011 0.0
7.349093693202011 0.0
7.349093693202011 0.0
7.349093693202011 0.0
7.349093693202011 0.0
7.349093693202011 0.0
7.349093693202011 0.0
7.349093693202011 0.0
7.349093693202011 0.0
7.349093693202011 0.0
7.349093693202011 0.0
7.349093693202011 0.0
7.349093693202011 0.0
7.349093693202011 0.0
7.349093693202011 0.0
7.349093693202011 0.0
7.349093693202011 0.0
7.349093693202011 0.0
7.349093693202011 0.0
7.572946658061285 0.001945832497634999
7.572946658061285 0.001945832497634999
7.572946658061285 0.001945832497634999
7.572946658061285 0.001945832497634999
7.572946658061285 0.001945832497634999
7.572946658061285 0.001945832497634999
7.572946658061285 0.003238700071832481
7.572946658061285 0.003238700071832481
7.572946658061285 0.003238700071832481
7.572946658061285 0.003238700071832481
7.572946658061285 0.0012928675741974822
7.572946658061285 0.0012928675741974822
7.572946658061285 0.0012928675741974822
7.572946658061285 0.0012928675741974822
7.572946658061285 0.0
7.572946658061285 0.0
7.572946658061285 0.0
7.572946658061285 0.0
7.572946658061285 0.0
7.572946658061285 0.0
7.572946658061285 0.0
7.713023787488346 0.001901272293036653
7.713023787488346 0.001901272293036653
7.713023787488346 0.001901272293036653
7.745286005068834 0.004698165987630043
7.745286005068834 0.009799390995593174
7.745286005068834 0.009799390995593174
7.745286005068834 0.007002497300999784
7.745286005068834 0.007002497300999784
7.745286005068834 0.007002497300999784
7.745286005068834 0.007002497300999784
7.745286005068834 0.010680868750138593
7.745286005068834 0.010680868750138593
7.745286005068834 0.010680868750138593
7.837846785041043 0.011362529733143294
7.837846785041043 0.009461257440106643
7.837846785041043 0.009461257440106643
7.837846785041043 0.011678037406649175
7.837846785041043 0.009884291072982701
7.847308862297249 0.012759899903775568
7.847308862297249 0.012759899903775568
7.847308862297249 0.012759899903775568
7.847308862297249 0.018526142325033433
7.847308862297249 0.018526142325033433
7.847308862297249 0.010993612231063533
7.847308862297249 0.010993612231063533
7.847308862297249 0.010993612231063533
7.847308862297249 0.004980511851601481
7.847308862297249 0.004980511851601481
7.847308862297249 0.0030958867361291476
7.847308862297249 0.001437804415396434
7.847308862297249 0.001437804415396434
7.847308862297249 0.001437804415396434
7.847308862297249 0.001437804415396434
7.847308862297249 0.001437804415396434
7.847308862297249 0.001437804415396434
7.847308862297249 0.001437804415396434
7.847308862297249 0.001437804415396434
7.847308862297249 0.001437804415396434
7.847308862297249 0.001437804415396434
7.847308862297249 0.002730671989593916
7.847308862297249 0.002730671989593916
7.847308862297249 0.001437804415396434
7.847308862297249 0.001437804415396434
7.847308862297249 0.001437804415396434
7.847308862297249 0.001437804415396434
7.847308862297249 0.001437804415396434
7.847308862297249 0.001437804415396434
7.847308862297249 0.001437804415396434
7.847308862297249 0.001437804415396434
7.847308862297249 0.001437804415396434
7.847308862297249 0.002853600153368756
7.847308862297249 0.002853600153368756
7.847308862297249 0.0014157957379723224
7.847308862297249 0.0014157957379723224
7.847308862297249 0.0
7.847308862297249 0.0
7.847308862297249 0.003388591015889494
7.847308862297249 0.003388591015889494
7.847308862297249 0.003388591015889494
7.847308862297249 0.003388591015889494
8.043099719285863 0.001929521705218739
8.043099719285863 0.0
8.043099719285863 0.0020434815450761042
8.043099719285863 0.0020434815450761042
8.043099719285863 0.004706233206249915
8.043099719285863 0.004706233206249915
8.043099719285863 0.0026627516611738115
8.043099719285863 0.0026627516611738115
8.043099719285863 0.0026627516611738115
8.043099719285863 0.00460027024828187
8.043099719285863 0.00460027024828187
8.043099719285863 0.00460027024828187
8.043099719285863 0.0019375185871080588
8.043099719285863 0.003677451186616257
8.043099719285863 0.003677451186616257
8.043099719285863 0.003677451186616257
8.043099719285863 0.003677451186616257
8.043099719285863 0.005614969773724316
8.043099719285863 0.005614969773724316
8.043099719285863 0.005614969773724316
8.043099719285863 0.005614969773724316
8.043099719285863 0.005614969773724316
8.043099719285863 0.005614969773724316
8.043099719285863 0.005614969773724316
8.043099719285863 0.005614969773724316
8.043099719285863 0.0037250405085266975
8.043099719285863 0.0037250405085266975
8.043099719285863 0.00553075022218227
8.043099719285863 0.00553075022218227
8.043099719285863 0.00553075022218227
8.043099719285863 0.00553075022218227
8.043099719285863 0.00553075022218227
8.043099719285863 0.00553075022218227
8.043099719285863 0.00553075022218227
8.043099719285863 0.00553075022218227
8.043099719285863 0.00553075022218227
8.043099719285863 0.0017399325995081988
8.043099719285863 0.0017399325995081988
8.043099719285863 0.0017399325995081988
8.043099719285863 0.0017399325995081988
8.043099719285863 0.0017399325995081988
8.043099719285863 0.0017399325995081988
8.043099719285863 0.0017399325995081988
8.043099719285863 0.0017399325995081988
8.043099719285863 0.0
8.043099719285863 0.0
8.043099719285863 0.0
8.043099719285863 0.0
8.043099719285863 0.0
8.043099719285863 0.0
8.043099719285863 0.0
8.043099719285863 0.0
8.043099719285863 0.0
8.043099719285863 0.0
8.043099719285863 0.0
8.043099719285863 0.0
8.043099719285863 0.0
8.043099719285863 0.002008663419461923
8.043099719285863 0.002008663419461923
8.043099719285863 0.002008663419461923
8.043099719285863 0.0
8.043099719285863 0.0
8.043099719285863 0.0
8.043099719285863 0.0
8.043099719285863 0.0
8.043099719285863 0.0
8.043099719285863 0.0
8.043099719285863 0.0
8.043099719285863 0.0
8.043099719285863 0.0
8.043099719285863 0.0
8.043099719285863 0.0
8.043099719285863 0.0
8.043099719285863 0.0
8.043099719285863 0.0
8.043099719285863 0.0
8.043099719285863 0.0
8.043099719285863 0.0
8.067186793462774 0.0012530461864346638
8.067186793462774 0.0012530461864346638
8.067186793462774 0.0012530461864346638
8.067186793462774 0.0012530461864346638
8.067186793462774 0.0012530461864346638
8.067186793462774 0.0
8.067186793462774 0.0
8.067186793462774 0.0
8.067186793462774 0.0
8.067186793462774 0.0
8.067186793462774 0.0
8.067186793462774 0.0
8.067186793462774 0.0
8.067186793462774 0.0
8.067186793462774 0.0
8.067186793462774 0.0
8.067186793462774 0.0
8.502520627800711 8.527646241874771E-4
8.502520627800711 8.527646241874771E-4
8.502520627800711 8.527646241874771E-4
8.502520627800711 8.527646241874771E-4
8.502520627800711 8.527646241874771E-4
8.502520627800711 8.527646241874771E-4
8.502520627800711 8.527646241874771E-4
8.502520627800711 8.527646241874771E-4
8.502520627800711 8.527646241874771E-4
8.502520627800711 8.527646241874771E-4
8.502520627800711 8.527646241874771E-4
8.502520627800711 8.527646241874771E-4
8.502520627800711 8.527646241874771E-4
8.502520627800711 0.0
8.502520627800711 0.0
8.502520627800711 0.0
8.502520627800711 0.0
8.502520627800711 0.0
8.502520627800711 0.0
8.502520627800711 0.0
8.502520627800711 0.0010124274382922788
8.502520627800711 0.0010124274382922788
8.502520627800711 0.0010124274382922788
8.502520627800711 0.0010124274382922788
8.502520627800711 0.0010124274382922788
8.502520627800711 0.0010124274382922788
8.502520627800711 0.0010124274382922788
8.502520627800711 0.0010124274382922788
8.502520627800711 0.0010124274382922788
8.502520627800711 0.0010124274382922788
8.502520627800711 0.0010124274382922788
8.502520627800711 0.0010124274382922788
8.502520627800711 0.0010124274382922788
8.502520627800711 0.0010124274382922788
8.502520627800711 0.0010124274382922788
8.502520627800711 0.0010124274382922788
8.502520627800711 0.0010124274382922788
8.502520627800711 0.0010124274382922788
8.502520627800711 0.0010124274382922788
8.502520627800711 0.0010124274382922788
8.502520627800711 0.0010124274382922788
8.502520627800711 0.0010124274382922788
8.502520627800711 0.0010124274382922788
8.502520627800711 0.0010124274382922788
8.502520627800711 0.0010124274382922788
8.502520627800711 0.0010124274382922788
8.502520627800711 0.0010124274382922788
8.502520627800711 0.0010124274382922788
8.502520627800711 0.0010124274382922788
8.502520627800711 0.0010124274382922788
8.502520627800711 0.0018651920624797559
8.502520627800711 0.0018651920624797559
8.502520627800711 0.0018651920624797559
8.502520627800711 0.0018651920624797559
8.502520627800711 0.0018651920624797559
8.502520627800711 0.0018651920624797559
8.502520627800711 0.0018651920624797559
8.502520627800711 0.0018651920624797559
8.502520627800711 0.0018651920624797559
8.502520627800711 0.0018651920624797559
8.502520627800711 0.0018651920624797559
8.502520627800711 0.0018651920624797559
8.502520627800711 0.0018651920624797559
8.502520627800711 0.0018651920624797559
8.502520627800711 8.527646241874771E-4
8.502520627800711 8.527646241874771E-4
8.502520627800711 8.527646241874771E-4
8.502520627800711 8.527646241874771E-4
8.502520627800711 8.527646241874771E-4
8.502520627800711 8.527646241874771E-4
8.502520627800711 0.0
8.502520627800711 0.0
8.502520627800711 0.0
8.502520627800711 0.0
8.502520627800711 9.250663182406163E-4
8.502520627800711 9.250663182406163E-4
8.502520627800711 9.250663182406163E-4
8.502520627800711 9.250663182406163E-4
8.502520627800711 9.250663182406163E-4
8.502520627800711 9.250663182406163E-4
8.502520627800711 9.250663182406163E-4
8.9476693776569 0.00204933207260013
8.9476693776569 0.00204933207260013
8.9476693776569 0.00204933207260013
8.9476693776569 0.00204933207260013
8.9476693776569 0.00204933207260013
8.9476693776569 0.00204933207260013
8.9476693776569 0.00204933207260013
8.9476693776569 0.00204933207260013
8.9476693776569 0.00204933207260013
8.9476693776569 0.00204933207260013
8.9476693776569 0.00204933207260013
8.9476693776569 0.00204933207260013
8.9476693776569 0.00204933207260013
8.9476693776569 0.00204933207260013
8.9476693776569 0.0
8.9476693776569 0.0
8.9476693776569 0.0
8.9476693776569 0.001148026955726446
8.9476693776569 0.001148026955726446
8.9476693776569 0.001148026955726446
8.9476693776569 0.001148026955726446
8.9476693776569 0.001148026955726446
8.9476693776569 0.001148026955726446
8.9476693776569 0.001148026955726446
8.9476693776569 0.001148026955726446
8.9476693776569 0.001148026955726446
8.9476693776569 0.001148026955726446
8.9476693776569 0.001148026955726446
8.9476693776569 0.001148026955726446
8.9476693776569 0.001148026955726446
8.9476693776569 0.0019264328673578113
8.9476693776569 0.0019264328673578113
8.9476693776569 0.0019264328673578113
8.9476693776569 0.0027324056277783417
8.9476693776569 0.0027324056277783417
8.9476693776569 0.0027324056277783417
8.9476693776569 0.0017106108755634395
8.9476693776569 0.0017106108755634395
8.9476693776569 0.0017106108755634395
8.9476693776569 0.0017106108755634395
8.9476693776569 0.0017106108755634395
8.9476693776569 9.186985837033529E-4
8.9476693776569 9.186985837033529E-4
8.9476693776569 9.186985837033529E-4
8.9476693776569 9.186985837033529E-4
8.9476693776569 9.186985837033529E-4
8.9476693776569 9.186985837033529E-4
8.9476693776569 9.186985837033529E-4
8.9476693776569 9.186985837033529E-4
8.9476693776569 9.186985837033529E-4
8.9476693776569 9.186985837033529E-4
8.9476693776569 9.186985837033529E-4
8.9476693776569 9.186985837033529E-4
8.9476693776569 9.186985837033529E-4
8.9476693776569 9.186985837033529E-4
8.9476693776569 9.186985837033529E-4
8.9476693776569 9.186985837033529E-4
8.9476693776569 9.186985837033529E-4
8.9476693776569 9.186985837033529E-4
8.9476693776569 9.186985837033529E-4
8.9476693776569 9.186985837033529E-4
8.9476693776569 9.186985837033529E-4
8.9476693776569 9.186985837033529E-4
8.9476693776569 9.186985837033529E-4
8.9476693776569 9.186985837033529E-4
8.9476693776569 0.0016971044953347182
8.9476693776569 0.0016971044953347182
8.9476693776569 0.0024890167871948047
8.9476693776569 0.0024890167871948047
8.9476693776569 0.0024890167871948047
8.9476693776569 0.0017106108755634395
8.9476693776569 0.0017106108755634395
8.9476693776569 0.0017106108755634395
8.9476693776569 0.0017106108755634395
8.9476693776569 0.0017106108755634395
8.9476693776569 7.919122918600865E-4
8.9476693776569 7.919122918600865E-4
8.9476693776569 7.919122918600865E-4
8.9476693776569 7.919122918600865E-4
8.9476693776569 7.919122918600865E-4
8.9476693776569 7.919122918600865E-4
8.9476693776569 7.919122918600865E-4
8.9476693776569 7.919122918600865E-4
8.9476693776569 7.919122918600865E-4
8.9476693776569 7.919122918600865E-4
8.9476693776569 7.919122918600865E-4
8.9476693776569 7.919122918600865E-4
8.9476693776569 7.919122918600865E-4
8.9476693776569 7.919122918600865E-4
8.9476693776569 0.0
8.9476693776569 0.0
8.98243534063761 6.865846811666529E-4
8.98243534063761 6.865846811666529E-4
8.98243534063761 6.865846811666529E-4
8.98243534063761 6.865846811666529E-4
8.98243534063761 6.865846811666529E-4
8.98243534063761 0.00115725571220096
8.98243534063761 0.00115725571220096
8.98243534063761 0.00115725571220096
8.98243534063761 0.00115725571220096
8.98243534063761 0.00115725571220096
8.98243534063761 0.0
8.98243534063761 0.0
9.035399484181745 4.3567402532621946E-4
9.035399484181745 4.3567402532621946E-4
9.035399484181745 0.0
9.035399484181745 0.0
9.035399484181745 0.0
9.035399484181745 0.0
9.035399484181745 0.0
9.035399484181745 0.0
9.035399484181745 0.0
9.035399484181745 0.0
9.035399484181745 0.0
9.035399484181745 0.0
9.035399484181745 0.0
9.035399484181745 0.0
9.035399484181745 0.0
9.065411329208802 4.7941333043684345E-4
9.065411329208802 4.7941333043684345E-4
9.065411329208802 4.7941333043684345E-4
9.065411329208802 4.7941333043684345E-4
9.065411329208802 4.7941333043684345E-4
9.065411329208802 4.7941333043684345E-4
9.065411329208802 0.0
9.065411329208802 0.0
9.065411329208802 0.0
9.065411329208802 0.0
9.065411329208802 0.0
9.065411329208802 0.0
9.065411329208802 0.0
9.065411329208802 0.0
9.065411329208802 0.0
9.065411329208802 0.0
9.065411329208802 0.0
9.065411329208802 0.0
9.065411329208802 0.0
9.065411329208802 0.0
9.065411329208802 0.0
9.065411329208802 0.0
9.065411329208802 0.0
9.065411329208802 0.0
9.065411329208802 0.0
9.065411329208802 0.0
9.065411329208802 0.0
9.065411329208802 0.0
9.065411329208802 0.0
9.065411329208802 0.0
9.065411329208802 0.0
9.065411329208802 0.0
9.065411329208802 0.0
9.065411329208802 6.083243780822436E-4
9.065411329208802 6.083243780822436E-4
9.065411329208802 6.083243780822436E-4
9.065411329208802 6.083243780822436E-4
9.065411329208802 6.083243780822436E-4
9.065411329208802 6.083243780822436E-4
9.065411329208802 6.083243780822436E-4
9.065411329208802 6.083243780822436E-4
9.065411329208802 6.083243780822436E-4
9.131223490298067 9.251027535637277E-4
9.131223490298067 9.251027535637277E-4
9.131223490298067 9.251027535637277E-4
9.131223490298067 9.251027535637277E-4
9.131223490298067 9.251027535637277E-4
9.131223490298067 9.251027535637277E-4
9.131223490298067 9.251027535637277E-4
9.131223490298067 9.251027535637277E-4
9.131223490298067 9.251027535637277E-4
9.131223490298067 9.251027535637277E-4
9.131223490298067 9.251027535637277E-4
9.131223490298067 9.251027535637277E-4
9.131223490298067 0.0012418811290452118
9.131223490298067 0.001241881129045212
9.131223490298067 0.001241881129045212
9.131223490298067 0.0012418811290452118
9.131223490298067 0.001241881129045212
9.131223490298067 0.0012418811290452118
9.131223490298067 0.0012418811290452118
9.131223490298067 0.001241881129045212
9.131223490298067 0.001241881129045212
9.131223490298067 0.0012418811290452118
9.131223490298067 0.0012418811290452118
9.131223490298067 0.0012418811290452118
9.131223490298067 0.0012418811290452118
9.131223490298067 0.001241881129045212
9.131223490298067 0.001241881129045212
9.131223490298067 0.001241881129045212
9.131223490298067 0.0015974091203775952
9.131223490298067 0.0015974091203775952
9.131223490298067 0.0015974091203775952
9.131223490298067 0.0015974091203775952
9.131223490298067 0.0015974091203775952
9.131223490298067 6.723063668138675E-4
9.131223490298067 6.723063668138675E-4
9.131223490298067 0.001156899999807282
9.131223490298067 0.0011568999998072817
9.131223490298067 0.001156899999807282
9.131223490298067 0.001156899999807282
9.131223490298067 9.71658472914552E-4
9.131223490298067 9.71658472914552E-4
9.131223490298067 9.71658472914552E-4
9.131223490298067 6.548800974330677E-4
9.131223490298067 6.548800974330677E-4
9.131223490298067 6.548800974330677E-4
9.131223490298067 6.548800974330677E-4
9.131223490298067 6.548800974330677E-4
9.131223490298067 6.548800974330677E-4
9.131223490298067 6.548800974330677E-4
9.131223490298067 6.548800974330677E-4
9.131223490298067 6.548800974330677E-4
9.131223490298067 6.548800974330677E-4
9.131223490298067 6.548800974330677E-4
9.131223490298067 6.548800974330677E-4
9.227514308928882 8.510398305463777E-4
9.227514308928882 8.510398305463777E-4
9.227514308928882 8.510398305463777E-4
9.227514308928882 8.510398305463777E-4
9.227514308928882 8.510398305463777E-4
9.227514308928882 8.510398305463777E-4
9.227514308928882 8.510398305463777E-4
9.227514308928882 8.510398305463777E-4
9.227514308928882 8.510398305463777E-4
9.227514308928882 8.510398305463777E-4
9.227514308928882 8.510398305463777E-4
9.227514308928882 8.510398305463777E-4
9.227514308928882 8.510398305463777E-4
9.227514308928882 8.510398305463777E-4
9.227514308928882 8.510398305463777E-4
9.253984029690352 0.0011917886380319884
9.253984029690352 8.086542766525887E-4
9.253984029690352 8.086542766525887E-4
9.253984029690352 8.086542766525887E-4
9.253984029690352 4.2551991527318885E-4
9.253984029690352 4.2551991527318885E-4
9.253984029690352 4.2551991527318885E-4
9.253984029690352 4.2551991527318885E-4
9.253984029690352 4.2551991527318885E-4
9.253984029690352 4.2551991527318885E-4
9.253984029690352 4.2551991527318885E-4
9.253984029690352 4.2551991527318885E-4
9.253984029690352 4.2551991527318885E-4
9.253984029690352 4.2551991527318885E-4
9.253984029690352 4.2551991527318885E-4
9.253984029690352 4.2551991527318885E-4
9.253984029690352 0.0
9.253984029690352 0.0
9.253984029690352 0.0
9.253984029690352 0.0
9.253984029690352 0.0
9.253984029690352 0.0
9.253984029690352 0.0
9.253984029690352 0.0
9.253984029690352 0.0
9.253984029690352 0.0
9.253984029690352 0.0
9.253984029690352 0.0
9.253984029690352 0.0
9.253984029690352 0.0
9.253984029690352 0.0
9.253984029690352 0.0
9.253984029690352 0.0
9.253984029690352 6.133574960503187E-4
9.253984029690352 6.133574960503187E-4
9.253984029690352 6.133574960503187E-4
9.253984029690352 6.133574960503187E-4
9.253984029690352 6.133574960503187E-4
9.253984029690352 6.133574960503187E-4
9.253984029690352 6.133574960503187E-4
9.253984029690352 6.133574960503187E-4
9.253984029690352 6.133574960503187E-4
9.253984029690352 6.133574960503187E-4
9.253984029690352 6.133574960503187E-4
9.253984029690352 6.133574960503187E-4
9.253984029690352 6.133574960503187E-4
9.253984029690352 6.133574960503187E-4
9.253984029690352 6.133574960503187E-4
9.253984029690352 6.133574960503187E-4
9.253984029690352 6.133574960503187E-4
9.253984029690352 6.133574960503187E-4
9.253984029690352 6.133574960503187E-4
9.253984029690352 0.0
9.253984029690352 0.0
9.253984029690352 0.0
9.253984029690352 0.0
9.258570568434179 5.242515793568468E-4
9.258570568434179 5.242515793568468E-4
9.258570568434179 5.242515793568468E-4
9.258570568434179 5.242515793568468E-4
9.258570568434179 5.242515793568468E-4
9.258570568434179 5.242515793568468E-4
9.258570568434179 5.242515793568468E-4
9.258570568434179 5.242515793568468E-4
9.258570568434179 5.242515793568468E-4
9.258570568434179 9.073859407362465E-4
9.258570568434179 9.073859407362465E-4
9.258570568434179 9.073859407362465E-4
9.258570568434179 3.831343613793997E-4
9.258570568434179 3.831343613793997E-4
9.258570568434179 3.831343613793997E-4
9.258570568434179 8.38252926064894E-4
9.258570568434179 8.38252926064894E-4
9.258570568434179 3.831343613793997E-4
9.258570568434179 3.831343613793997E-4
9.258570568434179 3.831343613793997E-4
9.258570568434179 3.831343613793997E-4
9.258570568434179 3.831343613793997E-4
9.258570568434179 3.831343613793997E-4
9.269361161209918 5.65431954109939E-4
9.269361161209918 5.65431954109939E-4
9.269361161209918 5.65431954109939E-4
9.269361161209918 5.65431954109939E-4
9.269361161209918 5.65431954109939E-4
9.269361161209918 5.65431954109939E-4
9.269361161209918 5.65431954109939E-4
9.269361161209918 5.65431954109939E-4
9.269361161209918 5.65431954109939E-4
9.269361161209918 5.65431954109939E-4
9.269361161209918 5.65431954109939E-4
9.269361161209918 5.65431954109939E-4
9.269361161209918 5.65431954109939E-4
9.269361161209918 5.65431954109939E-4
9.269361161209918 5.65431954109939E-4
9.269361161209918 5.65431954109939E-4
9.269361161209918 5.65431954109939E-4
9.279297187832741 9.955063145997848E-4
9.279297187832741 2.140120740869333E-4
9.279297187832741 2.140120740869333E-4
9.279297187832741 2.140120740869333E-4
9.279297187832741 2.140120740869333E-4
9.279297187832741 0.0
9.279297187832741 0.0
9.279297187832741 0.0
9.279297187832741 0.0
9.279297187832741 0.0
9.279297187832741 0.0
9.279297187832741 0.0
9.279297187832741 0.0
9.279297187832741 0.0
9.279297187832741 0.0
9.279297187832741 0.0
9.279297187832741 0.0
9.279297187832741 0.0
9.279297187832741 0.0
9.279297187832741 0.0
9.279297187832741 0.0
9.279297187832741 0.0
9.279297187832741 0.0
9.279297187832741 0.0
9.279297187832741 0.0
9.279297187832741 0.0
9.279297187832741 0.0
9.279297187832741 0.0
9.279297187832741 0.0
9.279297187832741 0.0
9.279297187832741 2.140120740869333E-4
9.279297187832741 2.140120740869333E-4
9.279297187832741 2.140120740869333E-4
9.279297187832741 2.140120740869333E-4
9.279297187832741 0.0
9.279297187832741 0.0
9.279297187832741 0.0
9.279297187832741 0.0
9.279297187832741 0.0
9.279297187832741 0.0
9.279297187832741 0.0
9.279297187832741 0.0
9.279297187832741 0.0
9.279297187832741 0.0
9.279297187832741 0.0
9.279297187832741 0.0
9.279297187832741 4.0915394071860034E-4
9.279297187832741 4.0915394071860034E-4
9.279297187832741 4.0915394071860034E-4
9.279297187832741 4.0915394071860034E-4
9.279297187832741 8.183078814372007E-4
9.279297187832741 8.183078814372007E-4
9.279297187832741 5.292235669869575E-4
9.279297187832741 0.0
9.279297187832741 0.0
9.279297187832741 0.0
9.279297187832741 0.0
9.279297187832741 0.0
9.279297187832741 0.0
9.279297187832741 0.0
9.279297187832741 0.0
9.279297187832741 0.0
9.279297187832741 0.0
9.279297187832741 0.0
9.279297187832741 0.0
9.279297187832741 0.0
9.279297187832741 0.0
9.279297187832741 0.0
9.279297187832741 0.0
9.279297187832741 0.0
9.279297187832741 0.0
9.279297187832741 0.0
9.279297187832741 0.0
9.279297187832741 0.0
9.279297187832741 0.0
9.279297187832741 0.0
9.279297187832741 0.0
9.279297187832741 0.0
9.279297187832741 0.0
9.279297187832741 0.0
9.279297187832741 0.0
9.279297187832741 0.0
9.279297187832741 0.0
9.279297187832741 0.0
9.279297187832741 0.0
9.279297187832741 0.0
9.279297187832741 0.0
9.279297187832741 0.0
9.279297187832741 0.0
9.279297187832741 0.0
9.279297187832741 0.0
9.279297187832741 0.0
9.279297187832741 0.0
9.279297187832741 0.0
9.279297187832741 0.0
9.279297187832741 0.0
9.279297187832741 0.0
9.279297187832741 0.0
9.279297187832741 0.0
9.279297187832741 0.0
9.279297187832741 0.0
9.279297187832741 0.0
9.279297187832741 0.0
9.279297187832741 0.0
9.279297187832741 0.0
9.279297187832741 0.0
9.279297187832741 0.0
9.279297187832741 0.0
9.279297187832741 0.0
9.279297187832741 0.0
9.279297187832741 0.0
9.279297187832741 0.0
9.279297187832741 0.0
9.279297187832741 0.0
9.279297187832741 0.0
9.279297187832741 0.0
9.279297187832741 0.0
9.279297187832741 0.0
9.279297187832741 0.0
9.279297187832741 0.0
9.279297187832741 0.0
9.279297187832741 0.0
9.279297187832741 0.0
9.279297187832741 0.0
9.279297187832741 0.0
9.279297187832741 0.0
9.279297187832741 0.0
9.279297187832741 0.0
9.279297187832741 0.0
9.279297187832741 0.0
9.279297187832741 0.0
9.279297187832741 0.0
9.279297187832741 0.0
9.279297187832741 0.0
9.279297187832741 0.0
9.279297187832741 0.0
9.279297187832741 0.0
9.279297187832741 0.0
9.279297187832741 0.0
9.279297187832741 0.0
9.279297187832741 0.0
9.279297187832741 0.0
9.279297187832741 0.0
9.279297187832741 0.0
9.279297187832741 0.0
9.279297187832741 0.0
9.279297187832741 0.0
9.279297187832741 0.0
9.279297187832741 0.0
9.279297187832741 0.0
9.279297187832741 0.0
9.279297187832741 0.0
9.279297187832741 0.0
9.279297187832741 0.0
9.279297187832741 0.0
9.279297187832741 0.0
9.279297187832741 0.0
9.279297187832741 0.0
9.279297187832741 0.0
9.279297187832741 0.0
9.279297187832741 0.0
9.279297187832741 0.0
9.279297187832741 0.0
9.279297187832741 0.0
9.279297187832741 0.0
9.279297187832741 0.0
9.279297187832741 0.0
9.294265899114908 2.147055181901868E-4
9.294265899114908 2.147055181901868E-4
9.294265899114908 2.147055181901868E-4
9.294265899114908 2.147055181901868E-4
9.294265899114908 2.147055181901868E-4
9.294265899114908 2.147055181901868E-4
9.294265899114908 2.147055181901868E-4
9.294265899114908 1.565113889139693E-4
9.294265899114908 1.565113889139693E-4
9.294265899114908 1.565113889139693E-4
9.294265899114908 1.565113889139693E-4
9.294265899114908 1.565113889139693E-4
9.294265899114908 1.565113889139693E-4
9.294265899114908 1.565113889139693E-4
9.294265899114908 1.565113889139693E-4
9.294265899114908 1.565113889139693E-4
9.294265899114908 0.0
9.294265899114908 0.0
9.294265899114908 0.0
9.294265899114908 0.0
9.294265899114908 0.0
9.294265899114908 0.0
9.294265899114908 0.0
9.294265899114908 0.0
9.294265899114908 0.0
9.294265899114908 0.0
9.294265899114908 0.0
9.294265899114908 0.0
9.294265899114908 0.0
9.294265899114908 0.0
9.294265899114908 0.0
9.294265899114908 0.0
9.294265899114908 0.0
9.294265899114908 0.0
9.294265899114908 0.0
9.294265899114908 0.0
9.294265899114908 0.0
9.294265899114908 0.0
9.294265899114908 0.0
9.294265899114908 0.0
9.294265899114908 0.0
9.294265899114908 0.0
9.294265899114908 0.0
9.294265899114908 0.0
9.294265899114908 0.0
9.294265899114908 0.0
9.294265899114908 0.0
9.294265899114908 0.0
9.294265899114908 0.0
9.294265899114908 0.0
9.294265899114908 0.0
9.294265899114908 0.0
9.294265899114908 0.0
9.294265899114908 0.0
9.294265899114908 0.0
9.294265899114908 0.0
9.294265899114908 0.0
9.294265899114908 0.0
9.294265899114908 0.0
9.294265899114908 0.0
9.294265899114908 0.0
9.294265899114908 0.0
9.294265899114908 0.0
9.294265899114908 1.565113889139693E-4
9.294265899114908 1.565113889139693E-4
9.294265899114908 1.565113889139693E-4
9.294265899114908 0.0
9.294265899114908 0.0
9.294265899114908 0.0
9.294265899114908 0.0
9.294265899114908 0.0
9.294265899114908 0.0
9.294265899114908 0.0
9.294265899114908 0.0
9.335328194642285 3.085523477620592E-4
9.335328194642285 3.085523477620592E-4
9.335328194642285 3.085523477620592E-4
9.335328194642285 3.085523477620592E-4
9.335328194642285 3.085523477620592E-4
9.335328194642285 3.085523477620592E-4
9.335328194642285 3.085523477620592E-4
9.335328194642285 3.085523477620592E-4
9.335328194642285 3.6115189096864395E-4
9.335328194642285 4.731529312393368E-4
9.335328194642285 4.731529312393368E-4
9.335328194642285 3.597864385452365E-4
9.335328194642285 3.597864385452365E-4
9.335328194642285 3.0209669486506584E-4
9.335328194642285 0.0
9.335328194642285 0.0
9.335328194642285 0.0
9.335328194642285 0.0
9.335328194642285 0.0
9.335328194642285 0.0
9.335328194642285 0.0
9.335328194642285 0.0
9.335328194642285 0.0
9.335328194642285 0.0
9.335328194642285 0.0
9.335328194642285 0.0
9.335328194642285 0.0
9.335328194642285 0.0
9.335328194642285 6.496272261612715E-5
9.335328194642285 3.6627058310291E-4
9.335328194642285 3.6627058310291E-4
9.335328194642285 3.6627058310291E-4
9.335328194642285 3.6627058310291E-4
9.335328194642285 3.6627058310291E-4
9.335328194642285 3.6627058310291E-4
9.335328194642285 3.6627058310291E-4
9.335328194642285 3.6627058310291E-4
9.335328194642285 3.6627058310291E-4
9.335328194642285 3.6627058310291E-4
9.335328194642285 3.6627058310291E-4
9.335328194642285 3.6627058310291E-4
9.335328194642285 3.6627058310291E-4
9.335328194642285 3.6627058310291E-4
9.335328194642285 3.6627058310291E-4
9.335328194642285 3.6627058310291E-4
9.335328194642285 3.6627058310291E-4
9.335328194642285 3.6627058310291E-4
9.335328194642285 3.6627058310291E-4
9.335328194642285 3.6627058310291E-4
9.335328194642285 3.6627058310291E-4
9.335328194642285 3.6627058310291E-4
9.335328194642285 3.6627058310291E-4
9.335328194642285 3.6627058310291E-4
9.335328194642285 3.6627058310291E-4
9.335328194642285 3.6627058310291E-4
9.335328194642285 3.6627058310291E-4
9.335328194642285 3.6627058310291E-4
9.335328194642285 3.013078604867828E-4
9.335328194642285 3.013078604867828E-4
9.335328194642285 3.013078604867828E-4
9.335328194642285 3.013078604867828E-4
9.335328194642285 3.013078604867828E-4
9.335328194642285 3.013078604867828E-4
9.335328194642285 0.0
9.335328194642285 5.768974368017065E-5
9.335328194642285 5.768974368017065E-5
9.335328194642285 5.768974368017065E-5
9.335328194642285 1.153794873603413E-4
9.335328194642285 1.153794873603413E-4
9.335328194642285 1.153794873603413E-4
9.335328194642285 1.153794873603413E-4
9.335328194642285 9.384682957187239E-5
9.335328194642285 0.0
9.335328194642285 0.0
9.335328194642285 0.0
9.335328194642285 0.0
9.335328194642285 0.0
9.335328194642285 0.0
9.335328194642285 0.0
9.335328194642285 0.0
9.335328194642285 0.0
9.335328194642285 0.0
9.335328194642285 0.0
9.335328194642285 0.0
9.335328194642285 0.0
9.335328194642285 0.0
9.335328194642285 0.0
9.335328194642285 0.0
9.335328194642285 0.0
9.335328194642285 0.0
9.335328194642285 0.0
9.335328194642285 0.0
9.335328194642285 0.0
9.335328194642285 0.0
9.335328194642285 0.0
9.335328194642285 0.0
9.335328194642285 0.0
9.335328194642285 0.0
9.335328194642285 0.0
9.335328194642285 0.0
9.335328194642285 0.0
9.335328194642285 0.0
9.335328194642285 0.0
9.335328194642285 0.0
9.335328194642285 0.0
9.335328194642285 0.0
9.335328194642285 0.0
9.335328194642285 1.8044830108806737E-4
9.335328194642285 1.8044830108806737E-4
9.335328194642285 1.8044830108806737E-4
9.335328194642285 1.8044830108806737E-4
9.335328194642285 1.8044830108806737E-4
9.335328194642285 1.8044830108806737E-4
9.335328194642285 1.8044830108806737E-4
9.335328194642285 1.8044830108806737E-4
9.335328194642285 1.8044830108806737E-4
9.345110078429872 2.6021547791219604E-4
9.345110078429872 2.6021547791219604E-4
9.345110078429872 2.6021547791219604E-4
9.345110078429872 2.6021547791219604E-4
9.345110078429872 0.0
9.345110078429872 0.0
9.371128045581953 6.051590278847826E-5
9.371128045581953 6.051590278847826E-5
9.371128045581953 6.051590278847826E-5
9.371128045581953 6.051590278847826E-5
9.371128045581953 6.051590278847826E-5
9.371128045581953 6.051590278847826E-5
9.371128045581953 6.051590278847826E-5
9.371128045581953 6.051590278847826E-5
9.371128045581953 6.051590278847826E-5
9.371128045581953 6.051590278847826E-5
9.371128045581953 6.051590278847826E-5
9.371128045581953 6.051590278847826E-5
9.371128045581953 6.051590278847826E-5
9.371128045581953 6.051590278847826E-5
9.371128045581953 6.051590278847826E-5
9.371128045581953 6.051590278847826E-5
9.371128045581953 6.051590278847826E-5
9.371128045581953 1.0732622134225347E-4
9.371128045581953 1.0732622134225347E-4
9.371128045581953 1.0732622134225347E-4
9.371128045581953 1.0732622134225347E-4
9.371128045581953 1.0732622134225347E-4
9.371128045581953 1.0732622134225347E-4
9.371128045581953 1.0732622134225347E-4
9.371128045581953 1.0732622134225347E-4
9.371128045581953 1.0732622134225347E-4
9.371128045581953 6.051590278847826E-5
9.371128045581953 6.051590278847826E-5
9.371128045581953 6.051590278847826E-5
9.371128045581953 6.051590278847826E-5
9.371128045581953 6.051590278847826E-5
9.371128045581953 6.051590278847826E-5
9.371128045581953 6.051590278847826E-5
9.371128045581953 6.051590278847826E-5
9.371128045581953 6.051590278847826E-5
9.371128045581953 6.051590278847826E-5
9.371128045581953 1.8522764028404504E-4
9.371128045581953 1.8522764028404504E-4
9.371128045581953 1.8522764028404504E-4
9.371128045581953 1.8522764028404504E-4
9.371128045581953 1.8522764028404504E-4
9.371128045581953 1.8522764028404504E-4
9.371128045581953 1.2471173749556676E-4
9.371128045581953 1.2471173749556676E-4
9.371128045581953 1.2471173749556676E-4
9.371128045581953 1.2471173749556676E-4
9.371128045581953 1.2471173749556676E-4
9.371128045581953 1.2471173749556676E-4
9.371128045581953 1.2471173749556676E-4
9.371128045581953 1.2471173749556676E-4
9.371128045581953 1.2471173749556676E-4
9.371128045581953 1.2471173749556676E-4
9.371128045581953 1.2471173749556676E-4
9.371128045581953 1.2471173749556676E-4
9.371128045581953 1.2471173749556676E-4
9.371128045581953 1.2471173749556676E-4
9.371128045581953 1.2471173749556676E-4
9.371128045581953 1.2471173749556676E-4
9.371128045581953 1.2471173749556676E-4
9.371128045581953 1.2471173749556676E-4
9.371128045581953 1.2471173749556676E-4
9.371128045581953 1.2471173749556676E-4
9.371128045581953 1.2471173749556676E-4
9.371128045581953 1.2471173749556676E-4
9.371128045581953 0.0
9.371128045581953 0.0
9.371128045581953 0.0
9.371128045581953 0.0
9.371128045581953 0.0
9.371128045581953 0.0
9.371128045581953 0.0
9.371128045581953 4.681031855377521E-5
9.371128045581953 9.362063710755042E-5
9.371128045581953 9.362063710755042E-5
9.371128045581953 9.362063710755042E-5
9.371128045581953 9.362063710755042E-5
9.371128045581953 9.362063710755042E-5
9.371128045581953 9.362063710755042E-5
9.371128045581953 9.362063710755042E-5
9.371128045581953 9.362063710755042E-5
9.376755270723866 1.787390433541444E-4
9.376755270723866 1.787390433541444E-4
9.376755270723866 1.787390433541444E-4
9.376755270723866 1.787390433541444E-4
9.376755270723866 1.787390433541444E-4
9.376755270723866 1.787390433541444E-4
9.376755270723866 1.787390433541444E-4
9.376755270723866 1.787390433541444E-4
9.376755270723866 6.092512934311377E-5
9.376755270723866 6.092512934311377E-5
9.376755270723866 6.092512934311377E-5
9.376755270723866 6.092512934311377E-5
9.376755270723866 6.092512934311377E-5
9.376755270723866 0.0
9.376755270723866 0.0
9.376755270723866 0.0
9.376755270723866 0.0
9.376755270723866 0.0
9.376755270723866 0.0
9.376755270723866 8.511840624659399E-5
9.376755270723866 8.511840624659399E-5
9.376755270723866 8.511840624659399E-5
9.376755270723866 8.511840624659399E-5
9.376755270723866 8.511840624659399E-5
9.376755270723866 8.511840624659399E-5
9.376755270723866 8.511840624659399E-5
9.376755270723866 8.511840624659399E-5
9.376755270723866 8.511840624659399E-5
9.376755270723866 8.511840624659399E-5
9.376755270723866 8.511840624659399E-5
9.376755270723866 8.511840624659399E-5
9.376755270723866 8.511840624659399E-5
9.376755270723866 8.511840624659399E-5
9.376755270723866 8.511840624659399E-5
9.376755270723866 8.511840624659399E-5
9.376755270723866 8.511840624659399E-5
9.376755270723866 8.511840624659399E-5
9.376755270723866 8.511840624659399E-5
9.376755270723866 8.511840624659399E-5
9.376755270723866 1.4563430903507225E-4
9.376755270723866 1.4563430903507225E-4
9.376755270723866 1.4563430903507225E-4
9.376755270723866 6.051590278847826E-5
9.376755270723866 6.051590278847826E-5
9.376755270723866 0.0
9.376755270723866 0.0
9.376755270723866 0.0
9.376755270723866 0.0
9.376755270723866 0.0
9.376755270723866 0.0
9.389863229736417 3.693497655458389E-5
9.389863229736417 3.693497655458389E-5
9.389863229736417 3.693497655458389E-5
9.389863229736417 3.693497655458389E-5
9.389863229736417 3.693497655458389E-5
9.389863229736417 3.693497655458389E-5
9.389863229736417 0.0
9.389863229736417 0.0
9.389863229736417 0.0
9.389863229736417 1.0257458326872394E-4
9.389863229736417 1.0257458326872394E-4
9.389863229736417 1.0257458326872394E-4
9.389863229736417 1.0257458326872394E-4
9.389863229736417 1.0257458326872394E-4
9.389863229736417 1.0257458326872394E-4
9.389863229736417 1.0257458326872394E-4
9.389863229736417 1.0257458326872394E-4
9.389863229736417 0.0
9.389863229736417 0.0
9.389863229736417 0.0
9.389863229736417 0.0
9.389863229736417 0.0
9.389863229736417 1.0257458326872394E-4
9.389863229736417 1.0257458326872394E-4
9.389863229736417 1.0257458326872394E-4
9.389863229736417 1.0257458326872394E-4
9.389863229736417 1.0257458326872394E-4
9.389863229736417 1.0257458326872394E-4
9.389863229736417 1.0257458326872394E-4
9.389863229736417 1.0257458326872394E-4
9.389863229736417 1.0257458326872394E-4
9.389863229736417 0.0
9.389863229736417 0.0
9.389863229736417 0.0
9.389863229736417 0.0
9.389863229736417 0.0
9.389863229736417 0.0
9.389863229736417 0.0
9.389863229736417 0.0
9.389863229736417 0.0
9.389863229736417 0.0
9.389863229736417 0.0
9.389863229736417 0.0
9.389863229736417 0.0
9.389863229736417 0.0
9.422671506498254 2.958987355688119E-5
9.422671506498254 2.958987355688119E-5
9.422671506498254 0.0
9.422671506498254 0.0
9.422671506498254 0.0
9.422671506498254 0.0
9.422671506498254 0.0
9.422671506498254 0.0
9.422671506498254 0.0
9.422671506498254 0.0
9.422671506498254 0.0
9.424938138960814 6.70475976952724E-5
9.424938138960814 6.70475976952724E-5
9.424938138960814 6.70475976952724E-5
9.424938138960814 6.70475976952724E-5
9.424938138960814 6.70475976952724E-5
9.424938138960814 6.70475976952724E-5
9.424938138960814 6.70475976952724E-5
9.424938138960814 1.1819822465409086E-4
9.424938138960814 1.1819822465409086E-4
9.424938138960814 1.1819822465409086E-4
9.424938138960814 1.1819822465409086E-4
9.424938138960814 1.1819822465409086E-4
9.424938138960814 1.5513320120867476E-4
9.424938138960814 1.5513320120867473E-4
9.424938138960814 1.5513320120867473E-4
9.44291283865071 1.7372632119754393E-4
9.44291283865071 6.112415858139752E-5
9.44633908091253 8.93504980195127E-5
9.44633908091253 8.93504980195127E-5
9.44633908091253 8.93504980195127E-5
9.44633908091253 8.93504980195127E-5
9.44633908091253 8.93504980195127E-5
9.483891950726841 1.2076637693855078E-4
9.483891950726841 1.8239779857140355E-4
9.483891950726841 1.8239779857140355E-4
9.483891950726841 1.5417145913328837E-4
9.483891950726841 1.5417145913328837E-4
9.483891950726841 1.5417145913328837E-4
9.483891950726841 1.9596414848115684E-4
9.483891950726841 1.9596414848115684E-4
9.483891950726841 1.9596414848115684E-4
9.483891950726841 1.9596414848115684E-4
9.483891950726841 2.118562026626442E-4
9.483891950726841 2.118562026626442E-4
9.483891950726841 2.3804795640337977E-4
9.483891950726841 2.3804795640337977E-4
9.483891950726841 1.76416534770527E-4
9.483891950726841 9.163840963886675E-5
9.483891950726841 9.163840963886675E-5
9.483891950726841 1.1772727472639444E-4
9.483891950726841 1.2150703377123706E-4
9.483891950726841 1.5455405435825447E-4
9.483891950726841 1.5455405435825447E-4
9.483891950726841 1.5455405435825447E-4
9.483891950726841 1.7670361930320595E-4
9.483891950726841 1.4627841126358968E-4
9.483891950726841 1.4627841126358968E-4
9.483891950726841 1.9610502205479247E-4
9.483891950726841 1.956195919182254E-4
9.483891950726841 1.956195919182254E-4
9.50351469699052 1.879147404539766E-4
9.50351469699052 2.5967401431859616E-4
9.50351469699052 2.7932013691171667E-4
9.50351469699052 2.734844076671831E-4
9.50351469699052 2.729136834286251E-4
9.50351469699052 2.963337028314127E-4
9.50351469699052 3.1213033693911233E-4
9.50351469699052 3.0719340917951935E-4
9.50351469699052 3.0719340917951935E-4
9.50351469699052 3.4607120902928036E-4
9.50351469699052 3.301090414851406E-4
9.50351469699052 3.119542317932228E-4
9.50351469699052 3.063079306545309E-4
9.50351469699052 3.099252482639021E-4
9.503954060701059 3.3124032689364345E-4
9.503954060701059 3.461636896767173E-4
9.503954060701059 3.461636896767173E-4
9.503954060701059 3.025308153310874E-4
9.503954060701059 2.9476654807901063E-4
9.503954060701059 2.904769550207338E-4
9.503954060701059 3.360184603476694E-4
9.503954060701059 3.094602544856415E-4
9.503954060701059 3.27251710671466E-4
9.503954060701059 3.2725171067146604E-4
9.503954060701059 3.814423150054713E-4
9.519127182328399 3.659002628857663E-4
9.519127182328399 3.82699617852752E-4
9.519127182328399 3.679548477202992E-4
9.519127182328399 3.71117967872529E-4
9.519127182328399 3.410067117258793E-4
9.519127182328399 3.7597347628694493E-4
9.519127182328399 3.7597347628694493E-4
9.519127182328399 3.7781653041104034E-4
9.519127182328399 3.7781653041104034E-4
9.519127182328399 3.7781653041104034E-4
9.519127182328399 3.7369217647782477E-4
9.519127182328399 3.700280581710841E-4
9.519127182328399 3.564005850494268E-4
9.519127182328399 3.401803173322849E-4
9.519127182328399 2.5311385525566215E-4
9.519127182328399 2.370087971489049E-4
9.519127182328399 2.0380674411160912E-4
9.519127182328399 1.8769338810826854E-4
9.519127182328399 1.8545724659543093E-4
9.519127182328399 1.86758410705428E-4
9.519127182328399 1.86758410705428E-4
9.519127182328399 1.86758410705428E-4
9.519127182328399 1.8675841070542803E-4
9.519127182328399 1.878870953587463E-4
9.519127182328399 2.0321533592452395E-4
9.519127182328399 1.69089997273987E-4
9.519127182328399 1.5547979382101267E-4
9.519127182328399 1.3612993101282735E-4
9.519127182328399 9.545985959116085E-5
9.519127182328399 1.0843391262579195E-4
9.519127182328399 1.0954060060376851E-4
9.519127182328399 9.767018243142869E-5
9.519127182328399 1.0855205202245693E-4
9.519127182328399 1.029748474266916E-4
9.519127182328399 1.029748474266916E-4
9.519127182328399 8.614420023980528E-5
9.519127182328399 8.614420023980528E-5
9.519127182328399 8.614420023980528E-5
9.519127182328399 8.614420023980528E-5
9.519127182328399 8.614420023980528E-5
9.519127182328399 8.661776475162027E-5
9.519127182328399 8.661776475162027E-5
9.519127182328399 8.661776475162027E-5
9.519127182328399 9.807514612055215E-5
9.519127182328399 9.807514612055217E-5
9.519127182328399 9.807514612055215E-5
9.519127182328399 9.807514612055217E-5
9.519127182328399 9.807514612055215E-5
9.519127182328399 8.826080637217441E-5
9.522696018919152 1.072627438831907E-4
9.522696018919152 1.0068683155695016E-4
9.522696018919152 9.585512916187882E-5
9.522696018919152 1.0650936190979634E-4
9.522696018919152 9.810660382976467E-5
9.522696018919152 9.139928988038108E-5
9.522696018919152 5.141824481845452E-5
9.522696018919152 4.58410402226892E-5
9.522696018919152 4.28981620183683E-5
9.522696018919152 5.100616953139245E-5
9.522696018919152 6.837574550404476E-5
9.522792991371116 5.979284522835238E-5
9.522792991371116 4.537839567410082E-5
9.522792991371116 4.537839567410082E-5
9.522792991371116 4.537839567410082E-5
9.522792991371116 3.727604228374474E-5
9.522792991371116 3.0879339098752164E-5
9.522792991371116 3.0879339098752164E-5
9.522792991371116 1.6024210691413607E-5
9.522792991371116 6.2594225933116165E-6
9.522792991371116 6.2594225933116165E-6
9.523574698700937 1.155291208418438E-5
9.527108273919934 1.843509390404314E-5
9.527108273919934 1.843509390404314E-5
9.527108273919934 1.155291208418438E-5
9.527108273919934 1.155291208418438E-5
9.527108273919934 2.6582446617469913E-5
9.527108273919934 3.2973897623208954E-5
9.527108273919934 3.2973897623208954E-5
9.527993020179984 5.0647096408535463E-5
9.527993020179984 5.064709640853545E-5
9.527993020179984 4.948447743709971E-5
9.527993020179984 4.9643880025513065E-5
9.527993020179984 4.241605536956922E-5
9.527993020179984 3.648413287772785E-5
9.529810494010206 2.7333546959941715E-5
9.529810494010206 3.504370671346646E-5
9.529810494010206 4.134124926674135E-5
9.529810494010206 4.134124926674135E-5
9.529810494010206 4.134124926674135E-5
9.529810494010206 4.134124926674135E-5
9.529810494010206 4.134124926674135E-5
9.529810494010206 4.134124926674135E-5
9.529810494010206 4.975233009154283E-5
9.529810494010206 4.975233009154283E-5
9.529810494010206 4.975233009154283E-5
9.529810494010206 4.975233009154283E-5
9.529810494010206 4.975233009154283E-5
9.529810494010206 4.975233009154283E-5
9.529810494010206 4.975233009154283E-5
9.529810494010206 5.310590414248497E-5
9.529810494010206 5.5286846960261574E-5
9.530664632791225 5.9233770313158435E-5
9.530664632791225 5.922059442490045E-5
9.530664632791225 7.070963561376654E-5
9.530664632791225 9.458887831946792E-5
9.530664632791225 9.24079355016913E-5
9.530664632791225 8.611039294841641E-5
9.53307984123559 8.694549309709555E-5
9.53307984123559 7.752707110056011E-5
9.53307984123559 7.752707110056011E-5
9.53307984123559 6.935803511410194E-5
9.53307984123559 3.881925658020712E-5
9.53307984123559 3.881925658020712E-5
9.53307984123559 3.1942211175027646E-5
9.53307984123559 3.44247784336292E-5
9.53307984123559 4.346613922532713E-5
9.53744108587552 4.563766321650181E-5
9.53744108587552 4.563766321650181E-5
9.53744108587552 4.563766321650181E-5
9.53744108587552 3.38589535301267E-5
9.53744108587552 4.4292470962260146E-5
9.53744108587552 4.138186639452826E-5
9.53744108587552 4.138186639452826E-5
9.53744108587552 4.138186639452826E-5
9.53744108587552 4.138186639452826E-5
9.53744108587552 4.138186639452826E-5
9.53744108587552 4.138186639452826E-5
9.53744108587552 5.235393035812337E-5
9.53744108587552 5.235393035812337E-5
9.53744108587552 5.235393035812337E-5
9.53744108587552 5.235393035812337E-5
9.53744108587552 5.235393035812337E-5
9.53744108587552 5.235393035812337E-5
9.53744108587552 4.3215218032193976E-5
9.53744108587552 3.8132204800136214E-5
9.53744108587552 3.8132204800136214E-5
9.53744108587552 4.703064351499921E-5
9.53744108587552 5.759310130719328E-5
9.53744108587552 5.426832842631344E-5
9.53744108587552 4.979195532286585E-5
9.53744108587552 5.060325322235172E-5
9.53744108587552 5.060325322235172E-5
9.53744108587552 5.759629912936178E-5
9.53744108587552 5.0714827680662264E-5
9.53744108587552 5.0714827680662264E-5
9.53744108587552 4.851012960706618E-5
9.53744108587552 4.1517083700056125E-5
9.53744108587552 4.1517083700056125E-5
9.53744108587552 3.564943735616221E-5
9.53744108587552 4.079570096766216E-5
9.53744108587552 4.079570096766216E-5
9.54524337270923 2.931428017876544E-5
9.54524337270923 2.408884503490615E-5
9.54524337270923 2.408884503490615E-5
9.54524337270923 2.408884503490615E-5
9.54524337270923 1.7623259237286504E-5
9.54524337270923 1.7623259237286504E-5
9.54524337270923 1.7623259237286504E-5
9.54524337270923 1.7623259237286504E-5
9.54524337270923 1.7685109498592218E-5
9.54524337270923 1.7685109498592218E-5
9.54524337270923 1.7685109498592218E-5
9.54524337270923 1.2476995625786553E-5
9.54524337270923 2.0221717575459676E-5
9.54524337270923 1.0376402081987712E-5
9.54524337270923 1.0376402081987712E-5
9.54524337270923 1.0376402081987712E-5
9.54524337270923 1.0376402081987712E-5
9.54524337270923 1.0376402081987712E-5
9.54524337270923 1.0376402081987712E-5
9.54524337270923 2.63168013231459E-6
9.54524337270923 2.63168013231459E-6
9.54524337270923 2.63168013231459E-6
9.54524337270923 2.63168013231459E-6
9.54524337270923 2.63168013231459E-6
9.54524337270923 2.63168013231459E-6
9.54524337270923 9.83418013907213E-6
9.54524337270923 9.209863741790578E-6
9.545750352447158 1.0118458053799536E-5
9.545750352447158 1.0118458053799536E-5
9.545750352447158 1.0118458053799536E-5
9.545750352447158 1.0118458053799536E-5
9.545750352447158 8.910722066659981E-6
9.545750352447158 8.910722066659981E-6
9.545750352447158 8.910722066659981E-6
9.545750352447158 1.1533055656466779E-5
9.545750352447158 1.1533055656466779E-5
9.545750352447158 1.1533055656466779E-5
9.545750352447158 1.1533055656466779E-5
9.545750352447158 1.1533055656466779E-5
9.546467057606655 1.5084724700933064E-5
9.546467057606655 1.5084724700933061E-5
9.546467057606655 1.5084724700933064E-5
9.546467057606655 1.4921404580725809E-5
9.546467057606655 1.6533788853430358E-5
9.546467057606655 1.6533788853430358E-5
9.546467057606655 1.2142547476924623E-5
9.546467057606655 1.2142547476924623E-5
9.546467057606655 1.2142547476924623E-5
9.546467057606655 1.2142547476924623E-5
9.546467057606655 1.2142547476924623E-5
9.546467057606655 1.2142547476924623E-5
9.546467057606655 1.2142547476924623E-5
9.546467057606655 1.2142547476924623E-5
9.546467057606655 1.2142547476924623E-5
9.546467057606655 8.531048521178657E-6
9.546467057606655 8.531048521178657E-6
9.546467057606655 8.531048521178657E-6
9.546467057606655 8.531048521178657E-6
9.546467057606655 8.531048521178657E-6
9.546467057606655 8.531048521178657E-6
9.546467057606655 8.531048521178657E-6
9.546467057606655 8.531048521178657E-6
9.546467057606655 8.531048521178657E-6
9.546467057606655 8.531048521178657E-6
9.551026207824115 8.9061389162075E-6
9.551026207824115 1.0504944120981498E-5
9.551026207824115 1.0504944120981498E-5
9.551026207824115 1.0504944120981498E-5
9.551026207824115 1.0504944120981498E-5
9.551026207824115 2.1925281722840864E-5
9.551026207824115 2.218535547862947E-5
9.551026207824115 2.218535547862947E-5
9.551026207824115 2.352064895015697E-5
9.551026207824115 2.352064895015697E-5
9.551026207824115 2.218535547862947E-5
9.551026207824115 2.218535547862947E-5
9.551026207824115 2.218535547862947E-5
9.551026207824115 2.218535547862947E-5
9.551026207824115 2.10630214282077E-5
9.551026207824115 2.10630214282077E-5
9.551026207824115 2.10630214282077E-5
9.551026207824115 2.3212234817046874E-5
9.551026207824115 2.2097725031191248E-5
9.551026207824115 2.4863600329847986E-5
9.551026207824115 2.4863600329847986E-5
9.551026207824115 2.4863600329847986E-5
9.551026207824115 2.2714386941008812E-5
9.551026207824115 1.9948511642352078E-5
9.551026207824115 1.9948511642352078E-5
9.551026207824115 2.17827722463558E-5
9.551026207824115 2.17827722463558E-5
9.551026207824115 2.17827722463558E-5
9.551026207824115 2.17827722463558E-5
9.551026207824115 1.8342606040037235E-6
9.551026207824115 1.8342606040037235E-6
9.551026207824115 1.8342606040037235E-6
9.551026207824115 1.8342606040037235E-6
9.551026207824115 0.0
9.551026207824115 0.0
9.551026207824115 0.0
9.551026207824115 4.574629026748333E-6
9.551026207824115 4.574629026748333E-6
9.551026207824115 2.7396120556927203E-6
9.551026207824115 2.7396120556927203E-6
9.551026207824115 2.7396120556927203E-6
9.551026207824115 2.7396120556927203E-6
9.551026207824115 2.7396120556927203E-6
9.551026207824115 2.315550804734848E-6
9.551026207824115 2.315550804734848E-6
9.551026207824115 2.315550804734848E-6
9.551026207824115 2.315550804734848E-6
9.551026207824115 2.315550804734848E-6
9.551989228340648 8.53742386495039E-6
9.551989228340648 8.53742386495039E-6
9.551989228340648 8.53742386495039E-6
9.551989228340648 8.53742386495039E-6
9.551989228340648 8.53742386495039E-6
9.551989228340648 7.538205752548048E-6
9.551989228340648 0.0
9.551989228340648 0.0
9.551989228340648 0.0
9.551989228340648 0.0
9.551989228340648 0.0
9.551989228340648 0.0
9.551989228340648 0.0
9.551989228340648 5.409457948315834E-7
9.551989228340648 5.409457948315834E-7
9.551989228340648 5.409457948315834E-7
9.551989228340648 5.409457948315834E-7
9.551989228340648 5.409457948315834E-7
9.551989228340648 5.409457948315834E-7
9.551989228340648 5.409457948315834E-7
9.551989228340648 5.409457948315834E-7
9.551989228340648 1.8762392663590838E-6
9.551989228340648 3.2665627381323188E-6
9.551989228340648 7.999799371313328E-6
9.551989228340648 7.999799371313328E-6
9.551989228340648 6.964074153869684E-6
9.551989228340648 6.964074153869684E-6
9.551989228340648 6.964074153869684E-6
9.551989228340648 6.352565130780083E-6
9.551989228340648 6.501102693737848E-6
9.551989228340648 6.0756725561978035E-6
9.551989228340648 6.0756725561978035E-6
9.551989228340648 6.0756725561978035E-6
9.551989228340648 6.0756725561978035E-6
9.551989228340648 6.0756725561978035E-6
9.551989228340648 9.063136705355092E-6
9.551989228340648 1.0953434843051547E-5
9.551989228340648 1.0953434843051547E-5
9.551989228340648 1.0953434843051547E-5
9.551989228340648 1.0953434843051547E-5
9.551989228340648 1.0953434843051547E-5
9.551989228340648 1.0953434843051547E-5
9.551989228340648 3.0882084070405153E-6
9.551989228340648 3.0882084070405153E-6
9.55261342925904 4.6127698633275855E-6
9.55261342925904 4.6127698633275855E-6
9.55261342925904 4.6127698633275855E-6
9.55261342925904 4.6127698633275855E-6
9.55261342925904 4.6127698633275855E-6
9.55261342925904 4.6127698633275855E-6
9.55261342925904 4.6127698633275855E-6
9.55261342925904 4.6127698633275855E-6
9.55261342925904 4.6127698633275855E-6
9.55261342925904 4.6127698633275855E-6
9.55261342925904 4.6127698633275855E-6
9.55261342925904 4.6127698633275855E-6
9.55261342925904 4.6127698633275855E-6
9.55261342925904 4.6127698633275855E-6
9.55261342925904 3.0882084070405153E-6
9.55261342925904 3.0882084070405153E-6
9.55261342925904 3.0882084070405153E-6
9.55261342925904 3.938888956485092E-6
9.55261342925904 3.938888956485092E-6
9.55261342925904 3.938888956485092E-6
9.55261342925904 3.938888956485092E-6
9.55261342925904 3.938888956485092E-6
9.55261342925904 3.938888956485092E-6
9.55261342925904 3.938888956485092E-6
9.55261342925904 3.938888956485092E-6
9.55261342925904 5.409457948315834E-7
9.55261342925904 5.409457948315834E-7
9.55261342925904 5.409457948315834E-7
9.55261342925904 5.409457948315834E-7
9.55261342925904 5.409457948315834E-7
9.55261342925904 5.409457948315834E-7
9.55261342925904 5.409457948315834E-7
9.55261342925904 5.409457948315834E-7
9.55261342925904 5.409457948315834E-7
9.55261342925904 1.0818915896631667E-6
9.55261342925904 1.0818915896631667E-6
9.553582094461607 1.0872209014503835E-5
9.553582094461607 1.0872209014503835E-5
9.553582094461607 1.0872209014503835E-5
9.553582094461607 1.0872209014503835E-5
9.553582094461607 1.0872209014503835E-5
9.553582094461607 1.0872209014503835E-5
9.553582094461607 1.0872209014503835E-5
9.553582094461607 1.0872209014503835E-5
9.553582094461607 1.0872209014503835E-5
9.553582094461607 1.0872209014503835E-5
9.553582094461607 1.0872209014503835E-5
9.553582094461607 1.0872209014503835E-5
9.553582094461607 1.0872209014503835E-5
9.553582094461607 1.0872209014503835E-5
9.553582094461607 1.0872209014503835E-5
9.553582094461607 1.0872209014503835E-5
9.553582094461607 1.0872209014503835E-5
9.553582094461607 1.0872209014503835E-5
9.553582094461607 0.0
9.553582094461607 0.0
9.553582094461607 0.0
9.553582094461607 0.0
9.555220249283911 4.277203207073939E-6
9.555220249283911 4.277203207073939E-6
9.555220249283911 4.277203207073939E-6
9.555220249283911 4.277203207073939E-6
9.555220249283911 4.277203207073939E-6
9.555220249283911 4.277203207073939E-6
9.555220249283911 4.277203207073939E-6
9.555220249283911 4.277203207073939E-6
9.555220249283911 4.277203207073939E-6
9.555220249283911 4.277203207073939E-6
9.555220249283911 4.277203207073939E-6
9.555220249283911 4.277203207073939E-6
9.555220249283911 4.277203207073939E-6
9.555220249283911 4.277203207073939E-6
9.555220249283911 4.277203207073939E-6
9.555220249283911 4.277203207073939E-6
9.555220249283911 4.277203207073939E-6
9.555220249283911 4.277203207073939E-6
9.555220249283911 4.277203207073939E-6
9.555220249283911 4.277203207073939E-6
9.555220249283911 4.277203207073939E-6
9.555220249283911 4.277203207073939E-6
9.555220249283911 4.277203207073939E-6
9.555220249283911 4.277203207073939E-6
9.555220249283911 4.277203207073939E-6
9.555220249283911 4.277203207073939E-6
9.555220249283911 4.277203207073939E-6
9.555220249283911 4.277203207073939E-6
9.555220249283911 4.277203207073939E-6
9.555220249283911 4.277203207073939E-6
9.555220249283911 4.277203207073939E-6
9.555220249283911 4.277203207073939E-6
9.555220249283911 4.277203207073939E-6
9.555220249283911 4.277203207073939E-6
9.555220249283911 4.277203207073939E-6
9.555220249283911 4.277203207073939E-6
9.555220249283911 4.277203207073939E-6
9.555220249283911 4.277203207073939E-6
9.555220249283911 4.277203207073939E-6
9.555220249283911 4.277203207073939E-6
9.555220249283911 4.277203207073939E-6
9.555220249283911 4.277203207073939E-6
9.555220249283911 5.801764663361009E-6
9.555220249283911 5.801764663361009E-6
9.555220249283911 5.801764663361009E-6
9.555220249283911 5.801764663361009E-6
9.555220249283911 5.801764663361009E-6
9.555220249283911 5.801764663361009E-6
9.556135015077075 1.3827460846571358E-6
9.556135015077075 1.3827460846571358E-6
9.556135015077075 1.3827460846571358E-6
9.556135015077075 1.3827460846571358E-6
9.556135015077075 1.3827460846571358E-6
Score: 9.556135015077075
Runtime: 733ms
