2.1221370508355246E-6 5.310255088819432
5.485094160896671E-6 4.591743974970582
3.718564869583373E-5 4.096645081758066
0.006100602058609774 3.8592745821805767
0.006100602058609774 3.6399447542210517
0.006100602058609774 3.3559078953169728
0.006100602058609774 3.166857412530766
0.025919418595709745 2.9833498890577665
0.025919418595709745 2.8272623480288197
0.025919418595709745 2.69498114863509
0.06773429019144486 2.4965064577233433
0.12990961598039374 2.45532136828378
0.12990961598039374 2.3756976944183026
0.12990961598039374 2.279627177713291
0.16533201085832577 2.2199836968217777
0.33000165308506163 2.106469769129069
0.33000165308506163 2.0731838556624633
0.39447857713958323 2.081080470034016
0.39447857713958323 2.018117875725382
0.39447857713958323 1.933032866869282
0.9823153102011357 1.9649342991033534
0.9823153102011357 1.8716322589388885
0.9823153102011357 1.8224719760994044
0.9823153102011357 1.7798196423295713
0.9823153102011357 1.6995049955579284
0.9823153102011357 1.6970759909257573
0.9823153102011357 1.677749507732617
0.9823153102011357 1.5873155364201101
1.3836288293246166 1.4852069591887818
1.3836288293246166 1.4695426490991699
1.3836288293246166 1.4057108235948634
1.3836288293246166 1.3399090230152286
1.3836288293246166 1.2788199916485616
1.3836288293246166 1.3640260569626759
1.3836288293246166 1.3645071231219177
1.3836288293246166 1.2939605902392615
1.3836288293246166 1.2624850564595658
1.8772813336782743 1.285849790610215
1.8772813336782743 1.2384881912386012
2.770414165508659 1.1964292902131866
2.770414165508659 1.1738384070892434
2.770414165508659 1.0952067276703297
2.770414165508659 1.0451326321328454
2.770414165508659 1.0086830298488765
2.770414165508659 0.9850975441392239
2.770414165508659 0.9295317418248169
2.770414165508659 0.8950065996475818
2.770414165508659 0.9060409475295156
2.770414165508659 0.891940989352942
4.279141238150497 0.8591416329604517
4.279141238150497 0.78324670169325
4.279141238150497 0.714660301470447
4.279141238150497 0.7023756271490659
4.279141238150497 0.713215190704904
4.279141238150497 0.7015267443165573
4.279141238150497 0.6646955241461495
4.279141238150497 0.6438044708630323
4.279141238150497 0.603004281851449
4.279141238150497 0.5775678708843781
4.279141238150497 0.5718495083157047
4.279141238150497 0.5743408794165615
4.279141238150497 0.5540277846279626
4.279141238150497 0.5494383111076199
4.279141238150497 0.5452916817740985
4.279141238150497 0.5262962870601968
4.279141238150497 0.49857446633660696
4.279141238150497 0.4791838545753915
4.279141238150497 0.4572643781916936
4.279141238150497 0.4373377191370052
4.279141238150497 0.43607493064928604
4.279141238150497 0.4666221085949909
5.220790341033662 0.4818631707710213
5.220790341033662 0.48435944543643017
5.220790341033662 0.4837912527598568
5.220790341033662 0.4609107290827902
5.220790341033662 0.4479860916362153
5.220790341033662 0.4525948203969029
5.220790341033662 0.4342482079392683
5.220790341033662 0.41423705219031975
5.220790341033662 0.3901523169780866
5.220790341033662 0.3725064853388364
5.220790341033662 0.3551654987721408
5.220790341033662 0.35093484719172524
5.220790341033662 0.3255929394154126
5.220790341033662 0.3102945562165084
5.220790341033662 0.2977188692523962
5.220790341033662 0.2920785711254786
5.220790341033662 0.24319913368058552
5.363134295730529 0.2685188930208843
5.363134295730529 0.2503199395537268
5.363134295730529 0.23918430838631025
5.363134295730529 0.23598250793065934
5.363134295730529 0.2211507685374293
5.372109145717742 0.2078221453358513
5.372109145717742 0.1942750816325013
5.372109145717742 0.19469661623070408
5.372109145717742 0.19409165708766218
5.372109145717742 0.2066097248419496
5.372109145717742 0.21390193507805255
5.372109145717742 0.1701947692684003
5.372109145717742 0.16144208825049286
5.436780878529825 0.1537883630169859
5.746091385856001 0.1529184627015536
5.746091385856001 0.1384524490586445
5.746091385856001 0.1386986073512012
5.746091385856001 0.13675990751601116
5.746091385856001 0.12493313790352331
5.746091385856001 0.1355143505478058
5.746091385856001 0.13642285010176436
5.746091385856001 0.13855637437256887
5.746091385856001 0.14010206820286436
5.746091385856001 0.1352026276957543
5.922442974317271 0.13487827863346297
5.922442974317271 0.12690389766207077
5.922442974317271 0.11474507826271282
5.922442974317271 0.10686721722809914
5.922442974317271 0.10106599468389396
5.922442974317271 0.09559796825899929
5.922442974317271 0.08882867512485872
6.622977127077031 0.09661393089391794
6.622977127077031 0.09066184698278039
6.622977127077031 0.08274351924309666
6.622977127077031 0.07680892715646027
6.622977127077031 0.07596007513824411
6.622977127077031 0.07416399636955338
6.622977127077031 0.07220907164111368
6.622977127077031 0.06933710551465357
6.622977127077031 0.07000197313431189
6.622977127077031 0.06978027695500362
6.622977127077031 0.06703908172212465
6.622977127077031 0.05828432094159211
6.622977127077031 0.05715276127503169
6.622977127077031 0.05105488660842054
6.622977127077031 0.05112268138995295
6.622977127077031 0.0532756022444577
6.622977127077031 0.052896593797322755
6.622977127077031 0.05371334385925197
6.622977127077031 0.05320343154550185
6.622977127077031 0.0564760189329522
6.622977127077031 0.0522679852102749
6.622977127077031 0.05118069584695054
6.622977127077031 0.051412944577978736
6.622977127077031 0.05488302661730871
6.622977127077031 0.054716899932851996
6.622977127077031 0.05520062205634966
6.622977127077031 0.052347112743267296
6.622977127077031 0.04264103585250928
6.622977127077031 0.036571978371059716
6.622977127077031 0.03218615271856194
6.622977127077031 0.03643638690833652
6.628430304178455 0.03486077828625867
6.628430304178455 0.03473805005813736
6.628430304178455 0.03774817145713173
6.727663724753952 0.04040528060012761
6.727663724753952 0.03657567231850522
6.727663724753952 0.034633595510333896
6.727663724753952 0.032669148203819984
7.467557495644198 0.03073051226404215
7.467557495644198 0.031513454230660494
7.467557495644198 0.033670509570094515
7.467557495644198 0.03490202604987751
7.467557495644198 0.031814723053351555
7.467557495644198 0.03202470511007372
7.467557495644198 0.03183613570938238
7.467557495644198 0.031986549566100926
7.467557495644198 0.029523188958314038
7.467557495644198 0.028934372582623335
7.467557495644198 0.03001941935112439
7.467557495644198 0.03172572748554966
7.467557495644198 0.03056955756591941
7.467557495644198 0.02685971161459644
7.467557495644198 0.028611402327766655
7.467557495644198 0.027600867316422296
7.467557495644198 0.026424273066326512
7.467557495644198 0.027624229780209356
7.467557495644198 0.03103716140179816
7.467557495644198 0.0339863785679656
7.467557495644198 0.03318838689460973
7.467557495644198 0.03121889141173553
7.467557495644198 0.032489887153784036
7.532203697543437 0.032148152874227696
7.532203697543437 0.03128814106600838
7.57680713563238 0.028661439074322743
7.57680713563238 0.026232972838291856
7.57680713563238 0.026483880605817654
7.844221520235344 0.02537594492847552
8.029350274404601 0.02663480676675004
8.379388009686377 0.024617877089064315
8.379388009686377 0.02509512848871758
8.379388009686377 0.024266720937658262
8.379388009686377 0.02848520745458647
8.379388009686377 0.02873841468762075
8.552244236208985 0.03058609809711279
8.552244236208985 0.030755867328891687
8.552244236208985 0.032336874047427015
8.552244236208985 0.03196223841462472
8.552244236208985 0.03583240202437378
8.552244236208985 0.032642881923342235
8.552244236208985 0.03141107129902642
8.552244236208985 0.031153683496876444
8.552244236208985 0.030479379997864722
8.552244236208985 0.028844371916137698
8.552244236208985 0.03292219135958419
8.552244236208985 0.03140437050213562
8.552244236208985 0.03132466403025998
8.554260908751617 0.03722596123966261
8.554260908751617 0.035477215457982325
8.554260908751617 0.03688290292389545
8.554260908751617 0.03306285065737941
8.554260908751617 0.03634934655981168
8.554260908751617 0.036743555141942365
8.596068498427531 0.036491449384020096
8.596068498427531 0.03712322963520194
8.596068498427531 0.037522657135577724
8.596068498427531 0.03630452573265655
8.596068498427531 0.036443230546888965
8.719262064890275 0.03606532698743995
8.969448122818669 0.034323774069113175
8.969448122818669 0.03335034005306987
8.969448122818669 0.03224776803261592
8.969448122818669 0.031040235497905366
8.969448122818669 0.031757400362661344
8.969448122818669 0.032173059340873465
8.969448122818669 0.031281527313541
8.969448122818669 0.02868846711280271
8.969448122818669 0.027521917992254334
8.969448122818669 0.032353768467948935
8.969448122818669 0.034469520842778316
8.969448122818669 0.031508207342877174
8.969448122818669 0.030277015327395792
8.969448122818669 0.031493245523014475
8.969448122818669 0.03253142776227468
8.969448122818669 0.031756751336773435
8.969448122818669 0.031312153042003965
8.969448122818669 0.03012062913324801
8.986504730575046 0.02616498784727005
8.986504730575046 0.024803711702577686
8.986504730575046 0.024937532194849142
8.991406006399485 0.023491330067842413
8.991406006399485 0.0241581054008784
8.992328042796661 0.02529133891539959
9.022278852078996 0.02546168136782836
9.022278852078996 0.02321782668858117
9.022278852078996 0.023377033922490076
9.053336017493546 0.022657190299094854
9.053336017493546 0.022499596573245004
9.053336017493546 0.018865981128080092
9.053336017493546 0.018990035153426767
9.053336017493546 0.01765740374465946
9.146058856297358 0.017215847652141614
9.146058856297358 0.016496828845420197
9.146058856297358 0.01768270524267241
9.146058856297358 0.016873556557198733
9.146058856297358 0.017037881679958455
9.146058856297358 0.016222614520790987
9.146058856297358 0.014563243982368392
9.146058856297358 0.014105497055178304
9.146058856297358 0.01315564004432062
9.146058856297358 0.011809271588850204
9.146058856297358 0.011530917354630809
9.146058856297358 0.011695838518910118
9.146058856297358 0.011690404747679637
9.146058856297358 0.010968159365274996
9.173062934301239 0.010239001463241767
9.276078617096195 0.010058165471646346
9.276078617096195 0.009390370498486294
9.276078617096195 0.008629877016256402
9.276078617096195 0.008619842863586736
9.276078617096195 0.007989999565873797
9.276078617096195 0.007855135288710893
9.276078617096195 0.008814027692522059
9.276078617096195 0.0090137834591212
9.276078617096195 0.008546977127134849
9.276078617096195 0.009092226573132151
9.276078617096195 0.008313781189113708
9.276078617096195 0.007695485366597351
9.276078617096195 0.007321787852760068
9.276078617096195 0.00662311712802181
9.276078617096195 0.0062235150282468595
9.276078617096195 0.005960781107036353
9.300811848561372 0.005565070112449339
9.300811848561372 0.005366367108315126
9.300811848561372 0.005525026011989971
9.300811848561372 0.0059499753633491526
9.300811848561372 0.006128614214136494
9.300811848561372 0.005278746110530362
9.300811848561372 0.004882154191727354
9.300811848561372 0.00528215510175157
9.300811848561372 0.00520938039251371
9.300811848561372 0.004907484108616398
9.300811848561372 0.004777039811617021
9.300811848561372 0.004630296835119605
9.300811848561372 0.005132753952832542
9.300811848561372 0.005277585430572279
9.349695229149955 0.00530885336574767
9.349695229149955 0.005162811216329818
9.349695229149955 0.005236554777732935
9.45684272694734 0.005736419716470936
9.45684272694734 0.005434516707550922
9.45684272694734 0.005819823348267073
9.45684272694734 0.005764185504956556
9.45684272694734 0.005329351360947333
9.45684272694734 0.0053187691145131335
9.45684272694734 0.005248349931323054
9.45684272694734 0.00450995931665606
9.45684272694734 0.004262140308554818
9.45684272694734 0.004101947716684427
9.45684272694734 0.0037088069276315413
9.45684272694734 0.0036877130965127405
9.45684272694734 0.0036871166826176927
9.45684272694734 0.0035336189036914126
9.45684272694734 0.0031865713088100244
9.45684272694734 0.0030509190630561202
9.45684272694734 0.002814792065600253
9.45684272694734 0.0026294051824643895
9.45684272694734 0.00257304092903211
9.45684272694734 0.0026962819550382057
9.45684272694734 0.0022764050833689376
9.45684272694734 0.002088408612505289
9.45684272694734 0.0021007524712084585
9.45684272694734 0.0018006626760508056
9.45684272694734 0.0020192803607885466
9.45684272694734 0.0021601127176445966
9.45684272694734 0.0019279299971668698
9.45684272694734 0.0019456838486588517
9.45684272694734 0.0018707873353232785
9.45684272694734 0.0018052910548364035
9.45684272694734 0.0016946455233025212
9.45684272694734 0.0016248548694268823
9.45684272694734 0.0014952542725237294
9.45684272694734 0.0014372269848839118
9.45684272694734 0.00151721303537949
9.45684272694734 0.0015003298754875832
9.45684272694734 0.0015463507358947676
9.45684272694734 0.0015004258741993016
9.45684272694734 0.0014882304849836684
9.45684272694734 0.0016623249478580917
9.45684272694734 0.0016400675831093458
9.45684272694734 0.0013897128653579628
9.45684272694734 0.0014826711449924394
9.45684272694734 0.001403031793727293
9.45684272694734 0.0017234333215601712
9.45684272694734 0.0020051532270775538
9.45684272694734 0.0019451213535755466
9.45684272694734 0.0019941309915959974
9.45684272694734 0.002116284464472511
9.461064302192542 0.0023956324090080635
9.461064302192542 0.0027198389454491105
9.461064302192542 0.0025703960103916307
9.488992052465662 0.002640867435300218
9.488992052465662 0.002678640465737501
9.488992052465662 0.002849803923435346
9.488992052465662 0.0028397442899010476
9.488992052465662 0.002852666588481606
9.488992052465662 0.00274068904143732
9.488992052465662 0.002519008818900413
9.488992052465662 0.002175067801294521
9.488992052465662 0.0022579968226964825
9.488992052465662 0.0025136787752580683
9.506060265369676 0.0024450646148265337
9.506060265369676 0.0025889295209679517
9.506060265369676 0.0021957853038963456
9.506060265369676 0.002092250447920264
9.506060265369676 0.0021004763607565926
9.506060265369676 0.002258045676074456
9.506060265369676 0.0021726087556012907
9.506060265369676 0.0022959770423950443
9.506060265369676 0.0022758163581430256
9.506060265369676 0.002208396418959769
9.506060265369676 0.0018135015590568589
9.506060265369676 0.0018156844707779179
9.518033713912262 0.0019979806757887456
9.518033713912262 0.001966284241919091
9.518033713912262 0.00165193822511883
9.518033713912262 0.001649624722532656
9.52165124005963 0.0017331153358998803
9.52165124005963 0.0017638931408247868
9.52702118456181 0.0017649303020399161
9.52702118456181 0.001723056132420413
9.536612747808451 0.0017752898255795487
9.542737159252214 0.0015319640928221773
9.542737159252214 0.0015198998469311336
9.542737159252214 0.001283814016808672
9.542737159252214 0.0012032497159270154
9.548876128114998 0.0012812364988706222
9.579026786440092 0.001358396947286838
9.579026786440092 0.0014423264440352969
9.579026786440092 0.0014933819928112063
9.579026786440092 0.0015829685098508182
9.579026786440092 0.0014281003952295885
9.589876692147627 0.001324532123041746
9.589876692147627 0.001123323851424922
9.589876692147627 0.0012052615331994325
9.589876692147627 0.0013720602418087454
9.589876692147627 0.0012595349302713839
9.621507117528921 0.0014933797726001926
9.621507117528921 0.0013097091971478931
9.621507117528921 0.0013819966857410069
9.642035082085807 0.001708088644652878
9.642035082085807 0.0017560309549979809
9.642035082085807 0.0017232607901563309
9.642035082085807 0.0018659870900265899
9.642035082085807 0.0018397383207964038
9.642035082085807 0.0018579335010511396
9.642035082085807 0.001925634009400989
9.642035082085807 0.0019383116223185136
9.642035082085807 0.0018360951644832645
9.655747923400096 0.0017484904520544701
9.655747923400096 0.0017803532969757866
9.655747923400096 0.0016572032699970424
9.655747923400096 0.001602055065468988
9.655747923400096 0.0016821595323197058
9.655747923400096 0.0016214854010641628
9.655747923400096 0.0016141033013163995
9.655747923400096 0.0016760384876062235
9.655747923400096 0.0016621372738572623
9.655747923400096 0.0016981814905019624
9.655747923400096 0.0015069142636671886
9.655747923400096 0.0016269585546512672
9.655747923400096 0.0015160280962955618
9.671991319372793 0.0015190307120009916
9.671991319372793 0.0014966734121901724
9.671991319372793 0.0014542894049664739
9.671991319372793 0.001400605999452267
9.671991319372793 0.0015157463024137482
9.671991319372793 0.0015330051046235067
9.671991319372793 0.0016176314684832988
9.68429765646624 0.0016273384354946953
9.68429765646624 0.001615264356317396
9.687407094081188 0.0017165315161719512
9.687407094081188 0.0017231072846045266
9.687407094081188 0.0017370648003911774
9.687407094081188 0.0015947419391182283
9.687407094081188 0.0015777118957624311
9.687407094081188 0.0016595874872361736
9.687407094081188 0.0016992301214896728
9.687407094081188 0.001682979626243013
9.687407094081188 0.0017994942862309242
9.687407094081188 0.0016156341629969513
9.687407094081188 0.0016666390656881703
9.687407094081188 0.001778104964635614
9.687407094081188 0.001804635168771285
9.7032505116002 0.0018237962607425557
9.736240137811915 0.0015712564221618522
9.736240137811915 0.001541363019603541
9.736240137811915 0.0014763677605915254
9.736240137811915 0.0015350786965627422
9.736240137811915 0.0014572717815718047
9.736240137811915 0.0013871835140446826
9.736240137811915 0.0014011587616185206
9.736240137811915 0.0014186579392592431
9.736240137811915 0.0014604920407924118
9.736240137811915 0.0014913627811509328
9.736240137811915 0.0014008089430395114
9.736240137811915 0.0013634849925166245
9.736240137811915 0.0013705933597360728
9.736240137811915 0.0013867740434989064
9.736240137811915 0.0013415483328907613
9.736240137811915 0.001166442423715057
9.736240137811915 0.0012055183653461336
9.736240137811915 0.0012980871925147178
9.736240137811915 0.0012312879879144637
9.736240137811915 0.0012346589413611718
9.736240137811915 0.0012562529176123813
9.736240137811915 0.0012247279020339307
9.736240137811915 0.0011278855349344797
9.752859242569153 0.0011265120060387152
9.752859242569153 0.001167177024672939
9.752859242569153 0.001119528630417536
9.752859242569153 0.001123963299860126
9.752859242569153 0.0010469373508481975
9.754540084746992 8.233060892780636E-4
9.754540084746992 8.414694621753924E-4
9.754540084746992 8.743671333949673E-4
9.754540084746992 8.759919500738226E-4
9.754540084746992 8.262548253508299E-4
9.754540084746992 7.477837850660709E-4
9.754540084746992 7.397959454898414E-4
9.754540084746992 7.369589952007884E-4
9.754540084746992 7.38428657593263E-4
9.754540084746992 6.78075135613446E-4
9.754540084746992 6.999322791214047E-4
9.754540084746992 6.833002357428431E-4
9.754540084746992 6.632723063360875E-4
9.754540084746992 7.22430545922161E-4
9.754540084746992 6.411033035444816E-4
9.754540084746992 6.074249747519934E-4
9.754540084746992 6.669395781464171E-4
9.754540084746992 6.562359860279801E-4
9.754540084746992 6.768132143071784E-4
9.754540084746992 5.879489648774441E-4
9.754540084746992 5.826364890489103E-4
9.754540084746992 5.366931871024942E-4
9.754540084746992 5.425896148518464E-4
9.756892421250727 6.012731094586211E-4
9.756892421250727 6.467135476621107E-4
9.756892421250727 5.654861243270314E-4
9.761794318869235 5.482108841056799E-4
9.761794318869235 5.72146757304811E-4
9.761794318869235 5.686945097185469E-4
9.761794318869235 5.575015419196308E-4
9.761794318869235 5.789392702237922E-4
9.761794318869235 5.668680719444927E-4
9.761794318869235 5.415286585819108E-4
9.761794318869235 5.876336317808063E-4
9.761794318869235 5.884389046433788E-4
9.781480720807844 6.210764029737561E-4
9.781480720807844 6.067624862812927E-4
9.781480720807844 6.079931507667985E-4
9.781480720807844 6.065463098007098E-4
9.781480720807844 6.17605633842467E-4
9.781480720807844 5.823992008505659E-4
9.781480720807844 5.561973946385274E-4
9.781480720807844 5.16802451016495E-4
9.781480720807844 4.5893592146776645E-4
9.781480720807844 4.270379897691093E-4
9.781480720807844 4.1287777793779233E-4
9.781480720807844 3.803968982165692E-4
9.781480720807844 3.538239290586271E-4
9.781480720807844 3.3769064604568583E-4
9.781480720807844 3.134135029331295E-4
9.781480720807844 2.9065592484427035E-4
9.781480720807844 2.760134643326118E-4
9.781480720807844 2.8695836707452944E-4
9.781480720807844 2.7995987515404025E-4
9.783882243938463 3.072286660621789E-4
9.783882243938463 2.853226264872572E-4
9.783882243938463 2.651473548560645E-4
9.783882243938463 2.5223247234983326E-4
9.783882243938463 2.491076466696354E-4
9.783882243938463 2.7154178104301746E-4
9.783882243938463 2.85095538472946E-4
9.783882243938463 3.1534561344882155E-4
9.783882243938463 2.869222216804577E-4
9.783882243938463 2.882731320757562E-4
9.783882243938463 2.854346295092501E-4
9.783882243938463 2.6724585443102804E-4
9.792898663304095 2.5444146476870545E-4
9.792898663304095 2.41233416353969E-4
9.792898663304095 2.4108783344549536E-4
9.792898663304095 2.4979197869775854E-4
9.792898663304095 2.528604660376156E-4
9.792898663304095 2.211398270496621E-4
9.792898663304095 2.1572026591916093E-4
9.792898663304095 1.5086488288067475E-4
9.792898663304095 1.3861948879366373E-4
9.792898663304095 2.1446027769465091E-4
9.792898663304095 2.0336449736719126E-4
9.792898663304095 2.0318538127238195E-4
9.792898663304095 2.1795017533728366E-4
9.792898663304095 1.9783195351864518E-4
9.792898663304095 2.1327587966299134E-4
9.792898663304095 2.0472911862402994E-4
9.792898663304095 1.9703544664133503E-4
9.792898663304095 1.938946045509304E-4
9.792898663304095 1.8566080416663208E-4
9.792898663304095 1.7799771463275656E-4
9.792898663304095 1.713340164063949E-4
9.792898663304095 1.581458576047938E-4
9.792898663304095 9.433964977758386E-5
9.792898663304095 8.665521878007169E-5
9.792898663304095 7.604653744795665E-5
9.792898663304095 7.322886908082336E-5
9.792898663304095 7.5931732160417E-5
9.792898663304095 7.708192871291533E-5
9.792898663304095 7.791912152786871E-5
9.794025438490344 6.972337211931593E-5
9.794025438490344 6.43297420041654E-5
9.794025438490344 5.669393259867258E-5
9.794025438490344 5.073186600656856E-5
9.794025438490344 5.622711247472494E-5
9.79729425615758 6.366050052058667E-5
9.79729425615758 5.753736527144313E-5
9.79729425615758 9.837898884914742E-5
9.79729425615758 8.954468245170858E-5
9.79729425615758 8.954468245170858E-5
9.79729425615758 9.67851233181386E-5
9.79729425615758 9.809035515338158E-5
9.79729425615758 9.52841986364511E-5
9.79729425615758 9.875421431506543E-5
9.797802055958 9.602099014464128E-5
9.797802055958 9.244497083100115E-5
9.797802055958 9.001167951833574E-5
9.797802055958 1.0216565572488491E-4
9.797802055958 1.0510433997615346E-4
9.797802055958 1.0381446093444258E-4
9.797802055958 1.0381446093444258E-4
9.797802055958 1.0183841542393846E-4
9.797802055958 1.0175443854199967E-4
9.799109857193722 9.987132210842657E-5
9.803148141990238 9.992955395957554E-5
9.803148141990238 9.842820349328582E-5
9.803148141990238 1.0239889822066861E-4
9.803148141990238 1.0033004903455908E-4
9.803148141990238 8.976526820601238E-5
9.803148141990238 8.613768293100577E-5
9.803148141990238 9.087476550853315E-5
9.803148141990238 9.380524596737104E-5
9.803148141990238 9.380524596737104E-5
9.811334798217535 9.695884535248883E-5
9.811334798217535 8.898009549699618E-5
9.811334798217535 8.039163975930435E-5
9.811334798217535 7.681170833499416E-5
9.811334798217535 7.681170833499416E-5
9.811334798217535 7.78969882935147E-5
9.811880346592355 3.769946566926986E-5
9.811880346592355 3.0357310605536026E-5
9.811880346592355 3.4186117967885725E-5
9.811880346592355 2.9936341168574534E-5
9.811880346592355 2.9633664527165502E-5
9.811880346592355 2.894395468032926E-5
9.811880346592355 2.7667356682781382E-5
9.811880346592355 2.596670560785046E-5
9.811880346592355 2.918734946430192E-5
9.811880346592355 2.9235832160769252E-5
9.811880346592355 2.4639376276750195E-5
9.811880346592355 2.381265910007423E-5
9.811880346592355 2.381265910007423E-5
9.811880346592355 2.5953226171737084E-5
9.811880346592355 2.8815445841291055E-5
9.811880346592355 3.1782544650737076E-5
9.811880346592355 2.8818179861469262E-5
9.814036839188102 2.8525850784922007E-5
9.814036839188102 2.7470321918204854E-5
9.817005203259034 3.0974401509393535E-5
9.817005203259034 3.063754591752953E-5
9.817005203259034 2.7869656622574486E-5
9.817005203259034 2.7263035599652644E-5
9.817005203259034 3.5889099105146014E-5
9.817005203259034 3.9019895210626826E-5
9.817005203259034 4.177472959831678E-5
9.817005203259034 4.429222822495662E-5
9.817005203259034 4.2159687425260027E-5
9.817005203259034 4.2511162683258676E-5
9.817005203259034 4.496433217031288E-5
9.817005203259034 3.7256007927731006E-5
9.817005203259034 3.933416491406862E-5
9.817005203259034 4.164219730646896E-5
9.817907664748537 4.610859598053042E-5
9.817907664748537 4.63943016256905E-5
9.817907664748537 4.7567728917304954E-5
9.817907664748537 4.91986504962733E-5
9.818989741257186 5.119016612474423E-5
9.818989741257186 5.4006138913969755E-5
9.818989741257186 5.433663528919406E-5
9.818989741257186 5.6178812756432925E-5
9.821128612571004 5.4207159167751934E-5
9.821128612571004 5.322018161253831E-5
9.821128612571004 4.7710277205481716E-5
9.821128612571004 5.8432425769547994E-5
9.821128612571004 5.9537529428196205E-5
9.821128612571004 5.963996386238529E-5
9.821128612571004 6.033776555592825E-5
9.821128612571004 6.12610051657532E-5
9.821128612571004 6.513708077127947E-5
9.821128612571004 6.504919924232962E-5
9.821128612571004 6.129306027742079E-5
9.821128612571004 5.9081332288708755E-5
9.821128612571004 5.715857836299153E-5
9.821128612571004 5.398350226291321E-5
9.821128612571004 5.210537179475805E-5
9.822567188829321 5.27715324547072E-5
9.822567188829321 5.376188521461255E-5
9.822567188829321 5.9752576444483076E-5
9.823283940907835 6.083945443280284E-5
Score: 9.823283940907835
Runtime: 1477ms
