9.469023226604248E-6 5.281087097003638
9.469023226604248E-6 4.626160013915888
2.7035969426811556E-5 3.9934645018095383
3.000978316192793E-4 3.6127409597332227
8.278880785509563E-4 3.2988014011896727
8.278880785509563E-4 3.1331338301399465
0.004473197576471884 2.870769106568867
0.0871964697719571 2.8795040813824575
0.0871964697719571 2.752991108708764
0.0871964697719571 2.5696033197919013
0.0871964697719571 2.4505203570984553
0.09044031509947514 2.3897128107899097
0.14692920958726016 2.31671619419142
0.14692920958726016 2.252806940729089
0.23195820360528785 2.2586740348511154
0.36379446926621956 2.2171677196116573
0.36379446926621956 2.2062280726714336
0.5762144711108548 2.130959628491908
0.605808467469602 2.043842545486108
0.605808467469602 1.9908238934232743
0.9317694180422851 1.8975382420555964
0.9317694180422851 1.8464204078757684
0.9317694180422851 1.7819662464737867
0.9317694180422851 1.6941828555717784
1.05337747408951 1.701689011911104
1.05337747408951 1.667744900310766
1.2190495687125524 1.588989512846584
1.2190495687125524 1.5939704878041596
2.239668184609514 1.5979257992612896
2.239668184609514 1.5480285136285128
2.239668184609514 1.5436977717101632
2.239668184609514 1.5018855504833348
2.239668184609514 1.4470127712607626
2.239668184609514 1.4732956576755942
2.239668184609514 1.4170201816521495
2.239668184609514 1.3870901947773784
2.239668184609514 1.351235508630373
2.239668184609514 1.3129010432748733
2.239668184609514 1.2924158275525797
3.085793401832737 1.274267885580093
3.085793401832737 1.2175415872986852
3.085793401832737 1.191163899928221
3.085793401832737 1.0963849776287917
3.085793401832737 1.0483769299542478
3.085793401832737 1.002321575862296
3.085793401832737 0.9684627155670108
3.337426071598759 0.9373480044556824
3.337426071598759 0.9385595138896735
3.337426071598759 0.9370454492341391
3.6562829337333387 0.9110141026929542
3.6562829337333387 0.8812414676951007
4.110208156386522 0.8557365064094904
4.110208156386522 0.821498948803113
4.110208156386522 0.8126795414581417
4.110208156386522 0.7542006590688247
4.110208156386522 0.7157730217186942
4.110208156386522 0.720285352077665
4.110208156386522 0.7047196440847736
4.443609912093103 0.6897069654032374
4.443609912093103 0.6569649617036262
4.443609912093103 0.6335653762144946
4.443609912093103 0.5990288831321515
4.443609912093103 0.5569842955224561
4.443609912093103 0.5602340270610369
4.6737228101344535 0.5490271724958151
4.6737228101344535 0.5416687961525526
4.6737228101344535 0.5213998720567751
4.6737228101344535 0.5301632892204693
4.6737228101344535 0.5231589425016155
6.034372048161 0.512955128230489
6.034372048161 0.5016117529172128
6.034372048161 0.49192724652270653
6.034372048161 0.45944624276809226
6.034372048161 0.44932421160878655
6.034372048161 0.4317949679633034
6.034372048161 0.4276424738988386
6.034372048161 0.4158823969345798
6.034372048161 0.38798629491575604
6.034372048161 0.3678051668189375
6.034372048161 0.35534757964689995
6.034372048161 0.32696414923952605
6.034372048161 0.30679140134049504
6.034372048161 0.28059804918055736
6.034372048161 0.26276540517162617
6.034372048161 0.2550025834809104
6.034372048161 0.252234676612741
6.034372048161 0.2498034943117697
6.034372048161 0.27299050590052754
6.034372048161 0.2607067145452754
6.034372048161 0.22663749161641272
6.034372048161 0.21874337031029076
6.034372048161 0.20310432344201473
6.034372048161 0.17741251879449546
6.433371927533024 0.16800032544936716
6.55236569920938 0.1747942281092134
6.55236569920938 0.16933019338981528
6.55236569920938 0.150283738339615
6.55236569920938 0.15325160675163688
6.55236569920938 0.16284344809527995
6.55236569920938 0.1488872711971767
6.55236569920938 0.15171097413213228
6.55236569920938 0.14701191452837672
6.55236569920938 0.15631901986383626
6.55236569920938 0.15103847211637783
6.55236569920938 0.14905941883954485
6.55236569920938 0.14570102694130246
6.55236569920938 0.13782625293444575
6.55236569920938 0.1376439009564229
6.55236569920938 0.13062442895355944
6.55236569920938 0.13364232422259345
6.92318666699901 0.13014923477203025
6.92318666699901 0.1318487785454494
6.92318666699901 0.13729979548225135
7.113226309263175 0.13356711915282388
7.113226309263175 0.12736552285900135
7.113226309263175 0.12515004663621254
7.481748794169017 0.12104839121270099
7.481748794169017 0.11955695995857042
7.481748794169017 0.11592047291137189
7.481748794169017 0.11340764171355713
7.481748794169017 0.11732863922074403
7.542541941332549 0.1128487877595713
7.542541941332549 0.10578002728102778
7.542541941332549 0.10006277484804445
7.5816181878154945 0.10106004875174954
7.5816181878154945 0.10157183935116972
8.191081282847076 0.09421546005546723
8.191081282847076 0.08462660345816882
8.191081282847076 0.08281721184729797
8.191081282847076 0.07869390125985133
8.191081282847076 0.07830676883313636
8.191081282847076 0.07933775228345452
8.191081282847076 0.07902366658901608
8.191081282847076 0.07686659748561794
8.191081282847076 0.07840774490013554
8.285551088643736 0.08325561230291617
8.285551088643736 0.07722481207123157
8.285551088643736 0.0812650774304485
8.285551088643736 0.08361885067828867
8.285551088643736 0.07788840245730512
8.285551088643736 0.07474527479251768
8.285551088643736 0.07131858473283846
8.285551088643736 0.07218061311120123
8.285551088643736 0.06622360493061263
8.285551088643736 0.06738005068873597
8.285551088643736 0.07021881379821975
8.318602141302984 0.06823624068611736
8.318602141302984 0.0622876152561191
8.441821572922242 0.06251731539376211
8.441821572922242 0.06277087570502002
8.441821572922242 0.06273332981146275
8.441821572922242 0.062295031686196864
8.441821572922242 0.0604860330545289
8.441821572922242 0.06158684715863444
8.441821572922242 0.05359979852983314
8.441821572922242 0.05324504078090436
8.441821572922242 0.05298036015462129
8.441821572922242 0.05057091129843629
8.441821572922242 0.051155886558656896
8.441821572922242 0.04789149397319579
8.441821572922242 0.045923297662430924
8.441821572922242 0.04232462041924571
8.821235873086696 0.038897571373289794
8.821235873086696 0.035329398424321735
8.821235873086696 0.03468515530906205
8.821235873086696 0.03838447218824983
8.821235873086696 0.03966283647720319
8.821235873086696 0.03838030491557839
8.821235873086696 0.03514462547065838
8.821235873086696 0.0383572203124374
8.821235873086696 0.03935007704235003
8.821235873086696 0.036569101796919884
8.821235873086696 0.03793041092504457
8.821235873086696 0.03164022013010892
8.821235873086696 0.03065727531867407
8.821235873086696 0.02921834417456574
8.892939991516828 0.02767884131652142
8.892939991516828 0.027133828336708965
8.892939991516828 0.0251688414635069
8.892939991516828 0.023415491286518795
8.892939991516828 0.022627507901539543
8.892939991516828 0.022874081477118596
8.892939991516828 0.020322354007059385
8.892939991516828 0.0193383439593654
8.892939991516828 0.01898769509233641
8.892939991516828 0.019961700867267382
8.892939991516828 0.017367502374130084
8.892939991516828 0.014929819922932307
8.892939991516828 0.015432027886979229
8.892939991516828 0.01486473552196822
8.892939991516828 0.015313955552773782
8.892939991516828 0.014451119261095683
8.892939991516828 0.01504368237205945
8.892939991516828 0.014301772009812575
8.892939991516828 0.014301772009812575
8.892939991516828 0.013718049864591754
8.892939991516828 0.01608765907204041
8.892939991516828 0.014167590812193825
8.892939991516828 0.013094271365906796
8.892939991516828 0.010846100041627213
8.892939991516828 0.008719246893343796
8.892939991516828 0.009459080674755944
8.892939991516828 0.009881374737050835
8.892939991516828 0.009881374737050835
8.892939991516828 0.010536093896830145
8.892939991516828 0.009522610603167283
9.010245091408084 0.008592603002138733
9.010245091408084 0.008592603002138733
9.010245091408084 0.008806706977245114
9.010245091408084 0.009169748779333853
9.010245091408084 0.009169748779333853
9.010245091408084 0.007749783903408424
9.010245091408084 0.00717838384385058
9.010245091408084 0.0063798985637826735
9.010245091408084 0.00667399965371312
9.010245091408084 0.007630591611735412
9.010245091408084 0.0076305916117354105
9.010245091408084 0.006743665300455963
9.010245091408084 0.007267983956243628
9.010245091408084 0.007267983956243628
9.010245091408084 0.008482855916695863
9.010245091408084 0.008030096663821118
9.010245091408084 0.007457678784540576
9.010245091408084 0.007457678784540576
9.010245091408084 0.007457678784540576
9.010245091408084 0.007457678784540576
9.010245091408084 0.00825566752868891
9.010245091408084 0.009147232252188588
9.010245091408084 0.008349243508040255
9.010245091408084 0.007885562805890244
9.010245091408084 0.00808189665413912
9.010245091408084 0.008003416363684025
9.010245091408084 0.007886283807228054
9.010245091408084 0.007886283807228054
9.010245091408084 0.007886283807228054
9.010245091408084 0.006278742559157102
9.094774556472363 0.0068249279009456746
9.094774556472363 0.006019240166373131
9.094774556472363 0.00622251506127967
9.094774556472363 0.006719188187325312
9.094774556472363 0.006719188187325312
9.094774556472363 0.006719188187325312
9.094774556472363 0.0051990643895017015
9.094774556472363 0.004941326154766778
9.094774556472363 0.004484661538931842
9.094774556472363 0.003943699546467134
9.094774556472363 0.002221301935497841
9.094774556472363 0.002221301935497841
9.094774556472363 0.003285799990486622
9.094774556472363 0.0024048376334177795
9.094774556472363 0.0024048376334177795
9.094774556472363 0.002847888094241172
9.094774556472363 0.0020126203228303147
9.094774556472363 0.0018093454279237756
9.094774556472363 0.0011546262681444664
9.094774556472363 0.0011546262681444664
9.094774556472363 0.0017298478145664157
9.094774556472363 0.0017298478145664157
9.094774556472363 0.0012867973537430233
9.094774556472363 0.0019714343080013876
9.094774556472363 0.0019714343080013876
9.094774556472363 0.0025693599729917156
9.094774556472363 0.001884723018733351
9.094774556472363 0.001884723018733351
9.094774556472363 0.002482648683723679
9.094774556472363 0.003158056848433842
9.094774556472363 0.002702734359045044
9.094774556472363 0.002702734359045044
9.094774556472363 0.0017624095213929498
9.094774556472363 8.314748643542251E-4
9.094774556472363 8.314748643542251E-4
9.094774556472363 0.0
9.094774556472363 0.0
9.094774556472363 0.0
9.094774556472363 0.0
9.094774556472363 0.0
9.094774556472363 0.0
9.094774556472363 0.0
9.094774556472363 0.0
9.094774556472363 0.0
9.094774556472363 0.0
9.094774556472363 0.0
9.094774556472363 8.654251219750903E-4
9.094774556472363 0.001089238015079682
9.14061428929889 0.001484483428215991
9.14061428929889 0.001089238015079682
9.14061428929889 0.001316752283259142
9.14061428929889 0.0013167522832591419
9.14061428929889 0.001316752283259142
9.14061428929889 0.00109293939015455
9.14061428929889 0.00109293939015455
9.14061428929889 0.00109293939015455
9.14061428929889 0.00109293939015455
9.14061428929889 0.00109293939015455
9.14061428929889 0.00109293939015455
9.14061428929889 0.00109293939015455
9.14061428929889 0.00109293939015455
9.14061428929889 0.00109293939015455
9.14061428929889 0.00109293939015455
9.14061428929889 0.00109293939015455
9.147409598873953 0.0012829357630688943
9.147409598873953 0.0012829357630688943
9.147409598873953 0.0012829357630688943
9.147409598873953 0.0012829357630688943
9.147409598873953 0.0014862106579754334
9.147409598873953 0.0014862106579754334
9.147409598873953 0.0014862106579754334
9.147409598873953 0.0014862106579754334
9.147409598873953 0.0014862106579754334
9.147409598873953 0.0014862106579754334
9.147409598873953 0.0014862106579754334
9.147409598873953 0.0014862106579754334
9.147409598873953 0.0012586963897959738
9.147409598873953 0.0012586963897959738
9.147409598873953 0.0012586963897959738
9.147409598873953 0.0012586963897959738
9.147409598873953 0.0012586963897959738
9.176472143456666 0.0013395919129457615
9.176472143456666 0.0013395919129457615
9.176472143456666 6.774416858772107E-4
9.19944410159014 8.909095249473379E-4
9.19944410159014 8.909095249473379E-4
9.19944410159014 8.909095249473379E-4
9.19944410159014 8.909095249473379E-4
9.19944410159014 8.909095249473379E-4
9.19944410159014 8.909095249473379E-4
9.19944410159014 0.001566317689657501
9.19944410159014 0.001566317689657501
9.19944410159014 0.001566317689657501
9.19944410159014 0.001566317689657501
9.19944410159014 0.001566317689657501
9.19944410159014 0.001566317689657501
9.19944410159014 0.001566317689657501
9.19944410159014 0.001566317689657501
9.19944410159014 0.001566317689657501
9.19944410159014 0.001566317689657501
9.19944410159014 0.0017981250879942246
9.19944410159014 0.0017981250879942246
9.19944410159014 0.0017981250879942246
9.19944410159014 0.0017981250879942246
9.19944410159014 0.0017981250879942246
9.19944410159014 0.001984514662508068
9.19944410159014 0.001984514662508068
9.19944410159014 0.001984514662508068
9.19944410159014 0.001984514662508068
9.19944410159014 0.001984514662508068
9.19944410159014 0.001984514662508068
9.19944410159014 0.001984514662508068
9.19944410159014 0.0013091064977979053
9.19944410159014 0.0013091064977979053
9.19944410159014 0.0013091064977979053
9.19944410159014 0.0013091064977979053
9.19944410159014 0.0013091064977979053
9.19944410159014 0.0013091064977979053
9.19944410159014 0.0013091064977979053
9.19944410159014 0.0013229653518242563
9.472992712021949 0.0018226552737627777
9.472992712021949 0.0017173449676210818
9.472992712021949 0.0017845917970045393
9.472992712021949 0.001571123957934412
9.472992712021949 0.0014274211179252391
9.472992712021949 9.832335744712143E-4
9.472992712021949 0.0010136096803171639
9.472992712021949 0.0010136096803171639
9.472992712021949 0.001233917981356797
9.472992712021949 0.001419805154336066
9.472992712021949 0.001419805154336066
9.472992712021949 0.0012820253541207082
9.472992712021949 0.0012820253541207082
9.472992712021949 8.867799409843991E-4
9.472992712021949 0.001064682566963448
9.472992712021949 7.363926503053141E-4
9.472992712021949 8.188566776267908E-4
9.472992712021949 8.188566776267907E-4
9.472992712021949 8.188566776267908E-4
9.472992712021949 8.188566776267908E-4
9.472992712021949 5.459602905674399E-4
9.472992712021949 6.448156616244318E-4
9.472992712021949 5.316341484502992E-4
9.472992712021949 5.316341484502992E-4
9.472992712021949 3.946132000903467E-4
9.472992712021949 3.946132000903467E-4
9.472992712021949 3.946132000903467E-4
9.472992712021949 5.018618254251935E-4
9.472992712021949 5.018618254251936E-4
9.472992712021949 6.231960834093042E-4
9.472992712021949 7.985777733388824E-4
9.472992712021949 7.985777733388825E-4
9.472992712021949 7.985777733388825E-4
9.472992712021949 8.732291822928642E-4
9.472992712021949 8.732291822928642E-4
9.472992712021949 0.001303715960125624
9.472992712021949 0.001303715960125624
9.472992712021949 0.0027249129651884603
9.472992712021949 0.00295760862072476
9.472992712021949 0.003107834489542667
9.472992712021949 0.003107834489542667
9.472992712021949 0.003107834489542667
9.472992712021949 0.003217627585812219
9.472992712021949 0.0031351635584907426
9.472992712021949 0.0032678087590692993
9.472992712021949 0.0033816865969155696
9.472992712021949 0.0032805500143282904
9.472992712021949 0.002970811300632601
9.472992712021949 0.002949786102875523
9.472992712021949 0.002569705144109486
9.472992712021949 0.002569705144109486
9.472992712021949 0.0024092181059073544
9.472992712021949 0.00226283305205849
9.472992712021949 0.0023559975571006316
9.472992712021949 0.0024934243297106843
9.472992712021949 0.0022564296976594705
9.472992712021949 0.0010745161090189776
9.472992712021949 0.0010745161090189778
9.484958157597871 0.0012564982406551232
9.484958157597871 0.0012564982406551234
9.484958157597871 0.0013235950186569017
9.484958157597871 0.001256284814041569
9.484958157597871 0.001256284814041569
9.484958157597871 0.001437925738541527
9.484958157597871 0.0014221091825777064
9.484958157597871 0.0014093229545515745
9.484958157597871 0.0015530257945607477
9.484958157597871 0.00158955181416178
9.484958157597871 0.0015488697003301923
9.484958157597871 0.0015488697003301923
9.484958157597871 0.0015488697003301923
9.484958157597871 0.0014349554918178756
9.484958157597871 0.001380324372711766
9.484958157597871 0.0016500288660832281
9.484958157597871 0.001479578723748302
9.484958157597871 0.0014795787237483018
9.484958157597871 0.001479578723748302
9.484958157597871 0.0012591279907629663
9.484958157597871 0.001372309503937099
9.484958157597871 0.0010772294699579036
9.484958157597871 0.0010772294699579036
9.484958157597871 0.0012960383915669367
9.484958157597871 0.0010352747391649208
9.484958157597871 8.727947578339964E-4
9.484958157597871 8.727947578339964E-4
9.484958157597871 6.030902644625343E-4
9.484958157597871 6.030902644625343E-4
9.484958157597871 4.287293938256019E-4
9.484958157597871 5.139420505257012E-4
9.484958157597871 5.139420505257012E-4
9.484958157597871 4.566982502996351E-4
9.484958157597871 4.566982502996351E-4
9.484958157597871 4.566982502996351E-4
9.484958157597871 4.566982502996351E-4
9.484958157597871 4.566982502996351E-4
9.484958157597871 4.566982502996351E-4
9.484958157597871 4.566982502996351E-4
9.484958157597871 4.566982502996351E-4
9.484958157597871 4.566982502996351E-4
9.484958157597871 2.263630263482653E-4
9.484958157597871 2.263630263482653E-4
9.484958157597871 2.263630263482653E-4
9.484958157597871 2.263630263482653E-4
9.484958157597871 2.263630263482653E-4
9.484958157597871 2.263630263482653E-4
9.484958157597871 2.263630263482653E-4
9.484958157597871 2.3877570723030038E-4
9.484958157597871 2.3877570723030038E-4
9.484958157597871 2.3877570723030038E-4
9.484958157597871 2.3877570723030038E-4
9.484958157597871 2.3877570723030038E-4
9.484958157597871 0.0
9.484958157597871 0.0
9.484958157597871 0.0
9.484958157597871 0.0
9.484958157597871 0.0
9.484958157597871 0.0
9.484958157597871 0.0
9.484958157597871 0.0
9.484958157597871 0.0
9.484958157597871 0.0
9.484958157597871 0.0
9.484958157597871 0.0
9.484958157597871 0.0
9.484958157597871 0.0
9.484958157597871 0.0
9.484958157597871 0.0
9.484958157597871 0.0
9.484958157597871 0.0
9.484958157597871 0.0
9.484958157597871 0.0
9.484958157597871 0.0
9.484958157597871 0.0
9.484958157597871 0.0
9.484958157597871 0.0
9.484958157597871 0.0
9.484958157597871 0.0
9.484958157597871 0.0
9.484958157597871 0.0
9.484958157597871 0.0
9.484958157597871 0.0
9.484958157597871 0.0
9.484958157597871 0.0
9.484958157597871 0.0
9.484958157597871 0.0
9.484958157597871 0.0
9.484958157597871 0.0
9.484958157597871 0.0
9.484958157597871 0.0
9.484958157597871 0.0
9.484958157597871 0.0
9.484958157597871 0.0
9.484958157597871 0.0
9.484958157597871 6.731020461533272E-5
9.484958157597871 6.731020461533272E-5
9.484958157597871 6.731020461533272E-5
9.484958157597871 0.0
9.484958157597871 0.0
9.484958157597871 0.0
9.484958157597871 0.0
9.484958157597871 0.0
9.484958157597871 0.0
9.484958157597871 0.0
9.484958157597871 0.0
9.484958157597871 0.0
9.484958157597871 0.0
9.484958157597871 0.0
9.484958157597871 0.0
9.484958157597871 0.0
9.484958157597871 0.0
9.484958157597871 0.0
9.484958157597871 0.0
9.484958157597871 0.0
9.484958157597871 0.0
9.484958157597871 0.0
9.484958157597871 0.0
9.484958157597871 0.0
9.484958157597871 0.0
9.484958157597871 0.0
9.484958157597871 0.0
9.484958157597871 0.0
9.484958157597871 0.0
9.484958157597871 0.0
9.484958157597871 0.0
9.484958157597871 0.0
9.484958157597871 0.0
9.484958157597871 0.0
9.484958157597871 0.0
9.484958157597871 0.0
9.484958157597871 0.0
9.484958157597871 0.0
9.484958157597871 0.0
9.484958157597871 0.0
9.484958157597871 0.0
9.484958157597871 0.0
9.484958157597871 0.0
9.484958157597871 0.0
9.484958157597871 0.0
9.484958157597871 0.0
9.484958157597871 0.0
9.484958157597871 0.0
9.484958157597871 0.0
9.484958157597871 0.0
9.484958157597871 0.0
9.484958157597871 0.0
9.484958157597871 0.0
9.484958157597871 0.0
9.484958157597871 0.0
9.484958157597871 0.0
9.484958157597871 0.0
9.484958157597871 0.0
9.484958157597871 0.0
9.484958157597871 0.0
9.484958157597871 0.0
9.484958157597871 0.0
9.484958157597871 0.0
9.484958157597871 0.0
9.484958157597871 0.0
9.484958157597871 0.0
9.484958157597871 0.0
9.484958157597871 0.0
9.484958157597871 0.0
9.484958157597871 0.0
9.484958157597871 0.0
9.484958157597871 0.0
9.484958157597871 0.0
9.484958157597871 0.0
9.484958157597871 0.0
9.484958157597871 0.0
9.484958157597871 0.0
9.484958157597871 0.0
9.484958157597871 0.0
9.484958157597871 0.0
9.484958157597871 0.0
9.484958157597871 0.0
9.484958157597871 0.0
9.484958157597871 0.0
9.484958157597871 0.0
9.484958157597871 0.0
9.484958157597871 0.0
9.484958157597871 0.0
9.484958157597871 0.0
9.484958157597871 0.0
9.484958157597871 0.0
9.484958157597871 0.0
9.484958157597871 0.0
9.484958157597871 0.0
9.484958157597871 0.0
9.484958157597871 0.0
9.484958157597871 0.0
9.484958157597871 0.0
9.484958157597871 0.0
9.484958157597871 0.0
9.484958157597871 0.0
9.484958157597871 0.0
9.484958157597871 0.0
9.484958157597871 0.0
9.484958157597871 0.0
9.484958157597871 0.0
9.484958157597871 0.0
9.484958157597871 0.0
9.484958157597871 0.0
9.484958157597871 0.0
9.484958157597871 0.0
9.484958157597871 0.0
9.484958157597871 0.0
9.484958157597871 0.0
9.484958157597871 0.0
9.484958157597871 0.0
9.484958157597871 0.0
9.484958157597871 0.0
9.484958157597871 0.0
9.484958157597871 0.0
9.484958157597871 0.0
9.484958157597871 0.0
9.484958157597871 0.0
9.484958157597871 0.0
9.484958157597871 0.0
9.484958157597871 0.0
9.484958157597871 0.0
9.484958157597871 0.0
9.484958157597871 0.0
9.484958157597871 0.0
9.484958157597871 0.0
9.484958157597871 0.0
9.484958157597871 0.0
9.484958157597871 0.0
9.484958157597871 0.0
9.484958157597871 0.0
9.484958157597871 0.0
9.484958157597871 0.0
9.484958157597871 0.0
9.484958157597871 0.0
9.484958157597871 0.0
9.484958157597871 0.0
9.484958157597871 0.0
9.484958157597871 0.0
9.484958157597871 0.0
9.484958157597871 0.0
9.484958157597871 0.0
9.484958157597871 0.0
9.484958157597871 0.0
9.484958157597871 0.0
9.484958157597871 0.0
9.484958157597871 0.0
9.484958157597871 0.0
9.484958157597871 0.0
9.484958157597871 0.0
9.484958157597871 0.0
Score: 9.484958157597871
Runtime: 1538ms
