2.180016194907246E-6 5.280284779003355
5.6999002891576736E-5 4.509819199053757
0.001346582383446109 4.043361081424846
0.001649446104231865 3.6335094209975654
0.010961129029033293 3.4553493850394057
0.010961129029033293 3.202289803966903
0.010961129029033293 2.8869267175961246
0.08109421303712434 2.79917054135698
0.08109421303712434 2.7063557165110597
0.08109421303712434 2.6116806389318534
0.08109421303712434 2.4752795761023165
0.08109421303712434 2.3773232041180825
0.08109421303712434 2.3511573758514475
0.08109421303712434 2.3247871026162557
0.08109421303712434 2.175930312612132
0.08109421303712434 2.081464605179998
0.21419235292739938 2.02646489864779
0.21419235292739938 1.9772994474830583
0.238626145131952 1.9279696537304682
0.238626145131952 1.91613226557582
0.238626145131952 1.8591046076022177
0.257384926547089 1.8340288229644588
0.40217549430561933 1.780144774238024
0.7170832377539259 1.6595206160501954
0.7170832377539259 1.6000908120452952
0.7170832377539259 1.5951866676256856
0.7170832377539259 1.5996036409654661
0.7170832377539259 1.5365677395501967
0.7170832377539259 1.47657936283698
0.7170832377539259 1.4700858234537735
0.7170832377539259 1.384142078305363
0.7170832377539259 1.315476293723809
0.8698904287162755 1.3219928500538396
1.1898044376143115 1.3231597370014885
1.1898044376143115 1.2883372294715363
1.1898044376143115 1.2132259633392621
1.1898044376143115 1.1390992806514866
1.8339059697622238 1.0804900659856436
1.8339059697622238 1.068786884606096
1.8339059697622238 1.0209238201379838
1.8339059697622238 0.9920916775803054
2.3209136716922476 0.9430768961217677
2.3209136716922476 0.9212679136443745
2.3209136716922476 0.8742907335382595
2.3209136716922476 0.8192493173851944
2.3209136716922476 0.7757898714728299
2.3209136716922476 0.7714593176749454
2.3209136716922476 0.779283008911673
2.3209136716922476 0.8106950102774332
2.3209136716922476 0.7815504226554842
2.3209136716922476 0.7684827140826621
2.3209136716922476 0.7147915500786494
2.3209136716922476 0.7034010677688926
3.2564662743998256 0.705790104471922
3.2564662743998256 0.6613457045350374
3.2564662743998256 0.6080453484896502
3.3988961727176137 0.599130412616915
3.5974615809541115 0.5838322205921135
3.5974615809541115 0.5795511559029632
3.5974615809541115 0.5722238663191772
4.047751708182608 0.5651979279107144
4.047751708182608 0.5270070734743844
4.047751708182608 0.5046067409320725
4.047751708182608 0.534450200228632
4.166018144312107 0.5190254007451165
4.166018144312107 0.4950068696319052
4.166018144312107 0.5206033273820327
4.166018144312107 0.493751831547803
4.166018144312107 0.48703102509960106
4.381954380288336 0.48300400174914243
4.381954380288336 0.47444104048940233
4.381954380288336 0.4708381705893849
4.381954380288336 0.430123397396289
5.030747030428423 0.42395911485147464
5.030747030428423 0.41899806569832637
5.030747030428423 0.3986123310073847
5.030747030428423 0.3764655134276372
5.030747030428423 0.4041382715602603
5.030747030428423 0.38530444849437195
5.030747030428423 0.3662071156391017
5.030747030428423 0.37706436316650294
5.030747030428423 0.36458615886969453
5.030747030428423 0.3541466790813804
5.030747030428423 0.3449350254679365
5.030747030428423 0.3417261517010212
5.030747030428423 0.336283392226521
5.030747030428423 0.3171565301684982
5.030747030428423 0.3134573775685293
5.030747030428423 0.31829787190634323
5.030747030428423 0.29680315130021917
5.428199786232991 0.28001643296592554
5.428199786232991 0.2638018959232154
5.428199786232991 0.24243928800597606
5.51171339502873 0.24157203888850598
5.51171339502873 0.2242163211863467
5.610782440638184 0.19811810378395225
5.610782440638184 0.19541622190161628
5.610782440638184 0.18516340094630074
5.610782440638184 0.18381307325288757
5.610782440638184 0.16474095691543142
5.610782440638184 0.14517281845009383
5.610782440638184 0.14104596726624702
5.610782440638184 0.1352890640133599
5.610782440638184 0.11665059593164287
5.610782440638184 0.10037608238547908
5.610782440638184 0.10802989666179245
5.610782440638184 0.11644029618254104
5.9678131408448625 0.12190858288829713
5.9678131408448625 0.11640609536441299
6.386014643287583 0.1217212020521028
6.386014643287583 0.12180415052978731
6.386014643287583 0.12748298814997547
6.386014643287583 0.12153020150961784
6.386014643287583 0.12152813181932125
6.386014643287583 0.11605220165918514
6.386014643287583 0.11836319943901628
6.386014643287583 0.10715420034744215
6.983009469219514 0.1141281418458672
6.983009469219514 0.11372478442996448
6.983009469219514 0.11082689379255668
7.369755215321113 0.10502092163508085
7.369755215321113 0.10103269080537616
7.369755215321113 0.10055304461762518
7.369755215321113 0.09680229239005368
7.369755215321113 0.0890358744934169
7.369755215321113 0.08420649447850015
7.369755215321113 0.08926858139740884
7.369755215321113 0.09648334186342915
7.369755215321113 0.09394565403207944
7.369755215321113 0.09648049903079156
7.369755215321113 0.08963946863253977
7.369755215321113 0.10241619390752414
7.369755215321113 0.09736400004949841
7.369755215321113 0.0879040028347641
7.369755215321113 0.09413424508963031
7.369755215321113 0.08766875672685999
7.369755215321113 0.09243505291639989
7.369755215321113 0.09404572898340186
7.369755215321113 0.09794639060183236
7.369755215321113 0.10103546190204654
7.369755215321113 0.11070806343100259
7.369755215321113 0.11172138338322922
7.369755215321113 0.10582292842793209
7.369755215321113 0.09731027959949111
7.369755215321113 0.09545057985352386
7.369755215321113 0.09907213099976236
7.369755215321113 0.09601895666686215
7.369755215321113 0.09237210742390181
7.369755215321113 0.08840944689828778
7.369755215321113 0.08673459796866094
7.729258849579966 0.08961762562720459
7.729258849579966 0.09004317385098314
7.729258849579966 0.08870932716363963
8.245948477237768 0.08679247829399686
8.245948477237768 0.07137066088544546
8.245948477237768 0.07180908415435293
8.245948477237768 0.07368379219619994
8.245948477237768 0.0669849321156261
8.245948477237768 0.06765294096436353
8.245948477237768 0.06537300296422231
8.245948477237768 0.06480614587078733
8.245948477237768 0.06288284393155066
8.245948477237768 0.061509684468408314
8.245948477237768 0.06644390543606178
8.245948477237768 0.06073922778155077
8.245948477237768 0.06150928362252666
8.245948477237768 0.06835549152794547
8.245948477237768 0.06674073999597209
8.245948477237768 0.06455433634188736
8.245948477237768 0.06565893391388679
8.339344627201438 0.06056024431435701
8.339344627201438 0.06106036607812463
8.339344627201438 0.06106036607812463
8.339344627201438 0.059733528514505294
8.339344627201438 0.061975404971301225
8.894189224439843 0.06081528686671372
8.894189224439843 0.05983234148350744
8.894189224439843 0.05813097898040046
8.894189224439843 0.05967037105454314
8.894189224439843 0.05587496271665022
8.894189224439843 0.057745869478183505
8.894189224439843 0.05563627881565535
8.894189224439843 0.050848965181666886
8.894189224439843 0.049834992291978124
8.894189224439843 0.050051906668047284
8.894189224439843 0.04934824715945286
8.894189224439843 0.04995916756994159
8.894189224439843 0.04170157248258455
8.894189224439843 0.043501661475064034
8.894189224439843 0.044670637634952846
8.894189224439843 0.04610473589763883
8.894189224439843 0.0459397029539579
8.894189224439843 0.04195985875363095
8.894189224439843 0.040449011963491155
8.894189224439843 0.04168231081059875
8.894189224439843 0.039777578079946516
8.894189224439843 0.0402213692874033
8.894189224439843 0.03958735874572889
8.999102508155083 0.038187188944702855
8.999102508155083 0.037324666164902175
8.999102508155083 0.038242134358742796
8.999102508155083 0.03805768701906867
8.999102508155083 0.0377189303400553
8.999102508155083 0.039283302219805874
8.999102508155083 0.03723190074128258
8.999102508155083 0.03355853387265869
8.999102508155083 0.03263574265443774
8.999102508155083 0.03146190753548115
9.28362158927958 0.03033179118339214
9.28362158927958 0.02953468224764966
9.28362158927958 0.03043312588097719
9.28362158927958 0.029568660974137975
9.28362158927958 0.029104230259195247
9.28362158927958 0.02671503818610241
9.28362158927958 0.024684950806434985
9.28362158927958 0.022608860413782766
9.28362158927958 0.021692910334572626
9.28362158927958 0.022446269033071828
9.28362158927958 0.023710923420571163
9.28362158927958 0.02253182987423101
9.28362158927958 0.021056665213981092
9.28362158927958 0.01884211638739452
9.28362158927958 0.01609649124993608
9.28362158927958 0.015949829739187498
9.28362158927958 0.014674025995841342
9.28362158927958 0.014378347306073645
9.28362158927958 0.012316415117563843
9.28362158927958 0.011274196675847519
9.28362158927958 0.011856412135309491
9.28362158927958 0.01270869908457849
9.28362158927958 0.012705723788067743
9.354075182269616 0.012098856886932505
9.354075182269616 0.011305789540337141
9.354075182269616 0.011305789540337141
9.354075182269616 0.010260471966194732
9.354075182269616 0.009620611805083511
9.354075182269616 0.010740556733511184
9.354075182269616 0.011047068382787345
9.354075182269616 0.010447656151128904
9.354075182269616 0.010096146267278333
9.354075182269616 0.009373734773555152
9.354075182269616 0.009250346953955109
9.354075182269616 0.008097176240003232
9.354075182269616 0.009088801983860653
9.354075182269616 0.01038643963374283
9.354075182269616 0.009056187372044857
9.354075182269616 0.007612566582497555
9.354075182269616 0.007976418958996017
9.354075182269616 0.00845366373132383
9.354075182269616 0.00791565660078413
9.354075182269616 0.007030311328523135
9.354075182269616 0.008258643310973963
9.354075182269616 0.008541771947990712
9.354075182269616 0.008305608818216785
9.354075182269616 0.008898154045934567
9.354075182269616 0.009010067450586417
9.354075182269616 0.009705581096315816
9.354075182269616 0.009988603736875223
9.362058285877366 0.009463082476167688
9.362058285877366 0.008978891185977595
9.362058285877366 0.010182371897837062
9.362058285877366 0.00954987331040437
9.410553245019424 0.009186706184203608
9.410553245019424 0.009878895568240446
9.410553245019424 0.008503274917697125
9.410553245019424 0.008363231432022885
9.410553245019424 0.008160870509097671
9.410553245019424 0.00803359964109706
9.410553245019424 0.007213177474716646
9.410553245019424 0.006270208290919711
9.410553245019424 0.005734229644586815
9.413575014425689 0.006659038165472972
9.413575014425689 0.005662534243914247
9.413575014425689 0.005588162496580847
9.413575014425689 0.0050279799685231654
9.413575014425689 0.004288461886923457
9.413575014425689 0.003648940609503366
9.413575014425689 0.0037413578395183874
9.413575014425689 0.0032655661552140726
9.44603572454116 0.0025314353768135047
9.44603572454116 0.0022188852291052273
9.44603572454116 0.002201850845978768
9.500612674001395 0.0023598397462457885
9.500612674001395 0.0026715010341801008
9.500612674001395 0.0038232346712142457
9.500612674001395 0.003700838837719962
9.500612674001395 0.0036183240912262588
9.500612674001395 0.003487791671024351
9.500612674001395 0.0034262390014945534
9.500612674001395 0.003588931816230813
9.525261371976496 0.002794440481967714
9.525261371976496 0.0025867704937556912
9.525261371976496 0.0028938392919451526
9.525261371976496 0.002806473145168695
9.525261371976496 0.0028064731451686946
9.525261371976496 0.003341729233666062
9.525261371976496 0.0025853076840841073
9.549134683237638 0.002787296437199002
9.549134683237638 0.0027880822323148756
9.549972350674308 0.003115821400728949
9.592063107981467 0.0033291913048828204
9.592063107981467 0.0028210501015991565
9.592063107981467 0.00281154795085178
9.592063107981467 0.00281154795085178
9.592063107981467 0.002430989208718003
9.592063107981467 0.001825764181971957
9.592063107981467 0.001896947473138298
9.592063107981467 0.0020461361559812913
9.592063107981467 0.0021450543720045088
9.610827746210658 0.0021371950906723452
9.610827746210658 0.00259483804652181
9.610827746210658 0.00266948761948843
9.610827746210658 0.0025241132439441203
9.610827746210658 0.0023668869759726945
9.702813979280101 0.0027796666208844793
9.702813979280101 0.003045923416893373
9.702813979280101 0.003217992986617286
9.763219794961346 0.0032159904062605887
9.770321971746798 0.003441023630950866
9.770321971746798 0.0033802453521209162
9.770321971746798 0.0035624137758977917
9.770321971746798 0.0035038430555244153
9.838472618690092 0.00406729381197586
9.838472618690092 0.0037377438323103534
9.838472618690092 0.0040396281704158064
9.838472618690092 0.004153086775958394
9.838472618690092 0.004055769246952268
9.838472618690092 0.0041702571247754835
9.846340360780738 0.004445929559993428
9.846340360780738 0.004836944982344754
9.846340360780738 0.004927221292498104
9.846340360780738 0.005296436339788511
9.846340360780738 0.005547679734939289
9.846340360780738 0.005610587486376137
9.846340360780738 0.005410180474493063
9.846340360780738 0.005276257613600646
9.846340360780738 0.00531057848796414
9.846340360780738 0.005001605971387176
9.846340360780738 0.004889520808945724
9.846340360780738 0.005007567201943432
9.85310738984719 0.004955950796919602
9.85310738984719 0.004679011529137251
9.85310738984719 0.004500156668270961
9.85310738984719 0.004577166085546917
9.85310738984719 0.004505950114743299
9.85310738984719 0.004516903599738201
9.85310738984719 0.004806817129466113
9.85310738984719 0.0045814608495940825
9.85310738984719 0.004572026015561723
9.85310738984719 0.0043087580546748066
9.85310738984719 0.004485840395532551
9.85310738984719 0.004344379848494916
9.85310738984719 0.004352875214868867
9.85310738984719 0.004378913495550951
9.85310738984719 0.004679095246692928
9.85310738984719 0.004436502899666034
9.85310738984719 0.004279848117643543
9.85310738984719 0.0038157494558347968
9.85310738984719 0.0038040331750076113
9.85310738984719 0.003851392596930177
9.85310738984719 0.003620790280278702
9.865016375319524 0.0036306951439099957
9.865016375319524 0.004010400274799666
9.865016375319524 0.004018605170088079
9.865016375319524 0.003998100929688626
9.865016375319524 0.003916924600571131
9.865016375319524 0.004092656599104433
9.865016375319524 0.0040179221391218375
9.865016375319524 0.004016400556641029
9.865016375319524 0.0039469806373271105
9.865016375319524 0.003797063148469654
9.865016375319524 0.003793063923242613
9.865016375319524 0.0037404619845692005
9.865016375319524 0.003556222460633965
9.865016375319524 0.0034957278011431537
9.865016375319524 0.003550128201108489
9.865016375319524 0.0033382850228980887
9.865016375319524 0.003039919711928861
9.865016375319524 0.002994773622686311
9.865016375319524 0.002921763328020442
9.865016375319524 0.0027048697028764267
9.865016375319524 0.002648354023438776
9.865016375319524 0.0018720869054965558
9.865016375319524 0.0017872447090242715
9.865016375319524 0.0015429968931526448
9.865016375319524 0.0014086025957458146
9.865016375319524 0.0013890053821429692
9.869598891650334 0.0014224917846309146
9.869598891650334 0.0014060972574025633
9.869598891650334 0.0013052449816068692
9.869598891650334 0.0012100391294446791
9.869598891650334 0.0011816316386571138
9.869598891650334 0.001192618151250867
9.869598891650334 0.0013689874562038615
9.869598891650334 0.0012425966668523972
9.869598891650334 0.001104082033796752
9.878336300027229 0.0012148157622611992
9.878336300027229 0.0012263792721815584
9.878336300027229 0.0010467329652420533
9.878336300027229 0.001039977489365785
9.878336300027229 0.001030020024939699
9.878336300027229 9.1660114699498E-4
9.878336300027229 8.991571483067001E-4
9.878336300027229 9.172725688384807E-4
9.878336300027229 9.124098353293375E-4
9.878336300027229 0.0010156248771936228
9.878336300027229 9.687493427737903E-4
9.878336300027229 9.233868311600327E-4
9.878336300027229 9.600239410777615E-4
9.878336300027229 9.176450011563144E-4
9.878336300027229 9.307107740592205E-4
9.878336300027229 8.534188596519298E-4
9.878336300027229 8.186735517439466E-4
9.878336300027229 7.912471969102682E-4
9.878336300027229 8.170467990649827E-4
9.878336300027229 8.11520598831952E-4
9.878336300027229 8.990530541000033E-4
9.878336300027229 5.673768612376487E-4
9.878336300027229 5.38695715106085E-4
9.878336300027229 5.261576850501468E-4
9.878336300027229 5.728750838174234E-4
9.878336300027229 5.443422096912023E-4
9.878336300027229 4.5657936784345847E-4
9.878336300027229 4.2599847773957134E-4
9.878336300027229 3.215955262461394E-4
9.892354518650418 2.7204677094373796E-4
9.892354518650418 2.691241770686574E-4
9.892354518650418 3.082020165312785E-4
9.892354518650418 2.7330857204740044E-4
9.892354518650418 2.961549854221946E-4
9.892354518650418 3.560420160800284E-4
9.892354518650418 3.2953737400177744E-4
9.892354518650418 3.1182898737466586E-4
9.892354518650418 3.18828539349612E-4
9.892354518650418 3.308376869547149E-4
9.892354518650418 3.4075630544331604E-4
9.892354518650418 3.4075630544331604E-4
9.892354518650418 3.8458195505523075E-4
9.892354518650418 3.384725972022055E-4
9.892354518650418 3.987763510789678E-4
9.892354518650418 3.7347544858599773E-4
9.892354518650418 3.4982577944906644E-4
9.892354518650418 3.687771431763738E-4
9.899315779249777 3.5395686297614817E-4
9.899315779249777 3.5395686297614817E-4
9.899315779249777 3.505582646146677E-4
9.899315779249777 3.505582646146677E-4
9.899315779249777 3.8146044540145863E-4
9.900837830302489 3.498648902816588E-4
9.900837830302489 3.279640112820697E-4
9.900837830302489 3.0637511368433534E-4
9.900837830302489 2.950749427891192E-4
9.900837830302489 3.0188566347747657E-4
9.900837830302489 2.958456202925485E-4
9.91176275497774 3.44544741093997E-4
9.91176275497774 2.5707274796042646E-4
9.91176275497774 2.3047975727923142E-4
9.91176275497774 2.2268727329523025E-4
9.91176275497774 2.214883075827454E-4
9.91176275497774 1.924200624549013E-4
9.913881604119316 2.2034003836771555E-4
9.913881604119316 2.4374958736331416E-4
9.913881604119316 2.4417609338249854E-4
9.913881604119316 2.552131720279429E-4
9.913881604119316 2.499927759913172E-4
9.913881604119316 2.5807116847884314E-4
9.913881604119316 2.471518860773594E-4
9.913881604119316 2.572950174605122E-4
9.913881604119316 2.6810517035005636E-4
9.913881604119316 2.827901487958356E-4
9.913881604119316 2.8819605900117136E-4
9.913881604119316 2.6948163684642316E-4
9.913881604119316 2.800462424019222E-4
9.913881604119316 2.6989674051965465E-4
9.913881604119316 2.630671439931951E-4
9.915422346324716 2.8853415391919473E-4
9.915422346324716 2.870383638237083E-4
9.916256851554852 3.147509288195779E-4
9.916256851554852 3.3246390240498615E-4
9.916315377435565 3.3307686726305653E-4
9.916315377435565 3.056000325727193E-4
9.92554948637551 2.9769391159701686E-4
9.92554948637551 2.8822909780702857E-4
9.92554948637551 2.79974304876544E-4
9.92554948637551 3.075611544442228E-4
9.92554948637551 3.262570853647329E-4
9.92554948637551 3.103008767758539E-4
9.92554948637551 3.0318152884289566E-4
9.92554948637551 2.842864784029976E-4
9.926868959585578 2.711146361152058E-4
9.926868959585578 2.304934952388488E-4
9.926868959585578 2.471540296034465E-4
9.926868959585578 2.3074840657240063E-4
9.926868959585578 2.276875759331645E-4
9.926868959585578 2.3187568336407508E-4
9.926868959585578 2.1938907492066793E-4
9.926868959585578 2.125575438701006E-4
9.926868959585578 1.9792116769460141E-4
9.926868959585578 1.9955453580715142E-4
9.926868959585578 2.0561708190679808E-4
9.926868959585578 2.226254684112094E-4
9.926868959585578 2.2366150277525947E-4
9.926868959585578 2.218586899129285E-4
9.926868959585578 2.4253508574240278E-4
9.926868959585578 2.3336837808313782E-4
9.929604735140366 2.4790795707881384E-4
9.929604735140366 2.6144809274126834E-4
9.929957373892467 2.694509475615302E-4
9.929957373892467 2.6001184151685564E-4
9.929957373892467 2.4972533700512363E-4
9.93004873830266 2.508194257739912E-4
9.93004873830266 2.3067235118263816E-4
9.93004873830266 2.5224399169103325E-4
9.93004873830266 2.3253946754574775E-4
9.933489509789565 2.3379931587687503E-4
9.933489509789565 2.4359764571861624E-4
9.933489509789565 2.4466865441362444E-4
9.933489509789565 2.3630099873885705E-4
9.933489509789565 2.2962527261331618E-4
9.933489509789565 2.3279242110347048E-4
9.933489509789565 2.1901903264901732E-4
9.933489509789565 2.144021400421357E-4
9.933489509789565 2.1571074591614141E-4
9.93507846738505 1.8838452444040903E-4
9.93507846738505 2.063941629129339E-4
9.93507846738505 2.033595040351933E-4
9.93507846738505 1.9706828777769808E-4
9.93507846738505 1.9598988935750285E-4
9.93507846738505 1.839412796869556E-4
9.935509832377875 1.739990500604609E-4
9.935509832377875 1.5535028959332285E-4
9.935509832377875 1.4363822996389878E-4
9.937844279182983 1.551023109337434E-4
9.937844279182983 1.4162309762952603E-4
9.937844279182983 1.4261761775853643E-4
9.937844279182983 1.3344543126030386E-4
9.937844279182983 1.2258468531546225E-4
9.937844279182983 1.238342021232973E-4
9.937844279182983 1.268639887341366E-4
9.937844279182983 1.2388080054204648E-4
9.937844279182983 1.45776840836593E-4
9.937844279182983 1.43953105980518E-4
9.940093307612571 1.3469079676174585E-4
9.940093307612571 1.1992922799075289E-4
9.940093307612571 1.2265479968400517E-4
9.940093307612571 1.229150578434606E-4
9.940093307612571 1.2030304175894319E-4
9.940093307612571 1.2738967956790712E-4
9.940093307612571 1.2169865150011107E-4
9.940093307612571 1.2060730339504789E-4
9.940093307612571 1.2195573282800247E-4
9.940093307612571 1.1801507452388638E-4
9.940093307612571 1.2561271502839372E-4
9.940093307612571 1.315206955299907E-4
9.940093307612571 1.3674123724750776E-4
9.940796426063814 1.2011187312347481E-4
9.940796426063814 1.1632798767621508E-4
9.940796426063814 1.1823143950462022E-4
9.940796426063814 1.2002973079749878E-4
9.940796426063814 1.1671069794090498E-4
9.940796426063814 1.1494922828008246E-4
9.940796426063814 1.0162398974959947E-4
9.940796426063814 9.46468587891941E-5
9.940796426063814 9.112422032986151E-5
9.940796426063814 9.404614151175766E-5
9.941541683004495 9.04492336839821E-5
9.941541683004495 8.722256180574555E-5
9.941541683004495 8.641669550896801E-5
9.941541683004495 8.715302194529746E-5
9.941541683004495 8.167472819021131E-5
9.941541683004495 8.052677448365208E-5
9.941541683004495 7.944045583098893E-5
9.941541683004495 8.23379872084831E-5
9.941541683004495 8.788015894150547E-5
9.942610594705666 8.011631407221698E-5
9.942610594705666 7.906976311499376E-5
9.942610594705666 8.174116891939541E-5
9.943319655577007 7.942652109462303E-5
9.943319655577007 7.520276922320426E-5
9.943319655577007 6.034513617980802E-5
9.943319655577007 5.981448189077564E-5
9.943319655577007 5.780522817080254E-5
9.943319655577007 5.4118935466173104E-5
9.943319655577007 5.1295991350664586E-5
9.943319655577007 5.815275947375507E-5
9.943319655577007 5.467979547664104E-5
9.943319655577007 5.310040677386429E-5
9.943319655577007 4.980805163750433E-5
9.943319655577007 5.203235280103414E-5
9.943319655577007 5.6303171765981205E-5
9.943319655577007 5.7300515899014796E-5
9.943319655577007 5.731730358189866E-5
9.943319655577007 5.8174918605986487E-5
9.943319655577007 5.7736370896396506E-5
9.943319655577007 5.201965021200026E-5
9.944509452368935 5.356582121166994E-5
9.944509452368935 4.8872587059205714E-5
9.944509452368935 4.681990752677628E-5
9.944509452368935 4.1815298592652494E-5
9.944509452368935 3.937894973241451E-5
9.944509452368935 3.937894973241451E-5
9.944509452368935 3.553829039179002E-5
9.944509452368935 2.9837012744167577E-5
9.944509452368935 2.822192075472173E-5
9.944509452368935 2.8984638988215383E-5
9.944509452368935 2.9247572273261697E-5
9.944509452368935 3.103723497936032E-5
9.944509452368935 3.042923725290086E-5
9.944509452368935 2.8682462938809683E-5
9.944509452368935 2.8784357315024503E-5
9.944509452368935 3.130690776373636E-5
9.944509452368935 2.5803207892656296E-5
9.944509452368935 2.533341134388842E-5
9.946289077302824 2.6379126979077067E-5
9.946289077302824 2.6681857633703547E-5
9.946424298207681 2.9825370704979344E-5
9.946424298207681 3.015549064583519E-5
9.946424298207681 2.91767643204999E-5
9.946424298207681 3.0294340434682463E-5
9.946424298207681 3.164668370832572E-5
9.946424298207681 3.584800240938156E-5
9.946424298207681 3.256929429952159E-5
9.946424298207681 3.1624456685866045E-5
9.946424298207681 2.892076151956134E-5
9.946424298207681 2.7608651057782516E-5
9.946424298207681 3.0046983799725055E-5
9.946424298207681 2.7062692197790568E-5
9.947450449788299 2.820484406809389E-5
9.947450449788299 2.8204167011181065E-5
9.947450449788299 2.6558127772346687E-5
9.947450449788299 2.623235458907056E-5
9.947450449788299 2.5783404591408154E-5
9.947450449788299 2.433907472082702E-5
9.947450449788299 2.2975752086364712E-5
9.947450449788299 2.1551882615434665E-5
9.947450449788299 1.898940931330877E-5
9.947450449788299 1.8607044510188402E-5
9.947450449788299 1.606726008261824E-5
9.947450449788299 1.7581278711206525E-5
9.949517377575596 1.9698018290362477E-5
9.949517377575596 1.8937418206871438E-5
9.949517377575596 1.7726025956065645E-5
9.949517377575596 1.8872666732295365E-5
9.949517377575596 1.8142966956527445E-5
9.949517377575596 1.6911186430005613E-5
9.949517377575596 1.6856542501864875E-5
9.949517377575596 1.687179808583928E-5
9.949517377575596 1.532471431441612E-5
9.949517377575596 1.4341002513647224E-5
9.949517377575596 1.3500161286414469E-5
9.949517377575596 1.271065003213744E-5
9.949517377575596 1.3840233890072606E-5
9.949517377575596 1.3265803085410771E-5
9.949517377575596 1.2512577079647973E-5
9.949517377575596 1.1142115134504952E-5
9.949517377575596 8.71869905680077E-6
9.949517377575596 7.829454848649485E-6
9.949517377575596 1.118676030026915E-5
9.949517377575596 1.2449053386347864E-5
9.949517377575596 1.3060468629727684E-5
9.949517377575596 1.2845636738721055E-5
9.949517377575596 1.422966170348135E-5
9.950702794134758 1.3996697521158164E-5
9.950702794134758 1.4872823414557507E-5
9.950702794134758 1.6287672835293487E-5
Score: 9.950702794134758
Runtime: 1705ms
