2.3501794752017875E-8 6.358858304249054
3.9110849610409304E-8 5.9641127502565725
2.5264380740668698E-6 5.0880688648949155
2.5264380740668698E-6 5.084412632746871
4.383782156975623E-6 4.853311270824549
5.367874669591114E-5 4.4374884954848275
2.1906671881449194E-4 4.624594624018783
2.1906671881449194E-4 4.299388495645516
6.565668625355464E-4 4.4407594276834805
0.002470938199352699 4.208124079528737
0.006797106389435787 4.1267944350875965
0.006797106389435787 3.863970749938902
0.014030183510914255 3.7805182674221243
0.014030183510914255 3.777198978213952
0.018815403648847286 3.4413511641626915
0.018815403648847286 3.3087785959987404
0.1494155696078499 3.2802021974559734
0.1494155696078499 3.1870983299571067
0.1494155696078499 3.233294442770007
0.1494155696078499 3.0008537362232266
0.1494155696078499 3.0720698575690015
0.1494155696078499 2.869629138738409
0.1494155696078499 2.7329684454792984
0.1494155696078499 2.694804320334289
0.508284330555733 2.7311049373218195
0.508284330555733 2.6483866300975545
0.508284330555733 2.468659175234466
0.508284330555733 2.1188913706350583
0.508284330555733 2.0143979520329265
0.508284330555733 1.9631554889362695
0.508284330555733 1.6598700425857569
0.5526952671130935 1.5585373799115727
0.7642517202273362 1.3960180983100958
0.7642517202273362 1.4054005489863506
0.7883258584708555 1.2626659837809453
1.5616917147550047 1.2868667612928513
1.5616917147550047 1.2795220232396238
1.5616917147550047 1.2313662237288705
1.5616917147550047 1.227897951862675
1.5616917147550047 1.242144586513362
1.5616917147550047 1.1872023029091476
1.5616917147550047 1.1955229336063828
1.5616917147550047 1.1734794071613428
1.5616917147550047 1.1017973270130224
1.5616917147550047 1.0482882111769236
1.5616917147550047 1.130142941672334
1.5616917147550047 1.0658967976154778
1.5616917147550047 1.057775964102638
1.5616917147550047 1.0662823607071705
1.5616917147550047 0.9241213270381847
1.5616917147550047 0.9472724894579307
1.5616917147550047 0.9724347818436221
1.8977256919500265 0.813453094909193
1.8977256919500265 0.8429755860201723
1.8977256919500265 0.7776096380269335
3.2090077368329473 0.8155657220045456
3.2090077368329473 0.7757676967397412
3.2090077368329473 0.7002259960855411
3.2090077368329473 0.6912049005850713
3.2090077368329473 0.7171058918524474
3.2090077368329473 0.6988222358433848
3.2090077368329473 0.6728107605328029
3.2090077368329473 0.6302258126600596
3.2090077368329473 0.6181990915617485
3.2090077368329473 0.624041022837147
3.2090077368329473 0.6249657799980072
3.2090077368329473 0.5974835263196399
3.2090077368329473 0.5548519911132703
3.2090077368329473 0.5653236144732657
3.2090077368329473 0.5882363535464812
3.2090077368329473 0.5882363535464813
3.2090077368329473 0.5298566210977651
3.2090077368329473 0.5298566210977651
3.2090077368329473 0.4773217343845544
3.2090077368329473 0.42731082602393483
3.2090077368329473 0.3540108074070385
3.2090077368329473 0.3674923572026064
3.2090077368329473 0.34645735673378986
3.2090077368329473 0.2931130358019922
3.2090077368329473 0.272254083307939
3.2090077368329473 0.298284895953371
3.2090077368329473 0.27230991812122307
3.2090077368329473 0.2724862686788279
3.2090077368329473 0.2943620786249888
3.2090077368329473 0.26173022516823147
3.2090077368329473 0.2667772913110025
3.2090077368329473 0.18859964822593298
3.2090077368329473 0.18246234956881657
3.2090077368329473 0.1650641742039646
3.2090077368329473 0.1650641742039646
3.773183084479799 0.1578229865432632
3.773183084479799 0.1578229865432632
5.4750007482474095 0.1913979506094039
5.4750007482474095 0.15906115426139464
5.4750007482474095 0.11855131881481733
6.198171052730304 0.11710296301766362
6.198171052730304 0.09518962145954185
6.198171052730304 0.08248709438475395
6.198171052730304 0.1117374458164031
6.198171052730304 0.1117374458164031
6.198171052730304 0.097953825683676
6.198171052730304 0.0584556311873425
6.198171052730304 0.06819662341774851
6.198171052730304 0.06819662341774851
6.198171052730304 0.06819662341774851
6.198171052730304 0.04066202235166285
6.198171052730304 0.04066202235166285
6.198171052730304 0.056432018142039624
6.198171052730304 0.056432018142039624
6.198171052730304 0.05211557558779274
6.198171052730304 0.06532350381433287
6.198171052730304 0.06532350381433287
6.198171052730304 0.0743597363072736
6.198171052730304 0.061151808080733484
6.198171052730304 0.07478377417346399
6.198171052730304 0.0862373274095939
6.198171052730304 0.0755162571448397
6.198171052730304 0.0755162571448397
6.198171052730304 0.06211959780436986
6.198171052730304 0.06211959780436986
6.198171052730304 0.03917067734742372
6.198171052730304 0.03917067734742372
6.198171052730304 0.05855481034580273
6.198171052730304 0.05855481034580273
6.198171052730304 0.04665633211022398
6.198171052730304 0.04665633211022398
6.198171052730304 0.04250194019062757
6.198171052730304 0.08361791462373677
6.198171052730304 0.07806305916887141
6.198171052730304 0.07806305916887141
6.198171052730304 0.06677810563494967
6.198171052730304 0.06677810563494967
6.198171052730304 0.09034868343325847
6.198171052730304 0.07656447665844231
6.198171052730304 0.07656447665844231
6.198171052730304 0.07184468671974845
6.198171052730304 0.08547665281247896
6.198171052730304 0.08071060165165476
6.198171052730304 0.07008972648215693
6.198171052730304 0.05671001982767823
6.198171052730304 0.045041550507694074
6.198171052730304 0.026430723996110822
6.198171052730304 0.026430723996110822
6.198171052730304 0.026430723996110822
6.198171052730304 0.04709587932535071
6.198171052730304 0.04709587932535071
6.198171052730304 0.04709587932535071
6.198171052730304 0.04709587932535071
6.198171052730304 0.04709587932535071
6.198171052730304 0.04709587932535071
6.198171052730304 0.04709587932535071
6.198171052730304 0.04709587932535071
6.198171052730304 0.04709587932535071
6.198171052730304 0.020665155329239893
6.198171052730304 0.020665155329239893
6.198171052730304 0.020665155329239893
6.198171052730304 0.020665155329239893
6.198171052730304 0.020665155329239893
6.198171052730304 0.04064783798469553
6.198171052730304 0.0334899480859282
6.198171052730304 0.0334899480859282
6.198171052730304 0.0334899480859282
6.198171052730304 0.0334899480859282
6.198171052730304 0.0334899480859282
6.198171052730304 0.0334899480859282
6.198171052730304 0.0334899480859282
6.198171052730304 0.0334899480859282
6.198171052730304 0.0334899480859282
6.198171052730304 0.0
6.198171052730304 0.0
6.198171052730304 0.0
6.198171052730304 0.0
6.198171052730304 0.0
6.198171052730304 0.0
6.198171052730304 0.0
6.198171052730304 0.0
6.198171052730304 0.0
6.198171052730304 0.0
6.198171052730304 0.0
6.198171052730304 0.0
6.198171052730304 0.0
6.198171052730304 0.0
6.198171052730304 0.0
6.198171052730304 0.0
6.198171052730304 0.0
6.198171052730304 0.0
6.198171052730304 0.0
6.198171052730304 0.0
6.198171052730304 0.0
6.198171052730304 0.0
6.198171052730304 0.0
6.198171052730304 0.0
6.198171052730304 0.0
6.198171052730304 0.0
6.198171052730304 0.0
6.198171052730304 0.0
6.198171052730304 0.0
6.198171052730304 0.0
6.198171052730304 0.0
6.198171052730304 0.0
6.198171052730304 0.0
6.198171052730304 0.0
6.198171052730304 0.0
6.198171052730304 0.0
6.198171052730304 0.0
6.198171052730304 0.0
6.198171052730304 0.0
6.198171052730304 0.0
6.198171052730304 0.0
6.198171052730304 0.0
6.198171052730304 0.0
6.198171052730304 0.0
6.198171052730304 0.0
6.198171052730304 0.0
6.198171052730304 0.0
6.198171052730304 0.0
6.198171052730304 0.0
6.198171052730304 0.0
6.198171052730304 0.0
6.198171052730304 0.0
6.198171052730304 0.0
6.198171052730304 0.0
6.198171052730304 0.0
6.198171052730304 0.0
6.198171052730304 0.0
6.198171052730304 0.0
6.198171052730304 0.0
6.198171052730304 0.0
6.198171052730304 0.0
6.198171052730304 0.0
6.198171052730304 0.0
6.198171052730304 0.0
6.198171052730304 0.0
6.198171052730304 0.0
6.198171052730304 0.0
6.198171052730304 0.0
6.198171052730304 0.0
6.198171052730304 0.0
6.198171052730304 0.0
6.198171052730304 0.0
6.198171052730304 0.0
6.198171052730304 0.0
6.198171052730304 0.0
6.198171052730304 0.0
6.198171052730304 0.0
6.198171052730304 0.0
6.198171052730304 0.0
6.198171052730304 0.0
6.198171052730304 0.0
6.198171052730304 0.0
6.198171052730304 0.0
6.198171052730304 0.0
6.198171052730304 0.0
6.198171052730304 0.0
6.198171052730304 0.0
6.198171052730304 0.0
6.198171052730304 0.0
6.198171052730304 0.0
6.198171052730304 0.0
6.198171052730304 0.0
6.198171052730304 0.0
6.198171052730304 0.0
6.198171052730304 0.0
6.198171052730304 0.0
6.198171052730304 0.0
6.198171052730304 0.0
6.198171052730304 0.0
6.198171052730304 0.0
6.198171052730304 0.0
6.198171052730304 0.0
6.198171052730304 0.0
6.198171052730304 0.0
6.198171052730304 0.0
6.198171052730304 0.0
6.198171052730304 0.0
6.198171052730304 0.0
6.198171052730304 0.0
6.198171052730304 0.0
6.198171052730304 0.0
6.198171052730304 0.0
6.198171052730304 0.0
6.198171052730304 0.0
6.198171052730304 0.0
6.198171052730304 0.0
6.198171052730304 0.0
6.198171052730304 0.0
6.198171052730304 0.0
6.198171052730304 0.0
6.198171052730304 0.0
6.198171052730304 0.0
6.198171052730304 0.0
6.198171052730304 0.0
6.198171052730304 0.0
6.198171052730304 0.0
6.198171052730304 0.0
6.198171052730304 0.0
6.198171052730304 0.0
6.198171052730304 0.0
6.198171052730304 0.0
6.198171052730304 0.0
6.198171052730304 0.0
6.198171052730304 0.0
6.198171052730304 0.0
6.198171052730304 0.0
6.198171052730304 0.0
6.198171052730304 0.0
6.198171052730304 0.0
6.198171052730304 0.0
6.198171052730304 0.0
6.198171052730304 0.0
6.198171052730304 0.0
6.198171052730304 0.0
6.198171052730304 0.0
6.198171052730304 0.0
6.198171052730304 0.0
6.198171052730304 0.0
6.198171052730304 0.0
6.198171052730304 0.0
6.198171052730304 0.0
6.198171052730304 0.0
6.198171052730304 0.0
6.198171052730304 0.0
6.198171052730304 0.0
6.198171052730304 0.0
6.198171052730304 0.0
6.198171052730304 0.0
6.198171052730304 0.0
6.198171052730304 0.0
6.198171052730304 0.0
6.198171052730304 0.0
6.198171052730304 0.0
6.198171052730304 0.0
6.198171052730304 0.0
6.198171052730304 0.0
6.198171052730304 0.0
6.198171052730304 0.0
6.198171052730304 0.0
6.198171052730304 0.0
6.198171052730304 0.0
6.198171052730304 0.0
6.198171052730304 0.0
6.198171052730304 0.0
6.198171052730304 0.0
6.198171052730304 0.0
6.198171052730304 0.0
6.198171052730304 0.0
6.198171052730304 0.0
6.198171052730304 0.0
6.198171052730304 0.0
6.198171052730304 0.0
6.198171052730304 0.0
6.198171052730304 0.0
6.198171052730304 0.0
6.198171052730304 0.0
6.198171052730304 0.0
6.198171052730304 0.0
6.198171052730304 0.0
6.198171052730304 0.0
6.198171052730304 0.0
6.198171052730304 0.0
6.198171052730304 0.0
6.198171052730304 0.0
6.198171052730304 0.0
6.198171052730304 0.0
6.198171052730304 0.0
6.198171052730304 0.0
6.198171052730304 0.0
6.198171052730304 0.0
6.198171052730304 0.0
6.198171052730304 0.0
6.198171052730304 0.0
6.198171052730304 0.0
6.198171052730304 0.0
6.198171052730304 0.0
6.198171052730304 0.0
6.198171052730304 0.0
6.198171052730304 0.0
6.198171052730304 0.0
6.198171052730304 0.0
6.198171052730304 0.0
6.198171052730304 0.0
6.198171052730304 0.0
6.198171052730304 0.0
6.198171052730304 0.0
6.198171052730304 0.0
6.198171052730304 0.0
6.198171052730304 0.0
6.198171052730304 0.0
6.198171052730304 0.0
6.198171052730304 0.0
6.198171052730304 0.0
6.198171052730304 0.0
6.198171052730304 0.0
6.198171052730304 0.0
6.198171052730304 0.0
6.198171052730304 0.0
6.198171052730304 0.0
6.198171052730304 0.0
6.198171052730304 0.0
6.198171052730304 0.0
6.198171052730304 0.0
6.198171052730304 0.0
6.198171052730304 0.0
6.198171052730304 0.0
6.198171052730304 0.0
6.198171052730304 0.0
6.198171052730304 0.0
6.198171052730304 0.0
6.198171052730304 0.0
6.198171052730304 0.0
6.198171052730304 0.0
6.198171052730304 0.0
6.198171052730304 0.0
6.198171052730304 0.0
6.198171052730304 0.0
6.198171052730304 0.0
6.198171052730304 0.0
6.198171052730304 0.0
6.198171052730304 0.0
6.198171052730304 0.0
6.198171052730304 0.0
6.198171052730304 0.0
6.198171052730304 0.0
6.198171052730304 0.0
6.198171052730304 0.0
6.198171052730304 0.0
6.198171052730304 0.0
6.198171052730304 0.0
6.198171052730304 0.0
6.198171052730304 0.0
6.198171052730304 0.0
6.198171052730304 0.0
6.198171052730304 0.0
6.198171052730304 0.0
6.198171052730304 0.0
6.198171052730304 0.0
6.198171052730304 0.0
6.198171052730304 0.0
6.198171052730304 0.0
6.198171052730304 0.0
6.198171052730304 0.0
6.198171052730304 0.0
6.198171052730304 0.0
6.198171052730304 0.0
6.198171052730304 0.0
6.198171052730304 0.0
6.198171052730304 0.0
6.198171052730304 0.0
6.198171052730304 0.0
6.198171052730304 0.0
6.231772972934735 0.004276275097652644
6.231772972934735 0.004276275097652644
6.231772972934735 0.004276275097652644
6.231772972934735 0.004276275097652644
6.231772972934735 0.004276275097652644
6.231772972934735 0.004276275097652644
6.231772972934735 0.0
6.231772972934735 0.0
6.231772972934735 0.0
6.231772972934735 0.0
6.231772972934735 0.0
6.231772972934735 0.0
6.231772972934735 0.0
6.231772972934735 0.0
6.231772972934735 0.0
6.231772972934735 0.0
6.231772972934735 0.0
6.231772972934735 0.0
6.231772972934735 0.0
6.231772972934735 0.0
6.231772972934735 0.0
6.231772972934735 0.0
6.231772972934735 0.0
6.231772972934735 0.0
6.231772972934735 0.0
6.231772972934735 0.0
6.231772972934735 0.0
6.231772972934735 0.0
6.231772972934735 0.0
6.231772972934735 0.0
6.231772972934735 0.0
6.231772972934735 0.0
6.231772972934735 0.0
6.231772972934735 0.0
6.231772972934735 0.0
6.231772972934735 0.0
6.231772972934735 0.0
6.231772972934735 0.0
6.231772972934735 0.0
6.231772972934735 0.0
6.231772972934735 0.0
6.231772972934735 0.0
6.231772972934735 0.0
6.231772972934735 0.0
6.231772972934735 0.0
6.231772972934735 0.0
6.231772972934735 0.0
6.231772972934735 0.0
6.231772972934735 0.0
6.231772972934735 0.0
6.231772972934735 0.0
6.231772972934735 0.0
6.231772972934735 0.0
6.231772972934735 0.0
6.231772972934735 0.0
6.231772972934735 0.0
6.231772972934735 0.0
6.231772972934735 0.0
6.231772972934735 0.0
6.231772972934735 0.0
6.231772972934735 0.0
6.231772972934735 0.0
6.231772972934735 0.004276275097652644
6.231772972934735 0.004276275097652644
6.231772972934735 0.004276275097652644
6.231772972934735 0.0
6.231772972934735 0.0
6.231772972934735 0.0
6.231772972934735 0.0
6.924089195883278 0.002934656272341314
6.924089195883278 0.002934656272341314
6.924089195883278 0.002934656272341314
6.924089195883278 0.002934656272341314
6.924089195883278 0.002934656272341314
6.924089195883278 0.002934656272341314
6.924089195883278 0.002934656272341314
6.924089195883278 0.002934656272341314
6.924089195883278 0.002934656272341314
6.924089195883278 0.002934656272341314
6.924089195883278 0.002934656272341314
6.924089195883278 0.002934656272341314
6.924089195883278 0.002934656272341314
6.924089195883278 0.002934656272341314
6.924089195883278 0.002934656272341314
6.924089195883278 0.002934656272341314
6.924089195883278 0.002934656272341314
6.924089195883278 0.002934656272341314
6.924089195883278 0.002934656272341314
6.924089195883278 0.0
6.924089195883278 0.0
6.924089195883278 0.0
6.924089195883278 0.0
6.924089195883278 0.0
6.924089195883278 0.0
6.924089195883278 0.0
6.924089195883278 0.004201445934099836
6.924089195883278 0.004201445934099836
6.924089195883278 0.004201445934099836
6.924089195883278 0.004201445934099836
6.924089195883278 0.004201445934099836
6.924089195883278 0.004201445934099836
6.924089195883278 0.004201445934099836
6.924089195883278 0.004201445934099836
6.924089195883278 0.004201445934099836
6.924089195883278 0.004201445934099836
6.924089195883278 0.0
6.924089195883278 0.0
6.924089195883278 0.0
6.924089195883278 0.0
6.924089195883278 0.0
6.924089195883278 0.0
6.924089195883278 0.0
6.924089195883278 0.0
6.924089195883278 0.0
6.924089195883278 0.0
6.924089195883278 0.0
6.924089195883278 0.0
6.924089195883278 0.0
6.924089195883278 0.0
6.924089195883278 0.0
6.924089195883278 0.0
6.924089195883278 0.0
6.924089195883278 0.0
6.924089195883278 0.0
6.924089195883278 0.0
6.924089195883278 0.0
6.924089195883278 0.0
6.924089195883278 0.0
6.924089195883278 0.0
6.924089195883278 0.0
6.924089195883278 0.004201445934099836
7.003202247262329 0.006938032224417892
7.003202247262329 0.006938032224417892
7.003202247262329 0.006938032224417892
7.003202247262329 0.0027365862903180552
7.003202247262329 0.0027365862903180552
7.003202247262329 0.0027365862903180552
7.003202247262329 0.0027365862903180552
7.003202247262329 0.0027365862903180552
7.003202247262329 0.0027365862903180552
7.003202247262329 0.0027365862903180552
7.003202247262329 0.0027365862903180552
7.003202247262329 0.0
7.003202247262329 0.0
7.003202247262329 0.0
7.003202247262329 0.0
7.003202247262329 0.0
7.003202247262329 0.0
7.394837992224379 8.885307093446474E-4
7.394837992224379 0.002504220593768284
7.394837992224379 0.00455034615676495
7.394837992224379 0.002934656272341314
7.394837992224379 0.002934656272341314
7.394837992224379 0.002934656272341314
7.394837992224379 0.002934656272341314
8.184544347928524 0.00515478266588122
8.184544347928524 0.006697272850880081
8.184544347928524 0.006697272850880081
8.184544347928524 0.006697272850880081
8.184544347928524 0.006697272850880081
8.184544347928524 0.007286428400703069
8.184544347928524 0.010584051194463208
8.184544347928524 0.00825464701059788
8.184544347928524 0.00825464701059788
8.184544347928524 0.00825464701059788
8.184544347928524 0.00825464701059788
8.184544347928524 0.00825464701059788
8.184544347928524 0.00825464701059788
8.184544347928524 0.007143185195780023
8.184544347928524 0.007143185195780023
8.184544347928524 0.00287693323924345
8.184544347928524 0.00287693323924345
8.184544347928524 0.004338790096916235
8.184544347928524 0.004338790096916235
8.184544347928524 0.004338790096916235
8.184544347928524 0.00564658514122551
8.184544347928524 0.00564658514122551
8.184544347928524 0.010243379147081342
8.184544347928524 0.01019749319731745
8.184544347928524 0.011309260625233486
8.184544347928524 0.010984728782343318
8.184544347928524 0.009997129673504818
8.184544347928524 0.009491430690269998
8.184544347928524 0.009387140472395972
8.184544347928524 0.010098340836587758
8.184544347928524 0.01009834083658776
8.184544347928524 0.010097563706926903
8.184544347928524 0.010097563706926905
8.235353626627893 0.011253460721750852
8.235353626627893 0.012611503478706307
8.235353626627893 0.01289770239511899
8.235353626627893 0.014476394792367578
8.235353626627893 0.01556408965271897
8.235353626627893 0.016576075538527454
8.235353626627893 0.016576075538527458
8.235353626627893 0.015529414277045706
8.235353626627893 0.015529414277045706
8.235353626627893 0.014789137730630942
8.235353626627893 0.014789137730630939
8.245212641399345 0.013579109736122164
8.245212641399345 0.012880786365939655
8.245212641399345 0.011964922758671408
8.245212641399345 0.012767662220339543
8.245212641399345 0.011330422642316419
8.245212641399345 0.011330422642316419
8.245212641399345 0.012934341504151004
8.245212641399345 0.011519952822855435
8.245212641399345 0.009835937556181801
8.284675885254552 0.008865168954051155
8.284675885254552 0.008865168954051155
8.284675885254552 0.007378215208335811
8.284675885254552 0.007378215208335811
8.284675885254552 0.009301813187955133
8.284675885254552 0.009048636427199112
8.284675885254552 0.007772624252519955
8.284675885254552 0.009735201940153048
8.284675885254552 0.007772624252519955
8.284675885254552 0.007772624252519955
8.394681945834611 0.006490703436857764
8.394681945834611 0.004652820824930951
8.394681945834611 0.0027292228453116296
8.394681945834611 0.002476046084555608
8.394681945834611 0.002476046084555608
8.394681945834611 0.002476046084555608
8.394681945834611 0.002529346033891178
8.394681945834611 0.00299718373482248
8.394681945834611 0.002449348777758578
8.394681945834611 0.0019015138206946757
8.394681945834611 0.0019015138206946757
8.394681945834611 0.0019015138206946757
8.394681945834611 8.27757812536471E-4
8.394681945834611 8.27757812536471E-4
8.394681945834611 8.27757812536471E-4
8.394681945834611 8.27757812536471E-4
8.394681945834611 8.27757812536471E-4
8.394681945834611 8.27757812536471E-4
8.394681945834611 8.27757812536471E-4
8.394681945834611 8.27757812536471E-4
8.394681945834611 8.27757812536471E-4
8.394681945834611 0.0011843270535383532
8.394681945834611 0.0011843270535383532
8.394681945834611 0.0011843270535383532
8.394681945834611 0.0019624011454261315
8.394681945834611 0.0023695793421317623
8.394681945834611 0.0023695793421317623
8.4791979021783 0.0021065738247942993
8.4791979021783 0.0016066818341505854
8.4791979021783 0.0015578087263864004
8.4791979021783 0.0015578087263864004
8.4791979021783 0.0015343619633007642
8.4791979021783 0.0018413431203982303
8.4791979021783 0.0018413431203982303
8.4791979021783 0.0018818259659292072
8.613495570612509 0.0015916615591290819
8.613495570612509 0.001757485344148447
8.613495570612509 0.001757485344148447
8.639404259560242 0.003502209119091403
8.639404259560242 0.003307838218682394
8.639404259560242 0.003307838218682394
8.639404259560242 0.003307838218682394
8.639404259560242 0.0029748017797282065
8.639404259560242 0.0029748017797282065
8.639404259560242 0.003309304858362219
8.639404259560242 0.0026464998379175414
8.639404259560242 0.002386208010674434
8.639404259560242 0.002053171571720246
8.639404259560242 0.00251133989464883
8.639404259560242 0.002344088355331824
8.639404259560242 0.002081568352002463
8.639404259560242 0.002081568352002463
8.639404259560242 0.0011026785181604578
8.639404259560242 0.0013366422682526862
8.639404259560242 0.001336642268252686
8.639404259560242 0.0013366422682526862
8.639404259560242 0.0017905078322997961
8.639404259560242 0.0017905078322997961
8.639404259560242 0.0017905078322997961
8.639404259560242 0.0019804224709635498
8.639404259560242 0.0019804224709635498
8.639404259560242 0.0019804224709635498
8.639404259560242 0.0019804224709635498
8.639404259560242 0.0019804224709635498
8.655576282518222 0.0019389809580913667
8.655576282518222 0.001600224431785421
8.655576282518222 0.0020233674582577485
8.655576282518222 0.0024483629513164626
8.655576282518222 0.001595471079162365
8.669237148388502 0.0022907419239582656
8.669237148388502 0.002423420548340829
8.669237148388502 0.0022482542601426625
8.703392039156277 0.0025766311263596586
8.703392039156277 0.00207567668937205
8.703392039156277 0.00244840227452275
8.703392039156277 0.00244840227452275
8.703392039156277 0.00244840227452275
8.703392039156277 0.002681064972075836
8.703392039156277 0.0021008611332665977
8.703392039156277 0.0020833333275685427
8.703392039156277 0.0020833333275685427
8.703392039156277 0.0019252390620444592
8.703392039156277 0.0021877590653738206
8.703392039156277 0.0023849424246736137
8.703392039156277 0.0026576843319175265
8.703392039156277 0.0023849424246736133
8.748761188133432 0.0032502713191286713
8.748761188133432 0.0025200844816843666
8.774352025376942 0.0029025909633075804
8.774352025376942 0.002317847462323565
8.774352025376942 0.002317847462323565
8.833914002247012 0.0030305167381105176
8.833914002247012 0.0028313743977621477
8.833914002247012 0.0030312732236089223
8.833914002247012 0.0030312732236089223
8.833914002247012 0.0026320800540915105
8.833914002247012 0.0026320800540915105
8.833914002247012 0.0026320800540915105
8.833914002247012 0.0026320800540915105
8.833914002247012 0.0026320800540915105
8.833914002247012 0.0026320800540915105
8.833914002247012 0.0028647427516445972
8.833914002247012 0.0028647427516445972
8.833914002247012 0.0031404492889558094
8.833914002247012 0.0024741201654055406
8.833914002247012 0.0019522514453412007
8.833914002247012 0.001894164619290767
8.833914002247012 0.0017367175857270537
8.833914002247012 0.0017367175857270537
8.833914002247012 0.001592331605055332
8.833914002247012 0.001592331605055332
8.833914002247012 0.0018788944112476736
8.833914002247012 0.0015974581374548762
8.833914002247012 0.0015974581374548762
8.833914002247012 0.0026796914065363438
8.833914002247012 0.0022785935727202395
8.962245707537251 0.0030365197163962506
8.962245707537251 0.003352955374889911
8.962245707537251 0.003301503474056647
8.962245707537251 0.003301503474056647
8.962245707537251 0.0028442105226829306
8.962245707537251 0.0025623792791236995
8.962245707537251 0.0022858641374329564
8.962245707537251 0.0026027108346949835
8.962245707537251 0.0026027108346949835
8.962245707537251 0.0024143104771929013
8.962245707537251 0.002414310477192901
8.962245707537251 0.002035782626940655
8.962245707537251 0.002171638855492144
8.962245707537251 0.0024938623531467986
8.981540291073246 0.002785419005361247
8.981540291073246 0.002785419005361247
8.981540291073246 0.002785419005361247
8.981540291073246 0.002785419005361247
8.981540291073246 0.0030668552791540443
8.981540291073246 0.002578732738268578
8.981540291073246 0.002223449572915612
8.981540291073246 0.002223449572915612
8.981540291073246 0.002284315905399571
8.981540291073246 0.002284315905399571
8.981540291073246 0.002570812307709913
8.981540291073246 0.002570812307709913
8.981540291073246 0.0023509865129675038
8.981540291073246 0.002299530861824691
8.981540291073246 0.0027073291878145595
8.981540291073246 0.002540144617348751
8.981540291073246 0.002540144617348751
8.981540291073246 0.002540144617348751
8.981540291073246 0.002540144617348751
8.981540291073246 0.002540144617348751
8.981540291073246 0.002814480550531832
8.981540291073246 0.002432217075204554
8.981540291073246 0.0027079236125157665
8.981540291073246 0.0026433697950054447
8.981540291073246 0.0026433697950054447
8.981540291073246 0.002385450006258305
8.981540291073246 0.001753770271024249
8.981540291073246 0.001753770271024249
9.094655037736395 0.001763701530513827
9.094655037736395 0.0015958450572332195
9.094655037736395 0.0015958450572332195
9.094655037736395 0.002073485426583973
9.094655037736395 0.001473819049439794
9.094655037736395 0.001473819049439794
9.094655037736395 0.0011767149587632573
9.094655037736395 6.752396954482996E-4
9.094655037736395 6.752396954482996E-4
9.094655037736395 7.07678613595668E-4
9.094655037736395 8.748631840614764E-4
9.094655037736395 8.748631840614764E-4
9.094655037736395 8.748631840614764E-4
9.094655037736395 8.748631840614764E-4
9.094655037736395 0.0013951037909038717
9.094655037736395 0.0013951037909038717
9.094655037736395 9.739215796185457E-4
9.094655037736395 9.739215796185459E-4
9.094655037736395 9.739215796185459E-4
9.094655037736395 0.0011069718689242563
9.094655037736395 0.0011069718689242563
9.094655037736395 0.0011069718689242563
9.094655037736395 0.0012157748244855508
9.094655037736395 0.0012157748244855508
9.094655037736395 7.96228132869498E-4
9.094655037736395 5.371345044932064E-4
9.094655037736395 7.625500960023097E-4
9.094655037736395 7.625500960023097E-4
9.094655037736395 7.625500960023099E-4
9.094655037736395 9.82497241147644E-4
9.094655037736395 9.82497241147644E-4
9.18492710931856 0.0012785464407138918
9.18492710931856 9.806703418426203E-4
9.18492710931856 9.806703418426203E-4
9.18492710931856 9.806703418426203E-4
9.18492710931856 0.0010472013706085625
9.18492710931856 0.0010472013706085625
9.18492710931856 0.0010472013706085625
9.18492710931856 0.0010472013706085625
9.18492710931856 0.0010397693510240014
9.18492710931856 0.0010397693510240014
9.18492710931856 0.0010397693510240014
9.18492710931856 0.0010629700487997803
9.18492710931856 0.0010629700487997803
9.18492710931856 0.0010629700487997803
9.18492710931856 0.0010629700487997803
9.18492710931856 0.0010629700487997803
9.18492710931856 8.913555004655327E-4
9.18492710931856 8.913555004655327E-4
9.18492710931856 8.540621724547223E-4
9.18492710931856 8.540621724547223E-4
9.18492710931856 4.789138046995052E-4
9.18492710931856 3.470310035128085E-4
9.18492710931856 3.470310035128085E-4
9.18492710931856 1.9392520225701096E-4
9.18492710931856 3.878504045140219E-4
9.18492710931856 3.878504045140219E-4
9.18492710931856 5.392775128987124E-4
9.18492710931856 5.392775128987124E-4
9.18492710931856 5.392775128987124E-4
9.18492710931856 3.878504045140219E-4
9.18492710931856 3.878504045140219E-4
9.18492710931856 3.878504045140219E-4
9.18492710931856 0.0010245961612805928
9.18492710931856 0.0011837275227809245
9.18492710931856 0.0011837275227809245
9.18492710931856 0.0011837275227809245
9.18492710931856 8.661442616563455E-4
9.18492710931856 8.661442616563455E-4
9.18492710931856 9.646198777863486E-4
9.18492710931856 9.646198777863486E-4
9.18492710931856 9.646198777863486E-4
9.18492710931856 8.661442616563455E-4
9.18492710931856 5.469817660143537E-4
9.18492710931856 5.469817660143537E-4
9.18492710931856 5.469817660143537E-4
9.18492710931856 4.393190655974546E-4
9.18492710931856 4.393190655974546E-4
9.18492710931856 4.393190655974546E-4
9.18492710931856 4.393190655974546E-4
9.18492710931856 4.393190655974546E-4
9.18492710931856 4.393190655974546E-4
9.189120597013682 5.189146461494947E-4
9.189120597013682 5.189146461494947E-4
9.211173905746996 6.095184383180525E-4
9.211173905746996 6.095184383180525E-4
9.211173905746996 2.387269420523719E-4
9.211173905746996 2.387269420523719E-4
9.211173905746996 3.232167381056752E-4
9.211173905746996 3.232167381056752E-4
9.211173905746996 3.232167381056752E-4
9.211173905746996 3.232167381056752E-4
9.211173905746996 3.232167381056752E-4
9.211173905746996 3.232167381056752E-4
9.211173905746996 3.232167381056752E-4
9.211173905746996 3.232167381056752E-4
9.211173905746996 3.232167381056752E-4
9.211173905746996 2.55057749989181E-4
9.211173905746996 1.0082060399011232E-4
9.211173905746996 1.3195992762858607E-4
9.211173905746996 1.3195992762858607E-4
9.211173905746996 1.3195992762858607E-4
9.211173905746996 1.3195992762858607E-4
9.211173905746996 1.3195992762858607E-4
9.211173905746996 1.3195992762858607E-4
9.211173905746996 1.6309925126705986E-4
9.211173905746996 1.6309925126705986E-4
9.211173905746996 2.0164120798022464E-4
9.211173905746996 2.0164120798022464E-4
9.211173905746996 2.0164120798022464E-4
9.211173905746996 2.0164120798022464E-4
9.211173905746996 3.3927997145994087E-4
9.211173905746996 3.3927997145994087E-4
9.211173905746996 3.3927997145994087E-4
9.211173905746996 4.0722839831043426E-4
9.211173905746996 4.0722839831043426E-4
9.211173905746996 3.0640779432032194E-4
9.211173905746996 3.0640779432032194E-4
9.211173905746996 3.0640779432032194E-4
9.211173905746996 3.0640779432032194E-4
9.211173905746996 3.0640779432032194E-4
9.211173905746996 3.0640779432032194E-4
9.211173905746996 3.0640779432032194E-4
9.211173905746996 3.0640779432032194E-4
9.211173905746996 3.0640779432032194E-4
9.211173905746996 3.0640779432032194E-4
9.211173905746996 3.0640779432032194E-4
9.211173905746996 3.7703239686134475E-4
9.211173905746996 3.7703239686134475E-4
9.211173905746996 3.7703239686134475E-4
9.211173905746996 3.7703239686134475E-4
9.211173905746996 2.7621179287123243E-4
9.211173905746996 2.7621179287123243E-4
9.211173905746996 2.7621179287123243E-4
9.211173905746996 3.438378545257442E-4
9.211173905746996 2.732132519847214E-4
9.211173905746996 2.732132519847214E-4
9.211173905746996 2.732132519847214E-4
9.211173905746996 2.055871903302096E-4
9.211173905746996 2.055871903302096E-4
9.211173905746996 2.055871903302096E-4
9.211173905746996 2.4774688548126673E-4
9.211173905746996 2.4774688548126673E-4
9.211173905746996 2.4774688548126673E-4
9.211173905746996 1.1010812200155043E-4
9.211173905746996 1.1010812200155043E-4
9.211173905746996 1.1010812200155043E-4
9.211173905746996 1.1010812200155043E-4
9.211173905746996 1.5517634949199384E-4
9.211173905746996 1.5517634949199384E-4
9.211173905746996 1.5517634949199384E-4
9.211173905746996 3.7697665132774624E-4
9.211173905746996 3.7697665132774624E-4
9.211173905746996 3.119367568166392E-4
9.211173905746996 3.230200067145611E-4
9.211173905746996 3.230200067145611E-4
9.211173905746996 3.230200067145611E-4
9.211173905746996 3.230200067145611E-4
9.211173905746996 3.230200067145611E-4
9.211173905746996 3.230200067145611E-4
9.211173905746996 2.888035076950285E-4
9.211173905746996 2.888035076950285E-4
9.211173905746996 2.888035076950285E-4
9.211173905746996 2.888035076950285E-4
9.211173905746996 0.0
9.211173905746996 0.0
9.211173905746996 0.0
9.211173905746996 0.0
9.211173905746996 0.0
9.211173905746996 0.0
9.211173905746996 0.0
9.211173905746996 0.0
9.228757275992002 4.846002411764111E-5
9.228757275992002 4.846002411764111E-5
9.228757275992002 4.846002411764111E-5
9.228757275992002 4.846002411764111E-5
9.228757275992002 4.846002411764111E-5
9.228757275992002 0.0
9.228757275992002 0.0
9.228757275992002 0.0
9.228757275992002 0.0
9.228757275992002 0.0
9.228757275992002 0.0
9.228757275992002 0.0
9.228757275992002 0.0
9.228757275992002 0.0
9.228757275992002 0.0
9.228757275992002 0.0
9.228757275992002 0.0
9.244444534391965 4.6298861250073946E-5
9.244444534391965 4.6298861250073946E-5
9.244444534391965 4.6298861250073946E-5
9.244444534391965 4.6298861250073946E-5
9.244444534391965 4.6298861250073946E-5
9.244444534391965 4.6298861250073946E-5
9.244444534391965 4.6298861250073946E-5
9.244444534391965 4.6298861250073946E-5
9.244444534391965 4.6298861250073946E-5
9.244444534391965 4.6298861250073946E-5
9.244444534391965 4.6298861250073946E-5
9.244444534391965 4.6298861250073946E-5
9.244444534391965 4.6298861250073946E-5
9.244444534391965 4.6298861250073946E-5
9.244444534391965 4.6298861250073946E-5
9.244444534391965 4.6298861250073946E-5
9.244444534391965 4.6298861250073946E-5
9.244444534391965 4.6298861250073946E-5
9.244444534391965 4.6298861250073946E-5
9.244444534391965 4.6298861250073946E-5
9.244444534391965 4.6298861250073946E-5
9.244444534391965 4.6298861250073946E-5
9.244444534391965 4.6298861250073946E-5
9.244444534391965 4.6298861250073946E-5
9.244444534391965 4.6298861250073946E-5
9.244444534391965 4.6298861250073946E-5
9.244444534391965 4.6298861250073946E-5
9.244444534391965 4.6298861250073946E-5
9.244444534391965 0.0
9.244444534391965 0.0
9.244444534391965 0.0
9.244444534391965 0.0
9.244444534391965 0.0
9.244444534391965 0.0
9.244444534391965 0.0
9.244444534391965 0.0
9.244444534391965 0.0
9.244444534391965 0.0
9.244444534391965 0.0
9.244444534391965 0.0
9.244444534391965 0.0
9.244444534391965 0.0
9.244444534391965 0.0
9.244444534391965 0.0
9.244444534391965 0.0
9.244444534391965 0.0
9.244444534391965 0.0
9.244444534391965 0.0
9.244444534391965 0.0
9.244444534391965 0.0
9.244444534391965 0.0
9.244444534391965 0.0
9.244444534391965 0.0
9.244444534391965 0.0
9.244444534391965 0.0
9.244444534391965 0.0
9.244444534391965 0.0
9.244444534391965 0.0
9.244444534391965 0.0
9.244444534391965 0.0
9.244444534391965 0.0
9.244444534391965 0.0
9.244444534391965 0.0
9.244444534391965 0.0
9.244444534391965 0.0
9.244444534391965 0.0
9.244444534391965 0.0
9.244444534391965 0.0
9.244444534391965 0.0
9.244444534391965 0.0
9.244444534391965 0.0
9.244444534391965 0.0
9.244444534391965 4.846002411764111E-5
9.244444534391965 4.846002411764111E-5
9.244444534391965 4.846002411764111E-5
9.244444534391965 4.846002411764111E-5
9.244444534391965 4.846002411764111E-5
9.244444534391965 4.846002411764111E-5
9.244444534391965 4.846002411764111E-5
9.244444534391965 4.846002411764111E-5
9.244444534391965 4.846002411764111E-5
9.244444534391965 4.846002411764111E-5
9.244444534391965 4.846002411764111E-5
9.244444534391965 4.846002411764111E-5
9.244444534391965 0.0
9.244444534391965 0.0
9.244444534391965 0.0
9.244444534391965 0.0
9.244444534391965 0.0
9.244444534391965 0.0
9.244444534391965 0.0
9.244444534391965 0.0
9.244444534391965 0.0
9.244444534391965 0.0
9.244444534391965 0.0
9.244444534391965 0.0
9.244444534391965 0.0
9.244444534391965 0.0
9.244444534391965 0.0
9.244444534391965 0.0
9.244444534391965 0.0
9.244444534391965 0.0
9.244444534391965 0.0
9.244444534391965 0.0
9.244444534391965 0.0
9.244444534391965 0.0
9.244444534391965 0.0
9.244444534391965 0.0
9.244444534391965 0.0
9.244444534391965 0.0
9.244444534391965 0.0
9.244444534391965 0.0
9.244444534391965 0.0
9.244444534391965 0.0
9.244444534391965 0.0
9.244444534391965 0.0
9.244444534391965 0.0
9.244444534391965 0.0
9.244444534391965 0.0
9.244444534391965 0.0
9.244444534391965 0.0
9.244444534391965 0.0
9.244444534391965 0.0
9.244444534391965 0.0
9.244444534391965 0.0
9.244444534391965 0.0
9.244444534391965 0.0
9.244444534391965 0.0
9.244444534391965 0.0
9.244444534391965 0.0
9.244444534391965 0.0
9.244444534391965 0.0
9.244444534391965 0.0
9.244444534391965 0.0
9.244444534391965 0.0
9.244444534391965 0.0
9.244444534391965 0.0
9.268532463857564 7.436202159205025E-5
9.268532463857564 7.436202159205025E-5
9.268532463857564 4.6298861250073946E-5
9.268532463857564 4.6298861250073946E-5
9.268532463857564 4.6298861250073946E-5
9.268532463857564 4.6298861250073946E-5
9.268532463857564 4.6298861250073946E-5
9.268532463857564 4.6298861250073946E-5
9.268532463857564 4.6298861250073946E-5
9.268532463857564 0.0
9.268532463857564 0.0
9.268532463857564 0.0
9.268532463857564 0.0
9.268532463857564 0.0
9.268532463857564 0.0
9.268532463857564 0.0
9.268532463857564 0.0
9.268532463857564 0.0
9.268532463857564 0.0
9.268532463857564 0.0
9.268532463857564 0.0
9.268532463857564 0.0
9.268532463857564 0.0
9.268532463857564 0.0
9.268532463857564 0.0
9.268532463857564 0.0
9.268532463857564 0.0
9.268532463857564 0.0
9.268532463857564 0.0
9.268532463857564 0.0
9.268532463857564 0.0
9.268532463857564 0.0
9.268532463857564 0.0
9.268532463857564 0.0
9.268532463857564 0.0
9.268532463857564 0.0
9.268532463857564 0.0
9.268532463857564 0.0
9.268532463857564 0.0
9.268532463857564 0.0
9.268532463857564 0.0
9.268532463857564 0.0
9.268532463857564 0.0
9.268532463857564 0.0
9.268532463857564 0.0
9.268532463857564 0.0
9.268532463857564 0.0
9.268532463857564 0.0
9.268532463857564 0.0
9.268532463857564 0.0
9.268532463857564 0.0
9.268532463857564 0.0
9.268532463857564 0.0
9.268532463857564 0.0
9.268532463857564 0.0
9.268532463857564 0.0
9.268532463857564 0.0
9.268532463857564 0.0
9.268532463857564 0.0
9.268532463857564 0.0
9.268532463857564 0.0
9.268532463857564 0.0
9.268532463857564 0.0
9.268532463857564 0.0
9.268532463857564 0.0
9.268532463857564 0.0
9.268532463857564 0.0
9.268532463857564 0.0
9.268532463857564 0.0
9.268532463857564 0.0
9.268532463857564 7.436202159205025E-5
9.268532463857564 7.436202159205025E-5
9.268532463857564 7.436202159205025E-5
9.268532463857564 7.436202159205025E-5
9.268532463857564 7.436202159205025E-5
9.268532463857564 7.436202159205025E-5
9.268532463857564 7.436202159205025E-5
9.268532463857564 7.436202159205025E-5
9.268532463857564 7.436202159205025E-5
9.268532463857564 7.436202159205025E-5
9.268532463857564 7.436202159205025E-5
9.268532463857564 7.436202159205025E-5
9.268532463857564 7.436202159205025E-5
9.268532463857564 7.436202159205025E-5
9.268532463857564 7.436202159205025E-5
9.268532463857564 7.436202159205025E-5
9.268532463857564 7.436202159205025E-5
9.268532463857564 7.436202159205025E-5
9.268532463857564 7.436202159205025E-5
9.268532463857564 7.436202159205025E-5
9.268532463857564 7.436202159205025E-5
9.268532463857564 7.436202159205025E-5
9.268532463857564 7.436202159205025E-5
9.268532463857564 7.436202159205025E-5
9.268532463857564 0.0
9.268532463857564 0.0
9.268532463857564 0.0
9.268532463857564 0.0
9.268532463857564 0.0
9.268532463857564 0.0
9.268532463857564 0.0
9.268532463857564 0.0
9.268532463857564 0.0
9.268532463857564 0.0
9.268532463857564 0.0
9.268532463857564 0.0
9.268532463857564 0.0
9.268532463857564 0.0
9.268532463857564 0.0
9.268532463857564 0.0
9.268532463857564 0.0
9.268532463857564 0.0
9.268532463857564 0.0
9.268532463857564 0.0
9.268532463857564 0.0
9.268532463857564 0.0
9.268532463857564 0.0
9.268532463857564 0.0
9.268532463857564 0.0
9.268532463857564 0.0
9.268532463857564 0.0
9.268532463857564 0.0
9.268532463857564 0.0
9.268532463857564 0.0
9.268532463857564 0.0
9.268532463857564 0.0
9.268532463857564 0.0
9.268532463857564 0.0
9.268532463857564 0.0
9.268532463857564 0.0
9.268532463857564 0.0
9.268532463857564 0.0
9.268532463857564 0.0
9.268532463857564 0.0
9.268532463857564 0.0
9.268532463857564 0.0
9.268532463857564 0.0
9.268532463857564 0.0
9.268532463857564 0.0
9.268532463857564 0.0
9.268532463857564 0.0
9.268532463857564 0.0
9.268532463857564 0.0
9.268532463857564 0.0
9.268532463857564 0.0
9.268532463857564 0.0
9.268532463857564 0.0
9.268532463857564 0.0
9.268532463857564 0.0
9.268532463857564 0.0
9.268532463857564 0.0
9.268532463857564 0.0
9.268532463857564 0.0
9.268532463857564 0.0
9.268532463857564 0.0
9.268532463857564 0.0
9.268532463857564 0.0
9.268532463857564 0.0
9.268532463857564 0.0
9.268532463857564 0.0
9.268532463857564 0.0
9.268532463857564 0.0
9.268532463857564 0.0
9.268532463857564 0.0
9.268532463857564 0.0
9.268532463857564 0.0
9.268532463857564 0.0
9.268532463857564 0.0
9.268532463857564 0.0
9.268532463857564 0.0
9.268532463857564 0.0
9.268532463857564 0.0
9.268532463857564 0.0
9.268532463857564 0.0
9.268532463857564 0.0
9.268532463857564 0.0
9.268532463857564 0.0
9.268532463857564 0.0
9.268532463857564 0.0
9.268532463857564 0.0
9.268532463857564 0.0
9.268532463857564 0.0
9.268532463857564 0.0
9.268532463857564 0.0
9.268532463857564 0.0
9.268532463857564 0.0
9.268532463857564 0.0
9.268532463857564 0.0
9.268532463857564 0.0
9.268532463857564 0.0
9.268532463857564 0.0
9.268532463857564 0.0
9.268532463857564 0.0
9.268532463857564 0.0
9.268532463857564 0.0
9.268532463857564 0.0
9.268532463857564 0.0
9.268532463857564 0.0
9.268532463857564 0.0
9.268532463857564 0.0
9.268532463857564 0.0
9.268532463857564 0.0
9.268532463857564 0.0
9.268532463857564 0.0
9.268532463857564 0.0
9.268532463857564 0.0
9.268532463857564 0.0
9.268532463857564 0.0
9.268532463857564 0.0
9.268532463857564 0.0
9.268532463857564 0.0
9.268532463857564 0.0
9.268532463857564 0.0
9.268532463857564 0.0
9.268532463857564 0.0
9.268532463857564 0.0
9.268532463857564 0.0
9.268532463857564 0.0
9.268532463857564 0.0
9.268532463857564 0.0
9.268532463857564 0.0
9.268532463857564 0.0
9.268532463857564 0.0
9.268532463857564 0.0
9.268532463857564 0.0
9.268532463857564 0.0
9.268532463857564 0.0
9.268532463857564 0.0
9.268532463857564 0.0
9.268532463857564 0.0
9.268532463857564 0.0
9.268532463857564 0.0
9.268532463857564 0.0
9.268532463857564 0.0
9.268532463857564 0.0
9.268532463857564 0.0
9.268532463857564 0.0
9.268532463857564 0.0
9.268532463857564 0.0
9.268532463857564 0.0
9.268532463857564 0.0
9.268532463857564 0.0
9.268532463857564 0.0
9.268532463857564 0.0
9.268532463857564 0.0
9.268532463857564 0.0
9.268532463857564 0.0
9.268532463857564 0.0
9.268532463857564 0.0
9.268532463857564 0.0
9.268532463857564 0.0
9.268532463857564 0.0
9.268532463857564 0.0
9.268532463857564 0.0
9.268532463857564 0.0
9.268532463857564 0.0
9.268532463857564 0.0
9.268532463857564 0.0
9.268532463857564 0.0
9.268532463857564 0.0
9.268532463857564 0.0
9.268532463857564 0.0
9.268532463857564 0.0
9.268532463857564 0.0
9.268532463857564 0.0
9.268532463857564 0.0
9.268532463857564 0.0
9.268532463857564 0.0
9.268532463857564 0.0
9.268532463857564 0.0
9.268532463857564 0.0
9.268532463857564 0.0
9.268532463857564 0.0
9.268532463857564 0.0
9.268532463857564 0.0
9.268532463857564 0.0
9.268532463857564 0.0
9.268532463857564 0.0
9.268532463857564 0.0
9.268532463857564 0.0
9.268532463857564 0.0
9.268532463857564 0.0
9.268532463857564 0.0
9.268532463857564 0.0
9.268532463857564 0.0
9.268532463857564 0.0
9.268532463857564 0.0
9.268532463857564 0.0
9.268532463857564 0.0
9.268532463857564 0.0
9.268532463857564 0.0
9.268532463857564 0.0
9.268532463857564 0.0
9.268532463857564 0.0
9.268532463857564 0.0
9.268532463857564 0.0
9.268532463857564 0.0
9.268532463857564 0.0
9.268532463857564 0.0
9.268532463857564 0.0
9.268532463857564 0.0
9.268532463857564 0.0
9.268532463857564 0.0
9.268532463857564 0.0
9.268532463857564 0.0
9.268532463857564 0.0
9.268532463857564 0.0
9.268532463857564 0.0
9.268532463857564 0.0
9.268532463857564 0.0
9.268532463857564 0.0
9.268532463857564 0.0
9.268532463857564 0.0
9.268532463857564 0.0
9.268532463857564 0.0
9.268532463857564 0.0
9.268532463857564 0.0
9.268532463857564 0.0
9.268532463857564 0.0
9.268532463857564 0.0
9.268532463857564 0.0
9.268532463857564 0.0
9.268532463857564 0.0
9.268532463857564 0.0
9.268532463857564 0.0
9.268532463857564 0.0
9.268532463857564 0.0
9.268532463857564 0.0
9.268532463857564 0.0
9.268532463857564 0.0
9.268532463857564 0.0
9.268532463857564 0.0
9.268532463857564 0.0
9.268532463857564 0.0
9.268532463857564 0.0
9.268532463857564 0.0
9.268532463857564 0.0
9.268532463857564 0.0
9.268532463857564 0.0
9.268532463857564 0.0
9.268532463857564 0.0
9.268532463857564 0.0
9.268532463857564 0.0
9.268532463857564 0.0
9.268532463857564 0.0
9.268532463857564 0.0
9.268532463857564 0.0
9.268532463857564 0.0
9.268532463857564 0.0
9.268532463857564 0.0
9.268532463857564 0.0
9.268532463857564 0.0
9.268532463857564 0.0
9.268532463857564 0.0
9.268532463857564 0.0
9.268532463857564 0.0
9.268532463857564 0.0
9.268532463857564 0.0
9.268532463857564 0.0
9.268532463857564 0.0
9.268532463857564 0.0
9.268532463857564 0.0
9.268532463857564 0.0
9.268532463857564 0.0
9.268532463857564 0.0
9.268532463857564 0.0
9.268532463857564 0.0
9.268532463857564 0.0
9.268532463857564 0.0
9.268532463857564 0.0
9.268532463857564 0.0
9.268532463857564 0.0
9.268532463857564 0.0
9.268532463857564 0.0
9.268532463857564 0.0
9.268532463857564 0.0
9.268532463857564 0.0
9.268532463857564 0.0
9.268532463857564 0.0
9.268532463857564 0.0
9.268532463857564 0.0
9.268532463857564 0.0
9.268532463857564 0.0
9.268532463857564 0.0
9.268532463857564 0.0
9.268532463857564 0.0
9.268532463857564 0.0
9.268532463857564 0.0
9.268532463857564 0.0
9.268532463857564 0.0
9.28596872479256 3.501361832458773E-5
9.28596872479256 0.0
9.28596872479256 0.0
9.28596872479256 0.0
9.28596872479256 0.0
9.28596872479256 0.0
9.28596872479256 0.0
9.28596872479256 0.0
9.28596872479256 0.0
9.28596872479256 0.0
9.28596872479256 0.0
9.28596872479256 0.0
9.28596872479256 0.0
9.28596872479256 0.0
9.28596872479256 0.0
9.28596872479256 0.0
9.28596872479256 0.0
9.28596872479256 0.0
9.28596872479256 0.0
9.28596872479256 0.0
9.28596872479256 0.0
9.28596872479256 0.0
9.28596872479256 0.0
9.28596872479256 0.0
9.28596872479256 0.0
9.28596872479256 0.0
9.28596872479256 0.0
9.28596872479256 0.0
9.28596872479256 0.0
9.28596872479256 0.0
9.28596872479256 0.0
9.28596872479256 0.0
9.28596872479256 0.0
9.28596872479256 0.0
9.28596872479256 0.0
9.28596872479256 0.0
9.28596872479256 0.0
9.28596872479256 0.0
9.28596872479256 0.0
9.28596872479256 0.0
9.28596872479256 0.0
9.28596872479256 0.0
9.28596872479256 0.0
9.28596872479256 0.0
9.28596872479256 0.0
9.28596872479256 0.0
9.28596872479256 0.0
9.28596872479256 0.0
9.28596872479256 0.0
9.28596872479256 0.0
9.28596872479256 0.0
9.28596872479256 0.0
9.28596872479256 0.0
9.28596872479256 0.0
9.28596872479256 0.0
9.28596872479256 0.0
9.28596872479256 0.0
9.28596872479256 0.0
9.28596872479256 0.0
9.28596872479256 0.0
9.28596872479256 0.0
9.28596872479256 0.0
9.28596872479256 0.0
9.28596872479256 0.0
9.28596872479256 0.0
9.28596872479256 0.0
9.28596872479256 3.501361832458773E-5
9.28596872479256 3.501361832458773E-5
9.28596872479256 3.501361832458773E-5
9.28596872479256 3.501361832458773E-5
9.28596872479256 3.501361832458773E-5
9.28596872479256 3.501361832458773E-5
9.28596872479256 3.501361832458773E-5
9.28596872479256 3.501361832458773E-5
9.28596872479256 3.501361832458773E-5
9.28596872479256 3.501361832458773E-5
9.28596872479256 3.501361832458773E-5
9.28596872479256 3.501361832458773E-5
9.28596872479256 3.501361832458773E-5
9.28596872479256 3.501361832458773E-5
9.28596872479256 3.501361832458773E-5
9.28596872479256 3.501361832458773E-5
9.28596872479256 3.501361832458773E-5
9.28596872479256 3.501361832458773E-5
9.28596872479256 3.501361832458773E-5
9.28596872479256 3.501361832458773E-5
9.28596872479256 3.501361832458773E-5
9.28596872479256 3.501361832458773E-5
9.28596872479256 3.501361832458773E-5
9.28596872479256 3.501361832458773E-5
9.28596872479256 3.501361832458773E-5
9.28596872479256 3.501361832458773E-5
9.28596872479256 3.501361832458773E-5
9.28596872479256 0.0
9.28596872479256 0.0
9.28596872479256 0.0
9.28596872479256 0.0
9.28596872479256 0.0
9.28596872479256 0.0
9.28596872479256 0.0
9.28596872479256 0.0
9.28596872479256 0.0
9.28596872479256 0.0
9.28596872479256 0.0
9.28596872479256 0.0
9.28596872479256 0.0
9.28596872479256 0.0
9.28596872479256 0.0
9.28596872479256 0.0
9.28596872479256 0.0
9.28596872479256 0.0
9.28596872479256 0.0
9.28596872479256 0.0
9.28596872479256 0.0
9.28596872479256 0.0
9.28596872479256 0.0
9.28596872479256 0.0
9.28596872479256 0.0
9.28596872479256 0.0
9.28596872479256 0.0
9.28596872479256 0.0
9.28596872479256 0.0
9.28596872479256 0.0
9.28596872479256 0.0
9.28596872479256 0.0
9.28596872479256 0.0
9.28596872479256 0.0
9.28596872479256 0.0
9.28596872479256 0.0
9.28596872479256 0.0
9.28596872479256 0.0
9.28596872479256 0.0
9.28596872479256 0.0
9.28596872479256 0.0
9.28596872479256 0.0
9.28596872479256 0.0
9.28596872479256 0.0
9.28596872479256 0.0
9.28596872479256 0.0
9.28596872479256 0.0
9.28596872479256 0.0
9.28596872479256 0.0
9.28596872479256 0.0
9.28596872479256 0.0
9.28596872479256 0.0
9.28596872479256 0.0
9.28596872479256 0.0
9.28596872479256 0.0
9.28596872479256 0.0
9.28596872479256 0.0
9.28596872479256 0.0
9.28596872479256 0.0
9.28596872479256 0.0
9.28596872479256 0.0
9.28596872479256 0.0
9.28596872479256 0.0
9.28596872479256 0.0
9.28596872479256 0.0
9.28596872479256 0.0
9.28596872479256 0.0
9.28596872479256 0.0
9.28596872479256 0.0
9.28596872479256 0.0
9.28596872479256 0.0
9.28596872479256 0.0
9.28596872479256 0.0
9.28596872479256 0.0
9.28596872479256 0.0
9.28596872479256 0.0
9.28596872479256 0.0
9.28596872479256 0.0
9.28596872479256 0.0
9.28596872479256 0.0
9.28596872479256 0.0
9.28596872479256 0.0
9.28596872479256 0.0
9.28596872479256 0.0
9.28596872479256 0.0
9.28596872479256 0.0
9.28596872479256 0.0
9.28596872479256 0.0
9.28596872479256 0.0
9.28596872479256 0.0
9.28596872479256 0.0
9.28596872479256 0.0
9.28596872479256 0.0
9.28596872479256 0.0
9.28596872479256 0.0
9.28596872479256 0.0
9.28596872479256 0.0
9.28596872479256 0.0
9.28596872479256 0.0
9.28596872479256 0.0
9.28596872479256 0.0
9.28596872479256 0.0
9.28596872479256 0.0
9.28596872479256 0.0
9.28596872479256 0.0
9.28596872479256 0.0
9.28596872479256 0.0
9.28596872479256 0.0
9.28596872479256 0.0
9.28596872479256 0.0
9.28596872479256 0.0
9.28596872479256 0.0
9.28596872479256 0.0
9.28596872479256 0.0
9.28596872479256 0.0
9.28596872479256 0.0
9.28596872479256 0.0
9.28596872479256 0.0
9.28596872479256 0.0
9.28596872479256 0.0
9.28596872479256 0.0
9.28596872479256 0.0
9.28596872479256 0.0
9.28596872479256 0.0
9.28596872479256 0.0
9.28596872479256 0.0
9.28596872479256 0.0
9.28596872479256 0.0
9.28596872479256 0.0
9.28596872479256 0.0
9.28596872479256 0.0
9.28596872479256 0.0
9.28596872479256 0.0
9.28596872479256 0.0
9.28596872479256 0.0
9.28596872479256 0.0
9.28596872479256 0.0
9.28596872479256 0.0
9.28596872479256 0.0
9.28596872479256 0.0
9.28596872479256 0.0
9.28596872479256 0.0
9.28596872479256 0.0
9.28596872479256 0.0
9.28596872479256 0.0
9.28596872479256 0.0
9.28596872479256 0.0
9.28596872479256 0.0
9.28596872479256 0.0
9.28596872479256 0.0
9.28596872479256 0.0
9.28596872479256 0.0
9.28596872479256 0.0
9.28596872479256 0.0
9.28596872479256 0.0
9.28596872479256 0.0
9.28596872479256 0.0
9.28596872479256 0.0
9.28596872479256 0.0
9.28596872479256 0.0
9.28596872479256 0.0
9.28596872479256 0.0
9.28596872479256 0.0
9.28596872479256 0.0
9.28596872479256 0.0
9.28596872479256 0.0
9.28596872479256 0.0
9.28596872479256 0.0
9.28596872479256 0.0
9.28596872479256 0.0
9.28596872479256 0.0
9.28596872479256 0.0
9.28596872479256 0.0
9.28596872479256 0.0
9.28596872479256 0.0
9.28596872479256 0.0
9.28596872479256 0.0
9.28596872479256 0.0
9.28596872479256 0.0
9.28596872479256 0.0
9.28596872479256 0.0
9.28596872479256 0.0
9.28596872479256 0.0
9.28596872479256 0.0
9.28596872479256 0.0
9.28596872479256 0.0
9.28596872479256 0.0
9.28596872479256 0.0
9.28596872479256 0.0
9.28596872479256 0.0
9.28596872479256 0.0
9.28596872479256 0.0
9.28596872479256 0.0
9.28596872479256 0.0
9.28596872479256 0.0
9.28596872479256 0.0
9.28596872479256 0.0
9.28596872479256 0.0
9.28596872479256 0.0
9.28596872479256 0.0
9.28596872479256 0.0
9.28596872479256 0.0
9.28596872479256 0.0
9.28596872479256 0.0
9.28596872479256 0.0
9.28596872479256 0.0
9.28596872479256 0.0
9.28596872479256 0.0
9.28596872479256 0.0
9.28596872479256 0.0
9.28596872479256 0.0
9.28596872479256 0.0
9.28596872479256 0.0
9.28596872479256 0.0
9.28596872479256 0.0
9.28596872479256 0.0
9.28596872479256 0.0
9.28596872479256 0.0
9.28596872479256 0.0
9.28596872479256 0.0
9.28596872479256 0.0
9.28596872479256 0.0
9.28596872479256 0.0
9.28596872479256 0.0
9.28596872479256 0.0
9.28596872479256 0.0
9.28596872479256 0.0
9.28596872479256 0.0
9.28596872479256 0.0
9.28596872479256 0.0
9.28596872479256 0.0
9.28596872479256 0.0
9.28596872479256 0.0
9.28596872479256 0.0
9.28596872479256 0.0
9.28596872479256 0.0
9.28596872479256 0.0
9.28596872479256 0.0
9.28596872479256 0.0
9.28596872479256 0.0
9.28596872479256 0.0
9.28596872479256 0.0
9.28596872479256 0.0
9.28596872479256 0.0
9.28596872479256 0.0
9.28596872479256 0.0
9.28596872479256 0.0
9.28596872479256 0.0
9.28596872479256 0.0
9.28596872479256 0.0
9.28596872479256 0.0
9.28596872479256 0.0
9.28596872479256 0.0
9.28596872479256 0.0
9.28596872479256 0.0
9.28596872479256 0.0
9.28596872479256 0.0
9.28596872479256 0.0
9.28596872479256 0.0
9.28596872479256 0.0
9.28596872479256 0.0
9.28596872479256 0.0
9.28596872479256 0.0
9.28596872479256 0.0
9.28596872479256 0.0
9.28596872479256 0.0
9.28596872479256 0.0
9.28596872479256 0.0
9.28596872479256 0.0
9.28596872479256 0.0
9.28596872479256 0.0
9.28596872479256 0.0
9.28596872479256 0.0
9.28596872479256 0.0
9.28596872479256 0.0
9.28596872479256 0.0
9.28596872479256 0.0
9.28596872479256 0.0
9.28596872479256 0.0
9.28596872479256 0.0
9.28596872479256 0.0
9.28596872479256 0.0
9.28596872479256 0.0
9.28596872479256 0.0
9.28596872479256 0.0
9.28596872479256 0.0
9.28596872479256 0.0
9.28596872479256 0.0
9.28596872479256 0.0
9.28596872479256 0.0
9.28596872479256 0.0
9.28596872479256 0.0
9.28596872479256 0.0
9.28596872479256 0.0
9.28596872479256 0.0
9.28596872479256 0.0
9.28596872479256 0.0
9.28596872479256 0.0
9.28596872479256 0.0
9.28596872479256 0.0
9.28596872479256 0.0
9.28596872479256 0.0
9.28596872479256 0.0
9.28596872479256 0.0
9.28596872479256 0.0
9.28596872479256 0.0
9.28596872479256 0.0
9.28596872479256 0.0
9.28596872479256 0.0
9.28596872479256 0.0
9.28596872479256 0.0
9.28596872479256 0.0
9.28596872479256 0.0
9.28596872479256 0.0
9.28596872479256 0.0
9.28596872479256 0.0
9.28596872479256 0.0
9.28596872479256 0.0
9.28596872479256 0.0
9.28596872479256 0.0
9.28596872479256 0.0
9.28596872479256 0.0
9.28596872479256 0.0
9.28596872479256 0.0
9.28596872479256 0.0
9.28596872479256 0.0
9.28596872479256 0.0
9.28596872479256 0.0
9.28596872479256 0.0
9.28596872479256 0.0
9.28596872479256 0.0
9.28596872479256 0.0
9.28596872479256 0.0
9.28596872479256 0.0
9.28596872479256 0.0
9.28596872479256 0.0
9.28596872479256 0.0
9.28596872479256 0.0
9.28596872479256 0.0
9.28596872479256 0.0
9.28596872479256 0.0
9.28596872479256 0.0
9.28596872479256 0.0
9.28596872479256 0.0
9.28596872479256 0.0
9.28596872479256 0.0
9.28596872479256 0.0
9.28596872479256 0.0
9.28596872479256 0.0
9.28596872479256 0.0
9.28596872479256 0.0
9.28596872479256 0.0
9.28596872479256 0.0
9.28596872479256 0.0
9.28596872479256 0.0
9.28596872479256 0.0
9.28596872479256 0.0
9.28596872479256 0.0
9.28596872479256 0.0
9.28596872479256 0.0
9.28596872479256 0.0
9.28596872479256 0.0
9.28596872479256 0.0
Score: 9.28596872479256
Runtime: 1130ms
