7.217120811826526E-9 6.714166530597986
7.217120811826526E-9 6.021281307066992
7.846818286342721E-7 5.2419945635436695
3.2247476059030384E-6 4.9794950468535415
9.865315530770446E-6 4.802327992363005
9.865315530770446E-6 4.815103658391002
7.517218590053846E-5 4.361802643384191
7.517218590053846E-5 4.327151582489787
9.660864174208246E-5 4.135745585708064
9.660864174208246E-5 4.033727761107553
9.660864174208246E-5 3.9596767197239178
0.005702652958809281 3.873666577618169
0.005702652958809281 3.9420950858752195
0.005702652958809281 3.556789261063271
0.005702652958809281 3.668183509301762
0.005702652958809281 3.4631606394469037
0.015336095020247197 3.3069341631855753
0.015336095020247197 3.1842852732864086
0.015336095020247197 3.399416584113481
0.015336095020247197 3.2128265930463646
0.015336095020247197 3.308243010143839
0.015336095020247197 3.320925674534633
0.017634255498811254 3.4486864849000995
0.02282130057646506 3.54251938359672
0.03671247779984604 3.3758016992052458
0.056160965703048675 3.176103599412128
0.056160965703048675 3.124297126104303
0.056160965703048675 2.893717519322292
0.056160965703048675 2.7871345227916198
0.15726268521449624 2.509191107703194
0.15726268521449624 2.1912547774694833
0.6305993548390453 2.215198952409068
0.6305993548390453 2.227669195338761
0.6305993548390453 2.1627950143349453
0.6305993548390453 1.9838136612120507
0.6305993548390453 1.9389637404499696
0.6305993548390453 1.8000336058236948
0.6305993548390453 2.061254235510091
0.6305993548390453 1.9845562412999649
0.6305993548390453 1.927828595827548
0.6305993548390453 1.7783334028057238
0.6305993548390453 1.8471668448191927
2.0235522259742966 1.7072306212555657
2.0235522259742966 1.6244997023346601
2.0235522259742966 1.7579512153075982
2.0235522259742966 1.724553150089653
2.0235522259742966 1.7969091873109513
2.0235522259742966 1.7489444815476067
2.0235522259742966 1.681574446480317
2.0235522259742966 1.4815219814473877
2.0235522259742966 1.4080591395463258
2.0235522259742966 1.2835240998057342
2.0235522259742966 1.1406692711889819
2.0235522259742966 0.9762031643905842
2.35839622318373 0.9369349856506125
2.35839622318373 0.923282624178768
2.35839622318373 0.8482745413207433
2.35839622318373 0.7956536082589798
2.35839622318373 0.788669190064523
2.35839622318373 0.7607795035519562
2.35839622318373 0.7491350909340846
2.35839622318373 0.7240388048910138
2.35839622318373 0.6246715140759662
2.35839622318373 0.7454848788153313
2.35839622318373 0.7013945795840916
2.35839622318373 0.7304622362312918
2.35839622318373 0.7994588920116573
2.35839622318373 0.7530157039512885
2.6668780660588927 0.7562965133507201
2.6668780660588927 0.764692120289029
2.6668780660588927 0.7633569113318669
2.6668780660588927 0.7415300072621114
2.6668780660588927 0.8027693186773281
2.6668780660588927 0.7295291949041065
2.6668780660588927 0.772863127141738
2.6668780660588927 0.697625490901208
2.6668780660588927 0.66621615272459
2.6668780660588927 0.643326396385546
2.6668780660588927 0.5559111164442768
2.6668780660588927 0.5788459152162565
2.6668780660588927 0.5168169057039654
2.6668780660588927 0.4565984911931995
2.6838627772416945 0.4631719525198222
2.6838627772416945 0.49172580797543425
2.6838627772416945 0.4648487912335843
2.6838627772416945 0.4145709664800781
2.6838627772416945 0.3331054182540734
2.6838627772416945 0.2708351178308158
2.6838627772416945 0.3118872086451567
2.6838627772416945 0.302982084662627
2.6838627772416945 0.279538915203945
2.6838627772416945 0.26089441484482884
2.6838627772416945 0.2608944148448289
2.6838627772416945 0.2126305445119732
2.6838627772416945 0.16961235180453138
2.6838627772416945 0.19454338035427007
2.6838627772416945 0.23223087829482772
2.6838627772416945 0.20494964339906352
2.6838627772416945 0.17667265465268878
2.6838627772416945 0.14436764188723342
2.6838627772416945 0.14436764188723342
2.6838627772416945 0.14360112003557682
2.6838627772416945 0.16116848852617274
2.6838627772416945 0.18204475777273946
3.254999920347635 0.19092228052548557
3.254999920347635 0.17489062967823352
3.254999920347635 0.17489062967823352
3.254999920347635 0.16126184628664877
3.254999920347635 0.1616203146269535
3.254999920347635 0.1295656543235548
3.641756160489964 0.1624233565977528
3.641756160489964 0.17563450568816516
3.641756160489964 0.1592540015526703
3.641756160489964 0.14160822660529834
3.641756160489964 0.14160822660529834
3.641756160489964 0.15088583001051692
3.641756160489964 0.10421539534160576
3.641756160489964 0.10421539534160576
3.641756160489964 0.12202684806215881
3.641756160489964 0.126577372399187
3.641756160489964 0.09771920176725678
3.641756160489964 0.09351352991922633
3.641756160489964 0.08873854382874416
3.641756160489964 0.07946183386311777
3.641756160489964 0.05687626714649127
4.147242572114303 0.06463634503485255
4.147242572114303 0.07237285241569617
4.147242572114303 0.07237285241569617
4.147242572114303 0.07237285241569617
4.147242572114303 0.08418050419371965
4.147242572114303 0.11002397543228809
4.147242572114303 0.10766460911231547
4.147242572114303 0.10766460911231544
4.147242572114303 0.09585695733429196
4.147242572114303 0.09585695733429198
4.147242572114303 0.10334185648049456
4.147242572114303 0.09254760626022385
4.609662888069541 0.10321310722304596
4.609662888069541 0.11470608618667553
4.609662888069541 0.10772982263540093
4.609662888069541 0.10772982263540093
4.609662888069541 0.0712208504340104
4.609662888069541 0.0712208504340104
4.624645693546546 0.08076897583886453
4.624645693546546 0.09867718927732844
4.624645693546546 0.08913614492542807
4.624645693546546 0.10441926462411835
4.624645693546546 0.10441926462411835
4.624645693546546 0.11112216341566368
5.177931274944838 0.12174936215445031
5.177931274944838 0.10866269198717311
5.177931274944838 0.09337957228848287
5.177931274944838 0.09337957228848287
5.177931274944838 0.08985754606861503
5.177931274944838 0.09881630680210332
5.177931274944838 0.10893244052272527
5.177931274944838 0.10183334385064377
5.2095417439996226 0.11515170947001453
5.2095417439996226 0.09216663467622256
5.2095417439996226 0.093626458397022
5.2095417439996226 0.093626458397022
5.2095417439996226 0.10779914816180064
5.2095417439996226 0.10779914816180064
5.2095417439996226 0.10169150544840645
5.2095417439996226 0.11156267076340737
5.2095417439996226 0.10169150544840645
5.2095417439996226 0.10169150544840644
5.2095417439996226 0.10169150544840645
5.2095417439996226 0.0818804152022965
5.239971719940907 0.09040419810813562
5.239971719940907 0.09116306083106646
5.239971719940907 0.09116306083106646
5.239971719940907 0.08146859891721704
5.635467417705847 0.0641526592541158
5.635467417705847 0.0644929076675018
5.635467417705847 0.05770404305966695
5.635467417705847 0.05770404305966696
5.635467417705847 0.06724508741156729
5.635467417705847 0.06724508741156729
5.635467417705847 0.06724508741156729
5.635467417705847 0.06724508741156729
5.635467417705847 0.06918255844652958
5.635467417705847 0.07061350411197545
5.635467417705847 0.07672114682536964
5.635467417705847 0.06302359815528122
5.635467417705847 0.06197602436064211
5.635467417705847 0.06531770263106702
5.635467417705847 0.05386740066225545
5.635467417705847 0.0594485780806221
5.635467417705847 0.06631848332390497
5.635467417705847 0.056133135749547126
5.635467417705847 0.05613313574954712
5.635467417705847 0.04810896557619449
5.981991369746304 0.05228549963409369
5.981991369746304 0.03366293454937309
5.981991369746304 0.027688186282286247
5.981991369746304 0.027688186282286247
5.981991369746304 0.03398342594103495
5.981991369746304 0.03398342594103495
5.981991369746304 0.02993283950317094
5.981991369746304 0.022383898343048447
5.981991369746304 0.022383898343048447
5.981991369746304 0.022383898343048447
5.981991369746304 0.03316517127740903
5.981991369746304 0.03316517127740903
5.981991369746304 0.03316517127740903
5.981991369746304 0.03316517127740903
5.981991369746304 0.039701527846665675
5.981991369746304 0.03337060501698788
5.981991369746304 0.03337060501698788
5.981991369746304 0.03337060501698788
5.981991369746304 0.033243125861191436
5.981991369746304 0.0391634470705243
5.981991369746304 0.0391634470705243
6.143013941311652 0.05447802171008059
6.143013941311652 0.05447802171008061
6.143013941311652 0.05447802171008059
6.143013941311652 0.04333645753428694
6.143013941311652 0.036813263116371224
6.143013941311652 0.044229920206990216
6.143013941311652 0.022292834899091386
6.143013941311652 0.022292834899091386
6.143013941311652 0.015498017672328397
6.143013941311652 0.029852533108096786
6.143013941311652 0.021771172526387387
6.143013941311652 0.01519979587971841
6.143013941311652 0.01519979587971841
6.143013941311652 0.026563719722565767
6.143013941311652 0.026563719722565767
6.143013941311652 0.026563719722565767
6.143013941311652 0.02430754458901288
6.143013941311652 0.02430754458901288
6.3669728406591 0.02622055640108585
6.3669728406591 0.02622055640108585
6.72665576237407 0.02661939706882953
6.72665576237407 0.02661939706882953
6.72665576237407 0.02661939706882953
6.72665576237407 0.02661939706882953
6.72665576237407 0.02661939706882953
6.72665576237407 0.02661939706882953
6.72665576237407 0.02661939706882953
6.72665576237407 0.02661939706882953
6.72665576237407 0.02661939706882953
6.72665576237407 0.02661939706882953
6.977561656155094 0.022565837650440436
6.977561656155094 0.022565837650440436
6.977561656155094 0.022565837650440436
6.977561656155094 0.007416657090618997
6.977561656155094 0.013881369701030497
6.977561656155094 0.018054380164793146
6.977561656155094 0.010637723074174146
6.977561656155094 0.006464712610411499
6.977561656155094 0.0
6.977561656155094 0.0
6.977561656155094 0.0
6.977561656155094 0.0
6.977561656155094 0.0
6.977561656155094 0.0
6.977561656155094 0.0
6.977561656155094 0.0
6.977561656155094 0.0
6.977561656155094 0.0
6.977561656155094 0.0
6.977561656155094 0.0
6.977561656155094 0.0
7.159635609119147 0.0019857992158572326
7.159635609119147 0.003957439333329301
7.159635609119147 0.006582438103610731
7.159635609119147 0.006582438103610731
7.159635609119147 0.010217645278722803
7.159635609119147 0.006582438103610731
7.159635609119147 0.006582438103610731
7.159635609119147 0.011859530608558981
7.159635609119147 0.009965293877765345
7.159635609119147 0.009965293877765345
7.159635609119147 0.009965293877765345
7.159635609119147 0.007340295107483916
7.159635609119147 0.007340295107483916
7.623358211649794 0.011347438493645253
7.623358211649794 0.008613350990284223
7.623358211649794 0.008613350990284223
7.623358211649794 0.015460481388573961
7.623358211649794 0.011090655460162859
7.623358211649794 0.008356567956801831
7.623358211649794 0.0096742996497621
7.623358211649794 0.007766227441737315
7.623358211649794 0.007766227441737315
7.623358211649794 0.012787973149873916
7.623358211649794 0.012015727402959248
7.623358211649794 0.012015727402959248
7.623358211649794 0.010029928187102017
7.623358211649794 0.01193753658304706
7.623358211649794 0.016781197794383237
7.623358211649794 0.018328078929367338
7.623358211649794 0.018328078929367338
7.623358211649794 0.02012448010599284
7.623358211649794 0.017960515077189914
7.623358211649794 0.01796051507718991
7.623358211649794 0.024878047393637383
7.623358211649794 0.018424423301475902
7.623358211649794 0.018424423301475902
7.754641138099939 0.019247626162132332
7.754641138099939 0.019247626162132332
7.754641138099939 0.022411769533799118
7.754641138099939 0.0264895990928121
7.754641138099939 0.026489599092812094
7.754641138099939 0.020245827283358584
7.754641138099939 0.02012364093472463
7.754641138099939 0.02012364093472463
7.754641138099939 0.02012364093472463
7.754641138099939 0.02012364093472463
7.754641138099939 0.0248589736301925
7.754641138099939 0.027593061133553528
7.754641138099939 0.0248589736301925
7.754641138099939 0.021961416665480186
7.754641138099939 0.023855653396273813
7.754641138099939 0.022513280309239287
7.754641138099939 0.021190185554838065
7.754641138099939 0.019972249675823325
7.754641138099939 0.01722271619621269
7.754641138099939 0.01722271619621269
7.754641138099939 0.01984771496649412
7.754641138099939 0.01984771496649412
7.754641138099939 0.01984771496649412
7.754641138099939 0.019699707117221285
7.754641138099939 0.01969970711722129
7.754641138099939 0.022312343634890257
7.754641138099939 0.024584887129058316
7.754641138099939 0.021972250611389348
7.754641138099939 0.021972250611389348
7.90977800378503 0.022776502561336866
7.90977800378503 0.015419116396990886
7.90977800378503 0.015419116396990886
7.90977800378503 0.013294020879404988
7.90977800378503 0.013294020879404988
7.90977800378503 0.015284154527465956
7.90977800378503 0.015284154527465956
7.9399154082419 0.01643474637050971
7.9399154082419 0.01643474637050971
7.9399154082419 0.01929755822529498
7.9399154082419 0.020052941598987024
7.9399154082419 0.01753736661755056
7.9399154082419 0.01078645171116261
7.9399154082419 0.011144443494317775
7.9399154082419 0.011144443494317775
7.9399154082419 0.011144443494317775
7.9399154082419 0.011144443494317775
7.9399154082419 0.01054860421571794
7.9399154082419 0.01054860421571794
7.9399154082419 0.009982116884281184
7.9399154082419 0.01045969811553819
7.9399154082419 0.007941425114316994
7.9399154082419 0.007941425114316994
7.9399154082419 0.007941425114316994
7.9399154082419 0.007941425114316994
7.9399154082419 0.007941425114316994
7.9399154082419 0.007941425114316994
7.9399154082419 0.007941425114316994
7.9399154082419 0.005919581988222682
7.9399154082419 0.0043015234674285635
8.037330160576476 0.0057325836880913715
8.037330160576476 0.0010392276985581109
8.224873511347242 0.006689635568586311
8.224873511347242 0.003250458021956003
8.224873511347242 0.003250458021956003
8.224873511347242 0.003250458021956003
8.224873511347242 0.003250458021956003
8.224873511347242 0.004291174055995833
8.224873511347242 0.004291174055995833
8.288324193214224 0.004651063134608549
8.288324193214224 0.004768755287252837
8.288324193214224 0.00513521332462134
8.288324193214224 0.0052417213168056654
8.52251427933562 0.005847476610030231
8.52251427933562 0.004685129355648287
8.52251427933562 0.006327782952155591
8.52251427933562 0.007758843172818398
8.52251427933562 0.007244036364313372
8.52251427933562 0.0061435276620766255
8.52251427933562 0.006143527662076625
8.52251427933562 0.006143527662076625
8.52251427933562 0.005873618577419182
8.52251427933562 0.0058736185774191825
8.52251427933562 0.005873618577419182
8.52251427933562 0.005927802084114439
8.52251427933562 0.005733743981659573
8.52251427933562 0.005550781100380249
8.52251427933562 0.0052341321180274045
8.52251427933562 0.00613079765377263
8.52251427933562 0.006044129307292192
8.52251427933562 0.005566653877008399
8.52251427933562 0.005566653877008399
8.587693851228446 0.005777450092747288
8.587693851228446 0.005777450092747287
8.587693851228446 0.005777450092747288
8.587693851228446 0.006140686871409998
8.587693851228446 0.006140686871409998
8.587693851228446 0.006140686871409997
8.587693851228446 0.005166211493756896
8.587693851228446 0.005166211493756896
8.587693851228446 0.005789470863819022
8.587693851228446 0.004836488759369636
8.587693851228446 0.005761321488277387
8.587693851228446 0.006398055190416367
8.587693851228446 0.005789024072762351
8.587693851228446 0.005732923208735605
8.587693851228446 0.005732923208735605
8.587693851228446 0.0054510020193891265
8.587693851228446 0.005037395921466139
8.649747903192571 0.005219882999944005
8.649747903192571 0.005219882999944005
8.649747903192571 0.00598165632995777
8.649747903192571 0.006243789146377222
8.649747903192571 0.007577644375083136
8.649747903192571 0.007493077194257164
8.649747903192571 0.007337855254251045
8.649747903192571 0.0065363503489046645
8.649747903192571 0.006622539255634191
8.649747903192571 0.006160068083981405
8.649747903192571 0.006058867689107914
8.649747903192571 0.005913757450808937
8.649747903192571 0.0039192778699946714
8.649747903192571 0.003202860188478427
8.649747903192571 0.003202860188478427
8.649747903192571 0.0026471030576664272
8.649747903192571 0.0017499732418660928
8.649747903192571 0.0017499732418660928
8.649747903192571 0.0015227616788764246
8.649747903192571 0.0015227616788764246
8.649747903192571 0.0018322080349063119
8.649747903192571 0.0018322080349063119
8.649747903192571 0.0018322080349063119
8.649747903192571 0.001528367293369172
8.649747903192571 0.0015283672933691717
8.649747903192571 0.0014447944175105484
8.649747903192571 0.0011535342889994428
8.680375272544678 0.0012554010330284614
8.680375272544678 0.00144507889006753
8.680375272544678 0.00144507889006753
8.680375272544678 0.0014450788900675301
8.680375272544678 0.0015399509634761574
8.680375272544678 0.0015399509634761574
8.680375272544678 0.0015399509634761574
8.680375272544678 0.0015399509634761576
8.680375272544678 0.0015399509634761574
8.680375272544678 0.0013663686411850345
8.680375272544678 0.0015122478186861397
8.680375272544678 0.0012892511475845172
8.692169683378948 8.920455088320934E-4
8.692169683378948 5.750292420124902E-4
8.692169683378948 5.750292420124902E-4
8.692169683378948 6.723033213885757E-4
8.692169683378948 8.51185217718992E-4
8.692169683378948 8.51185217718992E-4
8.700958449400126 0.0011003073586597428
8.700958449400126 9.793331544160364E-4
8.700958449400126 8.747930366758104E-4
8.700958449400126 5.721454498954337E-4
8.732212340749028 5.546670324589951E-4
8.732212340749028 7.475613005290834E-4
8.73665040540706 8.414029104523599E-4
8.73665040540706 0.0011066483809980684
8.793489162809113 0.0012795416780054217
8.799298739521223 0.001317647370746303
8.799298739521223 0.0014955004972123376
8.799298739521223 0.0014122701517698883
8.799298739521223 0.001301154012394466
8.799298739521223 0.001018192404605719
8.799298739521223 0.0011808813710162639
8.799298739521223 0.00118658795553914
8.799298739521223 9.015262606684894E-4
8.799298739521223 0.0010286769273456912
8.799298739521223 0.001174556104846796
8.799298739521223 0.0010175088739469676
8.799298739521223 0.0010175088739469676
8.799298739521223 0.0010175088739469676
8.799298739521223 0.0010175088739469676
8.799298739521223 0.0010862072433585935
8.799298739521223 0.0010862072433585935
8.799298739521223 0.0010862072433585935
8.799298739521223 0.0011996617921846099
8.799298739521223 0.0011996617921846099
8.799298739521223 0.00119694073713838
8.799298739521223 0.0014716846493860686
8.799298739521223 0.001566564759141493
8.799298739521223 0.0015302134080392297
8.801186415434728 0.0015764532686269577
8.801186415434728 0.0016042791422035659
8.801186415434728 0.001712455023538833
8.82075032849238 0.0018360540842761233
8.82075032849238 0.001846979903014962
8.82075032849238 0.0016772782262240468
8.82075032849238 0.0017733311293213734
8.838067489454938 0.0020248176872441036
8.838067489454938 0.001907002049065535
8.838067489454938 0.001907293413381719
8.838067489454938 0.001907293413381719
8.838067489454938 0.0018960921682033573
8.838067489454938 0.0017220864752826954
8.849259825119285 0.0016887485010171324
8.849259825119285 0.0016403311616724344
8.849259825119285 0.0014673436515434046
8.849259825119285 0.001372572526905359
8.849259825119285 0.0012331872996799447
8.849259825119285 0.0010347923677440879
8.849259825119285 0.0010480863626375647
8.849259825119285 0.0011191650796493623
8.849259825119285 0.0013240751728109622
8.849259825119285 0.00128539981580131
8.849259825119285 0.0012210589304781333
8.849259825119285 0.0011442104338004572
8.849259825119285 0.0012056393215785467
8.851740425469824 0.0010820944393593118
8.851740425469824 9.773911202108374E-4
8.851740425469824 9.200138712787809E-4
8.851740425469824 5.974958636903653E-4
8.851740425469824 7.153002860969537E-4
8.851740425469824 7.153002860969537E-4
8.851740425469824 7.205640679489371E-4
8.875074401532055 6.619755644247153E-4
8.875074401532055 6.897466534717344E-4
8.875074401532055 7.030805055336058E-4
8.875074401532055 6.811329474601072E-4
8.875074401532055 7.131084979499721E-4
8.875074401532055 7.131084979499721E-4
8.875074401532055 7.131084979499721E-4
8.875074401532055 7.131084979499721E-4
8.875074401532055 6.120324358741598E-4
8.882385434838646 6.574265135846126E-4
8.882385434838646 5.967708099990022E-4
8.882385434838646 5.967708099990022E-4
8.882385434838646 5.068639379486485E-4
8.882385434838646 4.830557124898322E-4
8.882385434838646 4.6057027933039436E-4
8.882385434838646 5.622717051810868E-4
8.882385434838646 5.462113983031438E-4
8.882385434838646 5.462113983031438E-4
8.882385434838646 5.036784335652829E-4
8.882385434838646 4.439910063963931E-4
8.882385434838646 4.4398920006462957E-4
8.882385434838646 5.994974913461625E-4
8.882385434838646 5.726463275763033E-4
8.882385434838646 6.557098564424349E-4
8.882385434838646 6.324435727147938E-4
8.882385434838646 6.361792853030617E-4
8.882385434838646 5.633125976186882E-4
8.882385434838646 5.633125976186882E-4
8.882385434838646 5.070549922369144E-4
8.882385434838646 5.86186237180418E-4
8.882385434838646 6.205493274881172E-4
8.882385434838646 6.205493274881172E-4
8.882385434838646 5.747907690483201E-4
8.882385434838646 5.050164588684918E-4
8.882385434838646 4.914684550145479E-4
8.882385434838646 4.878285564346444E-4
8.882385434838646 4.62038200384519E-4
8.882385434838646 4.62038200384519E-4
8.882385434838646 3.8207255594321655E-4
8.882385434838646 4.1160280935594756E-4
8.882385434838646 3.931353628463752E-4
8.882385434838646 3.747040643076467E-4
8.882385434838646 3.515556223066287E-4
8.882385434838646 3.1055285750623905E-4
8.882385434838646 2.1141518159227906E-4
8.882385434838646 2.1141518159227906E-4
8.882385434838646 1.7748350131361755E-4
8.882385434838646 1.774835013136175E-4
8.882385434838646 1.774835013136175E-4
8.882385434838646 1.4761575720636995E-4
8.882385434838646 9.9987766914368E-5
8.886401347039032 1.6995733580049826E-4
8.886401347039032 9.096021336711685E-5
8.886401347039032 9.096021336711685E-5
8.886401347039032 9.096021336711685E-5
8.886401347039032 1.2697234407827633E-4
8.886401347039032 1.2697234407827633E-4
8.886401347039032 1.5469350769324933E-4
8.886401347039032 1.5469350769324933E-4
8.886401347039032 9.974542503729194E-5
8.886401347039032 9.974542503729194E-5
8.886401347039032 1.1051929566823156E-4
8.886401347039032 8.279813205325859E-5
8.886401347039032 8.279813205325859E-5
8.886401347039032 1.038237591916542E-4
8.886401347039032 1.038237591916542E-4
8.886401347039032 7.850434905050708E-5
8.886401347039032 7.850434905050708E-5
8.886401347039032 6.773047841956748E-5
8.886401347039032 6.773047841956748E-5
8.886401347039032 6.773047841956748E-5
8.886401347039032 6.773047841956748E-5
8.886401347039032 6.773047841956748E-5
8.886401347039032 2.1025627138395617E-5
8.891020596383887 4.310982839901282E-5
8.89575434032949 5.599259829771214E-5
8.89575434032949 5.599259829771214E-5
8.89575434032949 2.2084201260617195E-5
8.89575434032949 0.0
8.89575434032949 0.0
8.89575434032949 0.0
8.89575434032949 1.0195927762296702E-4
8.89575434032949 8.868641128216651E-5
8.89575434032949 9.875734174954222E-5
8.89575434032949 9.875734174954222E-5
8.89575434032949 9.875734174954222E-5
8.89575434032949 9.875734174954222E-5
8.89575434032949 8.868641128216651E-5
8.89575434032949 8.868641128216651E-5
8.89575434032949 8.868641128216651E-5
8.89575434032949 8.868641128216651E-5
8.89575434032949 9.58779229771918E-5
8.89575434032949 9.58779229771918E-5
8.89575434032949 9.58779229771918E-5
8.89575434032949 9.58779229771918E-5
8.89575434032949 9.58779229771918E-5
8.89575434032949 9.58779229771918E-5
8.89575434032949 9.58779229771918E-5
8.89575434032949 9.58779229771918E-5
8.89575434032949 9.58779229771918E-5
8.89575434032949 1.0604330094682203E-4
8.89575434032949 2.033075593926048E-5
8.89575434032949 2.033075593926048E-5
8.89575434032949 1.0070930467375708E-5
8.89575434032949 1.0070930467375708E-5
8.89575434032949 2.310557963054734E-5
8.89575434032949 2.310557963054734E-5
8.89575434032949 3.159402009876784E-5
8.89575434032949 2.310557963054734E-5
8.89575434032949 3.716808785757317E-5
8.89575434032949 3.716808785757317E-5
8.89575434032949 3.716808785757317E-5
8.89575434032949 3.716808785757317E-5
8.89575434032949 3.716808785757317E-5
8.89575434032949 2.794650883018517E-5
8.89575434032949 2.794650883018517E-5
8.89575434032949 2.794650883018517E-5
8.89575434032949 2.794650883018517E-5
8.905550922033607 3.435863759142511E-5
8.905550922033607 3.435863759142511E-5
8.905550922033607 3.435863759142511E-5
8.905550922033607 3.435863759142511E-5
8.905550922033607 3.435863759142511E-5
8.905550922033607 3.435863759142511E-5
8.905550922033607 3.435863759142511E-5
8.905550922033607 3.435863759142511E-5
8.905550922033607 1.821174979025177E-5
8.905550922033607 5.000098089525972E-5
8.905550922033607 5.000098089525972E-5
8.905550922033607 5.000098089525972E-5
8.905550922033607 2.7916779634642525E-5
8.905550922033607 2.7916779634642525E-5
8.905550922033607 2.7916779634642525E-5
8.905550922033607 2.7916779634642525E-5
8.905550922033607 2.7916779634642525E-5
8.905550922033607 2.7916779634642525E-5
8.905550922033607 2.7916779634642525E-5
8.905550922033607 2.7916779634642525E-5
8.905550922033607 2.7916779634642525E-5
8.905550922033607 2.7916779634642525E-5
8.905550922033607 2.7916779634642525E-5
8.905550922033607 2.7916779634642525E-5
8.905550922033607 2.7916779634642525E-5
8.905771342262954 3.0138520917396592E-5
8.905771342262954 2.159466763109165E-5
8.905771342262954 2.159466763109165E-5
8.905771342262954 3.447743752979097E-5
8.905771342262954 2.159466763109165E-5
8.905771342262954 2.159466763109165E-5
8.905771342262954 2.159466763109165E-5
8.905771342262954 8.543853286304945E-6
8.905771342262954 8.543853286304945E-6
8.905771342262954 8.543853286304945E-6
8.905771342262954 8.543853286304945E-6
8.905771342262954 8.543853286304945E-6
8.912374413032143 1.49430471054018E-5
8.912374413032143 1.49430471054018E-5
8.912374413032143 1.49430471054018E-5
8.912374413032143 2.1485098593593998E-5
8.912374413032143 2.1485098593593998E-5
8.912374413032143 2.1485098593593998E-5
8.912374413032143 1.40135750408931E-5
8.912374413032143 1.3098755421175492E-5
8.912374413032143 1.3098755421175492E-5
8.912374413032143 1.3098755421175492E-5
8.912374413032143 1.0285139486938197E-5
8.912374413032143 1.0285139486938197E-5
8.912374413032143 1.0285139486938197E-5
8.912374413032143 1.0285139486938197E-5
8.912374413032143 1.0285139486938197E-5
8.912374413032143 1.0285139486938197E-5
8.912374413032143 1.0285139486938197E-5
8.912374413032143 7.4715235527009E-6
8.912374413032143 7.4715235527009E-6
8.912374413032143 7.4715235527009E-6
8.912374413032143 7.4715235527009E-6
8.912374413032143 7.4715235527009E-6
8.912374413032143 0.0
8.912374413032143 0.0
8.912374413032143 0.0
8.912374413032143 0.0
8.912374413032143 0.0
8.912374413032143 0.0
8.912374413032143 3.4996614246505543E-6
8.912374413032143 3.4996614246505543E-6
8.912374413032143 0.0
8.912374413032143 0.0
8.912374413032143 6.233390989011304E-6
8.912374413032143 6.233390989011304E-6
8.912374413032143 6.233390989011304E-6
8.912374413032143 6.233390989011304E-6
8.912374413032143 6.233390989011304E-6
8.912374413032143 6.233390989011304E-6
8.912374413032143 6.233390989011304E-6
8.912374413032143 6.233390989011304E-6
8.912374413032143 6.233390989011304E-6
8.912374413032143 6.233390989011304E-6
8.912374413032143 6.233390989011304E-6
8.912374413032143 6.233390989011304E-6
8.912374413032143 6.233390989011304E-6
8.912374413032143 6.233390989011304E-6
8.912374413032143 0.0
8.912374413032143 0.0
8.912374413032143 0.0
8.912374413032143 0.0
8.912374413032143 2.8136159342372963E-6
8.912374413032143 2.8136159342372963E-6
8.912374413032143 2.8136159342372963E-6
8.912374413032143 9.259691469907119E-6
8.912374413032143 1.2759352894557674E-5
8.912374413032143 1.2759352894557674E-5
8.912374413032143 1.2759352894557674E-5
8.912374413032143 9.945736960320379E-6
8.912374413032143 3.4996614246505543E-6
8.912374413032143 1.642310112545421E-5
8.912374413032143 1.642310112545421E-5
8.912374413032143 1.642310112545421E-5
8.912374413032143 3.4996614246505543E-6
8.912374413032143 0.0
8.912374413032143 0.0
8.912374413032143 1.3654376822894956E-5
8.912374413032143 1.3654376822894956E-5
8.912374413032143 1.3654376822894956E-5
8.912374413032143 1.3654376822894956E-5
8.912374413032143 1.3654376822894956E-5
8.912374413032143 1.3654376822894956E-5
8.912374413032143 1.3654376822894956E-5
8.912374413032143 1.3654376822894956E-5
8.912374413032143 1.3654376822894956E-5
8.912374413032143 1.3654376822894956E-5
8.912374413032143 1.3654376822894956E-5
8.912374413032143 1.3654376822894956E-5
8.912374413032143 1.3654376822894956E-5
8.912374413032143 1.3654376822894956E-5
8.912374413032143 1.3654376822894956E-5
8.912374413032143 1.3654376822894956E-5
8.912374413032143 0.0
8.912374413032143 0.0
8.912374413032143 0.0
8.912374413032143 0.0
8.912374413032143 0.0
8.912374413032143 0.0
8.912374413032143 0.0
8.912374413032143 0.0
8.912374413032143 0.0
8.912374413032143 0.0
8.912374413032143 0.0
8.912374413032143 0.0
8.912374413032143 0.0
8.912374413032143 0.0
8.912374413032143 0.0
8.912374413032143 0.0
8.912374413032143 0.0
8.912374413032143 0.0
8.912374413032143 0.0
8.912374413032143 0.0
8.912374413032143 0.0
8.912374413032143 0.0
8.912374413032143 0.0
8.912374413032143 0.0
8.912374413032143 0.0
8.912374413032143 0.0
8.912374413032143 0.0
8.912374413032143 0.0
8.912374413032143 0.0
8.912374413032143 0.0
8.912374413032143 0.0
8.912374413032143 0.0
8.912374413032143 0.0
8.912374413032143 0.0
8.912374413032143 0.0
8.912374413032143 0.0
8.912374413032143 0.0
8.912374413032143 0.0
8.912374413032143 0.0
8.912374413032143 0.0
8.912374413032143 0.0
8.912374413032143 0.0
8.912374413032143 0.0
8.912374413032143 0.0
8.912374413032143 0.0
8.912374413032143 0.0
8.912374413032143 0.0
8.912374413032143 0.0
8.912374413032143 0.0
8.912374413032143 0.0
8.912374413032143 0.0
8.912374413032143 0.0
8.912374413032143 0.0
8.912374413032143 0.0
8.912374413032143 0.0
8.912374413032143 0.0
8.912374413032143 0.0
8.912374413032143 0.0
8.912374413032143 0.0
8.912374413032143 0.0
8.912374413032143 0.0
8.912374413032143 0.0
8.912374413032143 0.0
8.912374413032143 0.0
8.912374413032143 0.0
8.912374413032143 0.0
8.912374413032143 0.0
8.912374413032143 0.0
8.912374413032143 0.0
8.912374413032143 0.0
8.912374413032143 0.0
8.912374413032143 0.0
8.912374413032143 0.0
8.912374413032143 0.0
8.912374413032143 0.0
8.912374413032143 0.0
8.912374413032143 0.0
8.912374413032143 0.0
8.912374413032143 0.0
8.912374413032143 0.0
8.912374413032143 0.0
8.912374413032143 0.0
8.912374413032143 0.0
8.912374413032143 0.0
8.912374413032143 0.0
8.912374413032143 0.0
8.912374413032143 0.0
8.912374413032143 0.0
8.912374413032143 0.0
8.912374413032143 0.0
8.912374413032143 0.0
8.912374413032143 0.0
8.912374413032143 0.0
8.912374413032143 0.0
8.912374413032143 0.0
8.912374413032143 0.0
8.912374413032143 0.0
8.912374413032143 0.0
8.912374413032143 0.0
8.912374413032143 0.0
8.912374413032143 0.0
8.912374413032143 0.0
8.912374413032143 0.0
8.912374413032143 0.0
8.912374413032143 0.0
8.912374413032143 0.0
8.912374413032143 0.0
8.912374413032143 0.0
8.912374413032143 0.0
8.912374413032143 0.0
8.912374413032143 0.0
8.912374413032143 0.0
8.912374413032143 0.0
8.912374413032143 0.0
8.912374413032143 0.0
8.912374413032143 0.0
8.912374413032143 0.0
8.912374413032143 0.0
8.912374413032143 0.0
8.912374413032143 0.0
8.912374413032143 0.0
8.912374413032143 0.0
8.917054980348455 6.466112545859659E-6
8.917054980348455 6.466112545859659E-6
8.917054980348455 8.7600930349493E-6
8.917054980348455 8.7600930349493E-6
8.917054980348455 6.466112545859659E-6
8.917054980348455 6.466112545859659E-6
8.917054980348455 6.466112545859659E-6
8.917054980348455 6.466112545859659E-6
8.917054980348455 6.466112545859659E-6
8.917054980348455 6.466112545859659E-6
8.917054980348455 6.466112545859659E-6
8.917054980348455 6.466112545859659E-6
8.917054980348455 6.466112545859659E-6
8.917054980348455 1.161088274828563E-5
8.917054980348455 1.161088274828563E-5
8.917054980348455 1.161088274828563E-5
8.917054980348455 8.7600930349493E-6
8.917054980348455 8.7600930349493E-6
8.917054980348455 8.7600930349493E-6
8.917054980348455 8.7600930349493E-6
8.917054980348455 8.7600930349493E-6
8.917054980348455 8.7600930349493E-6
8.917054980348455 8.7600930349493E-6
8.917054980348455 8.7600930349493E-6
8.917054980348455 8.7600930349493E-6
8.917054980348455 8.7600930349493E-6
8.917054980348455 8.7600930349493E-6
8.917054980348455 8.7600930349493E-6
8.917054980348455 8.7600930349493E-6
8.917054980348455 8.7600930349493E-6
8.917054980348455 8.7600930349493E-6
8.917054980348455 8.7600930349493E-6
8.917054980348455 8.7600930349493E-6
8.917054980348455 8.7600930349493E-6
8.917054980348455 8.7600930349493E-6
8.917054980348455 2.2939804890896405E-6
8.917054980348455 2.2939804890896405E-6
8.917054980348455 2.2939804890896405E-6
8.917054980348455 2.2939804890896405E-6
8.917054980348455 2.2939804890896405E-6
8.917054980348455 2.2939804890896405E-6
8.917054980348455 2.2939804890896405E-6
8.917054980348455 2.2939804890896405E-6
8.917054980348455 2.2939804890896405E-6
8.917054980348455 2.2939804890896405E-6
8.917054980348455 2.2939804890896405E-6
8.917054980348455 2.2939804890896405E-6
8.917054980348455 2.2939804890896405E-6
8.917054980348455 2.2939804890896405E-6
8.917054980348455 2.2939804890896405E-6
8.917054980348455 2.2939804890896405E-6
8.917054980348455 2.2939804890896405E-6
8.917054980348455 2.2939804890896405E-6
8.917054980348455 2.2939804890896405E-6
8.917054980348455 2.2939804890896405E-6
8.917054980348455 2.2939804890896405E-6
8.917054980348455 2.2939804890896405E-6
8.917054980348455 2.2939804890896405E-6
8.917054980348455 2.2939804890896405E-6
8.917054980348455 2.2939804890896405E-6
8.917054980348455 0.0
8.917054980348455 0.0
8.917054980348455 0.0
8.917054980348455 0.0
8.917054980348455 0.0
8.917054980348455 1.3077837897314417E-6
8.917054980348455 1.3077837897314417E-6
8.917054980348455 1.3077837897314417E-6
8.917054980348455 1.3077837897314417E-6
8.917054980348455 1.3077837897314417E-6
8.917054980348455 5.582720173605243E-6
8.917054980348455 5.3488305064551945E-6
8.917054980348455 5.3488305064551945E-6
8.917054980348455 5.3488305064551945E-6
8.917054980348455 5.3488305064551945E-6
8.917054980348455 5.3488305064551945E-6
8.917054980348455 5.3488305064551945E-6
8.917054980348455 5.3488305064551945E-6
8.917054980348455 5.3488305064551945E-6
8.917054980348455 5.3488305064551945E-6
8.917054980348455 5.3488305064551945E-6
8.917054980348455 6.36430200050106E-6
8.917054980348455 6.36430200050106E-6
8.917054980348455 6.36430200050106E-6
8.917054980348455 5.290407877919667E-6
8.917054980348455 5.119940906077368E-6
8.917054980348455 5.119940906077368E-6
8.917054980348455 8.989640549773933E-6
8.917054980348455 5.835741689804166E-6
8.917054980348455 5.835741689804166E-6
8.917054980348455 5.835741689804166E-6
8.917054980348455 5.835741689804166E-6
8.917054980348455 5.835741689804166E-6
8.917054980348455 1.0154714940458653E-6
8.917054980348455 1.0154714940458653E-6
8.917054980348455 1.0154714940458653E-6
8.917054980348455 1.0154714940458653E-6
8.917054980348455 1.0154714940458653E-6
8.917054980348455 1.0154714940458653E-6
8.917054980348455 1.0154714940458653E-6
8.917054980348455 1.0154714940458653E-6
8.917054980348455 1.0154714940458653E-6
8.917054980348455 0.0
8.917054980348455 0.0
8.917054980348455 0.0
8.917054980348455 0.0
8.917054980348455 0.0
8.917054980348455 0.0
8.917054980348455 0.0
8.917054980348455 8.437575823391624E-6
8.917054980348455 8.437575823391624E-6
8.917054980348455 8.437575823391624E-6
8.917054980348455 8.437575823391624E-6
8.917054980348455 0.0
8.917054980348455 0.0
8.917054980348455 0.0
8.917054980348455 0.0
8.917054980348455 0.0
8.917054980348455 0.0
8.917054980348455 0.0
8.917054980348455 0.0
8.917054980348455 0.0
8.917054980348455 0.0
8.917054980348455 0.0
8.917054980348455 0.0
8.917054980348455 0.0
8.917054980348455 0.0
8.917054980348455 0.0
8.917054980348455 0.0
8.917054980348455 0.0
8.917054980348455 0.0
8.917054980348455 0.0
8.917054980348455 0.0
8.917054980348455 0.0
8.917054980348455 0.0
8.917054980348455 0.0
8.917054980348455 0.0
8.917054980348455 0.0
8.917054980348455 0.0
8.917054980348455 0.0
8.917054980348455 0.0
8.917054980348455 0.0
8.917054980348455 0.0
8.917054980348455 0.0
8.917054980348455 0.0
8.917054980348455 0.0
8.917054980348455 0.0
8.917054980348455 0.0
8.917054980348455 0.0
8.917054980348455 0.0
8.917054980348455 0.0
8.917054980348455 0.0
8.917054980348455 0.0
8.917054980348455 0.0
8.917054980348455 0.0
8.917054980348455 0.0
8.917054980348455 0.0
8.917054980348455 0.0
8.917054980348455 0.0
8.917054980348455 0.0
8.917054980348455 0.0
8.917054980348455 0.0
8.917054980348455 0.0
8.917054980348455 0.0
8.917054980348455 0.0
8.917054980348455 0.0
8.917054980348455 0.0
8.917054980348455 0.0
8.917054980348455 0.0
8.917054980348455 0.0
8.917054980348455 0.0
8.917054980348455 0.0
8.917054980348455 0.0
8.917054980348455 0.0
8.917054980348455 0.0
8.917054980348455 0.0
8.917054980348455 0.0
8.917054980348455 0.0
8.917054980348455 0.0
8.917054980348455 0.0
8.917054980348455 0.0
8.917054980348455 0.0
8.917054980348455 0.0
8.917054980348455 0.0
8.917054980348455 0.0
8.917054980348455 0.0
8.917054980348455 0.0
8.917054980348455 0.0
8.917054980348455 0.0
8.917054980348455 0.0
8.917054980348455 0.0
8.917054980348455 0.0
8.917054980348455 0.0
8.917054980348455 0.0
8.917054980348455 0.0
8.917054980348455 0.0
8.917054980348455 0.0
8.917054980348455 0.0
8.917054980348455 0.0
8.917054980348455 0.0
8.917054980348455 0.0
8.917054980348455 0.0
8.917054980348455 0.0
8.917054980348455 0.0
8.917054980348455 0.0
8.917054980348455 0.0
8.917054980348455 0.0
8.917054980348455 0.0
8.917054980348455 0.0
8.917054980348455 0.0
8.917054980348455 0.0
8.917054980348455 0.0
8.917054980348455 0.0
8.917054980348455 0.0
8.917054980348455 0.0
8.917054980348455 0.0
8.917054980348455 0.0
8.917054980348455 0.0
8.917054980348455 0.0
8.917054980348455 0.0
8.917054980348455 0.0
8.917054980348455 0.0
8.917054980348455 0.0
8.917054980348455 0.0
8.917054980348455 0.0
8.917054980348455 0.0
8.917054980348455 0.0
8.917054980348455 0.0
8.917054980348455 0.0
8.917054980348455 0.0
8.917054980348455 0.0
8.917054980348455 0.0
8.917054980348455 0.0
8.917054980348455 0.0
8.917054980348455 0.0
8.917054980348455 0.0
8.917054980348455 0.0
8.917054980348455 0.0
8.917054980348455 0.0
8.917054980348455 0.0
8.917054980348455 0.0
8.917054980348455 0.0
8.917054980348455 0.0
8.917054980348455 0.0
8.917054980348455 0.0
8.917054980348455 0.0
8.917054980348455 0.0
8.917054980348455 0.0
8.917054980348455 0.0
8.917054980348455 0.0
8.917054980348455 0.0
8.917054980348455 0.0
8.917054980348455 0.0
8.917054980348455 0.0
8.917054980348455 0.0
8.917054980348455 0.0
8.917054980348455 0.0
8.917054980348455 0.0
8.917054980348455 0.0
8.917054980348455 0.0
8.917054980348455 0.0
8.917054980348455 0.0
8.917054980348455 0.0
8.917054980348455 0.0
8.917054980348455 0.0
8.917054980348455 0.0
8.917054980348455 0.0
8.917054980348455 0.0
8.917054980348455 0.0
8.917054980348455 0.0
8.917054980348455 0.0
8.917054980348455 0.0
8.917463647041014 1.229291550204717E-5
8.917463647041014 1.229291550204717E-5
8.917463647041014 1.229291550204717E-5
8.917463647041014 1.229291550204717E-5
8.917463647041014 1.229291550204717E-5
8.917463647041014 0.0
8.917463647041014 0.0
8.917463647041014 0.0
8.917463647041014 0.0
8.917463647041014 0.0
8.917463647041014 0.0
8.917463647041014 0.0
8.917463647041014 0.0
8.917463647041014 0.0
8.917463647041014 0.0
8.917463647041014 0.0
8.917463647041014 0.0
8.917463647041014 0.0
8.917463647041014 0.0
8.917463647041014 0.0
8.917463647041014 0.0
8.917463647041014 0.0
8.917463647041014 0.0
8.917463647041014 0.0
8.917463647041014 0.0
8.917463647041014 0.0
8.917463647041014 0.0
8.917463647041014 0.0
8.917463647041014 0.0
8.917463647041014 0.0
8.917463647041014 0.0
8.917463647041014 0.0
8.917463647041014 0.0
8.917463647041014 0.0
8.917463647041014 0.0
8.917463647041014 0.0
8.917463647041014 0.0
8.917463647041014 0.0
8.917463647041014 0.0
8.917463647041014 0.0
8.917463647041014 0.0
8.917463647041014 0.0
8.917463647041014 0.0
8.917463647041014 0.0
8.917463647041014 0.0
8.917463647041014 0.0
8.917463647041014 0.0
8.917463647041014 0.0
8.917463647041014 0.0
8.917463647041014 0.0
8.917463647041014 0.0
8.917463647041014 0.0
8.917463647041014 0.0
8.917463647041014 0.0
8.917463647041014 0.0
8.917463647041014 0.0
8.917463647041014 0.0
8.917463647041014 0.0
8.917463647041014 0.0
8.917463647041014 0.0
8.917463647041014 0.0
8.917463647041014 0.0
8.917463647041014 0.0
8.917463647041014 0.0
8.917463647041014 0.0
8.917463647041014 0.0
8.917463647041014 0.0
8.917463647041014 0.0
8.917463647041014 0.0
8.917463647041014 0.0
8.917463647041014 0.0
8.917463647041014 0.0
8.917463647041014 0.0
8.917463647041014 1.229291550204717E-5
8.917463647041014 1.229291550204717E-5
8.917463647041014 1.229291550204717E-5
8.917463647041014 1.229291550204717E-5
8.917463647041014 1.229291550204717E-5
8.917463647041014 1.229291550204717E-5
8.917463647041014 1.229291550204717E-5
8.917463647041014 1.229291550204717E-5
8.917463647041014 1.229291550204717E-5
8.917463647041014 1.229291550204717E-5
8.917463647041014 1.229291550204717E-5
8.917463647041014 1.229291550204717E-5
8.917463647041014 1.229291550204717E-5
8.917463647041014 1.229291550204717E-5
8.917463647041014 1.229291550204717E-5
8.917463647041014 1.229291550204717E-5
8.917463647041014 1.229291550204717E-5
8.917463647041014 1.229291550204717E-5
8.917463647041014 1.229291550204717E-5
8.917463647041014 1.229291550204717E-5
8.917463647041014 1.229291550204717E-5
8.917463647041014 1.229291550204717E-5
8.917463647041014 1.229291550204717E-5
8.917463647041014 1.229291550204717E-5
8.917463647041014 0.0
8.917463647041014 0.0
8.917463647041014 0.0
8.917463647041014 0.0
8.917463647041014 0.0
8.917463647041014 0.0
8.917463647041014 0.0
8.917463647041014 0.0
8.917463647041014 0.0
8.917463647041014 0.0
8.917463647041014 0.0
8.917463647041014 0.0
8.917463647041014 0.0
8.917463647041014 0.0
8.917463647041014 0.0
8.917463647041014 0.0
8.917463647041014 0.0
8.917463647041014 0.0
8.917463647041014 0.0
8.917463647041014 0.0
8.917463647041014 0.0
8.917463647041014 0.0
8.917463647041014 0.0
8.917463647041014 0.0
8.917463647041014 0.0
8.917463647041014 0.0
8.917463647041014 0.0
8.917463647041014 0.0
8.917463647041014 0.0
8.917463647041014 0.0
8.917463647041014 0.0
8.917463647041014 0.0
8.917463647041014 0.0
8.917463647041014 0.0
8.917463647041014 0.0
8.917463647041014 0.0
8.917463647041014 0.0
8.917463647041014 0.0
8.917463647041014 0.0
8.917463647041014 0.0
8.917463647041014 0.0
8.917463647041014 0.0
8.917463647041014 0.0
8.917463647041014 0.0
8.917463647041014 0.0
8.917463647041014 0.0
8.917463647041014 0.0
8.917463647041014 0.0
8.917463647041014 0.0
8.917463647041014 0.0
8.917463647041014 0.0
8.917463647041014 0.0
8.917463647041014 0.0
8.917463647041014 0.0
8.917463647041014 0.0
8.917463647041014 0.0
8.917463647041014 0.0
8.917463647041014 0.0
8.917463647041014 0.0
8.917463647041014 0.0
8.917463647041014 0.0
8.917463647041014 0.0
8.917463647041014 0.0
8.917463647041014 0.0
8.917463647041014 0.0
8.917463647041014 0.0
8.917463647041014 0.0
8.917463647041014 0.0
8.917463647041014 0.0
8.917463647041014 0.0
8.917463647041014 0.0
8.917463647041014 0.0
8.917463647041014 0.0
8.917463647041014 0.0
8.917463647041014 0.0
8.917463647041014 0.0
8.917463647041014 0.0
8.917463647041014 0.0
8.917463647041014 0.0
8.917463647041014 0.0
8.917463647041014 0.0
8.917463647041014 0.0
8.917463647041014 0.0
8.917463647041014 0.0
8.917463647041014 0.0
8.917463647041014 0.0
8.917463647041014 0.0
8.917463647041014 0.0
8.917463647041014 0.0
8.917463647041014 0.0
8.917463647041014 0.0
8.917463647041014 0.0
8.917463647041014 0.0
8.917463647041014 0.0
8.917463647041014 0.0
8.917463647041014 0.0
8.917463647041014 0.0
8.917463647041014 0.0
8.917463647041014 0.0
8.917463647041014 0.0
8.917463647041014 0.0
8.917463647041014 0.0
8.917463647041014 0.0
8.917463647041014 0.0
8.917463647041014 0.0
8.917463647041014 0.0
8.917463647041014 0.0
8.917463647041014 0.0
8.917463647041014 0.0
8.917463647041014 0.0
8.917463647041014 0.0
8.917463647041014 0.0
8.917463647041014 0.0
8.917463647041014 0.0
8.917463647041014 0.0
8.917463647041014 0.0
8.917463647041014 0.0
8.917463647041014 0.0
8.917463647041014 0.0
8.917463647041014 0.0
8.917463647041014 0.0
8.917463647041014 0.0
8.917463647041014 0.0
8.917463647041014 0.0
8.917463647041014 0.0
8.917463647041014 0.0
8.917463647041014 0.0
8.917463647041014 0.0
8.917463647041014 0.0
8.917463647041014 0.0
8.917463647041014 0.0
8.917463647041014 0.0
8.917463647041014 0.0
8.917463647041014 0.0
8.917463647041014 0.0
8.917463647041014 0.0
8.917463647041014 0.0
8.917463647041014 0.0
8.917463647041014 0.0
8.917463647041014 0.0
8.917463647041014 0.0
8.917463647041014 0.0
8.917463647041014 0.0
8.917463647041014 0.0
8.917463647041014 0.0
8.917463647041014 0.0
8.917463647041014 0.0
8.917463647041014 0.0
8.917463647041014 0.0
8.917463647041014 0.0
8.917463647041014 0.0
8.917463647041014 0.0
8.917463647041014 0.0
8.917463647041014 0.0
8.917463647041014 0.0
8.917463647041014 0.0
8.917463647041014 0.0
8.917463647041014 0.0
8.917463647041014 0.0
8.917463647041014 0.0
8.917463647041014 0.0
8.917463647041014 0.0
8.917463647041014 0.0
8.917463647041014 0.0
8.917463647041014 0.0
8.917463647041014 0.0
8.917463647041014 0.0
8.917463647041014 0.0
8.917463647041014 0.0
8.917463647041014 0.0
8.917463647041014 0.0
8.917463647041014 0.0
8.917463647041014 0.0
8.917463647041014 0.0
8.917463647041014 0.0
8.917463647041014 0.0
8.917463647041014 0.0
8.917463647041014 0.0
8.917463647041014 0.0
8.917463647041014 0.0
8.917463647041014 0.0
8.917463647041014 0.0
8.917463647041014 0.0
8.917463647041014 0.0
8.917463647041014 0.0
8.917463647041014 0.0
8.917463647041014 0.0
8.917463647041014 0.0
8.917463647041014 0.0
8.917463647041014 0.0
8.917463647041014 0.0
8.917463647041014 0.0
8.917463647041014 0.0
8.917463647041014 0.0
8.917463647041014 0.0
8.917463647041014 0.0
8.917463647041014 0.0
8.917463647041014 0.0
8.917463647041014 0.0
8.917463647041014 0.0
8.917463647041014 0.0
8.917463647041014 0.0
8.917463647041014 0.0
8.917463647041014 0.0
8.917463647041014 0.0
8.917463647041014 0.0
8.917463647041014 0.0
8.917463647041014 0.0
8.917463647041014 0.0
8.917463647041014 0.0
8.917463647041014 0.0
8.917463647041014 0.0
8.917463647041014 0.0
8.917463647041014 0.0
8.917463647041014 0.0
8.917463647041014 0.0
8.917463647041014 0.0
8.917463647041014 0.0
8.917463647041014 0.0
8.917463647041014 0.0
8.917463647041014 0.0
8.917463647041014 0.0
8.917463647041014 0.0
8.917463647041014 0.0
8.917463647041014 0.0
8.917463647041014 0.0
8.917463647041014 0.0
8.917463647041014 0.0
8.917463647041014 0.0
8.917463647041014 0.0
8.917463647041014 0.0
8.917463647041014 0.0
8.917463647041014 0.0
8.917463647041014 0.0
8.917463647041014 0.0
8.917463647041014 0.0
8.917463647041014 0.0
8.917463647041014 0.0
8.917463647041014 0.0
8.917463647041014 0.0
8.917463647041014 0.0
8.917463647041014 0.0
8.917463647041014 0.0
8.917463647041014 0.0
8.917463647041014 0.0
8.917463647041014 0.0
8.917463647041014 0.0
8.917463647041014 0.0
8.917463647041014 0.0
8.917463647041014 0.0
8.917463647041014 0.0
8.917463647041014 0.0
8.917463647041014 0.0
8.917463647041014 0.0
8.917463647041014 0.0
8.917463647041014 0.0
8.917463647041014 0.0
8.917463647041014 0.0
8.917463647041014 0.0
8.917463647041014 0.0
8.917463647041014 0.0
8.917463647041014 0.0
8.917463647041014 0.0
8.917463647041014 0.0
8.917463647041014 0.0
8.917463647041014 0.0
8.917463647041014 0.0
8.917463647041014 0.0
8.917463647041014 0.0
8.917463647041014 0.0
8.917463647041014 0.0
8.917463647041014 0.0
8.917463647041014 0.0
8.917463647041014 0.0
8.917463647041014 0.0
8.917463647041014 0.0
8.917463647041014 0.0
8.917463647041014 0.0
8.917463647041014 0.0
8.917463647041014 0.0
8.917463647041014 0.0
8.917463647041014 0.0
8.917463647041014 0.0
8.917463647041014 0.0
8.917463647041014 0.0
8.917463647041014 0.0
8.917463647041014 0.0
8.917463647041014 0.0
8.917463647041014 0.0
8.917463647041014 0.0
8.917463647041014 0.0
8.917463647041014 0.0
8.917463647041014 0.0
8.917463647041014 0.0
8.917463647041014 0.0
8.917463647041014 0.0
8.917463647041014 0.0
8.917463647041014 0.0
8.917463647041014 0.0
8.917463647041014 0.0
8.917463647041014 0.0
8.917463647041014 0.0
8.917463647041014 0.0
8.917463647041014 0.0
8.917463647041014 0.0
8.917463647041014 0.0
8.917463647041014 0.0
8.917463647041014 0.0
8.917463647041014 0.0
8.917463647041014 0.0
8.917463647041014 0.0
8.917463647041014 0.0
8.917463647041014 0.0
8.917463647041014 0.0
8.917463647041014 0.0
8.917463647041014 0.0
8.917463647041014 0.0
8.917463647041014 0.0
8.917463647041014 0.0
8.917463647041014 0.0
8.917463647041014 0.0
8.917463647041014 0.0
8.917463647041014 0.0
8.917463647041014 0.0
8.917463647041014 0.0
8.917463647041014 0.0
8.917463647041014 0.0
8.917463647041014 0.0
8.917463647041014 0.0
8.917463647041014 0.0
8.917463647041014 0.0
8.917463647041014 0.0
8.917463647041014 0.0
8.917463647041014 0.0
8.917463647041014 0.0
8.917463647041014 0.0
8.917463647041014 0.0
8.917463647041014 0.0
8.917463647041014 0.0
8.917463647041014 0.0
8.917463647041014 0.0
8.917463647041014 0.0
8.917463647041014 0.0
8.917463647041014 0.0
8.917463647041014 0.0
8.917463647041014 0.0
8.917463647041014 0.0
8.917463647041014 0.0
8.917463647041014 0.0
8.917463647041014 0.0
8.917463647041014 0.0
8.917463647041014 0.0
8.917463647041014 0.0
8.917463647041014 0.0
8.917463647041014 0.0
8.917463647041014 0.0
8.917463647041014 0.0
8.917463647041014 0.0
8.917463647041014 0.0
8.917463647041014 0.0
8.917463647041014 0.0
8.917463647041014 0.0
8.917463647041014 0.0
8.917463647041014 0.0
8.917463647041014 0.0
8.917463647041014 0.0
8.917463647041014 0.0
8.917463647041014 0.0
8.917463647041014 0.0
8.917463647041014 0.0
8.917463647041014 0.0
8.917463647041014 0.0
8.917463647041014 0.0
8.917463647041014 0.0
8.917463647041014 0.0
8.917463647041014 0.0
8.917463647041014 0.0
8.917463647041014 0.0
8.917463647041014 0.0
8.917463647041014 0.0
8.917463647041014 0.0
8.917463647041014 0.0
8.917463647041014 0.0
8.917463647041014 0.0
8.917463647041014 0.0
8.917463647041014 0.0
8.917463647041014 0.0
8.917463647041014 0.0
8.917463647041014 0.0
8.917463647041014 0.0
8.917463647041014 0.0
8.917463647041014 0.0
8.917463647041014 0.0
8.917463647041014 0.0
8.917463647041014 0.0
8.917463647041014 0.0
8.917463647041014 0.0
8.917463647041014 0.0
8.917463647041014 0.0
8.917463647041014 0.0
8.917463647041014 0.0
8.917463647041014 0.0
8.917463647041014 0.0
8.917463647041014 0.0
8.917463647041014 0.0
8.917463647041014 0.0
8.917463647041014 0.0
8.917463647041014 0.0
8.917463647041014 0.0
8.917463647041014 0.0
8.917463647041014 0.0
8.917463647041014 0.0
8.917463647041014 0.0
8.917463647041014 0.0
8.917463647041014 0.0
8.917463647041014 0.0
8.917463647041014 0.0
8.917463647041014 0.0
8.917463647041014 0.0
8.917463647041014 0.0
8.917463647041014 0.0
8.917463647041014 0.0
8.917463647041014 0.0
8.917463647041014 0.0
8.917463647041014 0.0
8.917463647041014 0.0
8.917463647041014 0.0
8.917463647041014 0.0
8.917463647041014 0.0
8.917463647041014 0.0
8.917463647041014 0.0
8.917463647041014 0.0
8.917463647041014 0.0
8.917463647041014 0.0
8.917463647041014 0.0
8.917463647041014 0.0
8.917463647041014 0.0
8.917463647041014 0.0
8.917463647041014 0.0
8.917463647041014 0.0
8.917463647041014 0.0
8.917463647041014 0.0
8.917463647041014 0.0
8.917463647041014 0.0
8.917463647041014 0.0
8.917463647041014 0.0
8.917463647041014 0.0
8.917463647041014 0.0
8.917463647041014 0.0
8.917463647041014 0.0
8.917463647041014 0.0
8.917463647041014 0.0
8.917463647041014 0.0
8.917463647041014 0.0
8.917463647041014 0.0
8.917463647041014 0.0
8.917463647041014 0.0
8.917463647041014 0.0
8.917463647041014 0.0
8.917463647041014 0.0
8.917463647041014 0.0
8.917463647041014 0.0
8.917463647041014 0.0
8.917463647041014 0.0
8.917463647041014 0.0
8.917463647041014 0.0
8.917463647041014 0.0
8.917463647041014 0.0
8.917463647041014 0.0
8.917463647041014 0.0
8.917463647041014 0.0
8.917463647041014 0.0
8.917463647041014 0.0
8.917463647041014 0.0
8.917463647041014 0.0
8.917463647041014 0.0
8.917463647041014 0.0
8.917463647041014 0.0
8.917463647041014 0.0
8.917463647041014 0.0
8.917463647041014 0.0
8.917463647041014 0.0
8.917463647041014 0.0
8.917463647041014 0.0
8.917463647041014 0.0
8.917463647041014 0.0
8.917463647041014 0.0
8.917463647041014 0.0
8.917463647041014 0.0
8.917463647041014 0.0
8.917463647041014 0.0
8.917463647041014 0.0
8.917463647041014 0.0
8.917463647041014 0.0
8.917463647041014 0.0
8.917463647041014 0.0
8.917463647041014 0.0
8.917463647041014 0.0
8.917463647041014 0.0
8.917463647041014 0.0
8.917463647041014 0.0
8.917463647041014 0.0
8.917463647041014 0.0
8.917463647041014 0.0
8.917463647041014 0.0
8.917463647041014 0.0
8.917463647041014 0.0
8.917463647041014 0.0
8.917463647041014 0.0
8.917463647041014 0.0
8.917463647041014 0.0
8.917463647041014 0.0
8.917463647041014 0.0
8.917463647041014 0.0
8.917463647041014 0.0
8.917463647041014 0.0
8.917463647041014 0.0
8.917463647041014 0.0
8.917463647041014 0.0
8.917463647041014 0.0
8.917463647041014 0.0
8.917463647041014 0.0
8.917463647041014 0.0
8.917463647041014 0.0
8.917463647041014 0.0
8.917463647041014 0.0
8.917463647041014 0.0
8.917463647041014 0.0
8.917463647041014 0.0
8.917463647041014 0.0
8.917463647041014 0.0
8.917463647041014 0.0
8.917463647041014 0.0
8.917463647041014 0.0
8.917463647041014 0.0
8.917463647041014 0.0
8.917463647041014 0.0
8.917463647041014 0.0
8.917463647041014 0.0
8.917463647041014 0.0
8.917463647041014 0.0
8.917463647041014 0.0
8.917463647041014 0.0
8.917463647041014 0.0
8.917463647041014 0.0
8.917463647041014 0.0
8.917463647041014 0.0
8.917463647041014 0.0
8.917463647041014 0.0
8.917463647041014 0.0
8.917463647041014 0.0
8.917463647041014 0.0
8.917463647041014 0.0
8.917463647041014 0.0
8.917463647041014 0.0
8.917463647041014 0.0
8.917463647041014 0.0
8.917463647041014 0.0
8.917463647041014 0.0
8.917463647041014 0.0
8.917463647041014 0.0
8.917463647041014 0.0
8.917463647041014 0.0
8.917463647041014 0.0
8.917463647041014 0.0
8.917463647041014 0.0
8.917463647041014 0.0
8.917463647041014 0.0
8.917463647041014 0.0
8.917463647041014 0.0
8.917463647041014 0.0
8.917463647041014 0.0
8.917463647041014 0.0
8.917463647041014 0.0
8.917463647041014 0.0
8.917463647041014 0.0
8.917463647041014 0.0
8.917463647041014 0.0
8.917463647041014 0.0
8.917463647041014 0.0
8.917463647041014 0.0
8.917463647041014 0.0
8.917463647041014 0.0
8.917463647041014 0.0
8.917463647041014 0.0
8.917463647041014 0.0
8.917463647041014 0.0
8.917463647041014 0.0
8.917463647041014 0.0
8.917463647041014 0.0
8.917463647041014 0.0
8.917463647041014 0.0
8.917463647041014 0.0
8.917463647041014 0.0
8.917463647041014 0.0
8.917463647041014 0.0
8.917463647041014 0.0
8.917463647041014 0.0
8.917463647041014 0.0
8.917463647041014 0.0
8.917463647041014 0.0
8.917463647041014 0.0
8.917463647041014 0.0
8.917463647041014 0.0
8.917463647041014 0.0
8.917463647041014 0.0
8.917463647041014 0.0
8.917463647041014 0.0
8.917463647041014 0.0
8.917463647041014 0.0
8.917463647041014 0.0
8.917463647041014 0.0
8.917463647041014 0.0
8.917463647041014 0.0
8.917463647041014 0.0
8.917463647041014 0.0
8.917463647041014 0.0
8.917463647041014 0.0
8.917463647041014 0.0
8.917463647041014 0.0
8.917463647041014 0.0
8.917463647041014 0.0
8.917463647041014 0.0
8.917463647041014 0.0
8.917463647041014 0.0
8.917463647041014 0.0
8.917463647041014 0.0
8.917463647041014 0.0
8.917463647041014 0.0
8.917463647041014 0.0
8.917463647041014 0.0
8.917463647041014 0.0
8.917463647041014 0.0
8.917463647041014 0.0
8.917463647041014 0.0
8.917463647041014 0.0
8.917463647041014 0.0
8.917463647041014 0.0
8.917463647041014 0.0
8.917463647041014 0.0
8.917463647041014 0.0
8.917463647041014 0.0
8.917463647041014 0.0
8.917463647041014 0.0
8.917463647041014 0.0
8.917463647041014 0.0
8.917463647041014 0.0
8.917463647041014 0.0
8.917463647041014 0.0
8.917463647041014 0.0
8.917463647041014 0.0
8.917463647041014 0.0
8.917463647041014 0.0
8.917463647041014 0.0
8.917463647041014 0.0
8.917463647041014 0.0
8.917463647041014 0.0
8.917463647041014 0.0
8.917463647041014 0.0
8.917463647041014 0.0
8.917463647041014 0.0
8.917463647041014 0.0
8.917463647041014 0.0
8.917463647041014 0.0
8.917463647041014 0.0
8.917463647041014 0.0
8.917463647041014 0.0
8.917463647041014 0.0
8.917463647041014 0.0
8.917463647041014 0.0
8.917463647041014 0.0
8.917463647041014 0.0
8.917463647041014 0.0
8.917463647041014 0.0
8.917463647041014 0.0
8.917463647041014 0.0
8.917463647041014 0.0
8.917463647041014 0.0
8.917463647041014 0.0
8.917463647041014 0.0
8.917463647041014 0.0
8.917463647041014 0.0
8.917463647041014 0.0
8.917463647041014 0.0
8.917463647041014 0.0
8.917463647041014 0.0
8.917463647041014 0.0
8.917463647041014 0.0
8.917463647041014 0.0
8.917463647041014 0.0
8.917463647041014 0.0
8.917463647041014 0.0
8.917463647041014 0.0
8.917463647041014 0.0
8.917463647041014 0.0
8.917463647041014 0.0
8.917463647041014 0.0
8.917463647041014 0.0
8.917463647041014 0.0
8.917463647041014 0.0
8.917463647041014 0.0
8.917463647041014 0.0
8.917463647041014 0.0
8.917463647041014 0.0
8.917463647041014 0.0
8.917463647041014 0.0
8.917463647041014 0.0
8.917463647041014 0.0
8.917463647041014 0.0
8.917463647041014 0.0
8.917463647041014 0.0
8.917463647041014 0.0
8.917463647041014 0.0
8.917463647041014 0.0
8.917463647041014 0.0
8.917463647041014 0.0
8.917463647041014 0.0
8.917463647041014 0.0
8.917463647041014 0.0
8.917463647041014 0.0
8.917463647041014 0.0
8.917463647041014 0.0
8.917463647041014 0.0
8.917463647041014 0.0
8.917463647041014 0.0
8.917463647041014 0.0
8.917463647041014 0.0
8.917463647041014 0.0
8.917463647041014 0.0
8.917463647041014 0.0
8.917463647041014 0.0
8.917463647041014 0.0
8.917463647041014 0.0
8.917463647041014 0.0
8.917463647041014 0.0
8.917463647041014 0.0
8.917463647041014 0.0
8.917463647041014 0.0
8.917463647041014 0.0
8.917463647041014 0.0
8.917463647041014 0.0
8.917463647041014 0.0
8.917463647041014 0.0
8.917463647041014 0.0
8.917463647041014 0.0
8.917463647041014 0.0
8.917463647041014 0.0
8.917463647041014 0.0
8.917463647041014 0.0
8.917463647041014 0.0
8.917463647041014 0.0
8.917463647041014 0.0
Score: 8.917463647041014
Runtime: 748ms
