2.41494533179573E-5 6.2876545527153125
2.41494533179573E-5 6.035353961560935
2.41494533179573E-5 5.5330189882645975
2.41494533179573E-5 5.2567707803692905
4.6346507961590364E-4 4.935921278235813
4.6346507961590364E-4 4.735138815097992
4.6346507961590364E-4 4.491495979011528
0.0012284534697006356 4.752159004841015
0.02029095335147474 4.573233433327761
0.02029095335147474 4.551051315141636
0.02029095335147474 4.2951307262163665
0.02029095335147474 4.085278630082786
0.02029095335147474 4.191432262234414
0.02029095335147474 4.137132912055323
0.04764593339360309 3.7818370990555525
0.04764593339360309 3.4559109984844043
0.04764593339360309 3.2977115728172235
0.04764593339360309 3.4657441295187676
0.04764593339360309 3.3463164848397917
0.08586430856245429 3.276852109267908
0.4541705404568647 3.100508509373124
0.4541705404568647 2.953051254246215
0.4541705404568647 2.867092233444909
0.4541705404568647 2.859698046198785
0.6162261169556317 2.8446401798674112
0.6162261169556317 2.7343828354981254
0.6162261169556317 2.6605191560122172
0.695704522757661 2.530581893048072
0.695704522757661 2.313939086781757
0.695704522757661 2.120105318223142
0.8122529048660869 1.8673081522745958
0.8122529048660869 1.8288302983157982
0.8122529048660869 1.707321713926987
0.8122529048660869 1.7223587118106396
1.192166200822366 1.5419273745434996
1.192166200822366 1.5425546112796236
1.192166200822366 1.3074008564045014
1.192166200822366 1.2884997738772577
1.9223129500835014 1.2090667584626522
1.9223129500835014 1.0941625376360806
1.9223129500835014 1.073553382462331
1.9223129500835014 1.1554820923647358
1.9223129500835014 1.0949079636306989
1.9223129500835014 1.0325805843512446
1.9223129500835014 1.009555889655671
1.9223129500835014 1.0954396838603713
1.9223129500835014 1.0180011676378868
1.9223129500835014 1.0057299319844895
1.9223129500835014 0.9344730938893782
1.9223129500835014 0.8648097382775981
1.9223129500835014 0.9258511691331931
2.0955720632529022 0.9839197845910259
2.0955720632529022 0.9093525677730858
4.031534353906579 0.8629715973582441
4.031534353906579 0.8074120331135325
4.031534353906579 0.8622512575981907
4.031534353906579 0.8309140180034469
4.031534353906579 0.7581489540713113
4.031534353906579 0.6908014391806173
4.031534353906579 0.7499822187967853
4.031534353906579 0.7497040077390327
4.031534353906579 0.790999462767852
4.031534353906579 0.7350304187196214
4.031534353906579 0.7262353799355149
4.031534353906579 0.7291900924839105
4.031534353906579 0.6956403346084578
4.031534353906579 0.7811113559599115
4.031534353906579 0.7694830715899096
4.031534353906579 0.74530975645897
4.031534353906579 0.7240338964322822
4.031534353906579 0.7188190987062459
4.031534353906579 0.6868435045067613
4.031534353906579 0.673294057002309
4.031534353906579 0.6325090580211046
4.508247637451475 0.6430492763826295
4.508247637451475 0.5975780496701213
4.508247637451475 0.5755877496196279
4.508247637451475 0.548735745957215
4.508247637451475 0.46636253737916733
4.508247637451475 0.4625078776227936
4.508247637451475 0.43674623326678375
4.508247637451475 0.3810675148524577
4.508247637451475 0.3487413264170525
4.508247637451475 0.33725693648211996
4.508247637451475 0.3627783458328778
4.508247637451475 0.33459755910177413
4.756247598762588 0.2537710796962908
4.756247598762588 0.23338034051499054
4.756247598762588 0.19121847649917537
4.756247598762588 0.19992970306053437
4.756247598762588 0.19938190056803934
4.756247598762588 0.19736784983264907
4.756247598762588 0.234181733973086
4.756247598762588 0.2027510937809131
5.0847623168081455 0.19089865209876386
5.0847623168081455 0.20115026372561137
5.0847623168081455 0.17712238174837908
5.0847623168081455 0.17036625567317118
5.0847623168081455 0.15653393884160774
5.0847623168081455 0.14873373209216012
5.0847623168081455 0.14815365338484004
5.0847623168081455 0.1593091808087837
5.0847623168081455 0.17226995812345927
5.0847623168081455 0.16276121837937305
5.0847623168081455 0.16276121837937305
5.603550117810789 0.13094547594803896
5.603550117810789 0.15289580271151745
5.651698334417787 0.14407033249597087
5.651698334417787 0.12942562645775385
5.651698334417787 0.13344890103059698
5.651698334417787 0.13358274892047686
5.651698334417787 0.13064282881266426
5.651698334417787 0.1357066790993894
5.651698334417787 0.12260215881698969
5.651698334417787 0.1277410715536494
5.651698334417787 0.13935572002531396
5.651698334417787 0.11525791495360854
5.84921625965078 0.14216769865991546
5.84921625965078 0.14639602534706453
5.84921625965078 0.13231424117249335
6.614527974337962 0.1063375990138716
6.614527974337962 0.10088371498696226
6.614527974337962 0.11051456012750574
6.614527974337962 0.10079914920650733
6.614527974337962 0.07995748269523278
6.614527974337962 0.09143442257764821
6.614527974337962 0.0734564865259067
6.614527974337962 0.07545120445572188
6.614527974337962 0.07362747530381827
6.614527974337962 0.06164787552952315
6.614527974337962 0.0723891005694544
6.614527974337962 0.08023332613086648
6.614527974337962 0.09436874497884772
6.614527974337962 0.08429531160192204
6.614527974337962 0.08118792041411074
6.614527974337962 0.08408197814274274
6.614527974337962 0.09606157791703784
6.614527974337962 0.0932350908071664
6.614527974337962 0.08635077892090295
6.614527974337962 0.07947210957112617
6.614527974337962 0.07947210957112617
6.614527974337962 0.060007102855795115
6.614527974337962 0.057497560172805065
6.614527974337962 0.06203300089773722
6.614527974337962 0.062033000897737216
6.614527974337962 0.05850934855540549
6.614527974337962 0.055712846731850875
6.614527974337962 0.060311813833316796
6.614527974337962 0.055712846731850875
6.614527974337962 0.05509729102975973
6.614527974337962 0.059577721439390136
6.614527974337962 0.04910404257873837
6.614527974337962 0.04266375430275228
6.614527974337962 0.046286466710899726
6.614527974337962 0.04494305424463399
6.614527974337962 0.04494305424463399
6.614527974337962 0.04882467951612989
6.614527974337962 0.03626113889745078
6.614527974337962 0.042424787526117294
6.614527974337962 0.03164305746805884
6.614527974337962 0.031643057468058844
6.614527974337962 0.03665524898371769
6.614527974337962 0.03239158772452829
6.614527974337962 0.029951057841231553
6.614527974337962 0.045824902917214055
6.614527974337962 0.05211819526658177
6.614527974337962 0.04838416130418149
6.614527974337962 0.05232754105320467
6.614527974337962 0.04500767655807098
6.865822852567733 0.0457566680242057
6.865822852567733 0.03231869101632613
6.865822852567733 0.02484995938322164
6.865822852567733 0.02484995938322164
6.865822852567733 0.012276349348959176
6.865822852567733 0.012276349348959176
6.865822852567733 0.012276349348959176
6.865822852567733 0.012276349348959176
6.865822852567733 0.012276349348959176
6.865822852567733 0.012276349348959176
6.865822852567733 0.012276349348959176
6.865822852567733 0.012276349348959176
6.865822852567733 0.012276349348959176
6.865822852567733 0.00877917970182563
6.865822852567733 0.00877917970182563
6.865822852567733 0.0072233478176327295
6.865822852567733 0.0
6.865822852567733 0.0
6.865822852567733 0.0
6.865822852567733 0.0
6.865822852567733 0.0
6.865822852567733 0.0
6.865822852567733 0.0
6.865822852567733 0.0
6.865822852567733 0.0
6.865822852567733 0.0
6.865822852567733 0.0
6.865822852567733 0.0
6.865822852567733 0.0
6.865822852567733 0.0
6.865822852567733 0.0
6.865822852567733 0.0
6.865822852567733 0.0
6.865822852567733 0.0
6.865822852567733 0.0
6.865822852567733 0.0
6.865822852567733 0.0
6.865822852567733 0.0
6.865822852567733 0.0
7.52734078349093 0.005458005691617993
7.52734078349093 0.005458005691617993
7.52734078349093 0.005458005691617993
7.52734078349093 0.005458005691617993
7.52734078349093 0.005458005691617993
7.52734078349093 0.005458005691617993
7.52734078349093 0.005458005691617993
7.52734078349093 0.005458005691617993
7.52734078349093 0.005458005691617993
7.52734078349093 0.0071211511856951884
7.52734078349093 0.004380972769753399
7.52734078349093 0.004380972769753399
7.52734078349093 0.002699070461160725
7.52734078349093 0.002699070461160725
7.52734078349093 0.002699070461160725
7.52734078349093 0.002699070461160725
7.52734078349093 0.002699070461160725
7.52734078349093 0.002699070461160725
7.52734078349093 0.002699070461160725
7.52734078349093 0.0073923759322318625
7.52734078349093 0.0073923759322318625
7.52734078349093 0.0073923759322318625
7.52734078349093 0.0073923759322318625
7.52734078349093 0.0073923759322318625
7.52734078349093 0.0073923759322318625
7.52734078349093 0.004693305471071137
7.52734078349093 0.004693305471071137
7.52734078349093 0.004693305471071137
7.52734078349093 0.004693305471071137
7.52734078349093 0.004693305471071137
7.52734078349093 0.004693305471071137
7.52734078349093 0.005148923063499998
7.52734078349093 0.005148923063499998
7.52734078349093 0.005148923063499998
7.52734078349093 0.005148923063499998
7.52734078349093 0.005148923063499998
7.52734078349093 0.005148923063499998
7.52734078349093 0.005148923063499998
7.52734078349093 0.005148923063499998
7.52734078349093 0.013682256660910776
7.52734078349093 0.013682256660910776
7.52734078349093 0.013682256660910776
7.52734078349093 0.005148923063499998
7.52734078349093 0.0
7.52734078349093 0.0
7.52734078349093 0.0
7.52734078349093 0.0
7.52734078349093 0.0
7.52734078349093 0.0015693455577024554
7.52734078349093 0.0015693455577024554
7.52734078349093 0.0015693455577024554
7.52734078349093 0.0015693455577024554
7.52734078349093 0.0015693455577024554
7.52734078349093 0.0015693455577024554
7.52734078349093 0.0015693455577024554
7.52734078349093 0.005242087236200716
7.52734078349093 0.005242087236200716
7.52734078349093 0.005242087236200716
7.52734078349093 0.005242087236200716
7.52734078349093 0.005242087236200716
7.52734078349093 0.005242087236200716
7.52734078349093 0.005242087236200716
7.52734078349093 0.0036727416784982612
7.52734078349093 0.0036727416784982612
7.52734078349093 0.0036727416784982612
7.52734078349093 0.008329799556556659
7.52734078349093 0.011915291431606238
7.52734078349093 0.011915291431606238
7.52734078349093 0.014614361892766966
7.52734078349093 0.014614361892766966
7.52734078349093 0.017354540308708755
7.52734078349093 0.017915100782881877
7.52734078349093 0.017915100782881877
7.52734078349093 0.016044363169432887
7.538549264357863 0.013032611649738146
7.538549264357863 0.013032611649738146
7.538549264357863 0.013032611649738146
7.538549264357863 0.013032611649738146
7.538549264357863 0.013032611649738146
7.538549264357863 0.009359869971239883
7.538549264357863 0.009359869971239883
7.538549264357863 0.009359869971239883
7.538549264357863 0.009359869971239885
7.538549264357863 0.009359869971239883
7.538549264357863 0.009359869971239885
7.538549264357863 0.009359869971239885
7.538549264357863 0.009359869971239885
7.538549264357863 0.009359869971239883
7.538549264357863 0.009359869971239883
7.538549264357863 0.009359869971239883
7.538549264357863 0.009359869971239885
7.538549264357863 0.009359869971239883
7.538549264357863 0.009359869971239883
7.538549264357863 0.009359869971239883
7.538549264357863 0.009359869971239883
7.538549264357863 0.009359869971239883
7.538549264357863 0.0026977887966907086
7.538549264357863 0.0026977887966907086
7.538549264357863 0.0
7.538549264357863 0.0
7.538549264357863 0.0
7.538549264357863 0.0
7.538549264357863 0.0
7.538549264357863 0.0
7.538549264357863 0.0
7.538549264357863 0.0
7.538549264357863 0.0
7.538549264357863 0.0
7.538549264357863 0.0
7.538549264357863 0.0
7.538549264357863 0.0
7.538549264357863 0.0
7.538549264357863 0.0
7.538549264357863 0.0
7.538549264357863 0.0
7.538549264357863 0.0
7.538549264357863 0.0
7.538549264357863 0.0
7.538549264357863 0.0
7.538549264357863 0.0
7.538549264357863 0.0
7.538549264357863 0.0
7.538549264357863 0.0
7.538549264357863 0.0
7.538549264357863 0.0
7.538549264357863 0.0
7.538549264357863 0.0
7.538549264357863 0.0
7.538549264357863 0.0
7.538549264357863 0.0
7.538549264357863 0.0
7.538549264357863 0.0
7.538549264357863 0.0
7.538549264357863 0.0
7.538549264357863 0.0
7.538549264357863 0.0
7.538549264357863 0.0
7.538549264357863 0.0
7.538549264357863 0.0
7.538549264357863 0.0
7.538549264357863 0.0
7.538549264357863 0.0
7.538549264357863 0.0
7.538549264357863 0.0
7.538549264357863 0.0
7.538549264357863 0.0
7.538549264357863 0.0
7.538549264357863 0.0
7.538549264357863 0.0
7.538549264357863 0.0
7.538549264357863 0.0
7.538549264357863 0.0
7.538549264357863 0.0
7.538549264357863 0.0
7.538549264357863 0.0025242604047650695
7.538549264357863 0.0
7.538549264357863 0.0
7.538549264357863 0.0
7.538549264357863 0.0
7.538549264357863 0.0
7.538549264357863 0.0
7.538549264357863 0.0
7.538549264357863 0.0
7.538549264357863 0.0
7.538549264357863 0.0
7.538549264357863 0.0
7.538549264357863 0.0
7.538549264357863 0.0
7.538549264357863 0.0
7.538549264357863 0.0
7.538549264357863 0.0
7.538549264357863 0.0
7.538549264357863 0.0
7.538549264357863 0.0
7.538549264357863 0.0
7.538549264357863 0.0
7.538549264357863 0.0
7.538549264357863 0.0
7.538549264357863 0.0
7.538549264357863 0.0
7.538549264357863 0.0
7.538549264357863 0.0
7.538549264357863 0.0
7.538549264357863 0.0
7.538549264357863 0.0
7.538549264357863 0.0
7.538549264357863 0.0
7.538549264357863 0.0
7.538549264357863 0.0
7.538549264357863 0.0
7.538549264357863 0.0
7.538549264357863 0.0
7.672464609295626 0.0033126381608021872
7.672464609295626 0.0
7.672464609295626 0.0
7.672464609295626 0.0
7.672464609295626 0.0
7.672464609295626 0.0
7.672464609295626 0.0
7.672464609295626 0.0
7.672464609295626 0.0
7.672464609295626 0.0
7.672464609295626 0.0
7.672464609295626 0.0
7.672464609295626 0.0
7.672464609295626 0.0
7.672464609295626 0.0
7.672464609295626 0.0
7.672464609295626 0.0
7.672464609295626 0.0
7.672464609295626 0.0
7.672464609295626 0.0
7.672464609295626 0.0
7.672464609295626 0.0
7.672464609295626 0.0
7.672464609295626 0.0
7.672464609295626 0.0
7.672464609295626 0.0
7.672464609295626 0.0
7.672464609295626 0.0
7.672464609295626 0.0
7.672464609295626 0.0
7.672464609295626 0.0
7.672464609295626 0.0
7.672464609295626 0.0
7.672464609295626 0.0
7.672464609295626 0.0
7.672464609295626 0.0
7.672464609295626 0.0
7.672464609295626 0.0
7.672464609295626 0.0
7.672464609295626 0.0
7.672464609295626 0.0
7.672464609295626 0.0
7.672464609295626 0.0
7.672464609295626 0.0
7.672464609295626 0.0
7.672464609295626 0.0
7.672464609295626 0.0
7.672464609295626 0.0
7.672464609295626 0.0
7.672464609295626 0.0
7.672464609295626 0.0
7.672464609295626 0.0
7.672464609295626 0.0
7.672464609295626 0.0
7.672464609295626 0.0
7.672464609295626 0.0
7.672464609295626 0.0
7.672464609295626 0.0
7.672464609295626 0.0
7.672464609295626 0.0
7.672464609295626 0.0
7.672464609295626 0.0
7.672464609295626 0.0
7.672464609295626 0.0
7.672464609295626 0.0
7.672464609295626 0.0
7.672464609295626 0.0
7.672464609295626 0.0033126381608021872
7.672464609295626 0.0033126381608021872
7.672464609295626 0.0033126381608021872
7.672464609295626 0.0033126381608021872
7.672464609295626 0.0033126381608021872
7.672464609295626 0.0033126381608021872
7.672464609295626 0.0033126381608021872
7.672464609295626 0.0033126381608021872
7.672464609295626 0.0033126381608021872
7.672464609295626 0.0033126381608021872
7.672464609295626 0.0033126381608021872
7.672464609295626 0.0033126381608021872
7.672464609295626 0.0033126381608021872
7.672464609295626 0.0
7.672464609295626 0.0
7.672464609295626 0.0
7.672464609295626 0.0
7.672464609295626 0.0
7.672464609295626 0.0
7.672464609295626 0.0
7.672464609295626 0.0
7.809351183514063 0.002556201354362039
7.809351183514063 0.002556201354362039
7.809351183514063 0.002556201354362039
7.809351183514063 0.0
7.809351183514063 0.0040760170465965
7.809351183514063 0.0040760170465965
7.809351183514063 0.0040760170465965
7.809351183514063 0.0040760170465965
7.809351183514063 0.0040760170465965
7.809351183514063 0.0040760170465965
7.809351183514063 0.0040760170465965
7.809351183514063 0.0040760170465965
7.809351183514063 0.0040760170465965
7.809351183514063 0.0040760170465965
7.809351183514063 0.0040760170465965
7.809351183514063 0.0040760170465965
7.809351183514063 0.0040760170465965
7.91580817001136 0.009065599407177313
7.91580817001136 0.009065599407177313
7.91580817001136 0.006570808226886906
7.91580817001136 0.006570808226886906
7.91580817001136 0.002494791180290407
7.91580817001136 0.002494791180290407
7.91580817001136 0.002494791180290407
7.91580817001136 0.002494791180290407
7.91580817001136 0.0
7.91580817001136 0.00490177974932304
7.91580817001136 0.00490177974932304
8.10956061660918 0.00593892532922806
8.10956061660918 0.00593892532922806
8.10956061660918 0.003444134148937653
8.10956061660918 0.003444134148937653
8.10956061660918 0.003444134148937653
8.10956061660918 0.004719098931290463
8.10956061660918 0.004719098931290463
8.302617063791962 0.0060910593432461245
8.302617063791962 0.0060910593432461245
8.302617063791962 0.0060910593432461245
8.302617063791962 0.0060910593432461245
8.302617063791962 0.0060910593432461245
8.302617063791962 0.0060910593432461245
8.302617063791962 0.0060910593432461245
8.302617063791962 0.005345537835615793
8.302617063791962 0.004308392255710772
8.302617063791962 0.004308392255710772
8.302617063791962 0.0030886662829305044
8.302617063791962 0.0030886662829305044
8.302617063791962 0.0030886662829305044
8.302617063791962 0.0038311424601443454
8.302617063791962 0.0038311424601443454
8.302617063791962 0.0036125579895243754
8.302617063791962 0.0036125579895243754
8.302617063791962 0.0036125579895243754
8.302617063791962 0.002459182048188684
8.302617063791962 0.002459182048188684
8.302617063791962 0.0058804281568053006
8.302617063791962 0.006990845506658168
8.31213551452514 0.009947623807960292
8.31213551452514 0.009947623807960292
8.31213551452514 0.00850321230089096
8.31213551452514 0.007346320393751081
8.31213551452514 0.007346320393751081
8.31213551452514 0.007346320393751081
8.31213551452514 0.007346320393751081
8.31213551452514 0.00619294445241539
8.31213551452514 0.0069465910561584835
8.31213551452514 0.0069465910561584835
8.31213551452514 0.007830164670253286
8.31213551452514 0.006723896919159279
8.746057546973082 0.008711286505321903
8.746057546973082 0.01103675099405361
8.746057546973082 0.012236048897821712
8.746057546973082 0.012147025289666052
8.746057546973082 0.013712860590082953
8.746057546973082 0.018157786731111448
8.746057546973082 0.01819678461023685
8.746057546973082 0.017928067891032292
8.746057546973082 0.016763047904135117
8.746057546973082 0.017292023388577545
8.746057546973082 0.01704771740519999
8.746057546973082 0.018670173790596375
8.746057546973082 0.01964419578031649
8.746057546973082 0.018739840383152306
8.746057546973082 0.016404877501987304
8.746057546973082 0.015935795189190558
8.746057546973082 0.014848540768473775
8.746057546973082 0.01897702910043017
8.746057546973082 0.01853351340260146
8.746057546973082 0.016336658229784473
8.746057546973082 0.016541220576133827
8.746057546973082 0.017152008283481693
8.746057546973082 0.01834177366586951
8.746057546973082 0.01834177366586951
8.746057546973082 0.01714745387974798
8.746057546973082 0.016083687535882366
8.746057546973082 0.014712034715548382
8.746057546973082 0.014712034715548378
8.746057546973082 0.014478505886655557
8.746057546973082 0.014478505886655557
8.746057546973082 0.015713812695869897
8.746057546973082 0.015713812695869897
8.746057546973082 0.015713812695869897
8.746057546973082 0.015713812695869897
8.746057546973082 0.015713812695869897
8.746057546973082 0.011722073649171372
8.746057546973082 0.011722073649171372
8.746057546973082 0.011722073649171372
8.746057546973082 0.011722073649171372
8.746057546973082 0.010109683145878616
8.746057546973082 0.00962115404569567
8.746057546973082 0.009621154045695668
8.746057546973082 0.00962115404569567
8.746057546973082 0.008662014857466465
8.746057546973082 0.008662014857466465
8.746057546973082 0.007978311951777528
8.746057546973082 0.007978311951777528
8.746057546973082 0.007978311951777528
8.746057546973082 0.007978311951777528
8.746057546973082 0.0075677483435949025
8.746057546973082 0.0075677483435949025
8.746057546973082 0.0075677483435949025
8.746057546973082 0.0075677483435949025
8.746057546973082 0.0075677483435949025
8.746057546973082 0.0075677483435949025
8.746057546973082 0.0075677483435949025
8.746057546973082 0.0075677483435949025
8.746057546973082 0.006581988841709182
8.746057546973082 0.005083160314632412
8.746057546973082 0.0025507880709208825
8.746057546973082 0.0025507880709208825
8.746057546973082 0.0025507880709208825
8.746057546973082 0.0025507880709208825
8.746057546973082 0.0041282078683165125
8.746057546973082 0.003097307768538471
8.746057546973082 0.003097307768538471
8.746057546973082 0.003097307768538471
8.746057546973082 0.0021285638781544307
8.746057546973082 0.0021285638781544307
8.746057546973082 0.0021285638781544307
8.746057546973082 0.0021285638781544307
8.746057546973082 0.0021285638781544307
8.746057546973082 0.0021285638781544307
8.746057546973082 0.0021285638781544307
8.746057546973082 0.0021285638781544307
8.746057546973082 0.0021285638781544307
8.746057546973082 0.0021285638781544307
8.746057546973082 0.0021285638781544307
8.746057546973082 0.0021285638781544307
8.746057546973082 0.0021285638781544307
8.746057546973082 0.0021285638781544307
8.746057546973082 0.0021285638781544307
8.746057546973082 0.0021285638781544307
8.746057546973082 0.0021285638781544307
8.746057546973082 0.0021285638781544307
8.746057546973082 0.0021285638781544307
8.746057546973082 0.0021285638781544307
8.746057546973082 0.0021285638781544307
8.746057546973082 0.0
8.746057546973082 0.0
8.746057546973082 0.0
8.746057546973082 0.0
8.746057546973082 0.0
8.746057546973082 0.0
8.746057546973082 0.0
8.746057546973082 0.0
8.746057546973082 0.0
8.764746706138292 6.263978509318677E-4
8.764746706138292 6.263978509318677E-4
8.764746706138292 6.263978509318677E-4
8.764746706138292 6.263978509318677E-4
8.764746706138292 6.263978509318677E-4
8.764746706138292 6.263978509318677E-4
8.764746706138292 6.263978509318677E-4
8.764746706138292 6.263978509318677E-4
8.764746706138292 6.263978509318677E-4
8.764746706138292 0.0
8.764746706138292 0.0
8.764746706138292 0.0
8.764746706138292 0.0
8.764746706138292 0.0
8.764746706138292 0.0
8.840811385867413 2.6417099599376884E-4
8.840811385867413 2.6417099599376884E-4
8.840811385867413 2.6417099599376884E-4
8.840811385867413 2.6417099599376884E-4
8.840811385867413 2.6417099599376884E-4
8.840811385867413 2.6417099599376884E-4
8.840811385867413 2.6417099599376884E-4
8.840811385867413 2.6417099599376884E-4
8.840811385867413 2.6417099599376884E-4
8.840811385867413 2.6417099599376884E-4
8.840811385867413 2.6417099599376884E-4
8.840811385867413 0.0
8.840811385867413 0.0
8.840811385867413 0.0
8.840811385867413 0.0
8.840811385867413 0.0
8.840811385867413 0.0
8.840811385867413 0.0
8.840811385867413 0.0
8.840811385867413 2.827460616903786E-4
8.840811385867413 2.827460616903786E-4
8.840811385867413 2.827460616903786E-4
8.840811385867413 2.3411329384478882E-4
8.840811385867413 2.3411329384478882E-4
8.840811385867413 2.3411329384478882E-4
8.840811385867413 2.3411329384478882E-4
8.840811385867413 2.3411329384478882E-4
8.840811385867413 0.0
8.840811385867413 0.0
8.840811385867413 0.0
8.840811385867413 0.0
8.840811385867413 0.0
8.840811385867413 0.0
8.840811385867413 0.0
8.840811385867413 0.0
8.840811385867413 0.0
8.840811385867413 0.0
8.840811385867413 0.0
8.840811385867413 0.0
8.840811385867413 0.0
8.840811385867413 0.0
8.840811385867413 0.0
8.840811385867413 0.0
8.840811385867413 0.0
8.840811385867413 0.0
8.840811385867413 0.0
8.840811385867413 0.0
8.840811385867413 0.0
8.840811385867413 0.0
8.840811385867413 2.6865053919084876E-4
8.840811385867413 2.6865053919084876E-4
8.840811385867413 2.6865053919084876E-4
8.840811385867413 2.6865053919084876E-4
8.840811385867413 2.6865053919084876E-4
8.840811385867413 2.6865053919084876E-4
8.840811385867413 5.513966008812274E-4
8.840811385867413 5.513966008812274E-4
8.87607213938258 8.67448449829046E-4
8.87607213938258 8.155675968749962E-4
8.87607213938258 8.155675968749962E-4
8.87607213938258 8.155675968749962E-4
8.87607213938258 8.155675968749962E-4
8.87607213938258 5.328215351846176E-4
8.87607213938258 4.20476783480285E-4
8.87607213938258 7.93953605064917E-4
8.87607213938258 7.93953605064917E-4
8.87607213938258 0.0010280668989097058
8.87607213938258 0.0012621801927544948
8.87607213938258 0.001062604144255766
8.87607213938258 0.001062604144255766
8.87607213938258 0.0012365931952634799
8.87607213938258 0.0012365931952634799
8.87607213938258 0.0012365931952634799
8.87607213938258 0.0012365931952634799
8.87607213938258 0.0012365931952634799
8.87607213938258 0.0012365931952634799
8.87607213938258 0.00158847660791762
8.87607213938258 0.0014366503636281836
8.87607213938258 0.00166874179124286
8.87607213938258 0.00166874179124286
8.87607213938258 0.00166874179124286
8.87607213938258 0.00166874179124286
8.87607213938258 0.00166874179124286
8.87607213938258 0.00166874179124286
8.87607213938258 0.00166874179124286
8.884635886722842 0.0019830661043832008
8.884635886722842 9.574516618534486E-4
8.884635886722842 9.574516618534485E-4
8.884635886722842 9.574516618534485E-4
8.884635886722842 9.574516618534485E-4
8.884635886722842 7.253602342387721E-4
8.884635886722842 7.253602342387721E-4
8.885963693602468 8.800063656668324E-4
8.885963693602468 8.800063656668324E-4
8.885963693602468 3.3872370496160935E-4
8.885963693602468 3.3872370496160935E-4
8.885963693602468 1.6315235644465706E-4
8.885963693602468 6.305221257033925E-4
8.948698703070837 0.0017057926236348326
8.948698703070837 0.0017057926236348326
8.948698703070837 0.0017057926236348326
8.948698703070837 0.0010962386034204616
8.948698703070837 9.444123591310255E-4
8.948698703070837 7.119761248381266E-4
8.948698703070837 7.119761248381266E-4
8.948698703070837 9.022633784881954E-4
8.948698703070837 9.988331752477054E-4
8.948698703070837 9.988331752477054E-4
8.948698703070837 0.0013080387749853629
8.948698703070837 0.0013080387749853629
8.948698703070837 0.0013080387749853629
8.948698703070837 0.0013080387749853629
8.948698703070837 0.0014242188117769825
8.948698703070837 0.0012610664553323254
8.948698703070837 0.0012610664553323254
8.948698703070837 0.001385175202679821
8.948698703070837 0.001385175202679821
8.948698703070837 0.001385175202679821
8.948698703070837 0.001385175202679821
8.948698703070837 0.001385175202679821
8.948698703070837 0.0016626788204197297
8.948698703070837 0.0015337077527886637
8.948698703070837 0.0015337077527886637
8.948698703070837 0.0015337077527886637
8.948698703070837 0.0015337077527886637
8.948698703070837 0.0015337077527886633
8.948698703070837 0.0016140148009461033
8.948698703070837 0.0016140148009461033
8.948698703070837 0.0016140148009461033
8.948698703070837 0.001350178205103088
8.986758188908233 0.0015049889204463759
8.986758188908233 0.0015049889204463763
8.986758188908233 0.0015049889204463759
8.986758188908233 0.0015049889204463763
8.986758188908233 0.0014116301046591517
8.986758188908233 0.0012744842936139513
8.986758188908233 0.0012744842936139517
8.986758188908233 0.0011941772454565117
8.986758188908233 0.0011941772454565117
8.986758188908233 0.0011941772454565117
8.986758188908233 0.0013995730692357331
8.986758188908233 0.0013995730692357331
8.986758188908233 0.0015673789083563239
8.986758188908233 0.0014414980380148524
8.986758188908233 0.0012625408220054753
8.986758188908233 0.0013915118896365417
8.986758188908233 0.0015082451623066558
8.986758188908233 0.0015607075305591805
8.986758188908233 0.0017325781608007783
8.986758188908233 0.0020835804745289945
8.986758188908233 0.001697929356497034
8.986758188908233 0.001590054445548328
8.986758188908233 0.001590054445548328
8.986758188908233 0.001590054445548328
8.986758188908233 0.0013675047446762892
8.986758188908233 0.0011323975519538746
8.986758188908233 9.939073510587737E-4
8.986758188908233 8.730491385087944E-4
8.986758188908233 9.657193562921285E-4
8.986758188908233 9.657193562921285E-4
8.986758188908233 9.657193562921285E-4
8.986758188908233 7.442729344481545E-4
8.986758188908233 9.251724642296275E-4
8.986758188908233 8.493822289576591E-4
8.986758188908233 5.270213967032201E-4
8.986758188908233 5.270213967032201E-4
8.986758188908233 5.270213967032201E-4
9.008408463959928 6.731044093176623E-4
9.008408463959928 7.199074890937688E-4
9.008408463959928 7.199074890937688E-4
9.008408463959928 7.199074890937688E-4
9.008408463959928 7.551695053864113E-4
9.008408463959928 7.551695053864112E-4
9.008408463959928 7.551695053864113E-4
9.008408463959928 7.551695053864112E-4
9.013160106559688 8.271173136186513E-4
9.013160106559688 8.271173136186513E-4
9.037856923382005 9.130782890881793E-4
9.037856923382005 7.944909729872654E-4
9.037856923382005 7.944909729872654E-4
9.037856923382005 7.944909729872654E-4
9.037856923382005 7.944909729872654E-4
9.037856923382005 7.117458411732988E-4
9.037856923382005 7.117458411732988E-4
9.037856923382005 7.117458411732988E-4
9.037856923382005 7.117458411732988E-4
9.037856923382005 5.411126529871623E-4
9.037856923382005 5.411126529871623E-4
9.037856923382005 7.047676502711751E-4
9.037856923382005 8.431586741500579E-4
9.037856923382005 8.431586741500581E-4
9.037856923382005 8.431586741500579E-4
9.037856923382005 4.562502983671295E-4
9.037856923382005 4.5625029836712946E-4
9.037856923382005 4.562502983671295E-4
9.037856923382005 4.5625029836712946E-4
9.037856923382005 5.605662486821877E-4
9.037856923382005 5.605662486821878E-4
9.037856923382005 5.605662486821878E-4
9.037856923382005 4.2217522480330493E-4
9.037856923382005 4.2217522480330493E-4
9.037856923382005 4.2217522480330493E-4
9.037856923382005 4.2217522480330493E-4
9.037856923382005 3.394300929893384E-4
9.037856923382005 2.1402579665616282E-4
9.037856923382005 3.1206785554667806E-4
9.037856923382005 3.1206785554667806E-4
9.037856923382005 3.1206785554667806E-4
9.037856923382005 2.0775190523161986E-4
9.037856923382005 2.0775190523161986E-4
9.037856923382005 2.811878634279114E-4
9.037856923382005 2.811878634279114E-4
9.037856923382005 1.8474557294689226E-4
9.037856923382005 1.8474557294689226E-4
9.037856923382005 1.8474557294689226E-4
9.037856923382005 1.8474557294689226E-4
9.037856923382005 1.8474557294689226E-4
9.037856923382005 9.237278647344613E-5
9.037856923382005 9.237278647344613E-5
9.037856923382005 9.237278647344613E-5
9.037856923382005 9.237278647344613E-5
9.037856923382005 9.237278647344613E-5
9.037856923382005 1.8665509734129546E-4
9.037856923382005 1.8665509734129546E-4
9.037856923382005 1.8665509734129546E-4
9.037856923382005 1.8665509734129546E-4
9.037856923382005 1.8665509734129546E-4
9.037856923382005 1.8665509734129546E-4
9.037856923382005 1.8665509734129546E-4
9.0416764357148 4.0660986712622553E-4
9.0416764357148 4.0660986712622553E-4
9.0416764357148 5.020121628120002E-4
9.0416764357148 5.020121628120002E-4
9.0416764357148 4.0660986712622553E-4
9.0416764357148 4.0660986712622553E-4
9.0416764357148 4.0660986712622553E-4
9.0416764357148 4.0660986712622553E-4
9.0416764357148 4.0660986712622553E-4
9.0416764357148 4.0660986712622553E-4
9.0416764357148 4.0660986712622553E-4
9.0416764357148 3.1516521178523085E-4
9.0416764357148 3.1516521178523085E-4
9.0416764357148 3.1516521178523085E-4
9.0416764357148 0.0
9.0416764357148 0.0
9.0416764357148 0.0
9.057928011159284 1.4125221031358523E-4
9.057928011159284 2.5428620704405215E-4
9.057928011159284 2.5428620704405215E-4
9.057928011159284 3.877979014464894E-4
9.057928011159284 2.5428620704405215E-4
9.057928011159284 2.5428620704405215E-4
9.057928011159284 2.5428620704405215E-4
9.057928011159284 2.5428620704405215E-4
9.057928011159284 2.5428620704405215E-4
9.057928011159284 1.4125221031358523E-4
9.057928011159284 2.5983952641449933E-4
9.057928011159284 2.5983952641449933E-4
9.057928011159284 2.5983952641449933E-4
9.057928011159284 1.1858731610091407E-4
9.057928011159284 1.1858731610091407E-4
9.057928011159284 1.1858731610091407E-4
9.057928011159284 2.3717463220182815E-4
9.057928011159284 2.3717463220182815E-4
9.057928011159284 1.8870541728686758E-4
9.057928011159284 2.560696651710756E-4
9.057928011159284 2.560696651710756E-4
9.057928011159284 2.560696651710756E-4
9.057928011159284 2.560696651710756E-4
9.057928011159284 3.197479604141585E-4
9.057928011159284 3.197479604141585E-4
9.057928011159284 3.197479604141585E-4
9.057928011159284 3.197479604141585E-4
9.069577556253249 3.93197423100407E-4
9.069577556253249 3.93197423100407E-4
9.069577556253249 3.93197423100407E-4
9.069577556253249 3.93197423100407E-4
9.069577556253249 3.93197423100407E-4
9.069577556253249 3.93197423100407E-4
9.069577556253249 3.93197423100407E-4
9.069577556253249 3.93197423100407E-4
9.069577556253249 3.93197423100407E-4
9.069577556253249 3.93197423100407E-4
9.069577556253249 3.93197423100407E-4
9.069577556253249 3.93197423100407E-4
9.069577556253249 3.93197423100407E-4
9.069577556253249 3.93197423100407E-4
9.069577556253249 3.93197423100407E-4
9.069577556253249 1.353714160982622E-4
9.069577556253249 1.353714160982622E-4
9.069577556253249 1.353714160982622E-4
9.069577556253249 1.353714160982622E-4
9.069577556253249 6.800716821405416E-5
9.069577556253249 6.800716821405416E-5
9.069577556253249 6.800716821405416E-5
9.069577556253249 2.896568403521588E-4
9.069577556253249 2.896568403521588E-4
9.069577556253249 2.896568403521588E-4
9.069577556253249 2.896568403521588E-4
9.069577556253249 2.896568403521588E-4
9.069577556253249 2.896568403521588E-4
9.069577556253249 6.800716821405416E-5
9.069577556253249 6.800716821405416E-5
9.069577556253249 6.800716821405416E-5
9.069577556253249 1.3601433642810833E-4
9.069577556253249 9.02991454100506E-5
9.069577556253249 9.02991454100506E-5
9.069577556253249 9.02991454100506E-5
9.069577556253249 9.02991454100506E-5
9.069577556253249 9.02991454100506E-5
9.069577556253249 0.0
9.069577556253249 0.0
9.085399109010236 4.014176390949982E-5
9.085399109010236 9.453115807699233E-5
9.085399109010236 9.453115807699233E-5
9.085399109010236 9.453115807699233E-5
9.085399109010236 9.453115807699233E-5
9.085399109010236 1.6075783472487817E-4
9.085399109010236 1.6075783472487817E-4
9.085399109010236 1.6075783472487817E-4
9.085399109010236 1.6075783472487817E-4
9.085399109010236 0.0
9.085399109010236 0.0
9.085399109010236 0.0
9.085399109010236 0.0
9.085399109010236 0.0
9.085399109010236 0.0
9.085399109010236 0.0
9.085399109010236 0.0
9.085399109010236 0.0
9.085399109010236 8.5007093074204E-5
9.085399109010236 8.5007093074204E-5
9.085399109010236 8.5007093074204E-5
9.085399109010236 8.5007093074204E-5
9.085399109010236 8.5007093074204E-5
9.096462888507492 1.6509205719672103E-4
9.096462888507492 1.6509205719672103E-4
9.096462888507492 1.2761751565462887E-4
9.096462888507492 1.2761751565462887E-4
9.11980851355479 2.7005610280059656E-4
9.11980851355479 1.7114961844630572E-4
9.11980851355479 2.0724158749118056E-4
9.11980851355479 1.3224884988892536E-4
9.11980851355479 8.963842730850053E-5
9.11980851355479 8.963842730850053E-5
9.11980851355479 8.963842730850053E-5
9.11980851355479 8.963842730850053E-5
9.11980851355479 8.52563374790721E-5
9.11980851355479 8.52563374790721E-5
9.11980851355479 8.52563374790721E-5
9.11980851355479 8.52563374790721E-5
9.11980851355479 8.52563374790721E-5
9.11980851355479 9.871022637453718E-5
9.11980851355479 9.871022637453718E-5
9.11980851355479 9.871022637453718E-5
9.11980851355479 9.871022637453718E-5
9.11980851355479 1.3711353526177489E-4
9.11980851355479 1.0597626866876785E-4
9.11980851355479 1.0597626866876785E-4
9.11980851355479 1.0597626866876785E-4
9.11980851355479 1.0597626866876785E-4
9.11980851355479 1.0597626866876785E-4
9.11980851355479 1.437814680544818E-4
9.11980851355479 1.437814680544818E-4
9.11980851355479 1.7700761846577625E-4
9.11980851355479 1.392024190800623E-4
9.11980851355479 1.392024190800623E-4
9.11980851355479 1.392024190800623E-4
9.11980851355479 1.392024190800623E-4
9.11980851355479 1.392024190800623E-4
9.11980851355479 1.5254890877837608E-4
9.11980851355479 2.3302522596293284E-4
9.11980851355479 2.270010047977499E-4
9.11980851355479 1.895264632556577E-4
9.11980851355479 2.2966822716515755E-4
9.11980851355479 2.2966822716515757E-4
9.11980851355479 1.8666645152269292E-4
9.11980851355479 2.4082398633866865E-4
9.11980851355479 2.4082398633866865E-4
9.11980851355479 2.719612529316757E-4
9.11980851355479 2.719612529316757E-4
9.11980851355479 2.719612529316757E-4
9.11980851355479 2.719612529316757E-4
9.11980851355479 3.0238485745536636E-4
9.11980851355479 3.0204224261445655E-4
9.11980851355479 3.3656290779979307E-4
9.11980851355479 3.8545672611392154E-4
9.11980851355479 3.4776647655641044E-4
9.11980851355479 3.6730510283698866E-4
9.11980851355479 3.6730510283698866E-4
9.11980851355479 3.6730510283698866E-4
9.11980851355479 3.6730510283698866E-4
9.11980851355479 2.9569517188907704E-4
9.11980851355479 2.4293039519720442E-4
9.11980851355479 2.4293039519720442E-4
9.11980851355479 2.4293039519720445E-4
9.11980851355479 2.4293039519720445E-4
9.11980851355479 2.4293039519720442E-4
9.11980851355479 2.4293039519720442E-4
9.11980851355479 2.4293039519720445E-4
9.11980851355479 2.4293039519720445E-4
9.11980851355479 2.4293039519720445E-4
9.11980851355479 2.4293039519720445E-4
9.11980851355479 2.4293039519720442E-4
9.11980851355479 2.4293039519720445E-4
9.11980851355479 2.4293039519720442E-4
9.11980851355479 2.4293039519720445E-4
9.11980851355479 2.4293039519720442E-4
9.11980851355479 1.9998108516843422E-4
9.11980851355479 1.9998108516843422E-4
9.11980851355479 1.9998108516843422E-4
9.11980851355479 1.9998108516843422E-4
9.11980851355479 1.9998108516843422E-4
9.11980851355479 1.9998108516843422E-4
9.11980851355479 1.9998108516843422E-4
9.11980851355479 1.9998108516843422E-4
9.11980851355479 1.9998108516843422E-4
9.11980851355479 1.9998108516843422E-4
9.11980851355479 1.4933707780686703E-4
9.11980851355479 1.4933707780686703E-4
9.11980851355479 1.5227926060307193E-4
9.11980851355479 1.0967285115455342E-4
9.11980851355479 1.0967285115455342E-4
9.11980851355479 1.0967285115455342E-4
9.120255656993134 1.9224686467564145E-4
9.120255656993134 1.9224686467564145E-4
9.120255656993134 1.9224686467564145E-4
9.120255656993134 1.9224686467564145E-4
9.120255656993134 1.9224686467564145E-4
9.120255656993134 1.9224686467564145E-4
9.120255656993134 0.0
9.120255656993134 0.0
9.120255656993134 0.0
9.120255656993134 0.0
9.120255656993134 0.0
9.120255656993134 0.0
9.120255656993134 0.0
9.120255656993134 0.0
9.120255656993134 0.0
9.120255656993134 0.0
9.120255656993134 0.0
9.120255656993134 0.0
9.120255656993134 0.0
9.120255656993134 0.0
9.120255656993134 0.0
9.120255656993134 0.0
9.120255656993134 0.0
9.128590069688117 3.1471660882834864E-5
9.128590069688117 0.0
9.128590069688117 0.0
9.128590069688117 0.0
9.128590069688117 3.821672288805415E-5
9.128590069688117 3.821672288805415E-5
9.128590069688117 3.821672288805415E-5
9.128590069688117 3.821672288805415E-5
9.128590069688117 3.821672288805415E-5
9.128590069688117 3.821672288805415E-5
9.128590069688117 3.821672288805415E-5
9.128590069688117 0.0
9.128590069688117 0.0
9.128590069688117 0.0
9.128590069688117 0.0
9.128590069688117 0.0
9.128590069688117 0.0
9.128590069688117 0.0
9.128590069688117 0.0
9.128590069688117 0.0
9.128590069688117 0.0
9.128590069688117 0.0
9.128590069688117 0.0
9.128590069688117 0.0
9.128590069688117 0.0
9.128590069688117 0.0
9.128590069688117 0.0
9.128590069688117 0.0
9.128590069688117 0.0
9.128590069688117 0.0
9.128590069688117 0.0
9.128590069688117 0.0
9.128590069688117 0.0
9.128590069688117 0.0
9.128590069688117 0.0
9.128590069688117 0.0
9.128590069688117 0.0
9.128590069688117 0.0
9.128590069688117 0.0
9.128590069688117 0.0
9.128590069688117 0.0
9.128590069688117 0.0
9.128590069688117 0.0
9.128590069688117 0.0
9.128590069688117 0.0
9.128590069688117 0.0
9.128590069688117 0.0
9.128590069688117 3.1471660882834864E-5
9.128590069688117 3.1471660882834864E-5
9.128590069688117 3.1471660882834864E-5
9.128590069688117 6.539598499415047E-5
9.128590069688117 6.539598499415047E-5
9.128590069688117 6.539598499415047E-5
9.128590069688117 6.539598499415047E-5
9.128590069688117 3.1471660882834864E-5
9.128590069688117 3.1471660882834864E-5
9.128590069688117 3.1471660882834864E-5
9.128590069688117 3.1471660882834864E-5
9.128590069688117 3.1471660882834864E-5
9.128590069688117 3.1471660882834864E-5
9.128590069688117 3.1471660882834864E-5
9.128590069688117 3.1471660882834864E-5
9.128590069688117 3.1471660882834864E-5
9.128590069688117 3.1471660882834864E-5
9.128590069688117 3.1471660882834864E-5
9.128590069688117 3.1471660882834864E-5
9.128590069688117 0.0
9.128590069688117 3.821672288805415E-5
9.128590069688117 3.821672288805415E-5
9.128590069688117 3.821672288805415E-5
9.128590069688117 3.821672288805415E-5
9.128590069688117 7.64334457761083E-5
9.128590069688117 7.64334457761083E-5
9.128590069688117 7.64334457761083E-5
9.128590069688117 7.64334457761083E-5
9.128590069688117 7.64334457761083E-5
9.128590069688117 7.64334457761083E-5
9.128590069688117 7.64334457761083E-5
9.128590069688117 7.64334457761083E-5
9.128590069688117 7.64334457761083E-5
9.128590069688117 7.64334457761083E-5
9.128590069688117 1.0509940090635937E-4
9.128590069688117 1.0509940090635937E-4
9.128590069688117 1.0509940090635937E-4
9.128590069688117 1.0509940090635937E-4
9.128590069688117 1.0509940090635937E-4
9.128590069688117 1.0509940090635937E-4
9.128590069688117 1.0509940090635937E-4
9.128590069688117 1.0509940090635937E-4
9.128590069688117 1.0509940090635937E-4
9.128590069688117 1.0509940090635937E-4
9.128590069688117 1.0509940090635937E-4
9.128590069688117 1.0509940090635937E-4
9.128590069688117 1.0509940090635937E-4
9.128590069688117 1.0509940090635937E-4
9.128590069688117 0.0
9.128590069688117 0.0
9.128590069688117 0.0
9.128590069688117 0.0
9.128590069688117 0.0
9.128590069688117 0.0
9.128590069688117 0.0
9.128590069688117 0.0
9.128590069688117 0.0
9.128590069688117 0.0
9.128590069688117 0.0
9.128590069688117 0.0
9.128590069688117 0.0
9.128590069688117 0.0
9.128590069688117 0.0
9.128590069688117 0.0
9.128590069688117 0.0
9.128590069688117 0.0
9.128590069688117 0.0
9.128590069688117 0.0
9.128590069688117 0.0
9.128590069688117 0.0
9.128590069688117 0.0
9.128590069688117 0.0
9.128590069688117 0.0
9.128590069688117 0.0
9.128590069688117 0.0
9.128590069688117 0.0
9.128590069688117 0.0
9.128590069688117 0.0
9.128590069688117 0.0
9.128590069688117 0.0
9.128590069688117 0.0
9.128590069688117 0.0
9.128590069688117 0.0
9.128590069688117 0.0
9.128590069688117 0.0
9.128590069688117 0.0
9.128590069688117 0.0
9.128590069688117 0.0
9.128590069688117 0.0
9.128590069688117 0.0
9.128590069688117 0.0
9.128590069688117 0.0
9.128590069688117 0.0
9.128590069688117 0.0
9.128590069688117 0.0
9.128590069688117 0.0
9.128590069688117 0.0
9.128590069688117 0.0
9.128590069688117 0.0
9.128590069688117 0.0
9.128590069688117 0.0
9.128590069688117 0.0
9.128590069688117 0.0
9.128590069688117 0.0
9.128590069688117 0.0
9.128590069688117 0.0
9.128590069688117 0.0
9.128590069688117 0.0
9.128590069688117 0.0
9.128590069688117 0.0
9.128590069688117 0.0
9.128590069688117 0.0
9.128590069688117 0.0
9.128590069688117 0.0
9.128590069688117 0.0
9.128590069688117 0.0
9.128590069688117 0.0
9.128590069688117 0.0
9.128590069688117 0.0
9.128590069688117 0.0
9.128590069688117 0.0
9.128590069688117 0.0
9.128590069688117 0.0
9.128590069688117 0.0
9.128590069688117 0.0
9.128590069688117 0.0
9.128590069688117 0.0
9.128590069688117 0.0
9.128590069688117 0.0
9.128590069688117 0.0
9.128590069688117 0.0
9.128590069688117 0.0
9.128590069688117 0.0
9.128590069688117 0.0
9.128590069688117 0.0
9.128590069688117 0.0
9.128590069688117 0.0
9.128590069688117 0.0
9.128590069688117 0.0
9.128590069688117 0.0
9.128590069688117 0.0
9.128590069688117 0.0
9.128590069688117 0.0
9.128590069688117 0.0
9.128590069688117 0.0
9.128590069688117 0.0
9.128590069688117 0.0
9.128590069688117 0.0
9.128590069688117 0.0
9.128590069688117 0.0
9.128590069688117 0.0
9.128590069688117 0.0
9.128590069688117 0.0
9.128590069688117 0.0
9.128590069688117 0.0
9.128590069688117 0.0
9.128590069688117 0.0
9.128590069688117 0.0
9.128590069688117 0.0
9.128590069688117 0.0
9.128590069688117 0.0
9.128590069688117 0.0
9.128590069688117 0.0
9.128590069688117 0.0
9.128590069688117 0.0
9.128590069688117 0.0
9.128590069688117 0.0
9.128590069688117 0.0
9.128590069688117 0.0
9.128590069688117 0.0
9.128590069688117 0.0
9.128590069688117 0.0
9.128590069688117 0.0
9.128590069688117 0.0
9.128590069688117 0.0
9.128590069688117 0.0
9.128590069688117 0.0
9.129324279778956 3.6873849708778854E-5
9.129324279778956 3.6873849708778854E-5
9.129324279778956 3.6873849708778854E-5
9.129324279778956 3.6873849708778854E-5
9.129324279778956 3.6873849708778854E-5
9.129324279778956 3.6873849708778854E-5
9.129324279778956 3.6873849708778854E-5
9.129324279778956 3.6873849708778854E-5
9.129324279778956 3.6873849708778854E-5
9.129324279778956 3.6873849708778854E-5
9.129324279778956 3.6873849708778854E-5
9.129324279778956 3.6873849708778854E-5
9.129324279778956 3.6873849708778854E-5
9.129324279778956 3.6873849708778854E-5
9.129324279778956 3.6873849708778854E-5
9.129324279778956 3.6873849708778854E-5
9.129324279778956 3.6873849708778854E-5
9.129324279778956 3.6873849708778854E-5
9.129324279778956 3.6873849708778854E-5
9.129324279778956 3.6873849708778854E-5
9.129324279778956 3.6873849708778854E-5
9.129324279778956 0.0
9.129324279778956 0.0
9.129324279778956 0.0
9.129324279778956 0.0
9.129324279778956 0.0
9.129324279778956 0.0
9.129324279778956 0.0
9.129324279778956 0.0
9.129324279778956 0.0
9.129324279778956 0.0
9.129324279778956 0.0
9.129324279778956 0.0
9.129324279778956 0.0
9.129324279778956 0.0
9.129324279778956 0.0
9.129324279778956 0.0
9.129324279778956 0.0
9.129324279778956 0.0
9.129324279778956 0.0
9.129324279778956 0.0
9.129324279778956 0.0
9.129324279778956 0.0
9.13398941224425 1.53407024307783E-5
9.13398941224425 1.53407024307783E-5
9.13398941224425 0.0
9.13398941224425 0.0
9.13398941224425 0.0
9.13398941224425 0.0
9.13398941224425 0.0
9.13398941224425 0.0
9.13398941224425 2.9583551151870987E-5
9.13398941224425 2.9583551151870987E-5
9.13398941224425 2.9583551151870987E-5
9.13398941224425 2.9583551151870987E-5
9.13398941224425 2.9583551151870987E-5
9.13398941224425 2.9583551151870987E-5
9.13398941224425 2.9583551151870987E-5
9.13398941224425 2.9583551151870987E-5
9.13398941224425 2.9583551151870987E-5
9.13398941224425 2.9583551151870987E-5
9.13398941224425 2.9583551151870987E-5
9.13398941224425 2.9583551151870987E-5
9.13398941224425 2.9583551151870987E-5
9.13398941224425 2.9583551151870987E-5
9.13398941224425 2.9583551151870987E-5
9.13398941224425 2.9583551151870987E-5
9.13398941224425 2.9583551151870987E-5
9.13398941224425 2.9583551151870987E-5
9.13398941224425 2.9583551151870987E-5
9.13398941224425 2.9583551151870987E-5
9.13398941224425 2.9583551151870987E-5
9.13398941224425 2.9583551151870987E-5
9.13398941224425 2.9583551151870987E-5
9.13398941224425 2.9583551151870987E-5
9.13398941224425 2.9583551151870987E-5
9.13398941224425 2.9583551151870987E-5
9.13398941224425 2.9583551151870987E-5
9.13398941224425 2.9583551151870987E-5
9.13398941224425 2.9583551151870987E-5
9.13398941224425 2.9583551151870987E-5
9.13398941224425 2.9583551151870987E-5
9.13398941224425 2.9583551151870987E-5
9.13398941224425 2.9583551151870987E-5
9.13398941224425 2.9583551151870987E-5
9.13398941224425 0.0
9.13398941224425 0.0
9.13398941224425 0.0
9.13398941224425 0.0
9.13398941224425 0.0
9.13398941224425 0.0
9.13398941224425 0.0
9.13398941224425 3.476670737570141E-5
9.13398941224425 3.476670737570141E-5
9.13398941224425 3.476670737570141E-5
9.13398941224425 3.476670737570141E-5
9.13398941224425 3.476670737570141E-5
9.13398941224425 3.476670737570141E-5
9.13398941224425 5.010740980647971E-5
9.13398941224425 5.010740980647971E-5
9.13398941224425 5.010740980647971E-5
9.13398941224425 1.53407024307783E-5
9.13398941224425 1.53407024307783E-5
9.13398941224425 0.0
9.13398941224425 0.0
9.13398941224425 0.0
9.13398941224425 0.0
9.13398941224425 0.0
9.13398941224425 0.0
9.13398941224425 0.0
9.13398941224425 0.0
9.13398941224425 0.0
9.13398941224425 0.0
9.13398941224425 0.0
9.13398941224425 0.0
9.13398941224425 0.0
9.13398941224425 0.0
9.13398941224425 0.0
9.13398941224425 0.0
9.13398941224425 0.0
9.13398941224425 0.0
9.13398941224425 0.0
9.13398941224425 0.0
9.13398941224425 0.0
9.13398941224425 0.0
9.13398941224425 0.0
9.13398941224425 0.0
9.13398941224425 0.0
9.13398941224425 0.0
9.13398941224425 0.0
9.13398941224425 0.0
9.13398941224425 0.0
9.13398941224425 0.0
9.13398941224425 0.0
9.13398941224425 0.0
9.13398941224425 0.0
9.13398941224425 0.0
9.13398941224425 0.0
9.13398941224425 0.0
9.13398941224425 0.0
9.13398941224425 0.0
9.134295452847802 2.488872128316912E-5
9.134295452847802 2.488872128316912E-5
9.134295452847802 2.488872128316912E-5
9.134295452847802 2.488872128316912E-5
9.134295452847802 0.0
9.134295452847802 0.0
9.134295452847802 0.0
9.134295452847802 0.0
9.134295452847802 0.0
9.134295452847802 0.0
9.134295452847802 0.0
9.134295452847802 0.0
9.136852261287604 3.261801287684177E-5
9.136852261287604 3.261801287684177E-5
9.136852261287604 3.261801287684177E-5
9.136852261287604 0.0
9.136852261287604 0.0
9.136852261287604 0.0
9.136852261287604 0.0
9.136852261287604 0.0
9.136852261287604 0.0
9.136852261287604 0.0
9.136852261287604 0.0
9.136852261287604 0.0
9.136852261287604 0.0
9.136852261287604 0.0
9.136852261287604 0.0
9.136852261287604 0.0
9.136852261287604 0.0
9.136852261287604 0.0
9.136852261287604 0.0
9.136852261287604 0.0
9.136852261287604 0.0
9.136852261287604 0.0
9.136852261287604 0.0
9.136852261287604 0.0
9.136852261287604 0.0
9.136852261287604 0.0
9.136852261287604 0.0
9.136852261287604 0.0
9.136852261287604 0.0
9.136852261287604 0.0
9.136852261287604 0.0
9.136852261287604 0.0
9.136852261287604 0.0
9.136852261287604 0.0
9.136852261287604 0.0
9.136852261287604 0.0
9.136852261287604 0.0
9.136852261287604 0.0
9.136852261287604 0.0
9.136852261287604 0.0
9.136852261287604 0.0
9.136852261287604 0.0
9.136852261287604 0.0
9.136852261287604 0.0
9.136852261287604 0.0
9.136852261287604 0.0
9.136852261287604 0.0
9.136852261287604 0.0
9.137299765196458 1.3373395914960964E-5
9.137299765196458 0.0
9.137299765196458 1.3373395914960964E-5
9.137299765196458 1.3373395914960964E-5
9.137299765196458 1.3373395914960964E-5
9.137299765196458 1.3373395914960964E-5
9.137299765196458 1.3373395914960964E-5
9.137299765196458 1.3373395914960964E-5
9.137299765196458 0.0
9.137299765196458 0.0
9.137299765196458 0.0
9.137299765196458 0.0
9.137299765196458 0.0
9.137299765196458 0.0
9.137299765196458 0.0
9.137299765196458 0.0
9.137299765196458 0.0
9.137557981218178 2.039599751063577E-5
9.137557981218178 2.039599751063577E-5
9.137557981218178 2.039599751063577E-5
9.137557981218178 0.0
9.137557981218178 0.0
9.137557981218178 0.0
9.137557981218178 0.0
9.137557981218178 0.0
9.137557981218178 0.0
9.137557981218178 0.0
9.137557981218178 0.0
9.137557981218178 0.0
9.137557981218178 0.0
9.137557981218178 0.0
9.137557981218178 0.0
9.137557981218178 0.0
9.137557981218178 0.0
9.137557981218178 0.0
9.137557981218178 0.0
9.137557981218178 0.0
9.137557981218178 0.0
9.137557981218178 2.4520413024220984E-5
9.137557981218178 2.4520413024220984E-5
9.137557981218178 2.4520413024220984E-5
9.137557981218178 2.4520413024220984E-5
9.137557981218178 2.4520413024220984E-5
9.137557981218178 2.4520413024220984E-5
9.137557981218178 2.4520413024220984E-5
9.137557981218178 2.4520413024220984E-5
9.137557981218178 2.4520413024220984E-5
9.137557981218178 2.4520413024220984E-5
9.137557981218178 2.4520413024220984E-5
9.137557981218178 2.4520413024220984E-5
9.137557981218178 2.4520413024220984E-5
9.137557981218178 2.4520413024220984E-5
9.137557981218178 2.4520413024220984E-5
9.137557981218178 0.0
9.137557981218178 0.0
9.137557981218178 0.0
9.137557981218178 0.0
9.137557981218178 0.0
9.137557981218178 0.0
9.137557981218178 0.0
9.137557981218178 0.0
9.137557981218178 0.0
9.137557981218178 0.0
9.137557981218178 0.0
9.137557981218178 2.039599751063577E-5
9.137557981218178 2.039599751063577E-5
9.137557981218178 2.039599751063577E-5
9.137557981218178 0.0
9.137557981218178 0.0
9.137557981218178 0.0
9.137557981218178 0.0
9.137557981218178 0.0
9.137557981218178 0.0
9.137557981218178 0.0
9.137557981218178 0.0
9.137557981218178 0.0
9.137557981218178 0.0
9.137557981218178 0.0
9.137557981218178 0.0
9.137557981218178 0.0
9.137557981218178 0.0
9.137557981218178 0.0
9.137557981218178 0.0
9.137557981218178 0.0
9.137557981218178 0.0
9.137557981218178 0.0
9.137557981218178 0.0
9.137557981218178 0.0
9.137557981218178 0.0
9.137591001351435 4.0750846438529444E-5
9.137591001351435 4.0750846438529444E-5
9.137591001351435 4.0750846438529444E-5
9.140073781239423 4.682493452237874E-5
9.140073781239423 4.682493452237874E-5
9.140073781239423 3.4625702659165595E-5
9.140073781239423 3.4625702659165595E-5
9.140073781239423 3.4625702659165595E-5
9.140073781239423 3.4625702659165595E-5
9.140073781239423 7.167274307947611E-5
9.140073781239423 5.435989174989333E-5
9.140073781239423 1.7312851329582797E-5
9.140073781239423 1.7312851329582797E-5
9.140073781239423 1.7312851329582797E-5
9.140073781239423 1.7312851329582797E-5
9.140073781239423 1.7312851329582797E-5
9.140073781239423 1.7312851329582797E-5
9.140073781239423 1.7312851329582797E-5
9.140073781239423 1.7312851329582797E-5
9.14023515404241 2.4774543733091975E-5
9.144032050857605 3.1788021564608566E-5
9.144032050857605 4.237862032732593E-5
9.147162100473953 5.028195701754513E-5
9.147162100473953 4.237862032732593E-5
9.147162100473953 4.237862032732593E-5
9.147162100473953 4.237862032732593E-5
9.147162100473953 3.491692792381675E-5
9.147162100473953 3.491692792381675E-5
9.147162100473953 4.939938089652679E-5
9.147162100473953 4.2385903065010204E-5
9.147162100473953 5.9068803788128014E-5
9.147162100473953 5.9068803788128014E-5
9.147162100473953 5.9068803788128014E-5
9.147162100473953 5.346497375778874E-5
9.147162100473953 5.346497375778874E-5
9.147162100473953 5.003016637158183E-5
9.147162100473953 5.003016637158183E-5
9.147162100473953 5.003016637158182E-5
9.147162100473953 7.008037397396938E-5
9.147162100473953 5.003016637158183E-5
9.147162100473953 5.003016637158182E-5
9.147162100473953 5.003016637158183E-5
9.147162100473953 5.003016637158182E-5
9.153395557301241 5.2343592052064306E-5
9.153395557301241 5.2343592052064306E-5
9.153395557301241 5.2343592052064306E-5
9.153395557301241 6.057781422424677E-5
9.153395557301241 6.057781422424677E-5
9.153395557301241 6.057781422424677E-5
9.153395557301241 7.155313201678631E-5
9.153395557301241 8.88659833463691E-5
9.153395557301241 8.88659833463691E-5
9.153395557301241 8.101964612583714E-5
9.153395557301241 8.92538682980196E-5
9.153395557301241 5.2170354517340475E-5
9.153395557301241 5.2170354517340475E-5
9.153395557301241 5.962304577372282E-5
9.153395557301241 5.962304577372282E-5
9.153395557301241 4.441049643272918E-5
9.153395557301241 4.441049643272918E-5
9.153395557301241 4.849863448307419E-5
9.153395557301241 7.63587728459774E-5
9.153395557301241 7.635877284597739E-5
9.153395557301241 8.831043783890787E-5
9.153395557301241 8.480356584281352E-5
9.153395557301241 8.295689816689539E-5
9.153395557301241 8.295689816689539E-5
9.153395557301241 8.295689816689539E-5
9.153395557301241 8.295689816689539E-5
9.153395557301241 8.295689816689539E-5
9.153395557301241 8.997037599841199E-5
9.153395557301241 8.335046420506086E-5
9.153395557301241 4.0193830495974074E-5
9.153395557301241 5.216828277732053E-5
9.153395557301241 5.216828277732053E-5
9.153395557301241 5.216828277732053E-5
9.153395557301241 4.808014472697551E-5
9.153395557301241 4.808014472697551E-5
9.153395557301241 4.808014472697551E-5
9.153395557301241 4.808014472697551E-5
9.153395557301241 4.808014472697551E-5
9.153395557301241 4.808014472697551E-5
9.153395557301241 4.808014472697551E-5
9.153395557301241 3.4388641322124885E-5
9.153395557301241 4.3174115264227494E-5
9.153395557301241 4.3174115264227494E-5
9.153395557301241 4.3174115264227494E-5
9.153395557301241 4.3174115264227494E-5
9.153395557301241 3.814565430663528E-5
9.153395557301241 3.814565430663528E-5
9.153395557301241 3.814565430663528E-5
9.153395557301241 3.814565430663528E-5
9.153395557301241 2.9360180364532683E-5
9.153395557301241 2.9360180364532683E-5
9.153395557301241 2.9360180364532683E-5
9.153395557301241 2.192516058708186E-5
9.153395557301241 1.8769652554531105E-5
9.153395557301241 1.8769652554531105E-5
9.153395557301241 1.8769652554531105E-5
9.153395557301241 1.8769652554531105E-5
9.153395557301241 1.8769652554531105E-5
9.153395557301241 1.8769652554531105E-5
9.153395557301241 1.8769652554531105E-5
9.153395557301241 1.4681514504186082E-5
9.153395557301241 1.4681514504186082E-5
9.153395557301241 1.4681514504186082E-5
9.153395557301241 1.4681514504186082E-5
9.153395557301241 1.4681514504186082E-5
9.153395557301241 0.0
9.153395557301241 0.0
9.153395557301241 0.0
9.153395557301241 0.0
9.153395557301241 0.0
9.153395557301241 0.0
9.153395557301241 6.028589437476175E-6
9.153395557301241 6.028589437476175E-6
9.153395557301241 6.028589437476175E-6
9.153395557301241 6.028589437476175E-6
9.153395557301241 6.028589437476175E-6
9.153395557301241 6.028589437476175E-6
9.153395557301241 0.0
9.153395557301241 0.0
9.153395557301241 0.0
9.153395557301241 0.0
9.153395557301241 0.0
9.153395557301241 0.0
9.153395557301241 0.0
9.153395557301241 0.0
9.153395557301241 0.0
9.153395557301241 0.0
9.153395557301241 0.0
9.153395557301241 0.0
9.153395557301241 0.0
9.153395557301241 0.0
9.153395557301241 0.0
9.153395557301241 0.0
9.153395557301241 0.0
9.153395557301241 0.0
9.153395557301241 0.0
9.153395557301241 0.0
9.153395557301241 0.0
9.153395557301241 0.0
9.153395557301241 0.0
9.153395557301241 0.0
9.153395557301241 0.0
9.153395557301241 0.0
9.153395557301241 0.0
9.153395557301241 0.0
9.153395557301241 0.0
9.153395557301241 0.0
9.153395557301241 0.0
9.153395557301241 0.0
9.153395557301241 0.0
9.153395557301241 0.0
9.153395557301241 0.0
9.153395557301241 0.0
9.153395557301241 0.0
9.153395557301241 0.0
9.153395557301241 0.0
9.153395557301241 0.0
9.153395557301241 0.0
9.153395557301241 0.0
9.153395557301241 0.0
9.153395557301241 0.0
9.153395557301241 0.0
9.153395557301241 0.0
9.153395557301241 0.0
9.153395557301241 0.0
9.153395557301241 0.0
9.153395557301241 0.0
9.153395557301241 0.0
9.153395557301241 0.0
9.153395557301241 0.0
9.153395557301241 0.0
9.153395557301241 0.0
9.153395557301241 0.0
9.153395557301241 0.0
9.153395557301241 0.0
9.153395557301241 0.0
9.153395557301241 0.0
9.153395557301241 0.0
9.153395557301241 0.0
9.153395557301241 0.0
9.153395557301241 0.0
9.153395557301241 0.0
9.153395557301241 0.0
9.153395557301241 0.0
9.153395557301241 0.0
9.153395557301241 0.0
9.153395557301241 0.0
9.153395557301241 0.0
9.153395557301241 0.0
9.153395557301241 0.0
9.153395557301241 0.0
9.153395557301241 0.0
9.153395557301241 0.0
9.153395557301241 0.0
9.153395557301241 0.0
9.153395557301241 0.0
9.153395557301241 0.0
9.153395557301241 0.0
9.153395557301241 0.0
9.153395557301241 0.0
9.153395557301241 0.0
9.153395557301241 0.0
9.153395557301241 0.0
9.153395557301241 0.0
9.153395557301241 0.0
9.153395557301241 0.0
9.153395557301241 0.0
9.153395557301241 0.0
9.153395557301241 0.0
9.153395557301241 0.0
9.153395557301241 0.0
9.153395557301241 0.0
9.153395557301241 0.0
9.153395557301241 0.0
9.153395557301241 0.0
9.153395557301241 0.0
9.153395557301241 0.0
9.153395557301241 0.0
9.153395557301241 0.0
9.153395557301241 0.0
9.153395557301241 0.0
9.153395557301241 0.0
9.153395557301241 0.0
9.153395557301241 0.0
9.153395557301241 0.0
9.153395557301241 0.0
9.153395557301241 0.0
9.153395557301241 0.0
9.153395557301241 0.0
9.153395557301241 0.0
9.153395557301241 0.0
9.153395557301241 0.0
9.153395557301241 0.0
9.153395557301241 0.0
9.153395557301241 0.0
9.153395557301241 0.0
9.153395557301241 0.0
9.153395557301241 0.0
9.153395557301241 0.0
9.153395557301241 0.0
9.153395557301241 0.0
9.153395557301241 0.0
9.153395557301241 0.0
9.153395557301241 0.0
9.153395557301241 0.0
9.153395557301241 0.0
9.153395557301241 0.0
9.153395557301241 0.0
9.153395557301241 0.0
9.153395557301241 0.0
9.153395557301241 0.0
9.153395557301241 0.0
9.153395557301241 0.0
9.153395557301241 0.0
9.153395557301241 0.0
9.153395557301241 0.0
9.153395557301241 0.0
9.153395557301241 0.0
9.153395557301241 0.0
9.153395557301241 0.0
9.153395557301241 0.0
9.153395557301241 0.0
9.153395557301241 0.0
9.153395557301241 0.0
9.153395557301241 0.0
9.153395557301241 0.0
9.153395557301241 0.0
9.153395557301241 0.0
9.153395557301241 0.0
9.153395557301241 0.0
9.153395557301241 0.0
9.153395557301241 0.0
9.153395557301241 0.0
9.153395557301241 0.0
9.153395557301241 0.0
9.153395557301241 0.0
9.153395557301241 0.0
9.153395557301241 0.0
9.153395557301241 0.0
9.153395557301241 0.0
9.153395557301241 0.0
9.153395557301241 0.0
9.153395557301241 0.0
9.153395557301241 0.0
9.153395557301241 0.0
9.153395557301241 0.0
9.153395557301241 0.0
9.153395557301241 0.0
9.153395557301241 0.0
9.153395557301241 0.0
9.153395557301241 0.0
9.153395557301241 0.0
9.153395557301241 0.0
9.153395557301241 0.0
9.153395557301241 0.0
9.153395557301241 0.0
9.153395557301241 0.0
9.153395557301241 0.0
9.153395557301241 0.0
9.153395557301241 0.0
9.153395557301241 0.0
9.153395557301241 0.0
9.153395557301241 0.0
9.153395557301241 0.0
9.153395557301241 0.0
9.153395557301241 0.0
9.153395557301241 0.0
9.153395557301241 0.0
9.153395557301241 0.0
9.153395557301241 0.0
9.153395557301241 0.0
9.153395557301241 0.0
9.153395557301241 0.0
9.153395557301241 0.0
9.153395557301241 0.0
9.153395557301241 0.0
9.153395557301241 0.0
9.153395557301241 0.0
9.153395557301241 0.0
9.153395557301241 0.0
9.153395557301241 0.0
9.153395557301241 0.0
9.153395557301241 0.0
9.153395557301241 0.0
9.153395557301241 0.0
9.153395557301241 0.0
9.153395557301241 0.0
9.153395557301241 0.0
9.153395557301241 0.0
9.153395557301241 0.0
9.153395557301241 0.0
9.153395557301241 0.0
9.153395557301241 0.0
9.153395557301241 0.0
9.153395557301241 0.0
9.153395557301241 0.0
9.153395557301241 0.0
9.153395557301241 0.0
9.153395557301241 0.0
9.153395557301241 0.0
9.153395557301241 0.0
9.153395557301241 0.0
9.153395557301241 0.0
9.153395557301241 0.0
9.153395557301241 0.0
9.153395557301241 0.0
9.153395557301241 0.0
9.153395557301241 0.0
9.153395557301241 0.0
9.153395557301241 0.0
9.153395557301241 0.0
9.153395557301241 0.0
9.153395557301241 0.0
9.153395557301241 0.0
9.153395557301241 0.0
9.153826804902765 4.525050450737556E-6
9.153826804902765 4.525050450737556E-6
9.153826804902765 4.525050450737556E-6
9.153826804902765 4.525050450737556E-6
9.153826804902765 4.525050450737556E-6
9.153826804902765 0.0
9.153826804902765 0.0
9.153826804902765 0.0
9.153826804902765 0.0
9.153826804902765 0.0
Score: 9.153826804902765
Runtime: 1315ms
