1.1973146804827686E-6 6.5038038086943235
1.1973146804827686E-6 6.215082446184954
1.1973146804827686E-6 5.469508124628033
5.430891064516925E-5 5.210880158886332
5.430891064516925E-5 4.932625518421656
0.017812207146459355 4.474909852219781
0.017812207146459355 4.164971145497226
0.017812207146459355 4.063428559645951
0.017812207146459355 4.1323277264123774
0.017812207146459355 3.620786654456607
0.017812207146459355 3.536836758369534
0.017812207146459355 3.356075055092422
0.017812207146459355 3.497513637198902
0.017812207146459355 3.4364310206452715
0.017812207146459355 3.2856978302734
0.017812207146459355 3.0450106966385424
0.018666405337776717 2.9495903502829606
0.018666405337776717 2.7770423248141505
0.3071704208439735 2.936407273895917
0.3071704208439735 2.7190890609104095
0.45006535712020573 2.703462271080809
0.45006535712020573 2.583609901681758
0.45006535712020573 2.3924138549586593
0.45006535712020573 2.4555544608074364
0.45006535712020573 2.399035200402496
0.45006535712020573 2.352270125302666
0.45006535712020573 2.174459849161836
0.45006535712020573 2.122756254041938
0.45006535712020573 2.0864860466820225
0.45006535712020573 2.1078937419454866
0.45006535712020573 1.9991693635205332
0.45006535712020573 1.8679687608799935
0.45006535712020573 1.6273129362989176
0.45006535712020573 1.6815228443528583
0.45006535712020573 1.5456530413703167
1.469709399957209 1.5340510649760177
1.469709399957209 1.4449059421163424
1.469709399957209 1.3680784416782126
1.469709399957209 1.2945219213612762
1.469709399957209 1.431263623209187
1.469709399957209 1.379531500211187
1.469709399957209 1.3985624663425011
1.469709399957209 1.4946844392657683
1.469709399957209 1.5004108024701457
1.469709399957209 1.5219873622707274
1.469709399957209 1.538745961182907
1.469709399957209 1.5095939268001475
1.469709399957209 1.3963588882104065
1.469709399957209 1.2886909918046445
1.469709399957209 1.0936416157731605
1.469709399957209 1.0990118469865318
1.469709399957209 1.1610522771967304
1.469709399957209 1.0088509409345476
1.469709399957209 1.026395172845462
1.469709399957209 0.9553513093439321
1.469709399957209 0.9038123609387851
1.469709399957209 0.8226400090703604
1.469709399957209 0.7784793591690203
1.469709399957209 0.7484019961303319
1.469709399957209 0.7613386070172901
1.469709399957209 0.8070275376940641
1.469709399957209 0.7160991255827749
1.469709399957209 0.6755258151033574
1.469709399957209 0.7061865135332698
1.469709399957209 0.671383417593539
1.469709399957209 0.7644986638755913
1.469709399957209 0.7565384685237251
1.469709399957209 0.7228859346015529
1.5504635158296924 0.7510238368180018
1.5504635158296924 0.7619527900004195
1.5504635158296924 0.8034274414832043
1.5504635158296924 0.7813654188564192
1.5504635158296924 0.7674623048742414
1.5504635158296924 0.6333353608818686
1.5504635158296924 0.6369853057586431
1.5995277969778017 0.571019139085093
1.5995277969778017 0.5710191390850929
1.5995277969778017 0.5575596543434016
1.5995277969778017 0.428615408884246
1.5995277969778017 0.40404991254178363
1.5995277969778017 0.38671167590779304
1.9569239679602402 0.41220910201385147
1.9569239679602402 0.3451545434344742
1.9569239679602402 0.36017031401549643
1.9569239679602402 0.3849203699873624
2.1281314447144566 0.39980614046711216
2.1281314447144566 0.2952166716456306
2.1281314447144566 0.2738963107413539
2.283662133649334 0.31680710888728003
2.283662133649334 0.31680710888728003
2.283662133649334 0.31680710888728003
2.283662133649334 0.27108779975564645
2.3521828122220723 0.28859604850554144
2.3521828122220723 0.25642139252396084
2.3521828122220723 0.21820077093208343
3.7925646892928144 0.229395573672543
3.7925646892928144 0.19574421761925986
3.7925646892928144 0.19574421761925986
3.7925646892928144 0.17626587408972072
3.7925646892928144 0.21539919157310516
3.7925646892928144 0.1999490781940505
3.7925646892928144 0.2190452663276279
3.7925646892928144 0.20432239952962095
3.7925646892928144 0.2322039939252914
3.7925646892928144 0.24276201334236674
3.7925646892928144 0.20794155381196802
3.7925646892928144 0.21938880202708488
3.7925646892928144 0.2934467413570766
3.7925646892928144 0.2967356831615151
3.7925646892928144 0.3022850926642607
3.7925646892928144 0.2989320638634841
3.7925646892928144 0.28130149744777805
3.7925646892928144 0.27222106796398227
3.7925646892928144 0.303606808742549
3.7925646892928144 0.2886591162877299
3.7925646892928144 0.24631208783447836
3.7925646892928144 0.20427101548078447
3.7925646892928144 0.15372022429124535
4.529287654854006 0.17087325922928667
4.529287654854006 0.18378860524835997
4.529287654854006 0.1972914849447127
4.589360750661125 0.2228953492859089
4.589360750661125 0.19738788038203706
4.589360750661125 0.2061976238956231
4.589360750661125 0.17339331694221363
5.800956918014806 0.1827645285538743
5.800956918014806 0.16910116844445294
5.800956918014806 0.19037988174168174
5.800956918014806 0.20157468448214136
5.800956918014806 0.1886915888164389
5.800956918014806 0.1716990040600108
5.800956918014806 0.18075023880205246
5.800956918014806 0.20029859737604772
5.991046646037632 0.19640200109849537
6.375449941968855 0.21941207682113906
6.375449941968855 0.21896022642734508
6.375449941968855 0.20531862499424453
6.375449941968855 0.19052685904215863
6.375449941968855 0.18479332172636975
6.375449941968855 0.1840806885339598
6.580122802462384 0.17118949578786194
6.580122802462384 0.16016177660206438
6.789657465383429 0.15747441479796623
6.789657465383429 0.16518328725492995
6.789657465383429 0.1583784680270344
8.73063798794513 0.1448953907138277
8.73063798794513 0.1335812635886353
8.73063798794513 0.13358126358863529
8.73063798794513 0.13715623898710672
8.73063798794513 0.13917671948466176
8.73063798794513 0.15025577847959762
8.73063798794513 0.12775117885041748
8.73063798794513 0.13232084054514887
8.73063798794513 0.1253999407494483
8.73063798794513 0.1237978685076763
8.73063798794513 0.12890133193396033
8.73063798794513 0.13365081743212542
8.73063798794513 0.109590948263418
8.73063798794513 0.127248193086053
8.73063798794513 0.1176837382729804
8.73063798794513 0.11731022973593479
8.73063798794513 0.11486037358575191
8.73063798794513 0.11486037358575191
8.73063798794513 0.12072873996793294
8.73063798794513 0.11019344702602235
8.73063798794513 0.10219028088808928
8.73063798794513 0.09216160832850036
8.73063798794513 0.09754751503185612
8.73063798794513 0.09238315707750626
8.73063798794513 0.11385644851285324
8.73063798794513 0.09628766772828218
8.73063798794513 0.09027864405403188
8.73063798794513 0.08761369698963055
8.73063798794513 0.0689901655243641
8.73063798794513 0.0692107014568359
8.73063798794513 0.09516365437707539
8.73063798794513 0.10059108814512797
8.73063798794513 0.10614197298222003
8.73063798794513 0.10663805665292049
8.73063798794513 0.1039027877014426
8.73063798794513 0.10794446247484552
8.73063798794513 0.10842439102926779
8.73063798794513 0.09261521627571413
8.73063798794513 0.08646498175381956
8.73063798794513 0.077637259544118
8.73063798794513 0.059558537283742524
8.73063798794513 0.056339658040361174
8.73063798794513 0.05016518588008823
8.73063798794513 0.050792589318998174
8.73063798794513 0.044710740466251925
8.73063798794513 0.03656996084829731
8.73063798794513 0.0394316910005848
8.73063798794513 0.037636288061564584
8.73063798794513 0.034450982044698694
8.73063798794513 0.028815436321239476
8.73063798794513 0.032274418592224886
8.73063798794513 0.032274418592224886
8.73063798794513 0.03062178695998251
8.83986895636813 0.028312294936146856
8.83986895636813 0.02225191065840052
8.83986895636813 0.01953241676057288
8.83986895636813 0.017922957283085853
8.83986895636813 0.017922957283085853
8.83986895636813 0.017922957283085853
8.83986895636813 0.017922957283085853
8.83986895636813 0.006650575550786978
8.83986895636813 0.006650575550786978
8.83986895636813 0.0034304381397120606
8.83986895636813 0.0
8.83986895636813 0.0
8.83986895636813 0.0
8.83986895636813 0.0
8.83986895636813 0.0
8.83986895636813 0.0
8.83986895636813 0.0
8.83986895636813 0.0
8.83986895636813 0.0
8.83986895636813 0.0
8.83986895636813 0.004652757849808383
8.83986895636813 0.004652757849808383
8.83986895636813 0.0
8.83986895636813 0.0
8.83986895636813 0.0
8.83986895636813 0.0
8.83986895636813 0.0
8.83986895636813 0.0
8.83986895636813 0.0
8.83986895636813 0.0
8.83986895636813 0.0
8.83986895636813 0.0
8.83986895636813 0.0
8.83986895636813 0.0
8.83986895636813 0.0
8.83986895636813 0.0
8.83986895636813 0.0
8.83986895636813 0.0
8.83986895636813 0.0
8.83986895636813 0.0
8.83986895636813 0.0
8.83986895636813 0.0
8.83986895636813 0.0
8.83986895636813 0.0
8.83986895636813 0.0
8.83986895636813 0.0
8.83986895636813 0.0
8.83986895636813 0.0
8.83986895636813 0.0
8.83986895636813 0.0
8.83986895636813 0.0
8.83986895636813 0.0
8.83986895636813 0.0
8.83986895636813 0.0
8.83986895636813 0.0
8.83986895636813 0.0
8.83986895636813 0.0
8.83986895636813 0.0
8.83986895636813 0.0
8.83986895636813 0.0
8.83986895636813 0.001810257016997128
8.83986895636813 0.001810257016997128
8.83986895636813 0.001810257016997128
8.83986895636813 0.001810257016997128
8.83986895636813 0.001810257016997128
8.83986895636813 0.001810257016997128
8.83986895636813 0.001810257016997128
8.83986895636813 0.001810257016997128
8.83986895636813 0.001810257016997128
8.83986895636813 0.001810257016997128
8.83986895636813 0.001810257016997128
8.83986895636813 0.001810257016997128
8.83986895636813 0.001810257016997128
8.83986895636813 0.001810257016997128
8.83986895636813 0.001810257016997128
8.83986895636813 0.001810257016997128
8.83986895636813 0.001810257016997128
8.83986895636813 0.001810257016997128
8.83986895636813 0.001810257016997128
8.83986895636813 0.001810257016997128
8.83986895636813 0.001810257016997128
8.83986895636813 0.0
8.83986895636813 0.0
8.83986895636813 0.0
8.83986895636813 0.0
8.83986895636813 0.0
8.83986895636813 0.0
8.83986895636813 0.0
8.83986895636813 0.0
8.83986895636813 0.0
8.83986895636813 0.0
8.83986895636813 0.0
8.83986895636813 0.0
8.83986895636813 0.0
8.83986895636813 0.0
8.83986895636813 0.0
8.83986895636813 0.0
8.83986895636813 0.0
8.83986895636813 0.0
8.83986895636813 0.0
8.83986895636813 0.0
8.83986895636813 0.0
8.83986895636813 0.0
8.83986895636813 0.0
8.83986895636813 0.0
8.83986895636813 0.0
8.83986895636813 0.0
8.83986895636813 0.0
8.83986895636813 0.0
8.83986895636813 0.0
8.83986895636813 0.0
8.83986895636813 0.0
8.83986895636813 0.0
8.83986895636813 0.0
8.83986895636813 0.0
8.83986895636813 0.0
8.83986895636813 0.0
8.83986895636813 0.0
8.83986895636813 0.0
8.83986895636813 0.0
8.83986895636813 0.0
8.83986895636813 0.0
8.83986895636813 0.0
8.83986895636813 0.0
8.83986895636813 0.0
8.83986895636813 0.0
8.83986895636813 0.0
8.83986895636813 0.0
8.83986895636813 0.0
8.83986895636813 0.0
8.83986895636813 0.0
8.83986895636813 0.0
8.83986895636813 0.0
8.83986895636813 0.0
8.83986895636813 0.0
8.83986895636813 0.0
8.83986895636813 0.0
8.851512213046682 0.0015493464465819928
8.851512213046682 0.0015493464465819928
8.851512213046682 0.0015493464465819928
8.851512213046682 0.0015493464465819928
8.851512213046682 0.0015493464465819928
8.851512213046682 0.0015493464465819928
8.851512213046682 0.0015493464465819928
8.851512213046682 0.0
8.851512213046682 0.0
8.851512213046682 0.0
8.851512213046682 0.0
8.851512213046682 0.0
8.851512213046682 0.0
8.990510225217088 0.002173389960835656
8.990510225217088 0.002173389960835656
8.990510225217088 0.002173389960835656
8.990510225217088 0.002173389960835656
8.990510225217088 0.002173389960835656
8.990510225217088 0.002173389960835656
8.990510225217088 0.002173389960835656
8.990510225217088 0.002173389960835656
8.990510225217088 0.002173389960835656
8.990510225217088 0.002173389960835656
8.990510225217088 0.0
8.990510225217088 0.0
8.990510225217088 0.0
8.990510225217088 0.0
8.990510225217088 0.0
8.990510225217088 0.0
8.990510225217088 0.0
8.990510225217088 0.0
8.990510225217088 0.0
8.990510225217088 0.0
8.990510225217088 0.0
8.990510225217088 0.0
8.990510225217088 0.0
8.990510225217088 0.0
8.990510225217088 0.0
8.990510225217088 0.0
8.990510225217088 0.0
8.990510225217088 0.0
8.990510225217088 0.0
8.990510225217088 0.0
8.990510225217088 0.0
8.990510225217088 0.0012615953395670705
8.990510225217088 0.0012615953395670705
8.990510225217088 0.0012615953395670705
8.990510225217088 0.0012615953395670705
9.058945782088914 0.002525077026275111
9.058945782088914 0.0012615953395670705
9.058945782088914 0.0012615953395670705
9.058945782088914 0.0012615953395670705
9.058945782088914 0.0012615953395670705
9.058945782088914 0.0012615953395670705
9.058945782088914 0.0012615953395670705
9.058945782088914 0.003111718438549706
9.058945782088914 0.003111718438549706
9.058945782088914 0.003111718438549706
9.058945782088914 0.0012615953395670705
9.058945782088914 0.0012615953395670705
9.058945782088914 0.0012615953395670705
9.058945782088914 0.0
9.058945782088914 0.0
9.058945782088914 8.396447845888008E-4
9.058945782088914 0.0021031264712968413
9.058945782088914 0.0021031264712968413
9.135379128466552 0.002943910511620569
9.151143838517925 0.003907437258536367
9.151143838517925 0.003907437258536367
9.151143838517925 0.003907437258536367
9.158262534980198 0.004256754599032062
9.158262534980198 0.004256754599032062
9.158262534980198 0.0030697462097013573
9.158262534980198 0.0030697462097013573
9.158262534980198 0.0030697462097013573
9.158262534980198 0.0030697462097013573
9.158262534980198 0.0030697462097013573
9.158262534980198 0.0030697462097013573
9.158262534980198 0.0030697462097013573
9.158262534980198 0.0030697462097013573
9.158262534980198 0.0030697462097013573
9.158262534980198 0.00461909265628335
9.158262534980198 0.00461909265628335
9.158262534980198 0.0030697462097013573
9.158262534980198 0.0021031264712968413
9.158262534980198 0.0021031264712968413
9.158262534980198 8.396447845888008E-4
9.158262534980198 8.396447845888008E-4
9.441316521042909 0.0029357816890473116
9.441316521042909 0.0041199539658057106
9.441316521042909 0.00411995396580571
9.441316521042909 0.004743729234721204
9.441316521042909 0.005816424089659338
9.441316521042909 0.006618581435737668
9.441316521042909 0.006026495297358469
9.441316521042909 0.00543440915897927
9.441316521042909 0.007176606309710395
9.441316521042909 0.005989603216830223
9.441316521042909 0.005989603216830223
9.441316521042909 0.005989603216830223
9.441316521042909 0.005989603216830223
9.441316521042909 0.005989603216830223
9.441316521042909 0.004902239211390375
9.441316521042909 0.004803293328086075
9.441316521042909 0.005722215524621639
9.441316521042909 0.006835747994497834
9.441316521042909 0.00547839659056855
9.441316521042909 0.004854621321653056
9.463199678507282 0.006938442744933882
9.463199678507282 0.006938442744933882
9.463199678507282 0.00676202765368973
9.463199678507282 0.005843105457154167
9.463199678507282 0.005843105457154167
9.463199678507282 0.005843105457154167
9.463199678507282 0.004392624803393648
9.463199678507282 0.004392624803393648
9.463199678507282 0.0036808443171252934
9.463199678507282 0.0036808443171252934
9.463199678507282 0.0036808443171252934
9.463199678507282 0.006817860061209046
9.463199678507282 0.006817860061209046
9.463199678507282 0.005495079713967935
9.463199678507282 0.005495079713967935
9.463199678507282 0.0060685060838989065
9.463199678507282 0.006586236284721181
9.463199678507282 0.006259335822903515
9.463199678507282 0.006259335822903515
9.463199678507282 0.005624572449333661
9.463199678507282 0.006878236272957792
9.463199678507282 0.008639632496881159
9.463199678507282 0.00852535049058214
9.463199678507282 0.00918585009774529
9.463199678507282 0.008187712263939577
9.463199678507282 0.007155141530376652
9.463199678507282 0.007074051821801672
9.463199678507282 0.008380743694129698
9.463199678507282 0.008175953136173685
9.463199678507282 0.007600145948870819
9.604773752772575 0.007884848357730734
9.604773752772575 0.007884848357730736
9.604773752772575 0.007798611773426952
9.604773752772575 0.00927091575261264
9.604773752772575 0.010569275288688212
9.604773752772575 0.010140607022136974
9.604773752772575 0.0088422474860614
9.604773752772575 0.007377937540512658
9.604773752772575 0.008120772157374527
9.604773752772575 0.007428378982934588
9.604773752772575 0.007428378982934588
9.604773752772575 0.00622007187577236
9.604773752772575 0.00622007187577236
9.604773752772575 0.0059345075759198885
9.604773752772575 0.0059345075759198885
9.604773752772575 0.005348887003938405
9.604773752772575 0.005348887003938405
9.604773752772575 0.00438678881380936
9.604773752772575 0.0034679760496510044
9.604773752772575 0.004005424194072382
9.604773752772575 0.004522532183998097
9.664068480618168 0.004768466963736403
9.664068480618168 0.004768466963736403
9.664068480618168 0.004768466963736403
9.664068480618168 0.005513406163589532
9.664068480618168 0.005513406163589532
9.664068480618168 0.005513406163589532
9.664068480618168 0.005778300835350938
9.664068480618168 0.00497905472215493
9.664068480618168 0.004449399178225121
9.720428427445572 0.004520722823234956
9.720428427445572 0.003704979847086147
9.720428427445572 0.00402299642854249
9.720428427445572 0.0036793678104732365
9.720428427445572 0.0033357391924039824
9.720428427445572 0.003335739192403982
9.720428427445572 0.0029037950049704553
9.720428427445572 0.004650315332679501
9.720428427445572 0.004650315332679501
9.720428427445572 0.003653955772517881
9.720428427445572 0.0032847151178357157
9.720428427445572 0.0041221174261644195
9.720428427445572 0.0033298866572125272
9.720428427445572 0.0033298866572125272
9.720428427445572 0.003038873586381247
9.720428427445572 0.0032309577206757136
9.720428427445572 0.0032309577206757136
9.720428427445572 0.0032309577206757136
9.720428427445572 0.0032309577206757136
9.720428427445572 0.0032309577206757136
9.720428427445572 0.0032309577206757136
9.724463097298363 0.003197719031084044
9.724463097298363 0.0032497085910494178
9.726312151831937 0.004237418622907653
9.726312151831937 0.004498606980894027
9.726312151831937 0.004498606980894027
9.726312151831937 0.004237418622907654
9.726312151831937 0.004237418622907654
9.726312151831937 0.0036481314678482235
9.726312151831937 0.003131042639165382
9.726312151831937 0.002662948183694168
9.726312151831937 0.0019294655623260356
9.726312151831937 0.0019294655623260356
9.726312151831937 0.002319514448417682
9.726312151831937 0.002319514448417682
9.726312151831937 0.0017538413336690467
9.726312151831937 0.0012623623620223255
9.726312151831937 0.0012623623620223255
9.726312151831937 0.0012623623620223255
9.726312151831937 0.0012623623620223255
9.726312151831937 0.0012623623620223255
9.726312151831937 0.0011358956289603437
9.726312151831937 0.0011358956289603437
9.726312151831937 0.0011358956289603437
9.726312151831937 0.0011358956289603437
9.757516156873278 0.0015591736833162446
9.757516156873278 0.0015591736833162446
9.757516156873278 0.0015591736833162446
9.757516156873278 0.0019028023013854983
9.757516156873278 0.0019028023013854983
9.757516156873278 0.0019028023013854983
9.757516156873278 0.002099394915283163
9.757516156873278 0.002099394915283163
9.757516156873278 0.0019422584132614206
9.757516156873278 0.0020471390205360103
9.757516156873278 0.0020471390205360103
9.757516156873278 0.0020471390205360103
9.774154822780487 0.0024997468970864075
9.774154822780487 0.0021305062424042424
9.774154822780487 0.0019261133357400407
9.774154822780487 0.0013828188151947963
9.774154822780487 0.0016894645149616505
9.774154822780487 0.0016894645149616505
9.774154822780487 0.0016894645149616505
9.774154822780487 0.0016894645149616505
9.774154822780487 0.0016894645149616505
9.774154822780487 0.0018649568057354604
9.80032404730989 0.0021624401688304594
9.80032404730989 0.0015562520330238804
9.80032404730989 0.001330001179372225
9.80032404730989 0.001330001179372225
9.80032404730989 9.790653777736855E-4
9.80032404730989 7.955214525681253E-4
9.80032404730989 7.955214525681253E-4
9.80032404730989 7.955214525681253E-4
9.80032404730989 7.955214525681253E-4
9.80032404730989 7.955214525681253E-4
9.80032404730989 7.955214525681253E-4
9.80032404730989 7.955214525681253E-4
9.80032404730989 7.955214525681253E-4
9.80032404730989 7.955214525681253E-4
9.80032404730989 7.955214525681253E-4
9.80032404730989 9.790653777736855E-4
9.80032404730989 0.001339790713381095
9.80032404730989 0.001339790713381095
9.80453880909063 0.001464313593819194
9.80453880909063 0.001464313593819194
9.80453880909063 0.001464313593819194
9.80453880909063 0.001464313593819194
9.80453880909063 8.970919883710299E-4
9.80453880909063 8.970919883710299E-4
9.80453880909063 0.0013821791665533508
9.80453880909063 0.0013821791665533508
9.80453880909063 0.0014385571114267567
9.811721241015793 0.001643574235971129
9.811721241015793 0.001643574235971129
9.825368510675998 0.0016153596071935869
9.825368510675998 0.0014129941938358487
9.825368510675998 0.0014051039386165011
9.825368510675998 0.0012039221953580247
9.825368510675998 0.0015085301268090465
9.825368510675998 0.0015543555545723777
9.82882508902114 0.0018941740912297425
9.82882508902114 0.0019094060140703612
9.82882508902114 0.0017940423761821627
9.82882508902114 0.0021142040960255605
9.82882508902114 0.00211420409602556
9.82882508902114 0.0023018708021896334
9.82882508902114 0.0022065062829384795
9.82882508902114 0.001967687486317101
9.82882508902114 0.0018386718571707383
9.82882508902114 0.0020856857930562035
9.829093522762415 0.002217712748192566
9.829093522762415 0.001864890020634506
9.829093522762415 0.001955397468291752
9.83590985543697 0.0022077178001334986
9.83590985543697 0.0019201075200602207
9.83590985543697 0.001406435858997039
9.83590985543697 0.0018502917801037555
9.83590985543697 0.0016626250739396825
9.83590985543697 0.0017500742985868283
9.83590985543697 0.001761285506418879
9.83590985543697 0.0018405521802904565
9.849708683108382 0.0022375301852880997
9.849708683108382 0.0023246147858227185
9.849708683108382 0.0023246147858227185
9.849708683108382 0.0024364668902992
9.849708683108382 0.0023465144700792638
9.849708683108382 0.0021321966558121353
9.849708683108382 0.0023849484334268188
9.849708683108382 0.002311283923863894
9.849708683108382 0.00245618753460287
9.849708683108382 0.0022661818660530573
9.849708683108382 0.0022542249644343392
9.849708683108382 0.002285389706642373
9.849708683108382 0.0019302987964142696
9.849708683108382 0.0019302987964142698
9.849708683108382 0.0017855822806417485
9.849708683108382 0.0017855822806417485
9.864425200253775 0.001972683218826865
9.864425200253775 0.0019546553109423613
9.864425200253775 0.0019546553109423613
9.864425200253775 0.0014222779082699428
9.864425200253775 0.0012475191113011823
9.864425200253775 0.001144073017795146
9.864425200253775 0.0011409568790448062
9.864425200253775 0.0012862358421862864
9.864425200253775 0.0012958261289039142
9.864425200253775 0.0010139715128671756
9.864425200253775 0.0010490312068312715
9.864425200253775 0.0010490312068312715
9.864425200253775 8.610891269199139E-4
9.864425200253775 8.610891269199139E-4
9.864425200253775 9.786974089316164E-4
9.864425200253775 0.0011281635222097994
9.864425200253775 0.0010105552401980969
9.864425200253775 0.0010105552401980969
9.864425200253775 0.0010105552401980969
9.864425200253775 0.001163735445750386
9.864425200253775 0.001163735445750386
9.864425200253775 0.0011026935857693524
9.867906206025385 0.001101087408656892
9.867906206025385 9.336281001853925E-4
9.867906206025385 5.957589962432828E-4
9.867906206025385 5.957589962432828E-4
9.867906206025385 5.957589962432828E-4
9.867906206025385 5.226850766114313E-4
9.867906206025385 5.226850766114313E-4
9.871472501528393 5.828150137739474E-4
9.871472501528393 5.828150137739474E-4
9.871472501528393 5.828150137739474E-4
9.876405653669726 6.899720200036223E-4
9.876405653669726 5.371122794965175E-4
9.876405653669726 6.543565053534128E-4
9.876405653669726 6.543565053534128E-4
9.876405653669726 6.543565053534128E-4
9.876405653669726 6.543565053534128E-4
9.88529361175406 5.651195224315398E-4
9.899960733511058 7.346115783953115E-4
9.899960733511058 7.346115783953115E-4
9.899960733511058 7.346115783953115E-4
9.899960733511058 5.606740445500556E-4
9.899960733511058 5.606740445500556E-4
9.899960733511058 5.536777490102828E-4
9.899960733511058 5.536777490102828E-4
9.899960733511058 5.536777490102826E-4
9.905796687968174 6.923021134004185E-4
9.905796687968174 5.76347062066948E-4
9.905796687968174 4.813977179850509E-4
9.905796687968174 6.610811837234293E-4
9.905796687968174 6.859815569187611E-4
9.905796687968174 6.859815569187611E-4
9.908871441405324 8.094102994208457E-4
9.908871441405324 6.814360071850566E-4
9.908871441405324 6.814360071850566E-4
9.908871441405324 7.198694643098338E-4
9.908871441405324 8.153209769667857E-4
9.908871441405324 9.665150075850794E-4
9.908871441405324 8.153209769667857E-4
9.908871441405324 8.512231847954058E-4
9.908871441405324 8.512231847954058E-4
9.908871441405324 5.433551277339075E-4
9.908871441405324 4.6626498074777713E-4
9.908871441405324 3.981452989992157E-4
9.908871441405324 3.981452989992157E-4
9.908871441405324 5.072383869788906E-4
9.908871441405324 5.072383869788906E-4
9.908871441405324 5.705441445678828E-4
9.908871441405324 5.705441445678827E-4
9.908871441405324 5.705441445678828E-4
9.908871441405324 5.705441445678828E-4
9.908871441405324 5.705441445678827E-4
9.908871441405324 6.633445113161375E-4
9.908871441405324 5.77145088531804E-4
9.908871441405324 5.77145088531804E-4
9.908871441405324 6.375954907395043E-4
9.908871441405324 6.375954907395043E-4
9.908871441405324 6.980458929472046E-4
9.908871441405324 6.584028180005691E-4
9.908871441405324 6.584028180005691E-4
9.908871441405324 6.584028180005691E-4
9.908871441405324 6.584028180005691E-4
9.908871441405324 7.572678217669691E-4
9.908871441405324 8.314047235339584E-4
9.908871441405324 6.598249707280621E-4
9.908871441405324 7.922010978471289E-4
9.908871441405324 7.864156736182264E-4
9.908871441405324 6.875506698518263E-4
9.908871441405324 6.875506698518263E-4
9.908871441405324 4.992987904466197E-4
9.908871441405324 5.377322475713972E-4
9.908871441405324 5.174407755832226E-4
9.908871441405324 6.676860859114558E-4
9.919927916647392 7.664826238056857E-4
9.919927916647392 8.80162683258994E-4
9.919927916647392 0.0010093225288530189
9.927011661591447 9.483638407456691E-4
9.927011661591447 0.0010353431056398738
9.927011661591447 9.483638407456691E-4
9.927011661591447 9.483638407456691E-4
9.92759341700668 8.499614535981446E-4
9.92759341700668 7.961160238193296E-4
9.92759341700668 8.993319883005385E-4
9.92759341700668 8.772741506057236E-4
9.92759341700668 8.631168629686236E-4
9.928391391886716 8.739118442675678E-4
9.928391391886716 8.739118442675678E-4
9.930605043536243 9.015869886919164E-4
9.930605043536243 7.547250561922555E-4
9.930605043536243 8.29509970997482E-4
9.931514713575508 0.0010946245683415368
9.931514713575508 0.0011231437257207405
9.93746203575308 0.00103664430317749
9.93746203575308 0.0010867373209023446
9.941845915691722 9.727923236581518E-4
9.941845915691722 0.0010957284650109577
9.941845915691722 8.899212653516908E-4
9.941845915691722 9.392387384096762E-4
9.941845915691722 9.905113740195962E-4
9.942917287750424 0.0010699029376358188
9.944249206070989 9.369026457734812E-4
9.944249206070989 8.795694239726881E-4
9.944249206070989 9.044188363292432E-4
9.944249206070989 9.588312460565455E-4
9.952202302963332 9.615954842129539E-4
9.952202302963332 0.0010001357215725208
9.952202302963332 9.89013662359009E-4
9.952202302963332 9.150078108278526E-4
9.952202302963332 8.698270814983804E-4
9.952202302963332 8.380590775277136E-4
9.952202302963332 8.832398068571857E-4
9.952202302963332 8.177964172643616E-4
9.952202302963332 7.338395956362324E-4
9.952202302963332 6.580692718369539E-4
9.952202302963332 7.779135060259171E-4
9.952202302963332 7.286164865856001E-4
9.952202302963332 7.649158890963386E-4
9.952202302963332 7.470320573156232E-4
9.952202302963332 6.898517648479784E-4
9.952202302963332 6.023986902511218E-4
9.952202302963332 5.533333407115872E-4
9.952202302963332 7.436317191754514E-4
9.952202302963332 7.775147148712783E-4
9.96118153435923 8.71598289562161E-4
9.96118153435923 9.323143278796486E-4
9.96118153435923 9.708545652392153E-4
9.96118153435923 0.0010092940271173502
9.96118153435923 0.0010169598846495036
9.96118153435923 9.203609357680598E-4
9.96118153435923 8.607181352770277E-4
9.96118153435923 9.048363164369374E-4
9.96118153435923 9.78842167968094E-4
9.96118153435923 0.001015856012779284
9.96118153435923 0.001015856012779284
9.96118153435923 0.0011075478387410063
9.96118153435923 0.0011108922607410653
9.96118153435923 0.0011561416447902814
9.96118153435923 0.0011561416447902814
9.96118153435923 0.001120675764306084
9.96118153435923 0.0010466015272082754
9.96118153435923 9.601122211200909E-4
9.96118153435923 8.597592770209702E-4
9.96118153435923 8.325563129617171E-4
9.96118153435923 8.626502690232698E-4
9.96118153435923 9.05129995269545E-4
9.96118153435923 8.775522752609275E-4
9.96118153435923 8.035464237297712E-4
9.96118153435923 8.146165336476049E-4
9.96118153435923 7.781463636642998E-4
9.96118153435923 7.7851241815138E-4
9.96118153435923 7.340958234212116E-4
9.96118153435923 7.026194705715416E-4
9.96118153435923 6.832922444493706E-4
9.96118153435923 6.832922444493706E-4
9.96118153435923 6.832922444493706E-4
9.96118153435923 7.16490949076275E-4
9.96118153435923 6.748945720109854E-4
9.96118153435923 6.465018700717678E-4
9.96118153435923 6.514426937710502E-4
9.968653088469544 7.347113492222692E-4
9.968653088469544 7.231347426074307E-4
9.968653088469544 5.828706702789624E-4
9.973722908947614 6.403734289283152E-4
9.973722908947614 6.403734289283152E-4
9.973722908947614 6.193013979515884E-4
9.973722908947614 6.193013979515884E-4
9.973722908947614 5.896599740682925E-4
9.973722908947614 5.006666014600227E-4
9.973722908947614 4.805303746506815E-4
9.973722908947614 4.300390466229398E-4
9.973722908947614 3.2861328077854663E-4
9.973722908947614 3.1234190633090626E-4
9.973722908947614 3.2017641722831123E-4
9.973722908947614 3.2017641722831123E-4
9.973722908947614 2.8967147738988134E-4
9.973722908947614 2.544151628054497E-4
9.973722908947614 2.9310938209253497E-4
9.973722908947614 2.5939795619149997E-4
9.973722908947614 2.51537174420062E-4
9.973722908947614 2.51537174420062E-4
9.973722908947614 2.1250687079843645E-4
9.973722908947614 2.0831340820965755E-4
9.973722908947614 2.0831340820965755E-4
9.973722908947614 1.9986398134320312E-4
9.973722908947614 1.5746486174427512E-4
9.973722908947614 1.7652033571119267E-4
9.973722908947614 1.992671195942025E-4
9.973722908947614 2.1373841715894386E-4
9.973722908947614 2.1373841715894386E-4
9.973722908947614 1.992671195942025E-4
9.973722908947614 1.992671195942025E-4
9.973722908947614 2.199018261836601E-4
9.973722908947614 2.4954325006695604E-4
9.973722908947614 2.4408524188858856E-4
9.973722908947614 2.4408524188858856E-4
9.973722908947614 1.9819817165202703E-4
9.973722908947614 2.4374680487923792E-4
9.973722908947614 2.4374680487923792E-4
9.973722908947614 1.9795328532289252E-4
9.973722908947614 1.9589506075485118E-4
9.973722908947614 1.7233292600759702E-4
9.973722908947614 1.7233292600759702E-4
9.978370925917798 2.1212612381947576E-4
9.978370925917798 2.1758162085536124E-4
9.978370925917798 2.1758162085536124E-4
9.978370925917798 1.936706804109597E-4
9.978370925917798 1.843294600238691E-4
9.978370925917798 1.8319742692371834E-4
9.978370925917798 1.926218673833063E-4
9.978370925917798 2.0638466976421473E-4
9.978370925917798 1.8468426033796194E-4
9.978370925917798 2.481836352069198E-4
9.978370925917798 2.4195643559801825E-4
9.978370925917798 2.2168334047731154E-4
9.978370925917798 2.0266684285851784E-4
9.978370925917798 1.96354804842535E-4
9.978370925917798 1.886931882217966E-4
9.978370925917798 1.9893757784496862E-4
9.978370925917798 1.643158746181264E-4
9.978370925917798 1.4708446364459338E-4
9.978370925917798 1.4458579234426377E-4
9.978370925917798 1.4458579234426377E-4
9.978370925917798 1.449629370193854E-4
9.978370925917798 1.449629370193854E-4
9.978370925917798 1.449629370193854E-4
9.978370925917798 1.449629370193854E-4
9.978370925917798 1.449629370193854E-4
9.978370925917798 1.6238013665155718E-4
9.978370925917798 1.6831879927600254E-4
9.978370925917798 1.6831879927600254E-4
9.978370925917798 1.3938731014004067E-4
9.978370925917798 1.3938731014004067E-4
9.978370925917798 1.5035754878355424E-4
9.978370925917798 1.499088584750079E-4
9.978370925917798 1.3934509677956809E-4
9.978370925917798 1.4933393578920627E-4
9.978370925917798 1.2174840180657135E-4
9.978370925917798 1.1544129229200589E-4
9.978370925917798 1.1069825325739385E-4
9.979881859012107 1.0306284300689874E-4
9.979881859012107 1.1804868954062214E-4
9.979881859012107 1.1804868954062214E-4
9.979881859012107 1.1804868954062214E-4
9.979881859012107 1.1804868954062214E-4
9.979881859012107 1.1804868954062214E-4
9.979881859012107 1.2590987258841106E-4
9.980555039951286 1.369347322907918E-4
9.980555039951286 1.3443849419464358E-4
9.980555039951286 1.2657731114685465E-4
9.980555039951286 8.147709189927502E-5
9.980555039951286 7.726845737756177E-5
9.980555039951286 6.279618615008452E-5
9.980555039951286 6.279618615008452E-5
9.980555039951286 5.5521706934298E-5
9.980555039951286 5.5521706934298E-5
9.980555039951286 4.9294507325396475E-5
9.980555039951286 3.820761810279221E-5
9.980555039951286 3.820761810279221E-5
9.980555039951286 3.820761810279221E-5
9.980807625734114 4.263977705010145E-5
9.980807625734114 4.9626798400462444E-5
9.980807625734114 4.1965181779724074E-5
9.980807625734114 2.7988242396932506E-5
9.980807625734114 4.4692624114724486E-5
9.980807625734114 4.4692624114724486E-5
9.980807625734114 4.0260465167415245E-5
9.980807625734114 2.4917222148859447E-5
9.980807625734114 2.4917222148859447E-5
9.980807625734114 3.313006257992691E-5
9.980807625734114 3.4809268364981426E-5
9.980807625734114 2.957217193071085E-5
9.980807625734114 4.2271938182213296E-5
9.980807625734114 4.2271938182213296E-5
9.980807625734114 4.2271938182213296E-5
9.980807625734114 4.2271938182213296E-5
9.980807625734114 4.670409712952255E-5
9.980807625734114 4.670409712952255E-5
9.982187864661636 5.1454190549123733E-5
9.982187864661636 4.702203160181448E-5
9.982187864661636 5.626590476367342E-5
9.982187864661636 4.357750384000691E-5
9.982187864661636 4.224509173399011E-5
9.982187864661636 5.0460828847127164E-5
9.982187864661636 6.842244854248476E-5
9.982187864661636 5.876183340041703E-5
9.983143197428513 5.8068545319941445E-5
9.983143197428513 5.8068545319941445E-5
9.983143197428513 5.8068545319941445E-5
9.983143197428513 5.8068545319941445E-5
9.983143197428513 5.8637945435677725E-5
9.983143197428513 5.863794543567772E-5
9.983143197428513 5.8637945435677725E-5
9.983143197428513 7.207820888840595E-5
9.983143197428513 8.365915221197496E-5
9.983287669235777 6.099863995023767E-5
9.985524636972752 6.621996181057008E-5
9.985524636972752 6.621996181057008E-5
9.985524636972752 6.002630793186986E-5
9.985524636972752 6.339316078506512E-5
9.985524636972752 6.339316078506512E-5
9.986013017107084 6.499892182112627E-5
9.986013017107084 6.663103826581212E-5
9.986013017107084 6.642378311644612E-5
9.986013017107084 6.178121344599689E-5
9.987169089466242 7.102768160324102E-5
9.987169089466242 6.585423072817743E-5
9.987169089466242 7.524944692536877E-5
9.987169089466242 7.182178693130509E-5
9.987169089466242 8.912666998898675E-5
9.987169089466242 8.252770046752044E-5
9.987169089466242 9.746786756264874E-5
9.987169089466242 8.252770046752044E-5
9.987169089466242 7.84389319746087E-5
9.987169089466242 7.463275399068098E-5
9.987169089466242 7.994396981563167E-5
9.987169089466242 7.994396981563167E-5
9.987169089466242 7.72329702408653E-5
9.987169089466242 6.179748877337212E-5
9.987307083977212 6.497438532723452E-5
9.987307083977212 6.421774351062954E-5
9.987307083977212 6.860762885786388E-5
9.987307083977212 7.126295744270728E-5
9.987307083977212 7.399248994856851E-5
9.987307083977212 7.293379534317546E-5
9.987307083977212 7.431501237352206E-5
9.987307083977212 7.009247431338609E-5
9.987307083977212 7.344142935675726E-5
9.987307083977212 6.730362308623544E-5
9.987704368602051 5.879940998120593E-5
9.987704368602051 5.879940998120593E-5
9.987704368602051 5.505304043358049E-5
9.987704368602051 5.25053086360457E-5
9.988786473719692 5.9017929767261806E-5
9.988786473719692 5.901792976726179E-5
9.988786473719692 5.516217437371575E-5
9.988786473719692 6.081068491480078E-5
9.988786473719692 5.908296884471315E-5
9.988786473719692 5.6016182722838495E-5
9.988786473719692 5.2834975030298026E-5
9.988786473719692 4.681237662209297E-5
9.988786473719692 3.51503104199965E-5
9.988786473719692 2.7189487129145354E-5
9.988786473719692 2.9844815713988734E-5
9.988786473719692 2.4633537021549347E-5
9.988786473719692 2.4633537021549347E-5
9.988786473719692 3.41602143569236E-5
9.988786473719692 2.178432670995496E-5
9.988786473719692 1.581071880220577E-5
9.988786473719692 1.581071880220577E-5
9.988786473719692 1.0855815801945017E-5
9.988786473719692 1.0855815801945017E-5
9.988786473719692 1.0855815801945017E-5
9.988786473719692 1.0855815801945017E-5
9.988786473719692 1.3048211600888625E-5
9.988786473719692 1.8760302641619922E-5
9.988786473719692 1.362740149168918E-5
9.988786473719692 1.659176274073969E-5
9.988786473719692 1.659176274073969E-5
9.988786473719692 1.659176274073969E-5
9.988786473719692 1.3174528595666182E-5
9.988786473719692 1.679569529043699E-5
9.988786473719692 1.759743647985477E-5
9.988786473719692 1.759743647985477E-5
9.988786473719692 1.759743647985477E-5
9.989359844483598 1.853952026555087E-5
9.989359844483598 1.853952026555087E-5
9.989359844483598 1.853952026555087E-5
9.989359844483598 1.853952026555087E-5
9.989359844483598 1.853952026555087E-5
9.989359844483598 1.853952026555087E-5
9.989359844483598 2.0749223756872793E-5
9.989359844483598 1.6239315319617115E-5
9.989359844483598 1.6239315319617115E-5
9.989359844483598 1.6239315319617115E-5
9.989359844483598 1.2618148624846305E-5
9.989359844483598 1.4616530700609494E-5
9.989359844483598 1.2618148624846305E-5
9.989359844483598 1.2618148624846305E-5
9.989359844483598 9.653787375795793E-6
9.989359844483598 1.211665275336005E-5
9.989359844483598 9.638096329910142E-6
9.989359844483598 7.564641926539158E-6
9.989359844483598 8.908626741568381E-6
9.989359844483598 8.908626741568381E-6
9.989359844483598 8.908626741568381E-6
9.989359844483598 8.908626741568381E-6
9.989359844483598 1.1465244039121337E-5
9.989359844483598 1.1465244039121337E-5
9.989359844483598 9.577967468357815E-6
9.989359844483598 8.617760060390964E-6
9.989359844483598 8.617760060390964E-6
9.989359844483598 5.738715842279606E-6
9.989359844483598 5.738715842279606E-6
9.989359844483598 5.738715842279606E-6
9.989359844483598 5.738715842279606E-6
9.989359844483598 5.738715842279606E-6
9.989359844483598 7.902904098260888E-6
9.989359844483598 7.902904098260887E-6
9.989359844483598 8.173192542457783E-6
9.989359844483598 6.009004286476502E-6
9.989359844483598 6.009004286476502E-6
9.989359844483598 6.009004286476502E-6
9.99102547300321 9.179436025688677E-6
9.99102547300321 9.179436025688677E-6
9.99102547300321 9.179436025688677E-6
9.99102547300321 9.179436025688677E-6
9.99102547300321 1.0638251761739523E-5
9.99102547300321 1.0638251761739523E-5
9.99102547300321 1.216937289303747E-5
9.99102547300321 1.2360913275228065E-5
9.99102547300321 1.2360913275228065E-5
9.99102547300321 1.2360913275228065E-5
9.99102547300321 1.2360913275228065E-5
9.99102547300321 1.3465869311667275E-5
9.99102547300321 1.2360913275228065E-5
9.99102547300321 1.2360913275228065E-5
9.99102547300321 1.2360913275228065E-5
9.99102547300321 1.2360913275228065E-5
9.99102547300321 1.2360913275228065E-5
9.99102547300321 1.2360913275228065E-5
9.99102547300321 1.2360913275228065E-5
9.99102547300321 1.2360913275228065E-5
9.99102547300321 1.2360913275228065E-5
9.99102547300321 1.3185442582806963E-5
9.99102547300321 9.535400020843397E-6
9.99102547300321 9.535400020843397E-6
9.99102547300321 9.535400020843397E-6
9.99102547300321 9.535400020843397E-6
9.99102547300321 8.579627116920746E-6
9.99102547300321 8.579627116920746E-6
9.99102547300321 8.579627116920746E-6
9.99102547300321 8.579627116920746E-6
9.99102547300321 8.579627116920746E-6
9.99102547300321 9.909751444391608E-6
9.99102547300321 9.909751444391608E-6
9.99102547300321 1.1178839675985864E-5
9.99102547300321 5.40482916849767E-6
9.99102547300321 3.159209728022496E-6
9.99102547300321 3.159209728022496E-6
9.99102547300321 4.090258492240023E-6
9.99102547300321 4.090258492240023E-6
9.99102547300321 6.086179413297862E-6
9.99102547300321 6.086179413297862E-6
9.99102547300321 6.086179413297862E-6
9.99102547300321 7.6381787433665E-6
9.99102547300321 6.086179413297862E-6
9.99102547300321 6.086179413297862E-6
9.99102547300321 4.767749648521002E-6
9.99102547300321 4.767749648521002E-6
9.99102547300321 4.767749648521002E-6
9.99102547300321 4.767749648521002E-6
9.99102547300321 4.767749648521002E-6
9.99102547300321 4.767749648521002E-6
9.99102547300321 2.906029902236734E-6
9.99102547300321 4.010985938675944E-6
9.99102547300321 5.700946211707808E-6
9.99102547300321 5.700946211707808E-6
9.99102547300321 6.805902248147018E-6
9.99102547300321 6.805902248147018E-6
9.99102547300321 6.805902248147018E-6
9.99102547300321 6.805902248147018E-6
9.99102547300321 5.371299071250368E-6
9.99102547300321 5.371299071250368E-6
9.99102547300321 5.371299071250368E-6
9.99102547300321 6.977283707537971E-6
9.99102547300321 6.977283707537971E-6
9.99102547300321 7.5778626797513976E-6
9.99102547300321 7.362818234063443E-6
9.99102547300321 8.318591137986096E-6
9.991573616798158 1.0516861711875736E-5
9.991573616798158 1.136531150141433E-5
9.991573616798158 1.1365311501414327E-5
9.991573616798158 1.0141503155914413E-5
9.991573616798158 1.0141503155914413E-5
9.991573616798158 1.155807437901969E-5
9.991573616798158 1.155807437901969E-5
9.991573616798158 1.3059699309353534E-5
9.991573616798158 1.1680424831817816E-5
9.991573616798158 1.1680424831817816E-5
9.991573616798158 1.1680424831817816E-5
9.991573616798158 7.62521035498255E-6
9.991573616798158 8.295640883300845E-6
9.991573616798158 8.295640883300845E-6
9.991573616798158 8.702771444550565E-6
9.991573616798158 9.658544348473216E-6
9.991573616798158 9.856574274783553E-6
9.991573616798158 9.044992968828554E-6
9.991573616798158 7.812717316636603E-6
9.991573616798158 8.139041198834464E-6
9.991573616798158 8.139041198834464E-6
9.991573616798158 8.139041198834464E-6
9.991573616798158 5.981758678254833E-6
9.991573616798158 5.113411752956785E-6
9.991573616798158 5.113411752956785E-6
9.991573616798158 3.046905773407645E-6
9.991573616798158 3.046905773407645E-6
9.991573616798158 3.046905773407645E-6
9.991573616798158 3.046905773407645E-6
9.991573616798158 1.4346031768966505E-6
9.991573616798158 1.4346031768966505E-6
9.991573616798158 2.869206353793301E-6
9.991573616798158 2.869206353793301E-6
9.991573616798158 2.869206353793301E-6
9.991573616798158 2.869206353793301E-6
9.991573616798158 2.869206353793301E-6
9.991573616798158 4.239866717378068E-6
9.991573616798158 4.239866717378068E-6
9.991573616798158 4.239866717378068E-6
9.991573616798158 4.239866717378068E-6
9.991573616798158 4.239866717378068E-6
9.991573616798158 4.239866717378068E-6
9.991573616798158 4.239866717378068E-6
9.991573616798158 4.239866717378068E-6
9.991573616798158 4.239866717378068E-6
9.991573616798158 4.239866717378068E-6
9.991573616798158 4.239866717378068E-6
9.991573616798158 4.239866717378068E-6
9.991573616798158 4.239866717378068E-6
9.991573616798158 4.239866717378068E-6
9.991573616798158 0.0
9.991573616798158 0.0
9.991573616798158 0.0
9.991573616798158 0.0
9.991573616798158 0.0
9.991573616798158 0.0
9.991573616798158 0.0
9.991573616798158 0.0
9.991573616798158 0.0
9.991573616798158 0.0
9.991573616798158 0.0
9.991573616798158 0.0
9.991573616798158 0.0
9.991573616798158 0.0
9.991573616798158 0.0
9.991573616798158 0.0
9.991573616798158 0.0
9.991573616798158 0.0
9.991573616798158 0.0
9.991573616798158 0.0
9.991573616798158 0.0
9.991573616798158 0.0
9.991573616798158 0.0
9.991573616798158 0.0
9.991573616798158 0.0
9.991573616798158 0.0
9.991573616798158 0.0
9.991573616798158 0.0
9.991573616798158 0.0
9.991573616798158 8.061905199286891E-7
9.991573616798158 8.061905199286891E-7
9.991573616798158 8.061905199286891E-7
9.991573616798158 8.061905199286891E-7
9.991573616798158 1.8446825318876013E-6
9.991573616798158 1.8446825318876013E-6
9.991573616798158 1.8446825318876013E-6
9.991573616798158 1.8446825318876013E-6
9.991573616798158 1.8446825318876013E-6
9.991573616798158 1.8446825318876013E-6
9.991573616798158 1.8446825318876013E-6
9.991573616798158 1.0384920119589123E-6
9.991573616798158 1.0384920119589123E-6
9.991573616798158 1.0384920119589123E-6
9.991573616798158 1.0384920119589123E-6
9.991573616798158 1.0384920119589123E-6
9.991573616798158 1.0384920119589123E-6
9.991573616798158 1.0384920119589123E-6
9.991573616798158 1.0384920119589123E-6
9.991573616798158 1.0384920119589123E-6
9.991573616798158 1.0384920119589123E-6
9.991573616798158 1.0384920119589123E-6
9.991573616798158 1.0384920119589123E-6
9.991573616798158 1.0384920119589123E-6
9.991573616798158 1.0384920119589123E-6
9.991573616798158 1.0384920119589123E-6
9.991573616798158 1.0384920119589123E-6
9.991573616798158 1.0384920119589123E-6
9.991573616798158 1.0384920119589123E-6
9.991573616798158 1.0384920119589123E-6
9.991573616798158 1.0384920119589123E-6
9.991573616798158 1.0384920119589123E-6
9.991573616798158 1.0384920119589123E-6
9.991573616798158 1.0384920119589123E-6
9.991573616798158 1.0384920119589123E-6
9.991573616798158 0.0
9.991573616798158 0.0
9.991573616798158 0.0
9.991573616798158 0.0
9.991573616798158 0.0
9.991573616798158 0.0
9.991573616798158 0.0
9.991573616798158 0.0
9.991573616798158 0.0
9.991573616798158 0.0
9.991573616798158 0.0
9.991573616798158 0.0
9.991573616798158 0.0
9.991573616798158 0.0
9.991573616798158 0.0
9.991573616798158 0.0
9.991573616798158 0.0
9.991573616798158 0.0
9.991573616798158 0.0
9.991573616798158 0.0
9.991625181248615 5.336336257832925E-7
9.991625181248615 5.336336257832925E-7
9.991625181248615 5.336336257832925E-7
9.991625181248615 0.0
9.991625181248615 0.0
9.991625181248615 0.0
9.991625181248615 0.0
9.991625181248615 0.0
9.991625181248615 0.0
9.991625181248615 0.0
9.991625181248615 0.0
9.991625181248615 0.0
9.991625181248615 0.0
9.991625181248615 0.0
9.991625181248615 0.0
9.991625181248615 0.0
9.991625181248615 0.0
9.991625181248615 0.0
9.991625181248615 0.0
9.991625181248615 0.0
9.991625181248615 0.0
9.991625181248615 0.0
9.991625181248615 0.0
9.991625181248615 0.0
9.991625181248615 0.0
9.991625181248615 0.0
9.991625181248615 0.0
9.991625181248615 0.0
9.991625181248615 0.0
9.991625181248615 0.0
9.991625181248615 0.0
9.991625181248615 0.0
9.991625181248615 0.0
9.991625181248615 0.0
9.991625181248615 0.0
9.991625181248615 0.0
9.991625181248615 0.0
9.991625181248615 0.0
9.991625181248615 0.0
9.991625181248615 0.0
9.991625181248615 0.0
9.991625181248615 0.0
9.991625181248615 0.0
9.991625181248615 0.0
9.991625181248615 0.0
9.991625181248615 0.0
9.991625181248615 0.0
9.991625181248615 0.0
9.991625181248615 0.0
9.991625181248615 0.0
9.991625181248615 0.0
9.991625181248615 0.0
9.991625181248615 0.0
9.991625181248615 0.0
9.991625181248615 0.0
9.991625181248615 0.0
9.991625181248615 0.0
9.991689097540288 1.0568737707195997E-6
9.991689097540288 1.0568737707195997E-6
9.991689097540288 1.0568737707195997E-6
9.991689097540288 1.0568737707195997E-6
9.991689097540288 1.0568737707195997E-6
9.991689097540288 1.0568737707195997E-6
9.991689097540288 1.0568737707195997E-6
9.991689097540288 1.0568737707195997E-6
9.991700513728638 1.6440775434961737E-6
9.991700513728638 1.6440775434961737E-6
9.991700513728638 1.6440775434961737E-6
9.991700513728638 1.6440775434961737E-6
9.991700513728638 1.6440775434961737E-6
9.991700513728638 1.6440775434961737E-6
9.991700513728638 1.6440775434961737E-6
9.991700513728638 1.6440775434961737E-6
9.991957286688216 2.5223023137947255E-6
9.991957286688216 2.5223023137947255E-6
9.991957286688216 1.5547530432856495E-6
9.991957286688216 1.5547530432856495E-6
9.991957286688216 1.5547530432856495E-6
9.991957286688216 1.5547530432856495E-6
9.991957286688216 1.5547530432856495E-6
9.991957286688216 1.5547530432856495E-6
9.991957286688216 1.5547530432856495E-6
9.991957286688216 1.5547530432856495E-6
9.991957286688216 1.5547530432856495E-6
9.991957286688216 1.5547530432856495E-6
9.991957286688216 1.5547530432856495E-6
9.991957286688216 1.5547530432856495E-6
9.991957286688216 1.5547530432856495E-6
9.991957286688216 1.5547530432856495E-6
9.991957286688216 1.5547530432856495E-6
9.991957286688216 1.5547530432856495E-6
9.991957286688216 1.5547530432856495E-6
9.991957286688216 1.5547530432856495E-6
9.991957286688216 1.5547530432856495E-6
9.991957286688216 2.4013058412153866E-6
9.991957286688216 1.9673901964896033E-6
9.991957286688216 1.9673901964896033E-6
9.991957286688216 1.9673901964896033E-6
9.991957286688216 1.9673901964896033E-6
9.991957286688216 1.9673901964896033E-6
9.991957286688216 1.9673901964896033E-6
9.991957286688216 2.771109991603885E-6
9.991957286688216 2.771109991603885E-6
9.991957286688216 2.6200520842693962E-6
9.991957286688216 2.6200520842693962E-6
9.991957286688216 2.6200520842693962E-6
9.991957286688216 2.6200520842693962E-6
9.991957286688216 3.4057390511837373E-6
9.991957286688216 3.4057390511837373E-6
9.991957286688216 3.4057390511837373E-6
9.991957286688216 2.6020192560694565E-6
9.991957286688216 2.6020192560694565E-6
9.991957286688216 2.6020192560694565E-6
9.991957286688216 2.6020192560694565E-6
9.991957286688216 2.6020192560694565E-6
9.991957286688216 2.6020192560694565E-6
9.991957286688216 2.6020192560694565E-6
9.991957286688216 1.8163322891551146E-6
9.991957286688216 1.8163322891551146E-6
9.991957286688216 1.8163322891551146E-6
9.991957286688216 1.8163322891551146E-6
9.991957286688216 1.8163322891551146E-6
9.991957286688216 1.8163322891551146E-6
9.991957286688216 1.8163322891551146E-6
9.991957286688216 1.8163322891551146E-6
9.991957286688216 1.8163322891551146E-6
9.991957286688216 1.8163322891551146E-6
9.991957286688216 1.8163322891551146E-6
9.991957286688216 1.8163322891551146E-6
9.991957286688216 1.8163322891551146E-6
9.991957286688216 1.8163322891551146E-6
9.991957286688216 1.8163322891551146E-6
9.991957286688216 7.187039095224662E-7
9.991957286688216 7.187039095224662E-7
9.991957286688216 7.187039095224662E-7
9.991957286688216 7.187039095224662E-7
9.991957286688216 7.187039095224662E-7
9.991957286688216 1.5443316348263052E-6
9.991957286688216 1.5443316348263052E-6
9.991957286688216 8.256277253038392E-7
9.991957286688216 8.256277253038392E-7
9.991957286688216 1.6113146922181807E-6
9.991957286688216 1.6113146922181807E-6
9.991957286688216 1.6113146922181807E-6
9.991957286688216 7.856869669143416E-7
9.991957286688216 1.589406762028623E-6
9.991957286688216 1.2876646776126569E-6
9.991957286688216 1.2876646776126569E-6
9.991957286688216 1.2876646776126569E-6
9.991957286688216 1.2876646776126569E-6
9.991957286688216 1.2876646776126569E-6
9.991957286688216 1.2876646776126569E-6
9.992022327909888 2.2524923761411067E-6
9.992022327909888 1.0360377685779906E-6
9.992022327909888 1.0360377685779906E-6
9.992022327909888 1.0360377685779906E-6
9.992022327909888 1.0360377685779906E-6
9.992022327909888 1.0360377685779906E-6
9.992022327909888 5.180188842889953E-7
9.992022327909888 5.180188842889953E-7
9.992022327909888 5.180188842889953E-7
9.992022327909888 5.180188842889953E-7
9.992022327909888 5.180188842889953E-7
9.992022327909888 5.180188842889953E-7
9.992022327909888 5.180188842889953E-7
9.992022327909888 5.180188842889953E-7
9.992022327909888 5.180188842889953E-7
9.992022327909888 5.180188842889953E-7
9.992022327909888 5.180188842889953E-7
9.992022327909888 5.180188842889953E-7
9.992022327909888 5.180188842889953E-7
9.992022327909888 5.180188842889953E-7
9.992022327909888 1.3431484905764714E-6
9.992022327909888 1.3431484905764714E-6
9.992022327909888 1.3431484905764714E-6
9.992022327909888 8.251296062874762E-7
9.992022327909888 8.251296062874762E-7
9.992022327909888 0.0
9.992022327909888 0.0
9.992022327909888 0.0
9.992091104558982 3.641123767963135E-7
9.992091104558982 3.641123767963135E-7
9.992091104558982 3.641123767963135E-7
9.992091104558982 3.641123767963135E-7
9.992091104558982 3.641123767963135E-7
9.992091104558982 3.641123767963135E-7
9.992091104558982 3.641123767963135E-7
9.992091104558982 3.641123767963135E-7
9.992091104558982 3.641123767963135E-7
9.992091104558982 0.0
9.992091104558982 0.0
9.992091104558982 0.0
9.992091104558982 0.0
9.992091104558982 0.0
9.992091104558982 0.0
9.992091104558982 0.0
9.992091104558982 0.0
9.992091104558982 0.0
9.992091104558982 0.0
9.992091104558982 0.0
9.992091104558982 0.0
9.992091104558982 0.0
9.992091104558982 0.0
9.992091104558982 0.0
9.992091104558982 0.0
9.992091104558982 0.0
9.992091104558982 0.0
9.992091104558982 0.0
9.992091104558982 0.0
9.992091104558982 0.0
9.992091104558982 0.0
9.992091104558982 0.0
9.992091104558982 0.0
9.992091104558982 0.0
9.992091104558982 0.0
9.992091104558982 0.0
9.992091104558982 0.0
9.992091104558982 0.0
9.992091104558982 0.0
9.992091104558982 0.0
9.992091104558982 0.0
9.992091104558982 0.0
9.99227284097688 2.377608094865788E-7
9.99227284097688 2.377608094865788E-7
9.99227284097688 2.377608094865788E-7
9.99227284097688 2.377608094865788E-7
9.99227284097688 3.641123767963135E-7
9.99227284097688 3.641123767963135E-7
9.99227284097688 3.641123767963135E-7
9.99227284097688 3.641123767963135E-7
9.99227284097688 0.0
9.99227284097688 9.387276221630617E-8
9.99227284097688 9.387276221630617E-8
9.99227284097688 9.387276221630617E-8
9.99227284097688 9.387276221630617E-8
9.99227284097688 9.387276221630617E-8
9.99227284097688 9.387276221630617E-8
9.99227284097688 9.387276221630617E-8
9.99227284097688 9.387276221630617E-8
9.99227284097688 9.387276221630617E-8
9.992386586391092 3.564194567771287E-7
9.992386586391092 3.564194567771287E-7
9.992386586391092 3.564194567771287E-7
9.992386586391092 3.564194567771287E-7
9.992386586391092 3.564194567771287E-7
9.992386586391092 3.564194567771287E-7
9.992386586391092 0.0
9.992386586391092 0.0
9.992386586391092 0.0
9.992386586391092 0.0
9.992386586391092 1.376482152764142E-7
9.992386586391092 1.376482152764142E-7
9.992386586391092 1.376482152764142E-7
9.992386586391092 1.376482152764142E-7
9.992386586391092 1.376482152764142E-7
9.992386586391092 5.540088286988487E-7
9.992386586391092 5.540088286988487E-7
9.992386586391092 7.632178434488408E-7
9.992386586391092 7.632178434488408E-7
9.992386586391092 7.632178434488408E-7
9.992386586391092 7.632178434488408E-7
9.992386586391092 7.632178434488408E-7
9.992386586391092 7.632178434488408E-7
9.992386586391092 7.632178434488408E-7
9.992386586391092 7.632178434488408E-7
9.992386586391092 7.632178434488408E-7
9.992386586391092 7.632178434488408E-7
9.992386586391092 7.632178434488408E-7
9.992386586391092 7.632178434488408E-7
9.992386586391092 7.632178434488408E-7
9.992386586391092 7.632178434488408E-7
9.992386586391092 7.632178434488408E-7
9.992386586391092 7.632178434488408E-7
9.992386586391092 7.632178434488408E-7
9.992386586391092 5.540088286988487E-7
9.992414600444661 7.085690168990892E-7
9.992414600444661 1.376482152764142E-7
9.992414600444661 1.376482152764142E-7
9.992414600444661 1.376482152764142E-7
9.992414600444661 2.7038537847833575E-7
9.992414600444661 2.7038537847833575E-7
9.992414600444661 2.7038537847833575E-7
9.992414600444661 2.7038537847833575E-7
9.992414600444661 5.141124401356724E-7
9.992414600444661 4.196170721685719E-7
9.992414600444661 4.196170721685719E-7
9.992414600444661 4.196170721685719E-7
9.992414600444661 3.4298027182821415E-7
9.992414600444661 4.92953396906084E-7
9.992414600444661 4.92953396906084E-7
9.992414600444661 4.92953396906084E-7
9.992414600444661 4.92953396906084E-7
9.992414600444661 4.92953396906084E-7
9.992414600444661 4.92953396906084E-7
9.992414600444661 4.92953396906084E-7
9.992414600444661 3.474180842757814E-7
9.992414600444661 3.474180842757814E-7
9.992414600444661 3.474180842757814E-7
9.992414600444661 3.474180842757814E-7
9.992414600444661 3.474180842757814E-7
9.992414600444661 5.587051062053499E-7
9.992414600444661 3.474180842757814E-7
9.992414600444661 3.474180842757814E-7
9.992414600444661 3.474180842757814E-7
9.992414600444661 3.474180842757814E-7
9.992414600444661 3.474180842757814E-7
9.992414600444661 3.474180842757814E-7
9.992414600444661 3.474180842757814E-7
9.992414600444661 3.474180842757814E-7
9.992414600444661 3.474180842757814E-7
9.992414600444661 3.474180842757814E-7
9.992414600444661 3.474180842757814E-7
9.992414600444661 3.474180842757814E-7
9.992414600444661 1.5441093752543717E-7
9.992414600444661 1.5441093752543717E-7
9.992414600444661 1.5441093752543717E-7
9.992414600444661 1.5441093752543717E-7
9.992414600444661 1.5441093752543717E-7
9.992414600444661 1.5441093752543717E-7
9.992414600444661 2.580557690884039E-7
9.992414600444661 2.580557690884039E-7
9.992414600444661 2.580557690884039E-7
9.992414600444661 2.580557690884039E-7
9.992414600444661 2.580557690884039E-7
9.992414600444661 2.580557690884039E-7
9.992414600444661 2.580557690884039E-7
9.992414600444661 2.580557690884039E-7
9.992414600444661 2.580557690884039E-7
9.992414600444661 0.0
9.992414600444661 0.0
9.992414600444661 0.0
9.992414600444661 0.0
9.992414600444661 0.0
9.992452368068879 2.6011632297924555E-7
9.992452368068879 2.6011632297924555E-7
9.992452368068879 2.6011632297924555E-7
9.992452368068879 2.6011632297924555E-7
9.992452368068879 2.6011632297924555E-7
9.992452368068879 2.6011632297924555E-7
9.992452368068879 3.020907957736332E-7
9.992452368068879 3.020907957736332E-7
9.992452368068879 3.020907957736332E-7
9.992452368068879 0.0
9.992452368068879 0.0
9.992452368068879 0.0
9.992452368068879 0.0
9.992452368068879 0.0
9.992452368068879 0.0
9.992452368068879 0.0
9.992452368068879 0.0
9.992452368068879 0.0
9.992452368068879 0.0
9.992452368068879 0.0
9.992452368068879 0.0
9.992751347839747 9.511369544390574E-8
9.992751347839747 9.511369544390574E-8
9.992751347839747 9.511369544390574E-8
9.992751347839747 9.511369544390574E-8
9.992751347839747 9.511369544390574E-8
9.992751347839747 9.511369544390574E-8
9.992751347839747 9.511369544390574E-8
9.992751347839747 9.511369544390574E-8
9.992751347839747 9.511369544390574E-8
9.992751347839747 9.511369544390574E-8
9.992751347839747 9.511369544390574E-8
9.992751347839747 9.511369544390574E-8
9.992751347839747 9.511369544390574E-8
9.992751347839747 9.511369544390574E-8
9.992751347839747 9.511369544390574E-8
9.992751347839747 0.0
9.992751347839747 0.0
9.992751347839747 8.106540467110394E-8
9.992751347839747 8.106540467110394E-8
9.992751347839747 8.106540467110394E-8
9.992751347839747 8.106540467110394E-8
9.992751347839747 8.106540467110394E-8
9.992751347839747 8.106540467110394E-8
9.992751347839747 8.106540467110394E-8
9.992751347839747 8.106540467110394E-8
9.992751347839747 8.106540467110394E-8
9.992751347839747 8.106540467110394E-8
9.992751347839747 8.106540467110394E-8
9.992751347839747 1.8548721003650833E-7
9.992751347839747 1.8548721003650833E-7
9.992751347839747 1.8548721003650833E-7
9.992751347839747 1.8548721003650833E-7
9.992751347839747 2.7113499468117657E-7
9.992751347839747 1.8548721003650833E-7
9.992751347839747 1.8548721003650833E-7
9.992751347839747 1.8548721003650833E-7
9.992751347839747 4.2849108700989326E-7
9.992751347839747 4.2849108700989326E-7
9.992751347839747 4.993612162547942E-7
9.992751347839747 4.993612162547942E-7
9.992751347839747 4.993612162547942E-7
9.992751347839747 4.993612162547942E-7
9.992751347839747 4.993612162547942E-7
9.992751347839747 4.993612162547941E-7
9.992751347839747 4.993612162547941E-7
9.992751347839747 4.993612162547942E-7
9.992751347839747 4.993612162547942E-7
9.992751347839747 4.993612162547942E-7
9.992751347839747 4.993612162547942E-7
9.992751347839747 4.993612162547942E-7
9.992751347839747 4.993612162547941E-7
9.992751347839747 4.993612162547942E-7
9.992751347839747 4.993612162547942E-7
9.992751347839747 4.993612162547942E-7
9.992751347839747 7.051178984054097E-7
9.992751347839747 7.051178984054098E-7
9.992751347839747 5.654040973666594E-7
9.992751347839747 5.654040973666596E-7
9.992751347839747 5.654040973666594E-7
9.992751347839747 6.510518820113277E-7
9.992751347839747 5.699864773402237E-7
9.992751347839747 5.699864773402237E-7
9.992751347839747 5.139778222298588E-7
9.992830254108313 4.912006900905446E-7
9.992830254108313 3.8734474944052494E-7
9.992830254108313 3.8734474944052494E-7
9.992830254108313 3.8734474944052494E-7
9.992830254108313 3.8734474944052494E-7
9.992830254108313 3.1344970112904337E-7
9.992830254108313 3.1344970112904337E-7
9.992830254108313 3.1344970112904337E-7
9.992830254108313 6.345352217390486E-8
9.992830254108313 1.596880958162523E-7
9.992830254108313 1.596880958162523E-7
9.992830254108313 1.596880958162523E-7
9.992830254108313 1.596880958162523E-7
9.992830254108313 6.345352217390486E-8
9.992830254108313 6.345352217390486E-8
9.992830254108313 1.3248342656889728E-7
9.992830254108313 1.3248342656889728E-7
9.992830254108313 1.3248342656889728E-7
9.992830254108313 1.3248342656889728E-7
9.992830254108313 1.3248342656889728E-7
9.992830254108313 1.3248342656889728E-7
9.992830254108313 1.3248342656889728E-7
9.992830254108313 1.3248342656889728E-7
9.992830254108313 6.902990439499244E-8
9.992830254108313 6.902990439499244E-8
9.992830254108313 6.902990439499244E-8
9.992830254108313 6.902990439499244E-8
9.992830254108313 6.902990439499244E-8
9.992830254108313 6.902990439499244E-8
9.992830254108313 6.902990439499244E-8
9.992830254108313 6.902990439499244E-8
9.992830254108313 6.902990439499244E-8
9.992830254108313 6.902990439499244E-8
9.992830254108313 6.902990439499244E-8
9.992830254108313 6.902990439499244E-8
9.992830254108313 6.902990439499244E-8
9.992830254108313 6.902990439499244E-8
9.992830254108313 6.902990439499244E-8
9.992830254108313 6.902990439499244E-8
9.992830254108313 6.902990439499244E-8
9.992830254108313 6.902990439499244E-8
9.992830254108313 6.902990439499244E-8
9.992830254108313 6.902990439499244E-8
9.992830254108313 1.3248342656889728E-7
9.992830254108313 1.3248342656889728E-7
9.992830254108313 1.3248342656889728E-7
9.992830254108313 1.3248342656889728E-7
9.992830254108313 1.3248342656889728E-7
9.992830254108313 1.3248342656889728E-7
9.992830254108313 1.3248342656889728E-7
9.992830254108313 6.902990439499244E-8
9.992830254108313 6.902990439499244E-8
9.992830254108313 6.902990439499244E-8
9.992830254108313 6.902990439499244E-8
9.992830254108313 6.902990439499244E-8
9.992830254108313 0.0
9.992830254108313 0.0
9.992830254108313 0.0
9.992830254108313 0.0
9.992830254108313 0.0
9.992830254108313 0.0
9.992830254108313 8.021707785420393E-8
9.992830254108313 8.021707785420393E-8
9.992830254108313 8.021707785420393E-8
9.992830254108313 8.021707785420393E-8
9.992830254108313 8.021707785420393E-8
9.992830254108313 8.021707785420393E-8
9.992830254108313 0.0
9.992830254108313 0.0
9.992830254108313 0.0
9.992830254108313 0.0
9.992830254108313 0.0
9.992830254108313 0.0
9.992830254108313 0.0
9.992830254108313 0.0
9.992830254108313 0.0
9.992830254108313 0.0
9.992830254108313 0.0
9.992830254108313 0.0
9.992830254108313 0.0
9.992830254108313 0.0
9.992830254108313 0.0
9.992830254108313 0.0
9.992830254108313 0.0
9.992830254108313 0.0
9.992830254108313 0.0
9.992830254108313 0.0
9.992830254108313 0.0
9.992830254108313 0.0
9.992830254108313 0.0
9.992830254108313 0.0
9.992830254108313 0.0
9.992830254108313 0.0
9.992830254108313 0.0
9.992830254108313 0.0
9.992830254108313 0.0
9.992830254108313 0.0
9.992830254108313 0.0
9.992830254108313 0.0
9.992830254108313 0.0
9.992830254108313 0.0
9.992830254108313 0.0
9.992830254108313 0.0
9.992830254108313 0.0
9.992830254108313 0.0
9.992830254108313 0.0
9.992830254108313 0.0
9.992830254108313 0.0
9.992830254108313 0.0
9.992830254108313 0.0
9.992830254108313 0.0
9.992830254108313 0.0
9.992830254108313 0.0
9.992830254108313 0.0
9.992830254108313 0.0
9.992830254108313 0.0
9.992830254108313 0.0
9.992830254108313 0.0
9.992892497797785 1.273318202963026E-7
9.992892497797785 1.273318202963026E-7
9.992892497797785 1.273318202963026E-7
9.992892497797785 1.273318202963026E-7
9.992892497797785 1.273318202963026E-7
9.992892497797785 1.273318202963026E-7
9.992892497797785 1.273318202963026E-7
9.992892497797785 1.273318202963026E-7
9.992892497797785 1.273318202963026E-7
9.992892497797785 1.273318202963026E-7
9.992892497797785 1.273318202963026E-7
9.992892497797785 1.273318202963026E-7
9.992892497797785 1.273318202963026E-7
9.992892497797785 1.273318202963026E-7
9.992892497797785 1.273318202963026E-7
9.992892497797785 1.273318202963026E-7
9.992892497797785 1.273318202963026E-7
9.992892497797785 1.273318202963026E-7
9.992892497797785 1.273318202963026E-7
9.992892497797785 1.273318202963026E-7
9.992892497797785 1.273318202963026E-7
9.992892497797785 1.273318202963026E-7
9.992892497797785 1.273318202963026E-7
9.992892497797785 0.0
9.992892497797785 0.0
9.992892497797785 0.0
9.992892497797785 0.0
9.992892497797785 0.0
9.992892497797785 0.0
9.992892497797785 0.0
9.992892497797785 0.0
9.992892497797785 0.0
9.992892497797785 0.0
9.992892497797785 0.0
9.992892497797785 0.0
9.992892497797785 0.0
9.992892497797785 0.0
9.992892497797785 0.0
9.992892497797785 0.0
9.992892497797785 0.0
9.992892497797785 0.0
9.992892497797785 0.0
9.992892497797785 0.0
9.992892497797785 0.0
9.992892497797785 0.0
9.992892497797785 0.0
9.992892497797785 0.0
9.992892497797785 0.0
9.992892497797785 0.0
9.992892497797785 0.0
9.992892497797785 0.0
9.992892497797785 0.0
9.992892497797785 0.0
9.992892497797785 0.0
9.992892497797785 0.0
9.992892497797785 0.0
9.992892497797785 0.0
9.992892497797785 0.0
9.992892497797785 0.0
9.992892497797785 0.0
9.992892497797785 0.0
9.992892497797785 0.0
9.992892497797785 0.0
9.992892497797785 0.0
9.992892497797785 0.0
9.992892497797785 0.0
9.992892497797785 0.0
9.992892497797785 0.0
9.992892497797785 0.0
9.992892497797785 0.0
9.992892497797785 0.0
9.992892497797785 0.0
9.992892497797785 0.0
9.992892497797785 0.0
9.992892497797785 0.0
9.992892497797785 0.0
9.992892497797785 0.0
9.992892497797785 0.0
9.992892497797785 0.0
9.992892497797785 0.0
9.992892497797785 1.273318202963026E-7
9.992892497797785 1.273318202963026E-7
9.992892497797785 1.273318202963026E-7
9.992892497797785 1.273318202963026E-7
9.992892497797785 0.0
9.992892497797785 0.0
9.992892497797785 0.0
9.992892497797785 0.0
9.992892497797785 0.0
9.992897284004414 6.466628322651199E-8
9.992897284004414 6.466628322651199E-8
9.992897284004414 6.466628322651199E-8
9.992897284004414 6.466628322651199E-8
9.992897284004414 6.466628322651199E-8
9.992897284004414 6.466628322651199E-8
9.992897284004414 6.466628322651199E-8
9.992897284004414 6.466628322651199E-8
9.992897284004414 6.466628322651199E-8
9.992897284004414 6.466628322651199E-8
9.992897284004414 6.466628322651199E-8
9.992897284004414 0.0
9.992897284004414 0.0
9.992897284004414 0.0
9.992897284004414 0.0
9.992897284004414 0.0
9.992897284004414 0.0
9.992897284004414 0.0
9.992897284004414 0.0
9.992897284004414 0.0
9.992897284004414 0.0
9.992897284004414 0.0
9.992897284004414 0.0
9.992897284004414 0.0
9.992897284004414 0.0
9.992897284004414 0.0
9.992897284004414 0.0
9.992897284004414 0.0
9.992897284004414 0.0
9.992897284004414 0.0
9.992897284004414 0.0
9.992897284004414 0.0
9.992897284004414 0.0
9.992897284004414 0.0
9.992897284004414 0.0
9.992897284004414 0.0
9.992897284004414 0.0
9.992897284004414 0.0
9.992897284004414 0.0
9.992897284004414 0.0
9.992897284004414 0.0
9.992897284004414 0.0
9.992897284004414 0.0
9.992897284004414 0.0
9.992897284004414 0.0
9.992897284004414 0.0
9.992897284004414 0.0
9.992897284004414 0.0
9.992897284004414 0.0
9.992897284004414 0.0
9.992897284004414 0.0
9.992897284004414 0.0
9.992897284004414 0.0
9.992897284004414 0.0
9.992897284004414 0.0
9.992897284004414 0.0
9.9929594943338 6.562961860676499E-8
9.9929594943338 6.562961860676499E-8
9.9929594943338 6.562961860676499E-8
9.9929594943338 6.562961860676499E-8
9.9929594943338 6.562961860676499E-8
9.9929594943338 6.562961860676499E-8
9.9929594943338 6.562961860676499E-8
9.9929594943338 6.562961860676499E-8
9.9929594943338 6.562961860676499E-8
9.9929594943338 6.562961860676499E-8
9.9929594943338 6.562961860676499E-8
9.9929594943338 6.562961860676499E-8
9.9929594943338 1.198578350628134E-7
9.9929594943338 1.198578350628134E-7
9.9929594943338 1.198578350628134E-7
9.9929594943338 1.198578350628134E-7
9.9929594943338 1.1753561303104728E-7
9.9929594943338 6.562961860676499E-8
9.9929594943338 6.562961860676499E-8
9.9929594943338 6.562961860676499E-8
9.9929594943338 6.562961860676499E-8
9.992977086319627 1.1139053332730986E-7
9.992977086319627 1.1139053332730986E-7
9.992977086319627 1.1139053332730986E-7
9.993103582364478 1.877776838448975E-7
9.993103582364478 1.4201676912435265E-7
9.993103582364478 1.464471481161773E-7
9.993103582364478 1.464471481161773E-7
9.993103582364478 1.464471481161773E-7
9.993103582364478 8.626866378785008E-8
9.993103582364478 8.626866378785008E-8
9.993103582364478 8.626866378785008E-8
9.993103582364478 1.2939290171245568E-7
9.993103582364478 1.9607415308508288E-7
9.993103582364478 1.9607415308508288E-7
9.993103582364478 1.9607415308508288E-7
9.993103582364478 1.9607415308508288E-7
9.993103582364478 1.9607415308508288E-7
9.993103582364478 1.876692936267976E-7
9.993103582364478 2.2164831158477984E-7
9.993103582364478 2.2164831158477984E-7
9.993103582364478 2.9277402300818115E-7
9.993103582364478 2.9277402300818115E-7
9.993103582364478 2.9277402300818115E-7
9.993103582364478 2.9277402300818115E-7
9.993103582364478 2.9277402300818115E-7
9.993103582364478 2.9277402300818115E-7
9.993103582364478 1.7462412832780056E-7
9.993103582364478 1.7462412832780056E-7
9.993103582364478 1.7462412832780056E-7
9.993103582364478 1.7462412832780056E-7
9.993103582364478 1.7462412832780056E-7
Score: 9.993103582364478
Runtime: 755ms
