7.217120811826526E-9 6.648366166425055
9.890134065266209E-9 6.390657058219144
6.104361120573196E-7 5.586774232090801
6.104361120573196E-7 5.435608854971275
3.583048371738029E-5 5.09965215919498
3.583048371738029E-5 4.715823582697148
1.4223780122023062E-4 4.253455496618143
1.4223780122023062E-4 4.324093249767966
1.883934838545676E-4 4.063437092270414
0.00163390446680742 4.043464637042576
0.002375433819335007 4.02723088477376
0.029219654092276868 3.918993768559328
0.029219654092276868 3.6214336261121214
0.051514487022605714 3.636154298957341
0.051514487022605714 3.3224738339226176
0.051514487022605714 3.2249976536936047
0.051514487022605714 3.2293644588487793
0.051514487022605714 3.1664806285983667
0.088331652407412 3.069880864423216
0.088331652407412 2.676312925499295
0.088331652407412 2.730686204169535
0.088331652407412 2.6449314859851762
0.10141162725487674 2.7177959681829758
0.10141162725487674 2.508299550915962
0.10141162725487674 2.3627614093732743
0.11544140070069239 2.3175060487090176
0.14350390405288097 2.189445617428451
0.14350390405288097 1.984852983110724
0.14350390405288097 1.9635687916268014
0.14350390405288097 1.9060935650968913
0.14350390405288097 1.8451477325265933
0.15702521417024498 1.7613633589912072
0.6223429200721844 1.6908633203030947
1.499911705965268 1.5995977207251664
1.499911705965268 1.43470452890218
1.499911705965268 1.5359952488889166
1.499911705965268 1.5214872401280914
1.499911705965268 1.4618012566865082
2.0387301829881506 1.4776209984608775
2.0387301829881506 1.4354619359708192
2.0387301829881506 1.3292973417026672
2.0387301829881506 1.3036315007875654
2.0387301829881506 1.3754852347500792
2.0387301829881506 1.370438940341871
2.0387301829881506 1.3935425727403834
2.0387301829881506 1.4265867751803236
2.0387301829881506 1.297143478930424
2.0387301829881506 1.2811417052142304
2.0387301829881506 1.2241824910047585
2.0387301829881506 1.1492791729250622
2.0387301829881506 1.1243998391941192
2.0387301829881506 1.0439187712369822
2.0387301829881506 0.9459201785797485
2.0387301829881506 0.8203535445158566
2.0387301829881506 0.7396926557495104
2.0387301829881506 0.7957570651032042
2.0387301829881506 0.7350021232114213
2.0387301829881506 0.6667341514154301
2.0387301829881506 0.6667341514154301
2.0387301829881506 0.6692669484885825
2.0387301829881506 0.6649389833811898
2.0387301829881506 0.616737664729573
2.0387301829881506 0.5762865809113767
2.0387301829881506 0.5744629563319102
2.0387301829881506 0.5494632109533483
2.0387301829881506 0.5518578371747901
2.0387301829881506 0.6090281818271442
2.0387301829881506 0.5348171711485626
2.0387301829881506 0.5712752478884031
2.0387301829881506 0.5922574527844011
2.2968168951994237 0.6792188413578362
2.2968168951994237 0.6780054921619487
2.2968168951994237 0.7076898300424171
2.2968168951994237 0.7041559304642662
2.2968168951994237 0.6528996913425077
2.2968168951994237 0.6120298115166188
2.2968168951994237 0.6664901279853349
2.2968168951994237 0.6467047157817855
2.2968168951994237 0.5296696408370074
2.2968168951994237 0.5284704427146536
2.2968168951994237 0.550744015224737
2.9830483447563525 0.4956563198900284
2.9830483447563525 0.4768294249578372
3.283179167158404 0.461555174833873
3.283179167158404 0.4791804630126159
3.283179167158404 0.44240191027895953
3.283179167158404 0.4167109204198539
3.283179167158404 0.4093478142429066
3.283179167158404 0.32846592508623773
3.283179167158404 0.2982238000613224
3.283179167158404 0.2982238000613224
3.283179167158404 0.2836043899043909
3.283179167158404 0.2970446595873044
3.283179167158404 0.2648358191930205
3.283179167158404 0.226439653138399
3.283179167158404 0.226439653138399
3.283179167158404 0.2107589715755317
3.283179167158404 0.22402496401503533
3.283179167158404 0.20300987693605926
3.283179167158404 0.18954244829743336
3.283179167158404 0.16765361456659156
3.283179167158404 0.1678552997549071
3.283179167158404 0.1678552997549071
3.283179167158404 0.15944736162595446
3.283179167158404 0.15944736162595446
3.283179167158404 0.1187671992332937
3.283179167158404 0.11791793820992527
3.283179167158404 0.10597868016473833
3.283179167158404 0.10597868016473833
3.283179167158404 0.10597868016473833
3.283179167158404 0.10597868016473833
3.283179167158404 0.10597868016473833
3.283179167158404 0.10597868016473833
3.283179167158404 0.10597868016473833
3.283179167158404 0.1053810241075352
3.283179167158404 0.0829276721413229
3.283179167158404 0.03840262142114831
3.283179167158404 0.03840262142114831
3.283179167158404 0.03840262142114831
3.283179167158404 0.06585313586090157
3.283179167158404 0.06585313586090157
3.283179167158404 0.06585313586090157
3.283179167158404 0.05435791344123946
3.283179167158404 0.05435791344123947
3.283179167158404 0.07626205241802397
3.283179167158404 0.07483372238488067
3.283179167158404 0.11006580667446073
3.283179167158404 0.09439092056420971
3.283179167158404 0.0757008571899161
3.283179167158404 0.0757008571899161
3.283179167158404 0.071017462532876
3.283179167158404 0.071017462532876
3.283179167158404 0.071017462532876
3.283179167158404 0.06674231937872444
3.283179167158404 0.06674231937872444
3.283179167158404 0.06674231937872444
3.283179167158404 0.06674231937872444
3.283179167158404 0.06674231937872444
3.283179167158404 0.06674231937872444
3.283179167158404 0.060689292669221476
3.283179167158404 0.060689292669221476
3.283179167158404 0.0
3.283179167158404 0.0
3.283179167158404 0.0
3.283179167158404 0.018357494889393144
3.283179167158404 0.018357494889393144
3.2868596318560255 0.03207120795959166
3.2868596318560255 0.03207120795959166
3.2868596318560255 0.03207120795959166
3.2868596318560255 0.03207120795959166
3.2868596318560255 0.03207120795959166
3.2868596318560255 0.03207120795959166
3.2868596318560255 0.03207120795959166
3.2868596318560255 0.0
3.2868596318560255 0.0
3.2868596318560255 0.0
3.2868596318560255 0.0
3.2868596318560255 0.0
3.2868596318560255 0.0
3.2868596318560255 0.0
3.2868596318560255 0.0
3.2868596318560255 0.0
3.2868596318560255 0.0
3.2868596318560255 0.0
3.2868596318560255 0.0
3.2868596318560255 0.0
3.2868596318560255 0.0
3.2868596318560255 0.0
3.2868596318560255 0.0
3.2868596318560255 0.0
3.2868596318560255 0.0
3.2868596318560255 0.0
3.2868596318560255 0.0
3.2868596318560255 0.0
3.2868596318560255 0.0
3.2868596318560255 0.0
3.2868596318560255 0.0
3.2868596318560255 0.0
3.2868596318560255 0.0
3.2868596318560255 0.0
3.2868596318560255 0.0
3.2868596318560255 0.0
3.2868596318560255 0.0
3.2868596318560255 0.0
3.2868596318560255 0.0
3.2868596318560255 0.0
3.2868596318560255 0.0
3.2868596318560255 0.0
3.2868596318560255 0.0
3.2868596318560255 0.0
3.2868596318560255 0.0
3.2868596318560255 0.0
3.2868596318560255 0.0
3.2868596318560255 0.0
3.2868596318560255 0.0
3.410211737287698 0.00809703737730478
3.410211737287698 0.00809703737730478
3.410211737287698 0.00809703737730478
3.410211737287698 0.0
3.410211737287698 0.0
3.410211737287698 0.0
3.410211737287698 0.0
3.410211737287698 0.0
3.410211737287698 0.0
3.410211737287698 0.0
3.410211737287698 0.0
3.410211737287698 0.0
3.410211737287698 0.0
3.410211737287698 0.0
3.410211737287698 0.0
3.410211737287698 0.0
3.410211737287698 0.0
3.410211737287698 0.0
3.410211737287698 0.0
3.410211737287698 0.0
3.410211737287698 0.0
3.6631776669036613 0.007850186293829116
3.6631776669036613 0.007850186293829116
3.6631776669036613 0.015700372587658232
3.6631776669036613 0.015700372587658232
3.6631776669036613 0.0
3.6631776669036613 0.0
3.6631776669036613 0.0
3.6631776669036613 0.0
3.6631776669036613 0.0
3.6631776669036613 0.0
3.6631776669036613 0.0
3.6631776669036613 0.0
3.7106651456279804 0.005872307181507545
3.7106651456279804 0.005872307181507545
3.7106651456279804 0.005872307181507545
3.7106651456279804 0.005872307181507545
3.7106651456279804 0.005872307181507545
3.7106651456279804 0.005872307181507545
3.7106651456279804 0.0
3.7106651456279804 0.0
3.9195539853504915 0.017565416491006392
3.9197023398533215 0.024453797590644852
3.9197023398533215 0.024453797590644852
3.9197023398533215 0.024453797590644852
3.9197023398533215 0.028563747980459686
3.9197023398533215 0.025119557430640455
3.9197023398533215 0.025119557430640455
3.9197023398533215 0.025119557430640455
3.9197023398533215 0.03014997751243971
4.162293615730307 0.0367278386130229
4.162293615730307 0.031429607011170396
4.162293615730307 0.014308465273577478
4.162293615730307 0.02008567963314074
4.162293615730307 0.026558563406098662
4.162293615730307 0.03905429077897657
4.162293615730307 0.025659021799819284
4.162293615730307 0.025659021799819284
4.162293615730307 0.025659021799819284
4.631921868818693 0.023879850040561364
4.631921868818693 0.023879850040561364
4.631921868818693 0.023879850040561364
4.631921868818693 0.01874997247275849
4.631921868818693 0.012972758113195227
4.631921868818693 0.012972758113195227
4.631921868818693 0.0135560568643101
4.631921868818693 0.023290686534788132
4.631921868818693 0.023290686534788135
4.631921868818693 0.023290686534788135
4.631921868818693 0.03321934291513036
4.631921868818693 0.033584316152515434
4.631921868818693 0.028602327405827438
4.631921868818693 0.028602327405827438
4.631921868818693 0.028602327405827438
4.631921868818693 0.028602327405827438
4.631921868818693 0.028602327405827438
4.631921868818693 0.028602327405827438
4.631921868818693 0.03300101740140056
4.631921868818693 0.03838782659406616
4.631921868818693 0.04808544183550501
6.107905227609557 0.04448434170523962
6.107905227609557 0.04448434170523962
6.107905227609557 0.046631559015881174
6.107905227609557 0.0449272990375096
6.107905227609557 0.037535877434636704
6.107905227609557 0.04870602667108134
6.107905227609557 0.05916201791373393
6.107905227609557 0.053289710732226395
6.107905227609557 0.053289710732226395
6.107905227609557 0.053289710732226395
6.107905227609557 0.04850059820189145
6.107905227609557 0.04850059820189145
6.107905227609557 0.045253299633435926
6.107905227609557 0.045253299633435926
6.107905227609557 0.04087667305768375
6.107905227609557 0.03615894580221012
6.107905227609557 0.03615894580221012
6.107905227609557 0.03615894580221012
6.107905227609557 0.03615894580221012
6.107905227609557 0.03615894580221012
6.107905227609557 0.035591197240490535
6.107905227609557 0.0308071803471163
6.107905227609557 0.0308071803471163
6.107905227609557 0.0352433646220834
6.107905227609557 0.03439206513546397
6.107905227609557 0.02980838107431892
6.107905227609557 0.02980838107431892
6.107905227609557 0.033852502074765034
6.107905227609557 0.04122634519232762
6.107905227609557 0.03554358078470548
6.107905227609557 0.03413576911002965
6.107905227609557 0.02502141796608127
6.107905227609557 0.02502141796608127
6.107905227609557 0.02502141796608127
6.107905227609557 0.018989577448371514
6.107905227609557 0.018989577448371514
6.107905227609557 0.018989577448371514
6.107905227609557 0.018989577448371514
6.107905227609557 0.018989577448371514
6.107905227609557 0.02013588594744449
6.107905227609557 0.02013588594744449
6.107905227609557 0.02013588594744449
6.107905227609557 0.02013588594744449
6.178232133784353 0.021640757701382546
6.178232133784353 0.021640757701382546
6.178232133784353 0.021640757701382546
6.178232133784353 0.021640757701382546
6.178232133784353 0.021640757701382546
6.178232133784353 0.021640757701382546
6.178232133784353 0.021640757701382546
6.178232133784353 0.01525973628644159
6.178232133784353 0.0095828900393364
6.178232133784353 0.0095828900393364
6.178232133784353 0.017567507833857826
6.178232133784353 0.017567507833857826
6.178232133784353 0.017567507833857826
6.178232133784353 0.007984617794521425
6.511774447622272 0.010924159878439843
6.511774447622272 0.002939542083918417
6.511774447622272 0.002939542083918417
6.511774447622272 0.002939542083918417
6.511774447622272 0.002939542083918417
6.511774447622272 0.002939542083918417
6.511774447622272 0.002939542083918417
6.511774447622272 0.007405298232598785
6.511774447622272 0.007405298232598785
6.511774447622272 0.01218931512597302
6.511774447622272 0.01071954408401381
6.511774447622272 0.01071954408401381
6.511774447622272 0.01071954408401381
6.511774447622272 0.01071954408401381
6.511774447622272 0.01071954408401381
6.511774447622272 0.01071954408401381
6.511774447622272 0.01071954408401381
6.511774447622272 0.01071954408401381
6.511774447622272 0.01071954408401381
6.511774447622272 0.004784016893374234
6.511774447622272 0.004784016893374234
6.511774447622272 0.004784016893374234
6.511774447622272 0.007329186843030854
6.511774447622272 0.007329186843030854
6.511774447622272 0.007329186843030854
6.511774447622272 0.004784016893374234
6.511774447622272 0.009568033786748469
6.511774447622272 0.009568033786748469
6.511774447622272 0.009568033786748469
6.511774447622272 0.009917413290237568
6.511774447622272 0.009917413290237568
6.511774447622272 0.0
6.511774447622272 0.0
6.511774447622272 0.0
6.511774447622272 0.0
6.511774447622272 0.0
6.511774447622272 0.0
6.511774447622272 0.0
6.511774447622272 0.0
6.511774447622272 0.0
6.511774447622272 0.0
6.511774447622272 0.0
6.511774447622272 0.0
6.511774447622272 0.0
6.511774447622272 0.0
6.511774447622272 0.0
6.511774447622272 0.0
6.511774447622272 0.0
6.511774447622272 0.0
6.511774447622272 0.0
6.511774447622272 0.0
6.511774447622272 0.0
6.511774447622272 0.0
6.511774447622272 0.0
6.684474764825152 0.0017256561773855658
6.684474764825152 0.0017256561773855658
6.684474764825152 0.0017256561773855658
6.684474764825152 0.0017256561773855658
6.684474764825152 0.0017256561773855658
6.684474764825152 0.0017256561773855658
6.684474764825152 0.0017256561773855658
6.684474764825152 0.0017256561773855658
6.684474764825152 0.0017256561773855658
6.684474764825152 0.0017256561773855658
6.684474764825152 0.0017256561773855658
6.684474764825152 0.0017256561773855658
6.684474764825152 0.0017256561773855658
6.994930610141337 0.00607249036117198
6.994930610141337 0.00607249036117198
6.994930610141337 0.003195427219344774
6.994930610141337 0.003195427219344774
6.994930610141337 0.003195427219344774
6.994930610141337 0.005740597169001394
6.994930610141337 0.003195427219344774
6.994930610141337 0.007948965435869051
6.994930610141337 0.007948965435869051
6.994930610141337 0.007948965435869051
6.994930610141337 0.006223309258483484
6.994930610141337 0.006223309258483484
6.994930610141337 0.006223309258483484
6.994930610141337 0.003346075087521984
6.994930610141337 0.0014697710419592086
6.994930610141337 0.0014697710419592086
6.994930610141337 0.0014697710419592086
6.994930610141337 0.003500221673503613
6.994930610141337 0.003500221673503613
6.994930610141337 0.0014697710419592086
6.994930610141337 0.0014697710419592086
6.994930610141337 0.0014697710419592086
6.994930610141337 0.0
6.994930610141337 0.0
6.994930610141337 0.0
6.994930610141337 0.0
6.994930610141337 0.001487063425891278
6.994930610141337 0.001487063425891278
6.994930610141337 0.001487063425891278
6.994930610141337 0.001487063425891278
6.994930610141337 0.001487063425891278
6.994930610141337 0.001487063425891278
6.994930610141337 0.001487063425891278
6.994930610141337 0.001487063425891278
6.994930610141337 0.0037235213560309942
6.994930610141337 0.0037235213560309942
6.994930610141337 0.0037235213560309942
6.994930610141337 0.0037235213560309942
6.994930610141337 0.0037235213560309942
6.994930610141337 0.0037235213560309942
6.994930610141337 0.0037235213560309942
6.994930610141337 0.0037235213560309942
6.994930610141337 0.0037235213560309942
6.994930610141337 0.0037235213560309942
6.994930610141337 0.0037235213560309942
6.994930610141337 0.0037235213560309942
6.994930610141337 0.0037235213560309942
6.994930610141337 0.0037235213560309942
6.994930610141337 0.007019826279632348
6.994930610141337 0.007019826279632348
6.994930610141337 0.007019826279632348
6.994930610141337 0.007019826279632348
6.994930610141337 0.009897060450593848
6.994930610141337 0.011384123876485125
6.994930610141337 0.011384123876485125
6.994930610141337 0.011384123876485125
6.994930610141337 0.009959845312411343
6.994930610141337 0.009959845312411343
6.994930610141337 0.008778308525061335
6.994930610141337 0.01065461257062411
6.994930610141337 0.007777378399662611
6.994930610141337 0.007777378399662611
6.994930610141337 0.006300530730466358
6.994930610141337 0.008176834776029134
6.994930610141337 0.003752608091125551
6.994930610141337 0.003752608091125551
6.994930610141337 0.003752608091125551
6.994930610141337 0.003752608091125551
6.994930610141337 0.00250392513737027
6.994930610141337 0.00250392513737027
6.994930610141337 0.00250392513737027
6.994930610141337 0.00250392513737027
6.994930610141337 0.00250392513737027
6.994930610141337 0.00250392513737027
6.994930610141337 0.00250392513737027
6.994930610141337 0.00250392513737027
6.994930610141337 0.00250392513737027
6.994930610141337 0.00250392513737027
6.994930610141337 0.00250392513737027
6.994930610141337 0.00250392513737027
6.994930610141337 0.00250392513737027
7.13406620541588 0.0013308332039602957
7.13406620541588 0.0013308332039602957
7.13406620541588 0.0
7.13406620541588 0.0
7.13406620541588 0.0
7.13406620541588 0.0
7.13406620541588 0.0
7.13406620541588 0.0
7.13406620541588 0.0
7.13406620541588 0.0
7.13406620541588 0.0
7.13406620541588 0.0
7.13406620541588 0.0
7.13406620541588 0.0
7.13406620541588 0.0
7.13406620541588 0.0
7.13406620541588 0.0
7.13406620541588 0.0
7.13406620541588 0.0
7.13406620541588 0.0
7.13406620541588 0.0
7.13406620541588 0.0
7.13406620541588 0.0
7.13406620541588 0.0
7.13406620541588 0.0
7.13406620541588 0.0
7.13406620541588 0.0
7.13406620541588 0.0
7.13406620541588 0.0
7.13406620541588 0.0
7.13406620541588 0.0
7.13406620541588 0.0
7.13406620541588 0.0
7.13406620541588 0.0
7.13406620541588 0.0
7.13406620541588 0.0
7.13406620541588 0.0
7.13406620541588 0.0
7.13406620541588 0.0
7.13406620541588 0.0
7.13406620541588 0.0
7.13406620541588 0.0
7.13406620541588 0.0
7.13406620541588 0.0
7.13406620541588 0.0
7.13406620541588 0.0
7.13406620541588 0.0
7.13406620541588 0.0
7.13406620541588 0.0
7.13406620541588 0.0
7.13406620541588 0.0
7.13406620541588 0.0
7.13406620541588 0.0
7.13406620541588 0.0
7.13406620541588 0.0
7.13406620541588 0.0
7.13406620541588 0.0
7.13406620541588 0.0
7.13406620541588 0.0
7.13406620541588 0.0
7.13406620541588 0.0
7.13406620541588 0.0
7.13406620541588 0.0
7.13406620541588 0.0
7.13406620541588 0.0
7.13406620541588 0.0
7.13406620541588 0.0
7.13406620541588 0.0
7.13406620541588 0.0
7.13406620541588 0.0
7.13406620541588 0.0
7.13406620541588 0.0
7.13406620541588 0.0
7.13406620541588 0.0
7.13406620541588 0.0
7.13406620541588 0.0
7.13406620541588 0.0
7.13406620541588 0.0013308332039602957
7.13406620541588 0.0013308332039602957
7.13406620541588 0.0013308332039602957
7.13406620541588 0.0013308332039602957
7.13406620541588 0.0013308332039602957
7.13406620541588 0.0013308332039602957
7.13406620541588 0.0
7.13406620541588 0.0
7.13406620541588 0.0
7.13406620541588 0.0
7.13406620541588 0.0
7.13406620541588 0.0
7.13406620541588 0.0
7.13406620541588 0.0
7.13406620541588 0.0
7.13406620541588 0.0
7.13406620541588 0.0
7.13406620541588 0.0
7.13406620541588 0.0
7.13406620541588 0.0
7.13406620541588 0.0
7.13406620541588 0.0
7.13406620541588 0.0
7.13406620541588 0.0
7.13406620541588 0.0
7.13406620541588 0.0
7.13406620541588 0.0
7.13406620541588 0.0
7.13406620541588 0.0
7.13406620541588 0.0
7.13406620541588 0.0
7.13406620541588 0.0
7.13406620541588 0.0
7.189300652883482 0.0017559278140954321
7.189300652883482 0.0017559278140954321
7.499627091730311 0.0017657269713081598
7.499627091730311 0.0017657269713081598
7.499627091730311 0.0017657269713081598
7.499627091730311 0.0017657269713081598
7.499627091730311 0.0
7.499627091730311 0.0
7.499627091730311 0.0
7.499627091730311 0.0
7.499627091730311 0.0
7.499627091730311 0.0
7.499627091730311 0.0
7.499627091730311 0.0
7.499627091730311 0.0
7.499627091730311 0.0
7.499627091730311 0.0
7.499627091730311 0.0
7.499627091730311 0.0
7.499627091730311 0.0
7.499627091730311 0.0
7.499627091730311 0.0
7.499627091730311 0.0
7.499627091730311 0.0
7.499627091730311 0.0
7.499627091730311 0.0
7.499627091730311 0.0
7.499627091730311 0.0
7.499627091730311 0.0
7.499627091730311 0.0
7.499627091730311 0.0
7.499627091730311 0.0
7.499627091730311 0.0
7.499627091730311 0.0
7.499627091730311 0.0
7.499627091730311 0.0
7.499627091730311 0.0
7.499627091730311 0.0
7.499627091730311 0.0
7.499627091730311 0.0
7.499627091730311 0.0
7.499627091730311 0.0
7.499627091730311 0.0
7.499627091730311 0.0
7.499627091730311 0.0
7.499627091730311 0.0
7.499627091730311 0.0
7.499627091730311 0.0
7.499627091730311 0.0
7.499627091730311 0.0
7.499627091730311 0.0
7.499627091730311 0.0
7.499627091730311 0.0
7.499627091730311 0.0
7.499627091730311 0.0
7.499627091730311 0.0
7.499627091730311 0.0
7.499627091730311 0.0
7.499627091730311 0.0
7.499627091730311 0.0017559278140954321
7.499627091730311 0.0017559278140954321
7.499627091730311 0.0017559278140954321
7.499627091730311 0.0017559278140954321
7.499627091730311 0.0017559278140954321
7.499627091730311 0.0017559278140954321
7.499627091730311 0.0017559278140954321
7.499627091730311 0.0017559278140954321
7.499627091730311 0.0017559278140954321
7.499627091730311 0.0017559278140954321
7.499627091730311 0.0017559278140954321
7.499627091730311 0.0017559278140954321
7.499627091730311 0.0017559278140954321
7.499627091730311 0.0017559278140954321
7.499627091730311 0.0017559278140954321
7.499627091730311 0.0017559278140954321
7.499627091730311 0.0035118556281908643
7.499627091730311 0.0017657269713081598
7.499627091730311 0.0017657269713081598
7.499627091730311 0.0017657269713081598
7.499627091730311 0.0
7.499627091730311 0.0
7.499627091730311 0.0
7.499627091730311 0.0
7.499627091730311 0.0
7.499627091730311 0.0
7.499627091730311 0.0
7.499627091730311 0.0
7.499627091730311 0.0
7.499627091730311 0.0
7.499627091730311 0.0
7.499627091730311 0.0
7.499627091730311 0.0
7.499627091730311 0.0
7.499627091730311 0.0
7.499627091730311 0.0
7.499627091730311 0.0
7.499627091730311 0.0
7.499627091730311 0.0
7.499627091730311 0.0
7.499627091730311 0.0
7.499627091730311 0.0
7.499627091730311 0.0
7.499627091730311 0.0
7.499627091730311 0.0
7.499627091730311 0.0
7.499627091730311 0.0
7.499627091730311 0.0
7.499627091730311 0.0
7.499627091730311 0.0
7.499627091730311 0.0
7.499627091730311 0.0
7.499627091730311 0.0
7.499627091730311 0.0
7.499627091730311 0.0
7.499627091730311 0.0
7.499627091730311 0.0
7.499627091730311 0.0
7.499627091730311 0.0
7.499627091730311 0.0
7.499627091730311 0.0
7.499627091730311 0.0
7.499627091730311 0.0
7.499627091730311 0.0
7.499627091730311 0.0
7.499627091730311 0.0
7.499627091730311 0.0
7.499627091730311 0.0
7.499627091730311 0.0
7.499627091730311 0.0
7.499627091730311 0.0
7.499627091730311 0.0
7.499627091730311 0.0
7.499627091730311 0.0
7.499627091730311 0.0
7.499627091730311 0.0
7.499627091730311 0.0
7.499627091730311 0.0
7.499627091730311 0.0
7.499627091730311 0.0
7.499627091730311 0.0
7.499627091730311 0.0
7.499627091730311 0.0
7.499627091730311 0.0
7.499627091730311 0.0
7.499627091730311 0.0
7.499627091730311 0.0
7.499627091730311 0.0
7.499627091730311 0.0
7.499627091730311 0.0
7.499627091730311 0.0
7.499627091730311 0.0
7.499627091730311 0.0
7.499627091730311 0.0
7.499627091730311 0.0
7.499627091730311 0.0
7.499627091730311 0.0
7.499627091730311 0.0
7.499627091730311 0.0
7.499627091730311 0.0
7.499627091730311 0.0
7.499627091730311 0.0
7.499627091730311 0.0
7.499627091730311 0.0
7.499627091730311 0.0
7.499627091730311 0.0
7.499627091730311 0.0
7.499627091730311 0.0
7.499627091730311 0.0
7.499627091730311 0.0
7.499627091730311 0.0
7.499627091730311 0.0
7.499627091730311 0.0
7.499627091730311 0.0
7.499627091730311 0.0
7.499627091730311 0.0
7.499627091730311 0.0
7.499627091730311 0.0
7.499627091730311 0.0
7.499627091730311 0.0
7.499627091730311 0.0
7.499627091730311 0.0
7.499627091730311 0.0
7.499627091730311 0.0
7.499627091730311 0.0
7.499627091730311 0.0
7.499627091730311 0.0
7.499627091730311 0.0
7.499627091730311 0.0
7.499627091730311 0.0
7.499627091730311 0.0
7.499627091730311 0.0
7.499627091730311 0.0
7.499627091730311 0.0
7.499627091730311 0.0
7.499627091730311 0.0
7.499627091730311 0.0
7.499627091730311 0.0
7.499627091730311 0.0
7.499627091730311 0.0
7.499627091730311 0.0
7.499627091730311 0.0
7.499627091730311 0.0
7.499627091730311 0.0
7.499627091730311 0.0
7.499627091730311 0.0
7.499627091730311 0.0
7.499627091730311 0.0
7.499627091730311 0.0
7.499627091730311 0.0
7.499627091730311 0.0
7.499627091730311 0.0
7.499627091730311 0.0
7.499627091730311 0.0
7.499627091730311 0.0
7.499627091730311 0.0
7.499627091730311 0.0
7.499627091730311 0.0
7.499627091730311 0.0
7.499627091730311 0.0
7.499627091730311 0.0
7.499627091730311 0.0
7.499627091730311 0.0
7.499627091730311 0.0
7.499627091730311 0.0
7.499627091730311 0.0
7.499627091730311 0.0
7.499627091730311 0.0
7.499627091730311 0.0
7.499627091730311 0.0
7.499627091730311 0.0
7.499627091730311 0.0
7.499627091730311 0.0
7.499627091730311 0.0
7.499627091730311 0.0
7.499627091730311 0.0
7.499627091730311 0.0
7.499627091730311 0.0
7.499627091730311 0.0
7.499627091730311 0.0
7.499627091730311 0.0
7.499627091730311 0.0
7.499627091730311 0.0
7.499627091730311 0.0
7.499627091730311 0.0
7.499627091730311 0.0
7.499627091730311 0.0
7.499627091730311 0.0
7.499627091730311 0.0
7.499627091730311 0.0
7.499627091730311 0.0
7.499627091730311 0.0
7.499627091730311 0.0
7.499627091730311 0.0
7.499627091730311 0.0
7.499627091730311 0.0
7.499627091730311 0.0
7.499627091730311 0.0
7.499627091730311 0.0
7.499627091730311 0.0
7.499627091730311 0.0
7.499627091730311 0.0
7.499627091730311 0.0
7.499627091730311 0.0
7.499627091730311 0.0
7.499627091730311 0.0
7.499627091730311 0.0
7.499627091730311 0.0
7.499627091730311 0.0
7.499627091730311 0.0
7.499627091730311 0.0
7.499627091730311 0.0
7.499627091730311 0.0
7.499627091730311 0.0
7.499627091730311 0.0
7.499627091730311 0.0
7.499627091730311 0.0
7.499627091730311 0.0
7.499627091730311 0.0
7.499627091730311 0.0
7.499627091730311 0.0
7.499627091730311 0.0
7.499627091730311 0.0
7.499627091730311 0.0
7.499627091730311 0.0
7.499627091730311 0.0
7.499627091730311 0.0
7.499627091730311 0.0
7.499627091730311 0.0
7.499627091730311 0.0
7.499627091730311 0.0
7.499627091730311 0.0
7.499627091730311 0.0
7.499627091730311 0.0
7.499627091730311 0.0
7.499627091730311 0.0
7.499627091730311 0.0
7.499627091730311 0.0
7.499627091730311 0.0
7.499627091730311 0.0
7.499627091730311 0.0
7.499627091730311 0.0
7.499627091730311 0.0
7.499627091730311 0.0
7.499627091730311 0.0
7.499627091730311 0.0
7.499627091730311 0.0
7.499627091730311 0.0
7.499627091730311 0.0
7.499627091730311 0.0
7.499627091730311 0.0
7.499627091730311 0.0
7.499627091730311 0.0
7.499627091730311 0.0
7.499627091730311 0.0
7.499627091730311 0.0
7.499627091730311 0.0
7.499627091730311 0.0
7.499627091730311 0.0
7.499627091730311 0.0
7.499627091730311 0.0
7.499627091730311 0.0
7.499627091730311 0.0
7.499627091730311 0.0
7.499627091730311 0.0
7.499627091730311 0.0
7.499627091730311 0.0
7.499627091730311 0.0
7.499627091730311 0.0
7.499627091730311 0.0
7.499627091730311 0.0
7.499627091730311 0.0
7.499627091730311 0.0
7.499627091730311 0.0
7.499627091730311 0.0
7.499627091730311 0.0
7.499627091730311 0.0
7.499627091730311 0.0
7.499627091730311 0.0
7.499627091730311 0.0
7.499627091730311 0.0
7.499627091730311 0.0
7.499627091730311 0.0
7.499627091730311 0.0
7.499627091730311 0.0
7.499627091730311 0.0
7.499627091730311 0.0
7.499627091730311 0.0
7.499627091730311 0.0
7.499627091730311 0.0
7.499627091730311 0.0
7.499627091730311 0.0
7.499627091730311 0.0
7.499627091730311 0.0
7.499627091730311 0.0
7.499627091730311 0.0
7.499627091730311 0.0
7.499627091730311 0.0
7.499627091730311 0.0
7.581824563459807 0.0010688037333394557
7.581824563459807 0.0010688037333394557
7.581824563459807 0.0010688037333394557
7.581824563459807 0.0010688037333394557
7.582960524245415 0.002115534070191485
7.582960524245415 0.002115534070191485
7.582960524245415 0.002115534070191485
7.582960524245415 0.002115534070191485
7.582960524245415 0.002115534070191485
7.582960524245415 0.0010688037333394557
7.582960524245415 0.0010688037333394557
7.582960524245415 0.0010688037333394557
7.582960524245415 0.0010688037333394557
7.582960524245415 0.0
7.582960524245415 0.0
7.582960524245415 0.0
7.582960524245415 0.0
7.582960524245415 0.0
7.582960524245415 0.0
7.582960524245415 0.0
7.582960524245415 0.0
7.582960524245415 0.0
7.582960524245415 0.0
7.582960524245415 0.0
7.582960524245415 0.0
7.582960524245415 0.0
7.582960524245415 0.0
7.582960524245415 0.0
7.582960524245415 0.0
7.582960524245415 0.0
7.582960524245415 0.0
7.582960524245415 0.0
7.582960524245415 0.0
7.582960524245415 0.0
7.582960524245415 0.0
7.582960524245415 0.0
7.582960524245415 0.0
7.582960524245415 0.0
7.582960524245415 0.0
7.582960524245415 0.0
7.582960524245415 0.0
7.582960524245415 0.0
7.582960524245415 0.0
7.582960524245415 0.0
7.582960524245415 0.0
7.582960524245415 0.0
7.582960524245415 0.0
7.582960524245415 0.0
7.582960524245415 0.0
7.582960524245415 0.0
7.582960524245415 0.0
7.582960524245415 0.0
7.582960524245415 0.0
7.582960524245415 0.0
7.582960524245415 0.0010688037333394557
7.582960524245415 0.0010688037333394557
7.582960524245415 0.0010688037333394557
7.582960524245415 0.0010688037333394557
7.582960524245415 0.002115534070191485
7.582960524245415 0.002115534070191485
7.582960524245415 0.0016357524747016214
7.582960524245415 0.0
7.582960524245415 0.0
7.582960524245415 0.0
7.582960524245415 0.0
7.582960524245415 0.0
7.582960524245415 0.0
7.582960524245415 0.0
7.582960524245415 0.0
7.582960524245415 0.0
7.582960524245415 0.0
7.582960524245415 0.0
7.582960524245415 0.0
7.582960524245415 0.0
7.582960524245415 0.0
7.582960524245415 0.0
7.582960524245415 0.0
7.582960524245415 0.0
7.582960524245415 0.0
7.582960524245415 0.0
7.582960524245415 0.0
7.582960524245415 0.0
7.582960524245415 0.0
7.582960524245415 0.0
7.582960524245415 0.0
7.582960524245415 0.0
7.582960524245415 0.0
7.582960524245415 0.0
7.582960524245415 0.0
7.582960524245415 0.0
7.582960524245415 0.0
7.582960524245415 0.0
7.582960524245415 0.0
7.582960524245415 0.0
7.582960524245415 0.0
7.582960524245415 0.0
7.582960524245415 0.0
7.582960524245415 0.0
7.582960524245415 0.0
7.582960524245415 0.0
7.582960524245415 0.0
7.582960524245415 0.0
7.582960524245415 0.0
7.582960524245415 0.0
7.582960524245415 0.0
7.582960524245415 0.0
7.582960524245415 0.0
7.582960524245415 0.0
7.582960524245415 0.0
7.698142620826543 0.0010474879390750557
7.698142620826543 0.0010474879390750557
7.698142620826543 0.0010474879390750557
7.698142620826543 0.0010474879390750557
7.698142620826543 0.0010474879390750557
7.698142620826543 0.0010474879390750557
7.698142620826543 0.0010474879390750557
7.698142620826543 0.0010474879390750557
7.698142620826543 0.0010474879390750557
7.698142620826543 0.0010474879390750557
7.698142620826543 0.0010474879390750557
7.698142620826543 0.0010474879390750557
7.698142620826543 0.0010474879390750557
7.698142620826543 0.0010474879390750557
7.698142620826543 0.0010474879390750557
7.698142620826543 0.0010474879390750557
7.698142620826543 0.0010474879390750557
7.698142620826543 0.0010474879390750557
7.698142620826543 0.0010474879390750557
7.698142620826543 0.0010474879390750557
7.698142620826543 0.0010474879390750557
7.698142620826543 0.0010474879390750557
7.698142620826543 0.0010474879390750557
7.698142620826543 0.0018977745037053375
7.698142620826543 0.0018977745037053375
7.698142620826543 0.0018977745037053375
7.698142620826543 0.0018977745037053375
7.698142620826543 0.0018977745037053375
7.698142620826543 0.0018977745037053375
7.698142620826543 0.0018977745037053375
7.698142620826543 0.0010474879390750557
7.698142620826543 0.0010474879390750557
7.698142620826543 0.0010474879390750557
7.698142620826543 0.0010474879390750557
7.698142620826543 0.0010474879390750557
7.698142620826543 0.0010474879390750557
7.698142620826543 0.001697035991430379
7.698142620826543 0.001697035991430379
7.698142620826543 0.001697035991430379
7.698142620826543 0.001697035991430379
7.698142620826543 0.001697035991430379
7.698142620826543 0.001697035991430379
7.698142620826543 6.495480523553232E-4
7.698142620826543 0.0
7.698142620826543 0.0
7.698142620826543 0.0
7.698142620826543 0.0
7.698142620826543 0.0
7.698142620826543 0.0
7.698142620826543 0.0
7.698142620826543 0.0
7.698142620826543 0.0
7.698142620826543 0.0
7.698142620826543 0.0
7.698142620826543 0.0
7.698142620826543 0.0
7.698142620826543 0.0
7.698142620826543 0.0
7.698142620826543 0.0
7.698142620826543 0.0
7.698142620826543 0.0
7.698142620826543 0.0
7.698142620826543 0.0
7.698142620826543 0.0
7.698142620826543 0.0
7.698142620826543 0.0
7.698142620826543 0.0
7.698142620826543 0.0
7.698142620826543 0.0
7.698142620826543 0.0
7.698142620826543 0.0
7.698142620826543 0.0
7.698142620826543 0.0
7.698142620826543 0.0
7.698142620826543 0.0
7.698142620826543 0.0
7.698142620826543 0.0
7.788567444722116 0.0011964631203997898
7.788567444722116 0.0011964631203997898
7.788567444722116 0.0011964631203997898
7.788567444722116 0.0011964631203997898
7.788567444722116 0.0011964631203997898
7.788567444722116 0.0011964631203997898
7.788567444722116 0.0011964631203997898
7.788567444722116 0.0011964631203997898
7.788567444722116 0.0011964631203997898
7.788567444722116 0.0
7.788567444722116 0.0
7.788567444722116 0.0
7.788567444722116 0.0
7.788567444722116 0.0
7.788567444722116 0.0
7.788567444722116 0.0
7.788567444722116 8.502865646302818E-4
7.788567444722116 8.502865646302818E-4
7.788567444722116 8.502865646302818E-4
7.788567444722116 8.502865646302818E-4
7.788567444722116 0.001499834616985605
7.788567444722116 0.001499834616985605
7.788567444722116 0.001499834616985605
7.788567444722116 6.495480523553232E-4
7.788567444722116 6.495480523553232E-4
7.788567444722116 6.495480523553232E-4
7.788567444722116 6.495480523553232E-4
7.788567444722116 0.0
7.788567444722116 0.0
7.788567444722116 0.0
7.788567444722116 0.0
7.788567444722116 0.0
7.788567444722116 0.0
7.788567444722116 0.0
7.788567444722116 0.0011964631203997898
7.788567444722116 0.0011964631203997898
7.788567444722116 0.0011964631203997898
7.788567444722116 0.0011964631203997898
7.788567444722116 0.0011964631203997898
7.788567444722116 0.0011964631203997898
7.788567444722116 0.0011964631203997898
7.788567444722116 0.0011964631203997898
7.788567444722116 0.0011964631203997898
7.788567444722116 0.0011964631203997898
7.788567444722116 0.0011964631203997898
7.788567444722116 0.0011964631203997898
7.788567444722116 0.0011964631203997898
7.788567444722116 0.0011964631203997898
7.788567444722116 0.0
7.788567444722116 0.0
7.788567444722116 0.0
7.788567444722116 0.0
7.788567444722116 0.0
7.788567444722116 0.0
7.788567444722116 0.0
7.788567444722116 0.0
7.788567444722116 0.0
7.788567444722116 0.0
7.788567444722116 0.0
7.788567444722116 0.0
7.788567444722116 0.0
7.788567444722116 0.0
7.788567444722116 0.0
7.788567444722116 0.0
7.788567444722116 0.0
7.788567444722116 0.0
7.788567444722116 0.0
7.788567444722116 0.0
7.788567444722116 0.0
7.788567444722116 0.0
7.788567444722116 0.0
7.788567444722116 0.0
7.788567444722116 0.0
7.788567444722116 0.0
7.788567444722116 0.0
7.788567444722116 0.0
7.788567444722116 0.0
7.788567444722116 0.0
7.788567444722116 0.0
7.788567444722116 0.0
7.788567444722116 0.0
7.788567444722116 0.0
7.788567444722116 0.0
7.788567444722116 0.0
7.788567444722116 0.0
7.788567444722116 0.0
7.788567444722116 0.0
7.788567444722116 0.0
7.788567444722116 0.0017250496042300048
7.788567444722116 0.0017250496042300048
7.788567444722116 0.0017250496042300048
7.788567444722116 0.0017250496042300048
7.788567444722116 0.0017250496042300048
7.788567444722116 0.0017250496042300048
7.788567444722116 0.0017250496042300048
7.788567444722116 0.0017250496042300048
7.788567444722116 0.0017250496042300048
7.788567444722116 0.0017250496042300048
7.788567444722116 0.0017250496042300048
7.788567444722116 0.0017250496042300048
7.788567444722116 0.0017250496042300048
7.788567444722116 0.0017250496042300048
7.788567444722116 0.0017250496042300048
7.788567444722116 0.0017250496042300048
7.788567444722116 0.0017250496042300048
7.788567444722116 0.0017250496042300048
7.788567444722116 0.0017250496042300048
7.788567444722116 0.0017250496042300048
7.788567444722116 0.0017250496042300048
7.788567444722116 0.0017250496042300048
7.788567444722116 0.0017250496042300048
7.788567444722116 0.0017250496042300048
7.788567444722116 0.0
7.788567444722116 0.0
7.788567444722116 0.0
7.788567444722116 0.0
7.788567444722116 0.0
7.788567444722116 0.0
7.788567444722116 0.0
7.788567444722116 0.0
7.788567444722116 0.0
7.788567444722116 0.0
7.788567444722116 0.0
7.788567444722116 0.0
7.788567444722116 0.0
7.788567444722116 0.0
7.788567444722116 0.0
7.788567444722116 0.0
7.788567444722116 0.0
7.788567444722116 0.0
7.788567444722116 0.0
7.788567444722116 0.0
7.788567444722116 0.0
7.788567444722116 0.0
7.788567444722116 0.0
7.788567444722116 0.0
7.788567444722116 0.0
7.788567444722116 0.0
7.788567444722116 0.0
7.788567444722116 0.0
7.788567444722116 0.0
7.789704565447606 8.67106801015229E-4
7.789704565447606 0.0
7.789704565447606 0.0
7.789704565447606 0.0
7.789704565447606 0.0
7.789704565447606 0.0
7.789704565447606 0.0
7.789704565447606 0.0
7.789704565447606 0.0
7.789704565447606 0.0
7.789704565447606 0.0
7.789704565447606 0.0
7.789704565447606 0.0
7.789704565447606 0.0
7.789704565447606 0.0
7.789704565447606 0.0
7.789704565447606 0.0
7.789704565447606 0.0
7.789704565447606 0.0
7.789704565447606 0.0
7.789704565447606 0.0
7.789704565447606 0.0
7.789704565447606 0.0
7.789704565447606 0.0
7.789704565447606 0.0
7.789704565447606 0.0
7.789704565447606 0.0
7.789704565447606 0.0
7.789704565447606 0.0
7.789704565447606 0.0
7.789704565447606 0.0
7.789704565447606 0.0
7.789704565447606 0.0
7.789704565447606 0.0
7.825038848664302 9.615838827165277E-4
7.825038848664302 9.615838827165277E-4
7.825038848664302 9.615838827165277E-4
7.825038848664302 9.615838827165277E-4
7.825038848664302 9.615838827165277E-4
7.825038848664302 9.615838827165277E-4
7.825038848664302 9.615838827165277E-4
7.825038848664302 9.615838827165277E-4
7.825038848664302 0.0
7.825038848664302 0.0
7.825038848664302 0.0
7.825038848664302 0.0
7.825038848664302 0.0
7.825038848664302 0.0
7.825038848664302 0.0
7.825038848664302 0.0
7.825038848664302 0.0
7.825038848664302 0.0
7.825038848664302 0.0
7.825038848664302 0.0
7.825038848664302 0.0
7.825038848664302 0.0
7.825038848664302 0.0
7.825038848664302 0.0
7.825038848664302 0.0
7.825038848664302 0.0
7.825038848664302 0.0
7.825038848664302 0.0
7.825038848664302 0.0
7.825038848664302 0.0
7.825038848664302 0.0
7.825038848664302 0.0
7.825038848664302 2.8344123964415223E-4
7.886490284688287 6.914764768736585E-4
7.886490284688287 6.914764768736585E-4
7.886490284688287 6.914764768736585E-4
7.886490284688287 0.001423015833418319
7.886490284688287 0.0014230158334183189
7.886490284688287 8.523869046764088E-4
7.886490284688287 8.523869046764088E-4
7.886490284688287 8.523869046764088E-4
7.886490284688287 8.523869046764088E-4
7.886490284688287 8.523869046764088E-4
7.897692849401583 0.0011241026757682674
7.897692849401583 0.0011241026757682674
7.897692849401583 0.0011241026757682674
7.897692849401583 0.0011241026757682674
7.897692849401583 0.0011241026757682674
7.897692849401583 0.0011241026757682674
7.897692849401583 0.0011241026757682674
7.897692849401583 0.0011241026757682674
7.897692849401583 0.0011241026757682674
7.897692849401583 0.0014124062851459793
7.897692849401583 0.0014124062851459793
7.897692849401583 0.0014124062851459793
7.897692849401583 0.0014124062851459793
7.897692849401583 0.001989210433018142
7.897692849401583 0.00254878515621106
7.897692849401583 0.0029685648833605825
7.897692849401583 0.0029685648833605825
7.897692849401583 0.002340385769822188
7.897692849401583 0.0018045457601977163
7.897692849401583 0.001643635332394966
7.897692849401583 0.001643635332394966
7.897692849401583 0.001643635332394966
7.897692849401583 0.0013601940927508139
7.897692849401583 0.0013601940927508139
7.897692849401583 0.0010203185885901314
7.897692849401583 0.0015638042009382498
7.897692849401583 0.0015638042009382498
7.897692849401583 0.0015638042009382498
7.897692849401583 0.0015638042009382498
7.897692849401583 0.0015638042009382498
7.897692849401583 0.0015638042009382498
7.897692849401583 0.0011202897602202815
7.897692849401583 0.0011202897602202815
7.897692849401583 0.0011202897602202815
7.897692849401583 0.0013750612977246471
7.897692849401583 0.0013750612977246471
8.012353028440243 0.001385711848229962
8.012353028440243 0.001385711848229962
8.012353028440243 0.001385711848229962
8.012353028440243 0.0017953820176441954
8.012353028440243 0.001251896405296077
8.012353028440243 0.001251896405296077
8.012353028440243 0.001251896405296077
8.012353028440243 0.001251896405296077
8.012353028440243 0.001251896405296077
8.012353028440243 0.001251896405296077
8.012353028440243 0.001251896405296077
8.012353028440243 0.001251896405296077
8.012353028440243 0.001251896405296077
8.012353028440243 0.001251896405296077
8.012353028440243 0.001251896405296077
8.012353028440243 0.001251896405296077
8.012353028440243 0.001251896405296077
8.012353028440243 0.0017877364149205491
8.012353028440243 0.0017877364149205491
8.012353028440243 0.0012601419286407856
8.012353028440243 0.0012601419286407856
8.012353028440243 0.0013780662455063156
8.012353028440243 0.0013780662455063156
8.012353028440243 0.001821580686224284
8.012353028440243 0.001566809148719918
8.012353028440243 0.0014289638198876787
8.012353028440243 0.0014289638198876787
8.012353028440243 0.0014289638198876787
8.012353028440243 0.0014289638198876787
8.012353028440243 0.0014289638198876787
8.012353028440243 0.0014289638198876787
8.012353028440243 0.0017634100026627676
8.012353028440243 0.0017634100026627676
8.012353028440243 0.0017634100026627676
8.012353028440243 0.0023229847258556856
8.012353028440243 0.0023229847258556856
8.01260841275337 0.002141962714810224
8.01260841275337 0.002141962714810224
8.01260841275337 0.002141962714810224
8.01260841275337 0.002141962714810224
8.01260841275337 0.002141962714810224
8.01260841275337 0.002141962714810224
8.01260841275337 0.002141962714810224
8.01260841275337 0.002141962714810224
8.01260841275337 0.002141962714810224
8.01260841275337 0.002141962714810224
8.01260841275337 0.002141962714810224
8.01260841275337 0.002141962714810224
8.01260841275337 0.002141962714810224
8.01260841275337 0.002141962714810224
8.01260841275337 0.0011666576278043742
8.01260841275337 0.0011666576278043742
8.01260841275337 0.0011666576278043742
8.01260841275337 0.0011666576278043742
8.01260841275337 0.0011666576278043742
8.01260841275337 7.937949043613584E-4
8.01260841275337 7.937949043613584E-4
8.01260841275337 7.937949043613584E-4
8.01260841275337 7.937949043613584E-4
8.044594449963864 8.889093271369219E-4
8.044594449963864 8.889093271369219E-4
8.044594449963864 8.889093271369219E-4
8.044594449963864 8.889093271369219E-4
8.044594449963864 8.889093271369219E-4
8.044594449963864 8.889093271369219E-4
8.044594449963864 8.889093271369219E-4
8.044594449963864 8.889093271369219E-4
8.046436550389961 9.268816846992761E-4
8.175863144055954 0.0011240731402704376
8.175863144055954 0.0011240731402704376
8.175863144055954 0.0011240731402704374
8.175863144055954 0.0011240731402704374
8.175863144055954 7.501069112958775E-4
8.175863144055954 7.501069112958775E-4
8.175863144055954 8.783694166541306E-4
8.220690593157181 6.449355375980962E-4
8.220690593157181 6.449355375980962E-4
8.220690593157181 7.719261912730458E-4
8.220690593157181 6.071538787122305E-4
8.220690593157181 0.0011242627210825645
8.220690593157181 9.941531518008154E-4
8.220690593157181 6.623579148871972E-4
8.220690593157181 4.8019548729928024E-4
8.220690593157181 9.010332114124306E-4
8.220690593157181 9.27422904964079E-4
8.220690593157181 9.27422904964079E-4
8.220690593157181 9.27422904964079E-4
8.220690593157181 7.988491423180313E-4
8.220690593157181 9.17062687420356E-4
8.220690593157181 9.17062687420356E-4
8.220690593157181 9.17062687420356E-4
8.220690593157181 9.144219413804927E-4
8.220690593157181 4.104546809050257E-4
8.220690593157181 4.104546809050257E-4
8.220690593157181 4.104546809050257E-4
8.220690593157181 4.104546809050257E-4
8.220690593157181 6.365885737901273E-4
8.220690593157181 6.365885737901273E-4
8.220690593157181 6.365885737901274E-4
8.220690593157181 9.683838107037456E-4
8.246982328520025 0.0010419149460903013
8.246982328520025 0.0010419149460903013
8.246982328520025 0.001227228551547017
8.246982328520025 0.0012597825330429467
8.246982328520025 0.0012246526206642111
8.246982328520025 0.0014346681267882909
8.246982328520025 0.0014346681267882909
8.246982328520025 0.001098063703756341
8.246982328520025 0.001098063703756341
8.246982328520025 8.887160759291944E-4
8.246982328520025 8.527051748149273E-4
8.246982328520025 7.522035737422456E-4
8.246982328520025 6.256791605734231E-4
8.246982328520025 6.256791605734231E-4
8.246982328520025 6.256791605734231E-4
8.246982328520025 6.256791605734231E-4
8.246982328520025 6.256791605734231E-4
8.282854820449305 8.871110675787689E-4
8.282854820449305 7.585373049327212E-4
8.282854820449305 7.585373049327212E-4
8.282854820449305 6.374641849594368E-4
8.282854820449305 7.734073869828933E-4
8.282854820449305 7.331393104120861E-4
8.282854820449305 8.756371474288837E-4
8.282854820449305 7.291615371276514E-4
8.282854820449305 6.92764061371284E-4
8.282854820449305 5.447204996889776E-4
8.282854820449305 4.3564320843497776E-4
8.282854820449305 4.826269150893821E-4
8.282854820449305 3.493984302008339E-4
8.29215330734899 3.116289652844549E-4
8.29215330734899 2.646452586300506E-4
8.29215330734899 9.644575307213818E-5
8.29215330734899 1.5035847329114422E-4
8.29215330734899 1.5035847329114422E-4
8.29215330734899 9.644575307213818E-5
8.29215330734899 9.644575307213818E-5
8.29215330734899 9.644575307213818E-5
8.29215330734899 0.0
8.29215330734899 0.0
8.29215330734899 0.0
8.29215330734899 0.0
8.29215330734899 1.005016010726817E-4
8.29215330734899 1.524756162948715E-4
8.29215330734899 1.524756162948715E-4
8.29215330734899 1.524756162948715E-4
8.29215330734899 1.524756162948715E-4
8.29215330734899 1.524756162948715E-4
8.331957020675086 2.0358721723884318E-4
8.331957020675086 2.5057092389324753E-4
8.331957020675086 2.5057092389324753E-4
8.331957020675086 2.3698784659697693E-4
8.331957020675086 2.8690595117755567E-4
8.331957020675086 2.8690595117755567E-4
8.331957020675086 1.2828593206133557E-4
8.373746461276339 1.3243518537536981E-4
8.373746461276339 5.4067357894612976E-5
8.373746461276339 7.174142951605519E-5
8.373746461276339 1.015991111475461E-4
8.373746461276339 1.015991111475461E-4
8.373746461276339 1.015991111475461E-4
8.373746461276339 2.3240393731775068E-4
8.373746461276339 2.3240393731775068E-4
8.373746461276339 2.3240393731775068E-4
8.373746461276339 2.3240393731775068E-4
8.373746461276339 2.4452925303596615E-4
8.373746461276339 2.4452925303596615E-4
8.373746461276339 2.4332642785741384E-4
8.373746461276339 2.4332642785741384E-4
8.373746461276339 2.9857681631490898E-5
8.373746461276339 3.652745543187728E-5
8.373746461276339 7.095984013627786E-5
8.373746461276339 2.0899237572976536E-4
8.373746461276339 2.481525454444994E-4
8.373746461276339 3.506292428988339E-4
8.398393531020659 4.0172717186029645E-4
8.398393531020659 4.0172717186029655E-4
8.398393531020659 3.651997164284192E-4
8.398393531020659 3.36920416117154E-4
8.398393531020659 1.6406738767788946E-4
8.398393531020659 1.2108615180501605E-4
8.398393531020659 1.4650467375308828E-4
8.398393531020659 1.7368660631014127E-4
8.398393531020659 1.7368660631014127E-4
8.398393531020659 2.0823869971048253E-4
8.398393531020659 2.0823869971048258E-4
8.398393531020659 2.0823869971048253E-4
8.398393531020659 1.7368660631014127E-4
8.398393531020659 1.7368660631014127E-4
8.398393531020659 1.7368660631014127E-4
8.398393531020659 1.7368660631014127E-4
8.398393531020659 2.810024730029255E-4
8.398393531020659 2.810024730029255E-4
8.398393531020659 3.0456535393476954E-4
8.398393531020659 2.690095157956166E-4
8.398393531020659 2.544059721795643E-4
8.398393531020659 2.1997358747516377E-4
8.398393531020659 2.1997358747516377E-4
8.398393531020659 2.1997358747516377E-4
8.398393531020659 2.1997358747516377E-4
8.398393531020659 2.1997358747516377E-4
8.398393531020659 2.1997358747516377E-4
8.398393531020659 2.1997358747516377E-4
8.398393531020659 2.1997358747516377E-4
8.398393531020659 2.580543933691964E-4
8.398393531020659 3.184370110245241E-4
8.398393531020659 1.298220074673651E-4
8.398393531020659 9.445133288382509E-5
8.398393531020659 5.6370526989792486E-5
8.398393531020659 1.1302565520589808E-4
8.398393531020659 1.5840058568743765E-4
8.398393531020659 1.5840058568743762E-4
8.398393531020659 1.5840058568743765E-4
8.398393531020659 1.2899313898827184E-4
8.398393531020659 9.699017130490688E-5
8.398393531020659 9.699017130490687E-5
8.398393531020659 9.699017130490688E-5
8.398393531020659 1.3918186853054004E-4
8.398393531020659 9.17737324547873E-5
8.398393531020659 1.2096315336607822E-4
8.398393531020659 7.877145614044507E-5
8.398393531020659 7.877145614044507E-5
8.398393531020659 7.877145614044507E-5
8.398393531020659 7.877145614044507E-5
8.398393531020659 7.877145614044507E-5
8.398393531020659 7.877145614044507E-5
8.398393531020659 7.877145614044507E-5
8.398393531020659 7.877145614044507E-5
8.398393531020659 7.877145614044507E-5
8.398393531020659 7.877145614044507E-5
8.398393531020659 7.877145614044507E-5
8.398393531020659 7.877145614044507E-5
8.398393531020659 7.877145614044507E-5
8.398393531020659 7.877145614044507E-5
8.398393531020659 7.877145614044507E-5
8.398393531020659 8.032851873126029E-5
8.398393531020659 8.03285187312603E-5
8.398393531020659 6.994159720069185E-5
8.398393531020659 6.994159720069185E-5
8.398393531020659 6.994159720069185E-5
8.398393531020659 6.994159720069185E-5
8.398393531020659 4.4929654128904197E-5
8.398393531020659 4.4929654128904197E-5
8.398393531020659 4.4929654128904197E-5
8.398393531020659 6.066988734651748E-5
8.398393531020659 6.066988734651748E-5
8.398393531020659 6.066988734651748E-5
8.398393531020659 3.1480466435226574E-5
8.398393531020659 3.1480466435226574E-5
8.40262077673991 5.0893086566976984E-5
8.40262077673991 5.0893086566976984E-5
8.40262077673991 1.0670333543004246E-4
8.40262077673991 1.0670333543004246E-4
8.40262077673991 4.3496655160810354E-5
8.40262077673991 4.3496655160810354E-5
8.40262077673991 4.3496655160810354E-5
8.40262077673991 4.3496655160810354E-5
8.40262077673991 4.3496655160810354E-5
8.40262077673991 4.3496655160810354E-5
8.422733361159299 7.655051161535858E-5
8.422733361159299 7.655051161535858E-5
8.422733361159299 7.655051161535858E-5
8.422733361159299 7.655051161535858E-5
8.422733361159299 7.655051161535858E-5
8.422733361159299 7.655051161535858E-5
8.422733361159299 4.3496655160810354E-5
8.422733361159299 4.3496655160810354E-5
8.422733361159299 4.3496655160810354E-5
8.422733361159299 4.3496655160810354E-5
8.422733361159299 4.3496655160810354E-5
8.422733361159299 4.3496655160810354E-5
8.422733361159299 4.3496655160810354E-5
8.422733361159299 4.3496655160810354E-5
8.422733361159299 4.3496655160810354E-5
8.422733361159299 4.3496655160810354E-5
8.422733361159299 4.3496655160810354E-5
8.422733361159299 8.699331032162071E-5
8.422733361159299 8.699331032162071E-5
8.422733361159299 8.699331032162071E-5
8.422733361159299 8.699331032162071E-5
8.422733361159299 8.699331032162071E-5
8.422733361159299 8.699331032162071E-5
8.422733361159299 8.699331032162071E-5
8.422733361159299 8.699331032162071E-5
8.422733361159299 8.699331032162071E-5
8.422733361159299 8.699331032162071E-5
8.422733361159299 8.699331032162071E-5
8.422733361159299 8.699331032162071E-5
8.422733361159299 8.699331032162071E-5
8.422733361159299 8.699331032162071E-5
8.422733361159299 8.699331032162071E-5
8.422733361159299 8.699331032162071E-5
8.422733361159299 8.699331032162071E-5
8.422733361159299 8.699331032162071E-5
8.422733361159299 8.699331032162071E-5
8.422733361159299 8.699331032162071E-5
8.422733361159299 1.0937230174646047E-4
8.422733361159299 1.0937230174646047E-4
8.422733361159299 1.0937230174646047E-4
8.422733361159299 1.0937230174646047E-4
8.422733361159299 1.0937230174646047E-4
8.422733361159299 1.0937230174646047E-4
8.422733361159299 1.0937230174646047E-4
8.422733361159299 6.735248975404392E-5
8.422733361159299 6.735248975404392E-5
8.422733361159299 6.735248975404392E-5
8.422733361159299 6.735248975404392E-5
8.422733361159299 6.735248975404392E-5
8.422733361159299 6.735248975404392E-5
8.422733361159299 1.0880066502721896E-4
8.444058139466275 1.1925261098589678E-4
8.444058139466275 1.134325283299091E-4
8.444058139466275 6.845903000070494E-5
8.444058139466275 4.904640986895452E-5
8.444058139466275 4.904640986895452E-5
8.444058139466275 4.904640986895452E-5
8.444058139466275 4.904640986895452E-5
8.444058139466275 4.904640986895452E-5
8.444058139466275 4.904640986895452E-5
8.444058139466275 2.2378991424839755E-5
8.444058139466275 2.2378991424839755E-5
8.444058139466275 2.2378991424839755E-5
8.444058139466275 2.2378991424839755E-5
8.444058139466275 2.2378991424839755E-5
8.444058139466275 2.2378991424839755E-5
8.444058139466275 2.2378991424839755E-5
8.444058139466275 2.2378991424839755E-5
8.444058139466275 2.2378991424839755E-5
8.444058139466275 2.2378991424839755E-5
8.444058139466275 2.2378991424839755E-5
8.444058139466275 2.2378991424839755E-5
8.444058139466275 2.2378991424839755E-5
8.444058139466275 2.2378991424839755E-5
8.444058139466275 2.2378991424839755E-5
8.444058139466275 4.475798284967951E-5
8.444058139466275 4.475798284967951E-5
8.444058139466275 4.475798284967951E-5
8.444058139466275 2.6526488428596887E-5
8.444058139466275 0.0
8.444058139466275 0.0
8.444058139466275 0.0
8.444058139466275 0.0
8.444058139466275 0.0
8.444058139466275 0.0
8.444058139466275 0.0
8.444058139466275 0.0
8.444058139466275 0.0
8.444058139466275 0.0
8.444058139466275 0.0
8.444058139466275 0.0
8.444058139466275 0.0
8.444058139466275 0.0
8.444058139466275 0.0
8.444058139466275 0.0
8.444058139466275 0.0
8.444058139466275 0.0
8.444058139466275 0.0
8.444058139466275 0.0
8.444058139466275 0.0
8.444058139466275 0.0
8.444058139466275 0.0
8.444058139466275 0.0
8.444058139466275 0.0
8.444058139466275 0.0
8.444058139466275 0.0
8.444058139466275 0.0
8.444058139466275 0.0
8.444058139466275 0.0
8.444058139466275 0.0
8.444058139466275 0.0
8.444058139466275 0.0
8.444058139466275 0.0
8.444058139466275 0.0
8.444058139466275 0.0
8.444058139466275 0.0
8.444058139466275 0.0
8.444058139466275 3.286501796074043E-5
8.444058139466275 3.286501796074043E-5
8.444058139466275 3.286501796074043E-5
8.444058139466275 1.2910828222135517E-5
8.444058139466275 1.2910828222135517E-5
8.444058139466275 1.2910828222135517E-5
8.444058139466275 1.2910828222135517E-5
8.444058139466275 1.2910828222135517E-5
8.444058139466275 1.2910828222135517E-5
8.444058139466275 0.0
8.444058139466275 0.0
8.444058139466275 0.0
8.444058139466275 0.0
8.444058139466275 0.0
8.444058139466275 0.0
8.444058139466275 0.0
8.444058139466275 0.0
8.444058139466275 0.0
8.444058139466275 0.0
8.444058139466275 0.0
8.444058139466275 0.0
8.444058139466275 0.0
8.444058139466275 0.0
8.444058139466275 0.0
8.444058139466275 0.0
8.444058139466275 0.0
8.444058139466275 0.0
8.444058139466275 0.0
8.444058139466275 0.0
8.444058139466275 0.0
8.444058139466275 0.0
8.444058139466275 0.0
8.444058139466275 0.0
8.444058139466275 0.0
8.444058139466275 0.0
8.444058139466275 0.0
8.444058139466275 0.0
8.444058139466275 0.0
8.444058139466275 0.0
8.444058139466275 0.0
8.444058139466275 0.0
8.444058139466275 0.0
8.444058139466275 0.0
8.444058139466275 0.0
8.444058139466275 0.0
8.444058139466275 0.0
8.444058139466275 0.0
8.444058139466275 0.0
8.444058139466275 0.0
8.444058139466275 0.0
8.444058139466275 0.0
8.444058139466275 0.0
8.444058139466275 0.0
8.444058139466275 0.0
8.444058139466275 0.0
8.444058139466275 0.0
8.444058139466275 0.0
8.444058139466275 0.0
8.444058139466275 0.0
8.444058139466275 0.0
8.444058139466275 0.0
8.444058139466275 0.0
8.444058139466275 0.0
8.444058139466275 0.0
8.444058139466275 0.0
8.444058139466275 0.0
8.444058139466275 0.0
8.444058139466275 0.0
8.444058139466275 0.0
8.444058139466275 0.0
8.444058139466275 0.0
8.444058139466275 0.0
8.444058139466275 0.0
8.444058139466275 0.0
8.444058139466275 0.0
8.444058139466275 0.0
8.444058139466275 0.0
8.444058139466275 0.0
8.444058139466275 0.0
8.444058139466275 0.0
8.444058139466275 0.0
8.444058139466275 0.0
8.444058139466275 0.0
8.444058139466275 0.0
8.444058139466275 0.0
8.444058139466275 0.0
8.444058139466275 0.0
8.444058139466275 0.0
8.444058139466275 0.0
8.444058139466275 0.0
8.444058139466275 0.0
8.444058139466275 0.0
8.444058139466275 0.0
8.444058139466275 0.0
8.444058139466275 0.0
8.444058139466275 0.0
8.444058139466275 0.0
8.444058139466275 0.0
8.444058139466275 0.0
8.444058139466275 0.0
8.444058139466275 0.0
8.444058139466275 0.0
8.444058139466275 0.0
8.444058139466275 0.0
8.444058139466275 0.0
8.444058139466275 0.0
8.444058139466275 0.0
8.444058139466275 0.0
8.444058139466275 0.0
8.450250094587652 1.165798827225961E-5
8.450250094587652 1.165798827225961E-5
8.450250094587652 1.165798827225961E-5
8.450250094587652 1.165798827225961E-5
8.450250094587652 1.165798827225961E-5
8.450250094587652 1.165798827225961E-5
8.450250094587652 0.0
8.450250094587652 0.0
8.450250094587652 0.0
8.450250094587652 0.0
8.450250094587652 0.0
8.450250094587652 0.0
8.450250094587652 0.0
8.450250094587652 0.0
8.450250094587652 0.0
8.450250094587652 0.0
8.450250094587652 0.0
8.450250094587652 0.0
8.450250094587652 0.0
8.450250094587652 0.0
8.450250094587652 0.0
8.450250094587652 0.0
8.450250094587652 0.0
8.450250094587652 0.0
8.450250094587652 0.0
8.450250094587652 0.0
8.450250094587652 0.0
8.450250094587652 0.0
8.450250094587652 0.0
8.450250094587652 0.0
8.450250094587652 0.0
8.450250094587652 0.0
8.450250094587652 0.0
8.450250094587652 0.0
8.450250094587652 0.0
8.450250094587652 0.0
8.450250094587652 0.0
8.450250094587652 0.0
8.450250094587652 0.0
8.450250094587652 0.0
8.450250094587652 0.0
8.450250094587652 0.0
8.450250094587652 0.0
8.450250094587652 0.0
8.450250094587652 0.0
8.450250094587652 0.0
8.450250094587652 0.0
8.450250094587652 0.0
8.450250094587652 0.0
8.450250094587652 0.0
8.450250094587652 0.0
8.450250094587652 0.0
8.450250094587652 0.0
8.450250094587652 0.0
8.450250094587652 0.0
8.450250094587652 0.0
8.450250094587652 0.0
8.450250094587652 0.0
8.450250094587652 0.0
8.450250094587652 0.0
8.450250094587652 0.0
8.450250094587652 0.0
8.450250094587652 0.0
8.450250094587652 0.0
8.450250094587652 0.0
8.450250094587652 0.0
8.450250094587652 0.0
8.450250094587652 0.0
8.450250094587652 0.0
8.450250094587652 0.0
8.450250094587652 0.0
8.450250094587652 0.0
8.450250094587652 0.0
8.450250094587652 0.0
8.450250094587652 1.165798827225961E-5
8.450250094587652 1.165798827225961E-5
8.450250094587652 1.165798827225961E-5
8.450250094587652 1.165798827225961E-5
8.450250094587652 1.165798827225961E-5
8.450250094587652 1.165798827225961E-5
8.450250094587652 1.165798827225961E-5
8.450250094587652 1.165798827225961E-5
8.450250094587652 1.165798827225961E-5
8.450250094587652 1.165798827225961E-5
8.450250094587652 1.165798827225961E-5
8.450250094587652 1.165798827225961E-5
8.450250094587652 1.165798827225961E-5
8.450250094587652 1.165798827225961E-5
8.450250094587652 1.165798827225961E-5
8.450250094587652 1.165798827225961E-5
8.450250094587652 1.165798827225961E-5
8.450250094587652 1.165798827225961E-5
8.450250094587652 1.165798827225961E-5
8.450250094587652 1.165798827225961E-5
8.450250094587652 1.165798827225961E-5
8.450250094587652 1.165798827225961E-5
8.450250094587652 1.165798827225961E-5
8.450250094587652 1.165798827225961E-5
8.450250094587652 1.165798827225961E-5
8.450250094587652 1.165798827225961E-5
8.450250094587652 1.165798827225961E-5
8.450250094587652 1.165798827225961E-5
8.450250094587652 1.165798827225961E-5
8.450250094587652 1.165798827225961E-5
8.450250094587652 1.165798827225961E-5
8.450250094587652 1.165798827225961E-5
8.450250094587652 1.165798827225961E-5
8.450250094587652 1.165798827225961E-5
8.450250094587652 1.165798827225961E-5
8.450250094587652 1.165798827225961E-5
8.450250094587652 1.165798827225961E-5
8.450250094587652 1.165798827225961E-5
8.450250094587652 1.165798827225961E-5
8.450250094587652 1.165798827225961E-5
8.450250094587652 1.165798827225961E-5
8.450250094587652 1.165798827225961E-5
8.450250094587652 1.165798827225961E-5
8.450250094587652 1.165798827225961E-5
8.450250094587652 1.165798827225961E-5
8.450250094587652 1.165798827225961E-5
8.450250094587652 0.0
8.450250094587652 0.0
8.450250094587652 0.0
8.450250094587652 0.0
8.450250094587652 0.0
Score: 8.450250094587652
Runtime: 1072ms
