1.2932138598696531E-6 6.308900862671217
1.2932138598696531E-6 5.832553505494077
1.2932138598696531E-6 5.3149817921303315
1.2932138598696531E-6 5.329037722412529
4.234976853203929E-5 5.043698399031894
4.234976853203929E-5 4.862173891088455
1.3662627144806868E-4 4.424137185285549
0.002220788809393831 4.3139842892590545
0.002220788809393831 4.1330336234274805
0.002220788809393831 4.006256589293131
0.004253352870199485 4.099017899604234
0.01557863050481798 4.002240257966241
0.01557863050481798 4.005098759219281
0.01557863050481798 3.71495589363526
0.01557863050481798 3.6461467516664756
0.05769730627366133 3.3457955369568015
0.05769730627366133 3.2650515948260534
0.15002432817838812 3.1262186077284793
0.15002432817838812 3.1290038264135576
0.15002432817838812 3.0140544617011154
0.15002432817838812 2.8743729129386337
0.15002432817838812 2.7865907385838757
0.15002432817838812 2.676354381016068
0.15002432817838812 2.5884791414265425
0.15002432817838812 2.5859448422180424
0.37983362790742037 2.5761068815976866
0.37983362790742037 2.4382670330523797
0.37983362790742037 2.492273406581759
0.37983362790742037 2.453184373733585
0.37983362790742037 2.4388737675299246
0.37983362790742037 2.2365575194733665
0.37983362790742037 2.143605297374727
0.37983362790742037 2.040041447787857
0.37983362790742037 1.9365864477150418
0.37983362790742037 1.8291895602035242
0.37983362790742037 1.8300478333640102
0.37983362790742037 1.6837389122153197
0.37983362790742037 1.6150801709255245
0.37983362790742037 1.476692737430344
0.4018250877720301 1.5531252077620004
0.4018250877720301 1.4838339966825318
0.4018250877720301 1.5254709188879172
0.4018250877720301 1.4046528399820557
0.4018250877720301 1.3311836975835036
0.4018250877720301 1.2672021964347184
0.9074674316882471 1.298426242232415
0.9074674316882471 1.2536962192127892
0.9074674316882471 1.1950162449283475
0.9074674316882471 1.0726997310403632
0.9074674316882471 0.8784091193853008
0.9074674316882471 0.8378085822303373
1.2853372672936694 0.8349923132164832
1.2853372672936694 0.7837445587386398
1.2853372672936694 0.6999010424765544
1.2853372672936694 0.6906213169954273
1.2853372672936694 0.6463581899695118
1.2853372672936694 0.6490969773565824
1.2853372672936694 0.6253567326616813
1.2853372672936694 0.6224149528234344
1.2853372672936694 0.6458598902346612
1.2853372672936694 0.6684980007358466
1.2853372672936694 0.715158977692749
1.2853372672936694 0.6163931722900012
1.2853372672936694 0.6854362205924869
1.2853372672936694 0.5882939792457131
1.2853372672936694 0.6054201297751617
1.2853372672936694 0.5785370129132184
1.7349979945802274 0.5608177620797911
1.7349979945802274 0.5608177620797911
1.7349979945802274 0.5608177620797911
2.9930087924977284 0.5936435917016643
2.9930087924977284 0.6054135326593865
2.9930087924977284 0.6153075753153723
2.9930087924977284 0.5522767012589948
2.9930087924977284 0.5139380239765443
2.9930087924977284 0.4703219221585168
2.9930087924977284 0.4704160907127291
2.9930087924977284 0.432800175002556
2.9930087924977284 0.3498780122181541
2.9930087924977284 0.309798768703184
2.9930087924977284 0.309798768703184
2.9930087924977284 0.3223632800241131
2.9930087924977284 0.32236328002411296
2.9930087924977284 0.2990261999484759
2.9930087924977284 0.27286902834980237
2.9930087924977284 0.2955817666352327
2.9930087924977284 0.22313076460606504
2.9930087924977284 0.2881263057888476
2.9930087924977284 0.2795811873203736
2.9930087924977284 0.2732293303286816
2.9930087924977284 0.2895739976993999
2.9930087924977284 0.24497303081758448
2.9930087924977284 0.24497303081758448
2.9930087924977284 0.21984107548950868
2.9930087924977284 0.18675474647573506
2.9930087924977284 0.1705118423283538
2.9930087924977284 0.12707209041627038
2.9930087924977284 0.10848563130588686
2.9930087924977284 0.087847900341085
2.9930087924977284 0.0862059006224312
2.9930087924977284 0.0862059006224312
2.9930087924977284 0.09747512309129286
2.9930087924977284 0.09747512309129286
2.9930087924977284 0.09747512309129286
2.9930087924977284 0.08546896203148481
2.9930087924977284 0.04378591566656523
2.9930087924977284 0.04378591566656523
2.9930087924977284 0.05021485500924175
2.9930087924977284 0.05021485500924175
2.9930087924977284 0.05021485500924175
2.9930087924977284 0.05021485500924175
3.075541904169853 0.08005307153024947
3.075541904169853 0.08005307153024947
3.075541904169853 0.08005307153024947
3.075541904169853 0.08005307153024947
3.075541904169853 0.11197305673062155
3.075541904169853 0.060107796854726316
3.075541904169853 0.0728851981506378
3.075541904169853 0.058545456197047596
3.075541904169853 0.058545456197047596
3.075541904169853 0.08294779160334462
3.075541904169853 0.08294779160334462
3.075541904169853 0.08294779160334462
3.075541904169853 0.06445547042521825
3.075541904169853 0.040053135018921236
3.075541904169853 0.040053135018921236
3.075541904169853 0.05755204508835579
3.075541904169853 0.05755204508835579
3.075541904169853 0.05312922080013642
3.075541904169853 0.04315642533362682
3.075541904169853 0.03086114317072612
3.075541904169853 0.03086114317072612
3.075541904169853 0.04589325832044166
3.075541904169853 0.06185694501618839
3.075541904169853 0.06185694501618839
3.075541904169853 0.06185694501618839
3.075541904169853 0.07521917811747995
3.075541904169853 0.07521917811747995
3.075541904169853 0.06352682706461237
3.075541904169853 0.05374999308427984
3.075541904169853 0.05374999308427984
3.075541904169853 0.030064230299431078
3.075541904169853 0.030064230299431078
3.075541904169853 0.030064230299431078
3.075541904169853 0.0255580980636621
3.075541904169853 0.0255580980636621
3.075541904169853 0.0255580980636621
3.075541904169853 0.0255580980636621
3.075541904169853 0.0255580980636621
3.075541904169853 0.0255580980636621
3.075541904169853 0.0255580980636621
3.075541904169853 0.0255580980636621
3.075541904169853 0.0255580980636621
3.075541904169853 0.0
3.075541904169853 0.0
3.075541904169853 0.0
3.075541904169853 0.0
3.0815651187267177 0.0229973811782977
3.0815651187267177 0.0229973811782977
3.0815651187267177 0.0229973811782977
3.0815651187267177 0.0229973811782977
3.0815651187267177 0.0229973811782977
3.0815651187267177 0.0229973811782977
3.0815651187267177 0.0229973811782977
3.0815651187267177 0.0229973811782977
3.0815651187267177 0.0229973811782977
3.0815651187267177 0.0229973811782977
3.0815651187267177 0.0229973811782977
3.0815651187267177 0.0
3.0815651187267177 0.0
3.0815651187267177 0.0
3.0815651187267177 0.0
3.0815651187267177 0.0
3.0815651187267177 0.02793606836867342
3.0815651187267177 0.02793606836867342
3.0815651187267177 0.02793606836867342
3.0815651187267177 0.02793606836867342
3.0815651187267177 0.02793606836867342
3.0815651187267177 0.02793606836867342
3.0815651187267177 0.02793606836867342
3.0815651187267177 0.02793606836867342
3.0815651187267177 0.02793606836867342
3.511538992969504 0.021148939321359785
3.511538992969504 0.021148939321359785
3.511538992969504 0.021148939321359785
3.511538992969504 0.0
3.511538992969504 0.0
3.511538992969504 0.0
3.511538992969504 0.0
3.511538992969504 0.0
3.511538992969504 0.0
3.511538992969504 0.0
3.511538992969504 0.0
3.511538992969504 0.0
3.511538992969504 0.0
3.511538992969504 0.0
3.511538992969504 0.017086060054778907
3.511538992969504 0.017086060054778907
3.511538992969504 0.017086060054778907
3.511538992969504 0.017086060054778907
3.511538992969504 0.017086060054778907
3.511538992969504 0.017086060054778907
3.511538992969504 0.017086060054778907
3.511538992969504 0.017086060054778907
3.511538992969504 0.017086060054778907
3.511538992969504 0.017086060054778907
3.511538992969504 0.017086060054778907
3.511538992969504 0.017086060054778907
3.511538992969504 0.017086060054778907
3.511538992969504 0.017086060054778907
3.511538992969504 0.017086060054778907
3.511538992969504 0.017086060054778907
3.511538992969504 0.017086060054778907
3.511538992969504 0.017086060054778907
3.511538992969504 0.017086060054778907
3.511538992969504 0.017086060054778907
3.511538992969504 0.017086060054778907
3.511538992969504 0.017086060054778907
3.511538992969504 0.017086060054778907
3.511538992969504 0.017086060054778907
3.511538992969504 0.017086060054778907
3.511538992969504 0.017086060054778907
3.511538992969504 0.017086060054778907
3.511538992969504 0.017086060054778907
3.511538992969504 0.017086060054778907
3.511538992969504 0.017086060054778907
3.511538992969504 0.017086060054778907
3.511538992969504 0.017086060054778907
3.511538992969504 0.017086060054778907
3.511538992969504 0.017086060054778907
3.511538992969504 0.034490956386273905
3.511538992969504 0.034490956386273905
3.511538992969504 0.034490956386273905
3.511538992969504 0.034490956386273905
3.511538992969504 0.017086060054778907
3.511538992969504 0.017086060054778907
3.511538992969504 0.017086060054778907
3.511538992969504 0.017086060054778907
3.511538992969504 0.017086060054778907
3.511538992969504 0.017086060054778907
3.511538992969504 0.017086060054778907
3.511538992969504 0.017086060054778907
3.511538992969504 0.017086060054778907
3.511538992969504 0.017086060054778907
3.511538992969504 0.017086060054778907
3.511538992969504 0.017086060054778907
3.511538992969504 0.017086060054778907
3.511538992969504 0.017086060054778907
3.511538992969504 0.017086060054778907
3.511538992969504 0.03829926240175187
4.348934445768088 0.03602606944614228
4.348934445768088 0.0
4.348934445768088 0.0
4.348934445768088 0.0
4.348934445768088 0.0
4.348934445768088 0.0
4.348934445768088 0.0
4.348934445768088 0.0
4.348934445768088 0.01951323930890384
4.348934445768088 0.01951323930890384
4.348934445768088 0.01951323930890384
4.348934445768088 0.01951323930890384
4.348934445768088 0.01951323930890384
4.348934445768088 0.01951323930890384
4.348934445768088 0.01951323930890384
4.348934445768088 0.01951323930890384
4.348934445768088 0.01951323930890384
4.348934445768088 0.01951323930890384
4.348934445768088 0.01951323930890384
4.348934445768088 0.01951323930890384
4.348934445768088 0.01951323930890384
4.348934445768088 0.01951323930890384
4.348934445768088 0.01951323930890384
4.348934445768088 0.01951323930890384
4.348934445768088 0.01951323930890384
4.348934445768088 0.01951323930890384
4.348934445768088 0.01951323930890384
4.348934445768088 0.01951323930890384
4.348934445768088 0.01951323930890384
4.348934445768088 0.01951323930890384
4.873226748547478 0.028288420594519293
4.873226748547478 0.01951323930890384
4.873226748547478 0.01951323930890384
4.873226748547478 0.01951323930890384
4.873226748547478 0.01951323930890384
4.873226748547478 0.01951323930890384
4.873226748547478 0.01951323930890384
4.873226748547478 0.01951323930890384
4.873226748547478 0.01951323930890384
4.873226748547478 0.01951323930890384
4.873226748547478 0.01951323930890384
4.873226748547478 0.01951323930890384
4.873226748547478 0.01951323930890384
4.873226748547478 0.01951323930890384
4.873226748547478 0.01951323930890384
4.873226748547478 0.01951323930890384
4.873226748547478 0.01951323930890384
4.873226748547478 0.01951323930890384
4.873226748547478 0.01951323930890384
4.873226748547478 0.01951323930890384
4.873226748547478 0.01951323930890384
4.873226748547478 0.0
4.873226748547478 0.0
4.873226748547478 0.0
4.873226748547478 0.0
4.873226748547478 0.0
4.873226748547478 0.0
5.568279935317061 0.006115771370104886
5.568279935317061 0.006115771370104886
5.568279935317061 0.006115771370104886
5.568279935317061 0.006115771370104886
5.568279935317061 0.01542971653287037
5.568279935317061 0.01542971653287037
5.568279935317061 0.025283435555006846
5.568279935317061 0.03475072180396038
5.568279935317061 0.025283435555006846
5.568279935317061 0.0299788281456806
5.568279935317061 0.04174369664869671
5.568279935317061 0.045608202298822606
5.568279935317061 0.045608202298822606
5.568279935317061 0.056603039061049916
5.568279935317061 0.056603039061049916
5.568279935317061 0.056603039061049916
5.568279935317061 0.056603039061049916
5.568279935317061 0.056603039061049916
5.568279935317061 0.06917290958726592
5.568279935317061 0.06917290958726592
5.568279935317061 0.06917290958726592
5.568279935317061 0.06917290958726592
5.568279935317061 0.06917290958726592
5.568279935317061 0.06917290958726592
5.568279935317061 0.04904780046372181
5.568279935317061 0.04904780046372181
5.568279935317061 0.04904780046372181
5.568279935317061 0.04904780046372181
5.568279935317061 0.03930086056208786
5.568279935317061 0.03930086056208786
5.568279935317061 0.03930086056208786
5.568279935317061 0.02673099003587185
6.07766417519329 0.03857683546581308
6.07766417519329 0.04508573354331383
6.07766417519329 0.035455184036442586
6.07766417519329 0.02360933860650135
6.07766417519329 0.02360933860650135
6.07766417519329 0.02360933860650135
6.07766417519329 0.02360933860650135
6.07766417519329 0.02360933860650135
6.07766417519329 0.02360933860650135
6.07766417519329 0.02360933860650135
6.07766417519329 0.02869378336646827
6.07766417519329 0.02869378336646827
6.07766417519329 0.023210343860730783
6.07766417519329 0.023210343860730783
6.07766417519329 0.026355908483207856
6.07766417519329 0.026355908483207856
6.07766417519329 0.026355908483207856
6.07766417519329 0.015361071720980536
6.07766417519329 0.0077129501794796695
6.07766417519329 0.0077129501794796695
6.07766417519329 0.018887443413637767
6.07766417519329 0.013300196796558717
6.07766417519329 0.025070042704248206
6.377537462319514 0.03033085328325458
6.377537462319514 0.017736262686040852
6.623961342641137 0.023279069294939853
6.623961342641137 0.023279069294939853
6.623961342641137 0.02698130326902863
6.623961342641137 0.02698130326902863
6.623961342641137 0.02745006468558934
6.623961342641137 0.02745006468558934
6.623961342641137 0.021564376678172043
6.623961342641137 0.021564376678172043
6.623961342641137 0.021564376678172043
6.623961342641137 0.021564376678172043
6.623961342641137 0.021564376678172043
6.623961342641137 0.021564376678172043
6.623961342641137 0.021564376678172043
6.623961342641137 0.021564376678172043
6.623961342641137 0.021564376678172043
6.623961342641137 0.021564376678172043
6.623961342641137 0.021564376678172043
6.623961342641137 0.01548663311476524
6.623961342641137 0.01548663311476524
6.623961342641137 0.01548663311476524
6.623961342641137 0.021073879731844287
6.623961342641137 0.021073879731844287
6.623961342641137 0.021073879731844287
6.623961342641137 0.021073879731844287
6.623961342641137 0.022958621885034548
6.623961342641137 0.022958621885034548
6.7465882294008175 0.02282826277116096
6.7465882294008175 0.017241016154081912
6.7465882294008175 0.026072036297975675
6.7465882294008175 0.028395716858437902
7.053012679118838 0.03070929108120863
7.059684285244504 0.033080087080013684
7.059684285244504 0.033080087080013684
7.059684285244504 0.040285378522985596
7.059684285244504 0.045978846116865715
7.059684285244504 0.045978846116865715
7.059684285244504 0.05183230558214233
7.670132755435096 0.04638073455959066
7.670132755435096 0.034456211989206106
7.670132755435096 0.03445621198920611
7.670132755435096 0.04096178845070994
7.670132755435096 0.034570504901995765
7.670132755435096 0.03830365964090036
7.670132755435096 0.0327241817538625
7.670132755435096 0.0327241817538625
7.705665332812085 0.03483531093878509
7.705665332812085 0.031037532826625278
7.705665332812085 0.02518407336134866
8.09580803802809 0.033808408769708045
8.09580803802809 0.042201437382463916
8.09580803802809 0.042201437382463916
8.09580803802809 0.0394641137530514
8.09580803802809 0.03038312151052166
8.09580803802809 0.03038312151052166
8.09580803802809 0.02424495479228537
8.09580803802809 0.01887446101268144
8.09580803802809 0.01887446101268144
8.09580803802809 0.005455559755225069
8.09580803802809 0.005455559755225069
8.09580803802809 0.007128444958008223
8.09580803802809 0.007128444958008223
8.36392041939536 0.007483377031911529
8.36392041939536 0.003894136413533174
8.36392041939536 0.003894136413533174
8.36392041939536 0.006029903726285475
8.36392041939536 0.0092651155128883
8.36392041939536 0.011593617681047446
8.36392041939536 0.018071328774921985
8.474572691016725 0.016415706114158737
8.474572691016725 0.016319709374632042
8.474572691016725 0.01631970937463205
8.474572691016725 0.020192507114299593
8.474572691016725 0.020192507114299593
8.474572691016725 0.022051352940112776
8.474572691016725 0.022051352940112776
8.474572691016725 0.022051352940112776
8.474572691016725 0.022051352940112776
8.474572691016725 0.022051352940112776
8.474572691016725 0.022051352940112776
8.474572691016725 0.022051352940112776
8.474572691016725 0.022051352940112776
8.474572691016725 0.019865093313398738
8.474572691016725 0.02555856090727885
8.474572691016725 0.029034222148772965
8.474572691016725 0.03275073675563374
8.474572691016725 0.02849232579916462
8.474572691016725 0.026726033958557185
8.474572691016725 0.02885388698950933
8.474572691016725 0.025137372382648553
8.474572691016725 0.025137372382648553
8.474572691016725 0.021998157335572418
8.474572691016725 0.019636698917748056
8.676710781830067 0.018556410078552774
8.676710781830067 0.014683612338885228
8.676710781830067 0.01912886660380148
8.676710781830067 0.011767647419637244
8.676710781830067 0.012827809910288425
8.676710781830067 0.020477993041646908
8.676710781830067 0.019494778650846627
8.676710781830067 0.017484150977348446
8.676710781830067 0.017484150977348446
8.728332228099605 0.015271538658541702
9.02632375764979 0.015092034986173043
9.02632375764979 0.009420294725146307
9.02632375764979 0.010523058333742874
9.02632375764979 0.010523058333742874
9.02632375764979 0.008144276067767684
9.02632375764979 0.009645102175802441
9.02632375764979 0.006408195109383894
9.02632375764979 0.006408195109383894
9.02632375764979 0.006408195109383894
9.02632375764979 0.008269185676651657
9.02632375764979 0.008269185676651657
9.02632375764979 0.008269185676651657
9.02632375764979 0.008269185676651657
9.02632375764979 0.008269185676651657
9.02632375764979 0.004793524435157543
9.02632375764979 0.004793524435157543
9.02632375764979 0.005557280418214811
9.02632375764979 0.0065411330118020795
9.02632375764979 0.0065411330118020795
9.02632375764979 0.0065411330118020795
9.02632375764979 0.01001853966413704
9.02632375764979 0.008209819433905013
9.02632375764979 0.008209819433905013
9.02632375764979 0.009448580969988313
9.02632375764979 0.01078925864162401
9.02632375764979 0.008449217769939659
9.02632375764979 0.008449217769939657
9.02632375764979 0.008449217769939659
9.02632375764979 0.008449217769939657
9.02632375764979 0.008730351600954334
9.02632375764979 0.009003826613359023
9.02632375764979 0.009003826613359023
9.02632375764979 0.011183391453872647
9.02632375764979 0.011183391453872647
9.02632375764979 0.010032112596801918
9.02632375764979 0.010032112596801918
9.02632375764979 0.009282220282146094
9.08800976307129 0.010399433601100138
9.08800976307129 0.010399433601100141
9.08800976307129 0.010399433601100138
9.08800976307129 0.01020221190289577
9.08800976307129 0.009023628671172975
9.08800976307129 0.007626299010081802
9.08800976307129 0.008611125808861291
9.08800976307129 0.008611125808861291
9.08800976307129 0.00813642395363568
9.08800976307129 0.011452908240787874
9.08800976307129 0.00941362508611774
9.08800976307129 0.00941362508611774
9.08800976307129 0.005218564048414608
9.08800976307129 0.005218564048414609
9.08800976307129 0.005218564048414609
9.08800976307129 0.005218564048414609
9.08800976307129 0.005218564048414609
9.08800976307129 0.00593457539030284
9.08800976307129 0.00593457539030284
9.08800976307129 0.00593457539030284
9.08800976307129 0.00593457539030284
9.08800976307129 0.004906289406859944
9.08800976307129 0.004906289406859944
9.08800976307129 0.004906289406859944
9.08800976307129 0.004906289406859944
9.08800976307129 0.006231740098164442
9.08800976307129 0.005043090963338275
9.175355735568914 0.005877026730462376
9.175355735568914 0.004418438419035469
9.175355735568914 0.004418438419035469
9.175355735568914 0.005105221808115297
9.175355735568914 0.005105221808115297
9.175355735568914 0.005105221808115297
9.175355735568914 0.005105221808115297
9.175355735568914 0.005105221808115297
9.175355735568914 0.0017763994435027713
9.175355735568914 0.0
9.175355735568914 0.0
9.175355735568914 0.0
9.175355735568914 0.0
9.175355735568914 6.377682710473445E-4
9.175355735568914 0.0
9.175355735568914 0.0
9.175355735568914 0.0
9.175355735568914 0.0
9.175355735568914 0.0
9.175355735568914 0.0
9.175355735568914 0.0
9.175355735568914 0.0
9.175355735568914 0.0
9.175355735568914 0.0
9.175355735568914 0.0
9.264430879803317 0.0016818732722311486
9.264430879803317 0.0016818732722311486
9.264430879803317 0.0016818732722311486
9.264430879803317 0.0023196415432784933
9.264430879803317 0.0023196415432784933
9.264430879803317 0.0016818732722311486
9.264430879803317 0.0026091045091853966
9.264430879803317 0.0026091045091853966
9.264430879803317 0.0018181292014977158
9.26566059232149 0.0028922897186519345
9.26566059232149 0.0028922897186519345
9.26566059232149 0.003340356208610051
9.26566059232149 0.003340356208610051
9.26566059232149 0.003340356208610051
9.26566059232149 0.0028032759500329417
9.26566059232149 0.0028032759500329417
9.26566059232149 0.002266195691455832
9.26566059232149 0.0039052032170575303
9.26566059232149 0.0039052032170575303
9.353562091825724 0.004753857806112625
9.353562091825724 0.004753857806112625
9.355313475349684 0.005161690068953743
9.469366543220431 0.0053000162286677525
9.498050570734502 0.005292578707690187
9.518211687044037 0.005341402364543717
9.518211687044037 0.005341402364543717
9.518211687044037 0.005341402364543717
9.518211687044037 0.005341402364543717
9.518211687044037 0.005114316245686961
9.518211687044037 0.005114316245686961
9.561723567611219 0.007664727267231557
9.561723567611219 0.007939673008987416
9.561723567611219 0.007939673008987416
9.561723567611219 0.007939673008987416
9.561723567611219 0.007185491352219009
9.561723567611219 0.007185491352219009
9.561723567611219 0.007185491352219009
9.561723567611219 0.006662003755881623
9.561723567611219 0.00775366665726003
9.561723567611219 0.008508993433734615
9.561723567611219 0.008508993433734615
9.561723567611219 0.008508993433734615
9.561723567611219 0.005664954156573451
9.561723567611219 0.005664954156573451
9.561723567611219 0.006410005583944707
9.561723567611219 0.007589868725092272
9.561723567611219 0.007396116450318141
9.561723567611219 0.007703555092062276
9.561723567611219 0.008011378032114895
9.561723567611219 0.008011378032114894
9.561723567611219 0.008011378032114895
9.599986863978064 0.007646805454901527
9.629181103497165 0.00845015609014981
9.629181103497165 0.00845015609014981
9.629181103497165 0.009043747847457963
9.629181103497165 0.007967572702399627
9.629181103497165 0.007966409804970133
9.629181103497165 0.007243728449531723
9.629181103497165 0.007243728449531722
9.629181103497165 0.006338150741251491
9.629181103497165 0.005995627014362381
9.646840829943061 0.005309673958876793
9.646840829943061 0.005309673958876793
9.646840829943061 0.00444738811993104
9.646840829943061 0.003534769348004499
9.646840829943061 0.0019487036841537785
9.699910056282171 0.0023955249266221722
9.699910056282171 0.00212005148207064
9.699910056282171 0.002545908316725587
9.704808683357426 0.0026786197697018944
9.704808683357426 0.0026786197697018944
9.704808683357426 0.0029434857928491353
9.704808683357426 0.0025582278226119635
9.704808683357426 0.0025582278226119635
9.704808683357426 0.002299473944324946
9.704808683357426 0.0028266929769580652
9.704808683357426 0.0026286086539979393
9.704808683357426 0.003026182019062138
9.704808683357426 0.0033607486274080376
9.704808683357426 0.0031014606452609656
9.707413660444102 0.002960734657674549
9.707413660444102 0.003018416436469267
9.707413660444102 0.0035511793582611965
9.707413660444102 0.003842367275764803
9.707413660444102 0.0038825822304696727
9.707413660444102 0.004553174137142056
9.707413660444102 0.004471501413655788
9.707413660444102 0.004471501413655786
9.707413660444102 0.004471501413655786
9.707413660444102 0.004955570590982192
9.707413660444102 0.004338564507519826
9.707413660444102 0.004223410347090239
9.730510195814443 0.004274403088840979
9.730510195814443 0.004335819722923182
9.730510195814443 0.004111661815232289
9.730510195814443 0.0042257396612291
9.756609628543902 0.005102230070254862
9.756609628543902 0.004832321210348649
9.756609628543902 0.005154140572111708
9.75757374588308 0.005501220632168248
9.75757374588308 0.005091537743412636
9.75757374588308 0.005519324216172861
9.75757374588308 0.005126464194280831
9.75757374588308 0.004919822312427858
9.75757374588308 0.005306181426528199
9.763598802707387 0.005240136038805997
9.763598802707387 0.005240136038805997
9.763598802707387 0.00525653091264781
9.78761011497403 0.004197714281888016
9.78761011497403 0.004358058616768968
9.78761011497403 0.003733155845863355
9.78761011497403 0.003393195060637495
9.78761011497403 0.003583205463291135
9.78761011497403 0.003444691635338385
9.78761011497403 0.003090461984899791
9.78761011497403 0.002937727179867331
9.78761011497403 0.0029987229784703977
9.78761011497403 0.003267192950035552
9.78761011497403 0.003222017520459685
9.78761011497403 0.0031610217218566187
9.802768897464876 0.0026762923724954917
9.802768897464876 0.002655212847820911
9.802768897464876 0.002853124420280752
9.802768897464876 0.0027761808689576568
9.802768897464876 0.0024762960471276852
9.802768897464876 0.002359576850642426
9.802768897464876 0.002220816259695787
9.802768897464876 0.0022208162596957866
9.802768897464876 0.0021232214851802747
9.802768897464876 0.0025205910677161335
9.802768897464876 0.0025205910677161335
9.802768897464876 0.0024120781196925755
9.802768897464876 0.002412078119692575
9.802768897464876 0.0023862073929416406
9.802768897464876 0.002221113783214993
9.802768897464876 0.0024077155371834843
9.802768897464876 0.0022311853472009365
9.802768897464876 0.0018608891985866993
9.802768897464876 0.0017052309310310685
9.802768897464876 0.001919719171987154
9.802768897464876 0.0020189898104814056
9.814781400266556 0.0019946896995779208
9.814781400266556 0.0018897632925691285
9.828891866009764 0.002106840286514519
9.828891866009764 0.0022061109250087704
9.828891866009764 0.0020925256791184572
9.8335760282451 0.0020918602752122042
9.8335760282451 0.0020918602752122042
9.8335760282451 0.0019832165905289464
9.8335760282451 0.00150719296492868
9.8335760282451 0.0013459385963802812
9.8335760282451 0.0013911140259561475
9.8335760282451 0.0014393229673451034
9.8335760282451 0.001492506205824709
9.8335760282451 0.0015679618931886657
9.8335760282451 0.001480060983603936
9.8335760282451 0.001480060983603936
9.8335760282451 0.001449662496140763
9.8335760282451 0.0011871936278148088
9.8335760282451 0.0011314031571364519
9.8335760282451 9.520562321404677E-4
9.8335760282451 8.583202801138272E-4
9.83805000519018 8.399019003345654E-4
9.83805000519018 7.783429991532628E-4
9.83805000519018 7.437826106798864E-4
9.83805000519018 6.879921400015299E-4
9.83805000519018 7.241747874118254E-4
9.83805000519018 7.529277260465132E-4
9.83805000519018 8.508707475155814E-4
9.83805000519018 8.508707475155814E-4
9.854397934460785 9.241702654028905E-4
9.854397934460785 8.730762942835286E-4
9.854397934460785 6.424606394215623E-4
9.854397934460785 6.424606394215623E-4
9.854397934460785 6.033740382503561E-4
9.854397934460785 5.054310167812879E-4
9.854397934460785 5.855904482088565E-4
9.854397934460785 3.99063654979663E-4
9.854397934460785 3.9975916893068695E-4
9.854397934460785 4.491073988160376E-4
9.854397934460785 5.407312771327325E-4
9.854397934460785 5.839402094018487E-4
9.854397934460785 6.621911399194178E-4
9.854397934460785 7.391164190047375E-4
9.854397934460785 8.30558963471987E-4
9.854397934460785 8.30558963471987E-4
9.854397934460785 8.719210286834725E-4
9.854397934460785 8.38371284221735E-4
9.870734474613014 9.167853707368033E-4
9.870734474613014 9.167853707368033E-4
9.870734474613014 8.338329107787438E-4
9.870734474613014 7.282223934131292E-4
9.871158376386973 7.967007959121774E-4
9.871158376386973 7.967007959121774E-4
9.888418354833865 6.592914777994566E-4
9.888418354833865 5.633244710834348E-4
9.888418354833865 5.937698774389044E-4
9.888418354833865 6.627634605488894E-4
9.888418354833865 6.631798639541582E-4
9.888418354833865 6.631798639541582E-4
9.888418354833865 6.72326289163345E-4
9.888418354833865 7.976273465072961E-4
9.888418354833865 7.553905755229226E-4
9.888418354833865 7.553905755229226E-4
9.888418354833865 6.462021372771381E-4
9.888418354833865 6.531777226868858E-4
9.888418354833865 6.227323163314162E-4
9.888418354833865 6.227323163314162E-4
9.888418354833865 7.063877823334234E-4
9.888418354833865 6.568678254015887E-4
9.888418354833865 6.958455584365599E-4
9.888418354833865 6.464973285512092E-4
9.888418354833865 7.235342636817702E-4
9.888418354833865 7.235342636817702E-4
9.888418354833865 7.563896392292443E-4
9.888418354833865 7.672156831013985E-4
9.888418354833865 5.985859163323154E-4
9.888418354833865 4.0474472232897714E-4
9.888418354833865 3.2770778719841615E-4
9.888418354833865 3.2770778719841615E-4
9.888863860253528 3.6773913828502217E-4
9.888863860253528 3.6773913828502217E-4
9.888863860253528 1.434455067687049E-4
9.888863860253528 9.124533167130416E-5
9.888863860253528 9.124533167130416E-5
9.888863860253528 9.124533167130416E-5
9.888863860253528 9.124533167130416E-5
9.888863860253528 1.3917130610706792E-4
9.888863860253528 1.3917130610706792E-4
9.888863860253528 1.3917130610706792E-4
9.888863860253528 1.3917130610706792E-4
9.888863860253528 1.3917130610706792E-4
9.888863860253528 1.3917130610706792E-4
9.888863860253528 1.3917130610706792E-4
9.888863860253528 1.3917130610706792E-4
9.888863860253528 1.3917130610706792E-4
9.888863860253528 1.3917130610706792E-4
9.888863860253528 1.3917130610706792E-4
9.888863860253528 1.3917130610706792E-4
9.889131156093121 1.8112353086713142E-4
9.889131156093121 1.8112353086713142E-4
9.889131156093121 1.8112353086713142E-4
9.889131156093121 1.8112353086713142E-4
9.889131156093121 2.2573345732455354E-4
9.889131156093121 2.2573345732455354E-4
9.889131156093121 2.2573345732455354E-4
9.889131156093121 2.7236942889498025E-4
9.889131156093121 2.7236942889498025E-4
9.889131156093121 2.6372751387874013E-4
9.889131156093121 2.969204219107621E-4
9.889131156093121 2.8250101563407205E-4
9.889131156093121 2.8250101563407205E-4
9.889131156093121 2.3789108917664993E-4
9.889131156093121 2.3789108917664993E-4
9.889131156093121 2.378910891766499E-4
9.889131156093121 2.3789108917664993E-4
9.889131156093121 2.7920120459462615E-4
9.889131156093121 2.566759342498215E-4
9.889131156093121 2.566759342498215E-4
9.889131156093121 2.566759342498215E-4
9.889131156093121 2.1686716720001193E-4
9.889131156093121 2.1686716720001193E-4
9.889131156093121 2.1686716720001196E-4
9.889131156093121 2.690673422974127E-4
9.889131156093121 2.690673422974127E-4
9.889131156093121 2.690673422974127E-4
9.889131156093121 2.690673422974127E-4
9.889131156093121 2.690673422974127E-4
9.889131156093121 2.690673422974127E-4
9.889131156093121 1.1229513558854854E-4
9.89892735072489 1.658154339624133E-4
9.89892735072489 1.658154339624133E-4
9.89892735072489 1.658154339624133E-4
9.89892735072489 1.658154339624133E-4
9.89892735072489 1.658154339624133E-4
9.89892735072489 1.1361525886501252E-4
9.89892735072489 1.1361525886501252E-4
9.89892735072489 1.409681419662503E-4
9.89892735072489 3.110979613078581E-5
9.89892735072489 3.110979613078581E-5
9.89892735072489 3.110979613078581E-5
9.89892735072489 1.01320417978709E-4
9.89892735072489 1.01320417978709E-4
9.89892735072489 1.01320417978709E-4
9.89892735072489 1.01320417978709E-4
9.89892735072489 1.01320417978709E-4
9.89892735072489 1.01320417978709E-4
9.89892735072489 7.02106218479232E-5
9.89892735072489 7.02106218479232E-5
9.89892735072489 7.02106218479232E-5
9.89892735072489 7.02106218479232E-5
9.89892735072489 7.02106218479232E-5
9.89892735072489 7.02106218479232E-5
9.89892735072489 7.02106218479232E-5
9.89892735072489 7.02106218479232E-5
9.89892735072489 7.02106218479232E-5
9.89892735072489 7.02106218479232E-5
9.90990586340297 1.1233636045792271E-4
9.90990586340297 1.1233636045792271E-4
9.90990586340297 1.1233636045792271E-4
9.90990586340297 1.1233636045792271E-4
9.90990586340297 1.1233636045792271E-4
9.90990586340297 1.1233636045792271E-4
9.90990586340297 1.1233636045792271E-4
9.90990586340297 1.1233636045792271E-4
9.90990586340297 1.1233636045792271E-4
9.90990586340297 0.0
9.90990586340297 0.0
9.90990586340297 0.0
9.90990586340297 0.0
9.90990586340297 0.0
9.90990586340297 0.0
9.90990586340297 0.0
9.90990586340297 0.0
9.90990586340297 0.0
9.90990586340297 0.0
9.90990586340297 0.0
9.90990586340297 0.0
9.90990586340297 0.0
9.90990586340297 0.0
9.90990586340297 0.0
9.90990586340297 0.0
9.90990586340297 0.0
9.90990586340297 0.0
9.90990586340297 0.0
9.90990586340297 3.110979613078581E-5
9.90990586340297 6.221959226157162E-5
9.90990586340297 6.221959226157162E-5
9.90990586340297 6.221959226157162E-5
9.90990586340297 6.221959226157162E-5
9.90990586340297 6.221959226157162E-5
9.90990586340297 6.221959226157162E-5
9.90990586340297 6.221959226157162E-5
9.90990586340297 6.221959226157162E-5
9.90990586340297 6.221959226157162E-5
9.90990586340297 6.221959226157162E-5
9.90990586340297 7.736498494106164E-5
9.90990586340297 7.736498494106164E-5
9.90990586340297 1.3853943093607298E-4
9.90990586340297 1.3853943093607298E-4
9.90990586340297 1.3853943093607298E-4
9.90990586340297 1.3853943093607298E-4
9.90990586340297 1.3853943093607298E-4
9.90990586340297 1.3853943093607298E-4
9.90990586340297 1.052244178188908E-4
9.90990586340297 1.052244178188908E-4
9.90990586340297 1.052244178188908E-4
9.90990586340297 6.117444599501133E-5
9.90990586340297 6.117444599501133E-5
9.90990586340297 6.117444599501133E-5
9.90990586340297 6.117444599501133E-5
9.90990586340297 6.117444599501133E-5
9.90990586340297 6.117444599501133E-5
9.90990586340297 6.117444599501133E-5
9.90990586340297 6.117444599501133E-5
9.90990586340297 6.117444599501133E-5
9.90990586340297 6.117444599501133E-5
9.90990586340297 0.0
9.90990586340297 0.0
9.90990586340297 0.0
9.90990586340297 0.0
9.90990586340297 0.0
9.90990586340297 0.0
9.90990586340297 0.0
9.90990586340297 0.0
9.90990586340297 0.0
9.90990586340297 0.0
9.90990586340297 0.0
9.90990586340297 0.0
9.90990586340297 0.0
9.90990586340297 0.0
9.90990586340297 0.0
9.90990586340297 0.0
9.90990586340297 0.0
9.90990586340297 0.0
9.90990586340297 0.0
9.90990586340297 0.0
9.90990586340297 0.0
9.90990586340297 7.39352133652148E-5
9.90990586340297 7.39352133652148E-5
9.90990586340297 7.39352133652148E-5
9.90990586340297 7.39352133652148E-5
9.90990586340297 7.39352133652148E-5
9.90990586340297 7.39352133652148E-5
9.90990586340297 7.39352133652148E-5
9.90990586340297 7.39352133652148E-5
9.90990586340297 7.39352133652148E-5
9.90990586340297 7.39352133652148E-5
9.90990586340297 7.39352133652148E-5
9.90990586340297 7.39352133652148E-5
9.90990586340297 7.39352133652148E-5
9.90990586340297 7.39352133652148E-5
9.90990586340297 7.39352133652148E-5
9.90990586340297 7.39352133652148E-5
9.90990586340297 7.39352133652148E-5
9.90990586340297 7.39352133652148E-5
9.90990586340297 7.39352133652148E-5
9.90990586340297 7.39352133652148E-5
9.90990586340297 7.39352133652148E-5
9.90990586340297 7.39352133652148E-5
9.90990586340297 7.39352133652148E-5
9.90990586340297 7.39352133652148E-5
9.90990586340297 0.0
9.90990586340297 0.0
9.90990586340297 0.0
9.90990586340297 0.0
9.90990586340297 0.0
9.90990586340297 0.0
9.90990586340297 0.0
9.90990586340297 0.0
9.90990586340297 0.0
9.90990586340297 0.0
9.90990586340297 0.0
9.90990586340297 0.0
9.90990586340297 0.0
9.90990586340297 0.0
9.90990586340297 0.0
9.90990586340297 0.0
9.90990586340297 0.0
9.90990586340297 0.0
9.90990586340297 0.0
9.90990586340297 0.0
9.90990586340297 0.0
9.90990586340297 0.0
9.90990586340297 0.0
9.90990586340297 0.0
9.90990586340297 0.0
9.90990586340297 0.0
9.90990586340297 0.0
9.90990586340297 0.0
9.90990586340297 0.0
9.90990586340297 0.0
9.90990586340297 0.0
9.90990586340297 0.0
9.90990586340297 0.0
9.90990586340297 0.0
9.90990586340297 0.0
9.90990586340297 0.0
9.90990586340297 0.0
9.90990586340297 0.0
9.90990586340297 0.0
9.90990586340297 0.0
9.90990586340297 0.0
9.90990586340297 0.0
9.90990586340297 0.0
9.90990586340297 0.0
9.90990586340297 0.0
9.90990586340297 0.0
9.90990586340297 0.0
9.90990586340297 0.0
9.90990586340297 0.0
9.90990586340297 0.0
9.90990586340297 0.0
9.90990586340297 0.0
9.90990586340297 0.0
9.90990586340297 0.0
9.90990586340297 0.0
9.90990586340297 0.0
9.90990586340297 0.0
9.90990586340297 0.0
9.90990586340297 0.0
9.90990586340297 0.0
9.90990586340297 0.0
9.90990586340297 0.0
9.90990586340297 0.0
9.90990586340297 0.0
9.90990586340297 0.0
9.90990586340297 0.0
9.90990586340297 0.0
9.90990586340297 0.0
9.90990586340297 0.0
9.90990586340297 0.0
9.90990586340297 0.0
9.90990586340297 0.0
9.90990586340297 0.0
9.90990586340297 0.0
9.90990586340297 0.0
9.90990586340297 0.0
9.90990586340297 0.0
9.90990586340297 0.0
9.90990586340297 0.0
9.90990586340297 0.0
9.90990586340297 0.0
9.90990586340297 0.0
9.90990586340297 0.0
9.90990586340297 0.0
9.90990586340297 0.0
9.90990586340297 0.0
9.90990586340297 0.0
9.90990586340297 0.0
9.90990586340297 0.0
9.90990586340297 0.0
9.90990586340297 0.0
9.90990586340297 0.0
9.90990586340297 0.0
9.90990586340297 0.0
9.90990586340297 0.0
9.90990586340297 0.0
9.90990586340297 0.0
9.90990586340297 0.0
9.90990586340297 0.0
9.90990586340297 0.0
9.90990586340297 0.0
9.90990586340297 0.0
9.90990586340297 0.0
9.90990586340297 0.0
9.90990586340297 0.0
9.90990586340297 0.0
9.90990586340297 0.0
9.90990586340297 0.0
9.910290077846952 6.844844338000302E-5
9.910290077846952 6.844844338000302E-5
9.910290077846952 6.844844338000302E-5
9.910290077846952 6.844844338000302E-5
9.910290077846952 6.844844338000302E-5
9.910290077846952 6.844844338000302E-5
9.910290077846952 6.844844338000302E-5
9.910290077846952 6.844844338000302E-5
9.910290077846952 6.844844338000302E-5
9.910290077846952 6.844844338000302E-5
9.910290077846952 6.844844338000302E-5
9.910290077846952 6.844844338000302E-5
9.910290077846952 6.844844338000302E-5
9.910290077846952 6.844844338000302E-5
9.910290077846952 6.844844338000302E-5
9.910290077846952 6.844844338000302E-5
9.910290077846952 6.844844338000302E-5
9.910290077846952 6.844844338000302E-5
9.910290077846952 6.844844338000302E-5
9.910290077846952 6.844844338000302E-5
9.910290077846952 6.844844338000302E-5
9.910290077846952 6.844844338000302E-5
9.910290077846952 6.844844338000302E-5
9.910290077846952 6.844844338000302E-5
9.910290077846952 6.844844338000302E-5
9.910290077846952 6.844844338000302E-5
9.910290077846952 6.844844338000302E-5
9.910290077846952 6.844844338000302E-5
9.910290077846952 6.844844338000302E-5
9.910290077846952 6.844844338000302E-5
9.910290077846952 6.844844338000302E-5
9.910290077846952 6.844844338000302E-5
9.910290077846952 6.844844338000302E-5
9.910290077846952 6.844844338000302E-5
9.910290077846952 0.0
9.910290077846952 0.0
9.910290077846952 0.0
9.910290077846952 0.0
9.910290077846952 0.0
9.910290077846952 0.0
9.910290077846952 0.0
9.910290077846952 0.0
9.910290077846952 0.0
9.910290077846952 0.0
9.910290077846952 0.0
9.910290077846952 0.0
9.910290077846952 0.0
9.910290077846952 0.0
9.910290077846952 0.0
9.910290077846952 0.0
9.910290077846952 0.0
9.910290077846952 0.0
9.910290077846952 0.0
9.910290077846952 0.0
9.910290077846952 0.0
9.910290077846952 0.0
9.910290077846952 0.0
9.910290077846952 0.0
9.910290077846952 0.0
9.910290077846952 0.0
9.910290077846952 0.0
9.910290077846952 0.0
9.910290077846952 0.0
9.910290077846952 0.0
9.910290077846952 0.0
9.910290077846952 0.0
9.910290077846952 0.0
9.910290077846952 0.0
9.910290077846952 0.0
9.910290077846952 0.0
9.910290077846952 0.0
9.910290077846952 0.0
9.910290077846952 0.0
9.910290077846952 0.0
9.910290077846952 0.0
9.910290077846952 0.0
9.910290077846952 0.0
9.910290077846952 0.0
9.910290077846952 0.0
9.910290077846952 0.0
9.910290077846952 0.0
9.910290077846952 0.0
9.910290077846952 0.0
9.910290077846952 0.0
9.910290077846952 0.0
9.910290077846952 0.0
9.910290077846952 0.0
9.910290077846952 0.0
9.910290077846952 0.0
9.910290077846952 0.0
9.910290077846952 0.0
9.910290077846952 0.0
9.910290077846952 0.0
9.910290077846952 0.0
9.910290077846952 0.0
9.910290077846952 0.0
9.910290077846952 0.0
9.910290077846952 0.0
9.910290077846952 0.0
9.910290077846952 0.0
9.910290077846952 0.0
9.910290077846952 0.0
9.910290077846952 0.0
9.910290077846952 6.844844338000302E-5
9.910290077846952 6.844844338000302E-5
9.910290077846952 6.844844338000302E-5
9.910290077846952 6.844844338000302E-5
9.910290077846952 6.844844338000302E-5
9.910290077846952 6.844844338000302E-5
9.910290077846952 6.844844338000302E-5
9.910290077846952 6.844844338000302E-5
9.910290077846952 6.844844338000302E-5
9.910290077846952 6.844844338000302E-5
9.910290077846952 6.844844338000302E-5
9.910290077846952 6.844844338000302E-5
9.910290077846952 6.844844338000302E-5
9.910290077846952 6.844844338000302E-5
9.910290077846952 0.0
9.910290077846952 0.0
9.910290077846952 0.0
9.910290077846952 0.0
9.910290077846952 0.0
9.910290077846952 0.0
9.910290077846952 0.0
9.910290077846952 0.0
9.910290077846952 0.0
9.910290077846952 0.0
9.910290077846952 0.0
9.910290077846952 0.0
9.910290077846952 0.0
9.910290077846952 0.0
9.910290077846952 0.0
9.910290077846952 0.0
9.910290077846952 0.0
9.910290077846952 0.0
9.910290077846952 0.0
9.910290077846952 0.0
9.910290077846952 0.0
9.910290077846952 0.0
9.910290077846952 0.0
9.910290077846952 0.0
9.910290077846952 0.0
9.910290077846952 0.0
9.910290077846952 0.0
9.910290077846952 0.0
9.910290077846952 0.0
9.910290077846952 0.0
9.910290077846952 0.0
9.910290077846952 0.0
9.910290077846952 0.0
9.910290077846952 0.0
9.910290077846952 0.0
9.910290077846952 0.0
9.910290077846952 0.0
9.910290077846952 0.0
9.910290077846952 0.0
9.910290077846952 0.0
9.910290077846952 0.0
9.910290077846952 0.0
9.910290077846952 0.0
9.910290077846952 0.0
9.910290077846952 0.0
9.910290077846952 0.0
9.910290077846952 0.0
9.910290077846952 0.0
9.910290077846952 0.0
9.910290077846952 0.0
9.914795738943136 2.0634090906350772E-5
9.914795738943136 2.0634090906350772E-5
9.914795738943136 2.0634090906350772E-5
9.914795738943136 2.0634090906350772E-5
9.914795738943136 2.0634090906350772E-5
9.914795738943136 2.0634090906350772E-5
9.914795738943136 2.0634090906350772E-5
9.914795738943136 2.0634090906350772E-5
9.914795738943136 2.0634090906350772E-5
9.914795738943136 2.0634090906350772E-5
9.914795738943136 2.0634090906350772E-5
9.914795738943136 2.0634090906350772E-5
9.914795738943136 2.0634090906350772E-5
9.91670745813752 5.094327909087034E-5
9.91670745813752 2.0634090906350772E-5
9.91670745813752 2.0634090906350772E-5
9.91670745813752 0.0
9.91670745813752 0.0
9.91670745813752 0.0
9.91670745813752 0.0
9.91670745813752 0.0
9.91670745813752 0.0
9.91670745813752 0.0
9.91670745813752 0.0
9.91670745813752 0.0
9.91670745813752 0.0
9.91670745813752 0.0
9.91670745813752 0.0
9.91670745813752 0.0
9.91670745813752 0.0
9.91670745813752 0.0
9.91670745813752 0.0
9.91670745813752 0.0
9.91670745813752 0.0
9.91670745813752 0.0
9.91670745813752 0.0
9.91670745813752 0.0
9.91670745813752 0.0
9.91670745813752 0.0
9.91670745813752 0.0
9.91670745813752 0.0
9.91670745813752 0.0
9.91670745813752 0.0
9.91670745813752 0.0
9.91670745813752 0.0
9.91670745813752 0.0
9.91670745813752 0.0
9.91670745813752 0.0
9.91670745813752 0.0
9.91670745813752 0.0
9.91670745813752 0.0
9.91670745813752 0.0
9.91670745813752 0.0
9.91670745813752 0.0
9.91670745813752 0.0
9.91670745813752 0.0
9.91670745813752 0.0
9.91670745813752 0.0
9.91670745813752 0.0
9.91670745813752 0.0
9.91670745813752 0.0
9.91670745813752 0.0
9.91670745813752 0.0
9.91670745813752 0.0
9.91670745813752 0.0
9.91670745813752 0.0
9.91670745813752 0.0
9.91670745813752 0.0
9.91670745813752 0.0
9.91670745813752 0.0
9.91670745813752 0.0
9.91670745813752 0.0
9.91670745813752 0.0
9.91670745813752 0.0
9.91670745813752 0.0
9.91670745813752 0.0
9.91670745813752 0.0
9.91670745813752 0.0
9.91670745813752 2.0634090906350772E-5
9.91670745813752 0.0
9.91670745813752 0.0
9.91670745813752 0.0
9.91670745813752 0.0
9.91670745813752 0.0
9.91670745813752 0.0
9.91670745813752 3.360728834940222E-5
9.91670745813752 3.360728834940222E-5
9.91670745813752 3.360728834940222E-5
9.920466285927244 5.9879484913804085E-5
9.920466285927244 5.9879484913804085E-5
9.920466285927244 5.9879484913804085E-5
9.920466285927244 5.9879484913804085E-5
9.920466285927244 5.9879484913804085E-5
9.920466285927244 5.9879484913804085E-5
9.920466285927244 5.9879484913804085E-5
9.920466285927244 5.9879484913804085E-5
9.920466285927244 5.9879484913804085E-5
9.920466285927244 5.9879484913804085E-5
9.920466285927244 5.9879484913804085E-5
9.920466285927244 5.9879484913804085E-5
9.920466285927244 5.9879484913804085E-5
9.920466285927244 5.9879484913804085E-5
9.920466285927244 5.9879484913804085E-5
9.920466285927244 5.9879484913804085E-5
9.920466285927244 6.772973131196502E-5
9.920466285927244 6.772973131196502E-5
9.920466285927244 6.772973131196502E-5
9.920466285927244 6.772973131196502E-5
9.920466285927244 6.772973131196502E-5
9.920466285927244 8.109421322453871E-5
9.920466285927244 8.109421322453871E-5
9.920466285927244 8.109421322453871E-5
9.920466285927244 8.109421322453871E-5
9.920466285927244 8.109421322453871E-5
9.920466285927244 8.109421322453871E-5
9.920466285927244 8.109421322453871E-5
9.920466285927244 6.583998600155797E-5
9.920466285927244 6.583998600155797E-5
9.920466285927244 6.583998600155797E-5
9.920466285927244 6.583998600155797E-5
9.920466285927244 6.583998600155797E-5
9.920466285927244 6.583998600155797E-5
9.920466285927244 6.583998600155797E-5
9.920466285927244 6.583998600155797E-5
9.920466285927244 6.583998600155797E-5
9.92189084098617 8.089058614566279E-5
9.92189084098617 8.089058614566279E-5
9.92189084098617 6.7319597848433E-5
9.92189084098617 6.7319597848433E-5
9.923028672278587 5.729460054623761E-5
9.923028672278587 5.8902944274618695E-5
9.923028672278587 4.4524573994988004E-5
9.923028672278587 4.4524573994988004E-5
9.923028672278587 4.4524573994988004E-5
9.923028672278587 5.8738919936393615E-5
9.923028672278587 4.4059510259527556E-5
9.923028672278587 4.4059510259527556E-5
9.923028672278587 3.4828530619764035E-5
9.925049760262215 4.5882593868553785E-5
9.925049760262215 5.532943772045953E-5
9.925049760262215 5.532943772045953E-5
9.925049760262215 6.85330094620764E-5
9.925049760262215 6.85330094620764E-5
9.925049760262215 6.425720191162058E-5
9.925049760262215 6.425720191162058E-5
9.925049760262215 6.425720191162058E-5
9.925049760262215 6.425720191162058E-5
9.925049760262215 6.425720191162058E-5
9.925049760262215 6.425720191162058E-5
9.925049760262215 5.3853599785210336E-5
9.925049760262215 4.2799536536420586E-5
9.925049760262215 3.335269268451485E-5
9.925049760262215 3.335269268451485E-5
9.925049760262215 3.335269268451485E-5
9.925049760262215 3.335269268451485E-5
9.925049760262215 4.77283076090062E-5
9.925049760262215 5.76578247142964E-5
9.92665950813003 4.763451466627791E-5
9.92665950813003 4.763451466627791E-5
9.92665950813003 4.763451466627791E-5
9.92665950813003 4.763451466627791E-5
9.92665950813003 4.763451466627791E-5
9.92665950813003 4.763451466627791E-5
9.92665950813003 4.763451466627791E-5
9.92665950813003 4.763451466627791E-5
9.92665950813003 5.250301786836336E-5
9.92665950813003 6.194986172026909E-5
9.92665950813003 7.662927139713515E-5
9.92665950813003 7.662927139713515E-5
9.92665950813003 6.718242754522943E-5
9.92665950813003 5.2931129501619327E-5
9.92665950813003 6.638492223258586E-5
9.92665950813003 8.570433554681659E-5
9.92665950813003 8.570433554681659E-5
9.92665950813003 8.570433554681659E-5
9.92665950813003 7.88733960940708E-5
9.92665950813003 5.829616351791685E-5
9.92665950813003 7.435808261042617E-5
9.92665950813003 7.435808261042617E-5
9.92665950813003 8.781187534139269E-5
9.92665950813003 7.858089570162917E-5
9.92665950813003 7.121611330936599E-5
9.92665950813003 7.121611330936599E-5
9.92665950813003 7.121611330936599E-5
9.92665950813003 8.868587672561907E-5
9.92665950813003 7.121611330936599E-5
9.92665950813003 6.182621710042546E-5
9.92665950813003 4.576429800791615E-5
9.92665950813003 4.576429800791615E-5
9.92665950813003 4.576429800791615E-5
9.92665950813003 3.807036525508155E-5
9.92665950813003 3.807036525508155E-5
9.92665950813003 2.590526379733574E-5
9.92665950813003 2.590526379733574E-5
9.92665950813003 2.590526379733574E-5
9.92665950813003 2.590526379733574E-5
9.92665950813003 2.590526379733574E-5
9.92665950813003 2.590526379733574E-5
9.92665950813003 2.590526379733574E-5
9.92665950813003 3.226772452500161E-5
9.92665950813003 1.2724921455331732E-5
9.92665950813003 1.2724921455331732E-5
9.92665950813003 1.2724921455331732E-5
9.92665950813003 1.2724921455331732E-5
9.92665950813003 1.2724921455331732E-5
9.92665950813003 1.2724921455331732E-5
9.92665950813003 2.3817903110574082E-5
9.92665950813003 2.3817903110574082E-5
9.92665950813003 2.3817903110574082E-5
9.926795435136414 3.043075908263456E-5
9.926795435136414 3.043075908263456E-5
9.926795435136414 1.4565295232942177E-5
9.926795435136414 1.4565295232942177E-5
9.926795435136414 1.4565295232942177E-5
9.926795435136414 1.4565295232942177E-5
9.926795435136414 1.4565295232942177E-5
9.926795435136414 1.4565295232942177E-5
9.926795435136414 1.4565295232942177E-5
9.926795435136414 0.0
9.926795435136414 0.0
9.928215670433637 7.627114195435587E-6
9.928215670433637 7.627114195435587E-6
9.928215670433637 7.627114195435587E-6
9.928215670433637 0.0
9.928215670433637 0.0
9.928215670433637 0.0
9.928215670433637 1.092358316436069E-5
9.928215670433637 1.092358316436069E-5
9.928215670433637 2.891553815296187E-5
9.928215670433637 2.891553815296187E-5
9.928215670433637 2.891553815296187E-5
9.928215670433637 1.092358316436069E-5
9.928215670433637 1.092358316436069E-5
9.928215670433637 1.092358316436069E-5
9.928215670433637 0.0
9.928215670433637 0.0
9.928215670433637 0.0
9.928215670433637 0.0
9.928215670433637 0.0
9.928215670433637 2.6722879984010816E-5
9.928215670433637 2.6722879984010816E-5
9.928215670433637 2.6722879984010816E-5
9.928215670433637 2.6722879984010816E-5
9.928215670433637 2.6722879984010816E-5
9.928215670433637 2.6722879984010816E-5
9.928215670433637 2.6722879984010816E-5
9.928215670433637 2.6722879984010816E-5
9.928215670433637 2.6722879984010816E-5
9.928215670433637 0.0
9.928215670433637 0.0
9.928215670433637 0.0
9.929484256134378 3.4580116363362217E-6
9.929484256134378 3.4580116363362217E-6
9.929484256134378 0.0
9.929484256134378 6.472168934865505E-6
9.929484256134378 6.472168934865505E-6
9.929484256134378 6.472168934865505E-6
9.929484256134378 6.472168934865505E-6
9.929484256134378 6.472168934865505E-6
9.929484256134378 6.472168934865505E-6
9.929484256134378 1.0727762487507441E-5
9.929484256134378 1.0727762487507441E-5
9.929484256134378 1.0727762487507441E-5
9.929484256134378 1.0727762487507441E-5
9.930597541973187 1.504200672624647E-5
9.930597541973187 1.504200672624647E-5
9.930597541973187 1.9668368574490127E-5
9.930597541973187 1.9668368574490127E-5
9.930597541973187 1.9668368574490127E-5
9.930597541973187 1.5997947091729548E-5
9.930597541973187 1.5997947091729548E-5
9.930597541973187 1.9360894021167556E-5
9.930597541973187 1.9544965028213577E-5
9.930597541973187 1.9544965028213577E-5
9.930597541973187 2.53113985494347E-5
9.930597541973187 2.53113985494347E-5
9.930597541973187 2.53113985494347E-5
9.930597541973187 2.53113985494347E-5
9.930597541973187 2.53113985494347E-5
9.930597541973187 2.53113985494347E-5
9.930839221462923 3.0682569175707476E-5
9.930839221462923 3.0682569175707476E-5
9.930839221462923 3.051457966728586E-5
9.930839221462923 3.051457966728586E-5
9.930839221462923 3.051457966728586E-5
9.930839221462923 2.3152714102006E-5
9.930839221462923 2.3152714102006E-5
9.930839221462923 2.3152714102006E-5
9.930839221462923 1.8552160754253087E-5
9.930839221462923 1.7529763826657063E-5
9.930839221462923 1.7529763826657063E-5
9.930839221462923 1.7529763826657063E-5
9.930839221462923 1.7529763826657063E-5
9.930839221462923 1.7529763826657063E-5
9.930839221462923 1.7529763826657063E-5
9.930839221462923 2.1709875080657234E-5
9.930839221462923 2.1709875080657234E-5
9.930839221462923 1.4690581368846383E-5
9.930839221462923 1.4690581368846383E-5
9.930839221462923 1.4690581368846383E-5
9.930839221462923 1.4690581368846383E-5
9.930839221462923 1.4690581368846383E-5
9.930839221462923 1.4690581368846383E-5
9.930839221462923 2.2356487961463994E-5
9.933744176448439 2.5968871389305333E-5
9.933744176448439 2.6205399339080667E-5
9.933744176448439 2.6205399339080667E-5
9.933744176448439 2.7714856237286137E-5
9.933744176448439 3.509519453745148E-5
9.933744176448439 3.509519453745148E-5
9.933744176448439 2.3581921484458695E-5
9.934216654851788 3.77143379166379E-5
9.934216654851788 3.50624557792202E-5
9.934216654851788 3.254002622801437E-5
9.934216654851788 3.001759667680854E-5
9.934216654851788 2.6221819191131923E-5
9.934216654851788 2.6221819191131923E-5
9.934216654851788 9.40153125168125E-6
9.934216654851788 9.40153125168125E-6
9.934216654851788 9.40153125168125E-6
9.934216654851788 5.289938107484538E-6
9.934216654851788 2.6879267721871026E-6
9.934216654851788 6.144164998375459E-6
9.934216654851788 1.214295731613961E-5
9.934216654851788 1.2142957316139612E-5
9.934216654851788 1.2142957316139612E-5
9.934216654851788 1.5466138497637675E-5
9.934216654851788 1.2142957316139612E-5
9.934216654851788 1.2142957316139612E-5
9.934216654851788 1.2142957316139612E-5
9.934216654851788 1.2142957316139612E-5
9.934216654851788 1.2142957316139612E-5
9.934216654851788 1.8221261921556828E-5
9.934216654851788 1.8221261921556828E-5
9.934216654851788 1.8221261921556828E-5
9.934216654851788 1.960050085895186E-5
9.934216654851788 2.3425521572761347E-5
9.934216654851788 2.299133530511687E-5
9.934216654851788 2.299133530511687E-5
9.934216654851788 2.299133530511687E-5
9.934216654851788 2.299133530511687E-5
9.934216654851788 2.5088001532892317E-5
9.934216654851788 2.3708762595497286E-5
9.934550810224918 2.952058334611037E-5
9.934550810224918 2.7605817310936043E-5
9.934550810224918 2.80545032968188E-5
9.934550810224918 2.582663791855335E-5
9.934550810224918 3.3423210397832696E-5
9.934550810224918 3.576265948454941E-5
9.934550810224918 3.37405423592318E-5
9.934550810224918 3.7767540046567733E-5
9.934550810224918 3.4002081169407544E-5
9.934550810224918 2.709329860632498E-5
9.934550810224918 2.6301788936922882E-5
9.934550810224918 2.049057334888507E-5
9.934550810224918 2.0735874320856566E-5
9.934550810224918 2.0735874320856566E-5
9.934550810224918 2.0735874320856566E-5
9.934550810224918 2.0735874320856566E-5
9.934550810224918 2.0735874320856566E-5
9.934550810224918 1.934594840343325E-5
9.934550810224918 1.934594840343325E-5
9.934550810224918 1.2185382019253778E-5
9.934550810224918 1.6459847832506854E-5
9.934550810224918 9.861031702738324E-6
9.934550810224918 9.861031702738324E-6
9.934550810224918 9.861031702738324E-6
9.935199300273858 1.1139426994844425E-5
9.935199300273858 1.3201864868821806E-5
9.935199300273858 1.3201864868821806E-5
9.935199300273858 1.3201864868821806E-5
9.935199300273858 8.92739905556873E-6
9.935199300273858 8.92739905556873E-6
9.935199300273858 3.238972684578754E-6
9.935199300273858 3.238972684578754E-6
9.935199300273858 3.238972684578754E-6
9.935199300273858 2.4751337445211047E-6
9.935199300273858 2.4751337445211047E-6
9.935199300273858 2.4751337445211047E-6
9.935199300273858 2.4751337445211047E-6
9.935199300273858 0.0
9.935199300273858 4.2744658132530755E-6
9.935199300273858 4.2744658132530755E-6
9.935403856276908 6.5906475061796364E-6
9.935403856276908 6.5906475061796364E-6
9.936390670295923 9.180128479173472E-6
9.936390670295923 9.180128479173472E-6
9.936390670295923 1.1693517705054446E-5
9.936390670295923 1.1693517705054446E-5
9.936390670295923 1.1693517705054446E-5
9.936390670295923 1.2523044869107707E-5
9.936390670295923 1.0206863176181146E-5
9.936390670295923 9.377336012127883E-6
9.936390670295923 9.377336012127883E-6
9.936390670295923 9.377336012127883E-6
9.937382747299983 1.153429749078312E-5
9.937382747299983 1.153429749078312E-5
9.937382747299983 1.153429749078312E-5
9.937382747299983 1.153429749078312E-5
9.937382747299983 1.153429749078312E-5
9.937382747299983 1.153429749078312E-5
9.937705871071428 1.1209811400052152E-5
9.937705871071428 1.4598785953246844E-5
9.937705871071428 9.324519711850982E-6
9.937705871071428 9.324519711850982E-6
9.937705871071428 1.1571647929710591E-5
9.937705871071428 1.5130889204037948E-5
9.937705871071428 1.5130889204037948E-5
9.937705871071428 1.1486365442055399E-5
9.937705871071428 9.220098963182343E-6
9.93838896431539 1.0539719273613132E-5
9.93838896431539 7.150744720418438E-6
9.93838896431539 6.37995117400417E-6
9.938489410955084 8.46811832878211E-6
9.938489410955084 6.6521420211062206E-6
9.938489410955084 3.324776302386723E-6
9.938489410955084 2.0161214023185335E-6
9.938489410955084 2.0161214023185335E-6
9.939244777595174 5.209294161929896E-6
9.939244777595174 7.632990714950613E-6
9.939244777595174 7.281634294440695E-6
9.939415157750798 7.0399616685885556E-6
9.939415157750798 7.272107986752557E-6
9.939415157750798 7.272107986752557E-6
9.939415157750798 6.463280774070328E-6
9.939415157750798 6.780285854575949E-6
9.939415157750798 7.830141191570538E-6
9.939415157750798 7.830141191570538E-6
9.939415157750798 9.115995029025066E-6
9.939415157750798 9.115995029025065E-6
9.939415157750798 9.693175239290628E-6
9.939415157750798 1.1881120476488396E-5
9.939415157750798 1.4797012801080223E-5
9.939415157750798 1.4797012801080223E-5
9.939415157750798 1.54690869295605E-5
9.939415157750798 1.5610095453728026E-5
9.939415157750798 1.474995896458552E-5
9.939415157750798 1.474995896458552E-5
9.939415157750798 1.256094514102604E-5
9.939415157750798 1.6558030586223712E-5
9.939415157750798 1.880742582847725E-5
9.939415157750798 1.843282996123517E-5
9.939415157750798 1.9505069281136902E-5
9.939415157750798 1.86180452023113E-5
9.939415157750798 1.867794403407472E-5
9.939415157750798 1.6969494704270217E-5
9.939415157750798 1.4333926378676904E-5
9.939415157750798 1.3785631659950404E-5
9.939415157750798 1.3657747810293467E-5
9.939506893100257 1.4107807024629289E-5
9.939526561255992 1.3533084155263676E-5
9.939526561255992 1.137589644061771E-5
9.93954732248276 1.0515747619996306E-5
9.93954732248276 1.0279773108102049E-5
9.93954732248276 9.726371082011283E-6
9.93954732248276 9.700078251516141E-6
9.93954732248276 9.107326269947247E-6
9.93954732248276 8.709148929309993E-6
9.93954732248276 9.86445807334622E-6
9.93954732248276 6.574301547431332E-6
9.93954732248276 6.574301547431332E-6
9.93954732248276 5.75815648918165E-6
9.940021356349828 5.980795702338224E-6
9.940021356349828 5.9383088421984895E-6
9.940021356349828 5.93062121139118E-6
9.940021356349828 5.704451329283969E-6
9.940021356349828 5.70445132928397E-6
9.940021356349828 8.723298832701402E-6
9.940021356349828 8.030019627468785E-6
9.940021356349828 3.957260831956349E-6
9.940021356349828 4.033304470788859E-6
9.940021356349828 4.033304470788859E-6
9.940021356349828 4.632644946294221E-6
9.940021356349828 4.825560959146857E-6
9.940021356349828 4.825560959146857E-6
9.940021356349828 4.27198278338753E-6
9.940990687984746 4.5341536500481665E-6
9.940990687984746 4.5341536500481665E-6
9.940990687984746 4.178475840606656E-6
9.940990687984746 4.847203500816673E-6
9.940990687984746 4.847203500816673E-6
9.940990687984746 5.355153107650585E-6
9.940990687984746 4.1771812142051855E-6
9.940990687984746 3.48901967950254E-6
9.940990687984746 3.153931518886594E-6
9.940990687984746 3.153931518886594E-6
9.940990687984746 2.7787310842908252E-6
9.940990687984746 2.8405392810870083E-6
9.940990687984746 2.8405392810870083E-6
9.940990687984746 3.6674225191413557E-6
9.940990687984746 3.2639085330908834E-6
9.940990687984746 2.9786025663801386E-6
9.940990687984746 2.9786025663801386E-6
9.940990687984746 2.8952967663903246E-6
9.940990687984746 3.0328495283257253E-6
9.940990687984746 3.559817921675877E-6
9.940990687984746 3.559817921675877E-6
9.940990687984746 3.559817921675877E-6
9.940990687984746 3.559817921675877E-6
9.940990687984746 3.8046183643073545E-6
9.940990687984746 4.070611816860641E-6
9.940990687984746 4.49598056614687E-6
9.940990687984746 4.495980566146869E-6
9.940990687984746 3.8015996766397913E-6
9.940990687984746 3.8015996766397913E-6
9.940990687984746 4.2273764260888624E-6
9.940990687984746 3.9796387985738575E-6
9.940990687984746 3.9796387985738575E-6
9.940990687984746 3.12586756326968E-6
9.940990687984746 3.780880043636754E-6
9.940990687984746 3.175090306937865E-6
9.940990687984746 3.5435759425422625E-6
9.940990687984746 2.7119678943262147E-6
9.940990687984746 2.551794967150767E-6
9.940990687984746 2.5517949671507676E-6
9.940990687984746 2.5517949671507676E-6
9.940990687984746 2.5517949671507676E-6
9.940990687984746 2.5517949671507676E-6
9.940990687984746 1.5150742037834282E-6
9.940990687984746 1.5150742037834282E-6
9.940990687984746 1.5150742037834282E-6
9.940990687984746 1.5150742037834282E-6
9.940990687984746 1.5150742037834282E-6
9.940990687984746 1.5150742037834282E-6
9.940990687984746 1.5150742037834282E-6
9.940990687984746 1.0892974543343571E-6
9.940990687984746 1.0892974543343571E-6
9.940990687984746 4.858374230288436E-7
9.940990687984746 4.858374230288436E-7
9.940990687984746 4.858374230288436E-7
9.940990687984746 4.858374230288436E-7
9.940990687984746 4.858374230288436E-7
9.940990687984746 4.858374230288436E-7
9.940990687984746 4.858374230288436E-7
9.940990687984746 0.0
9.940990687984746 0.0
9.940990687984746 0.0
9.940990687984746 0.0
9.940990687984746 0.0
9.940990687984746 0.0
9.940990687984746 0.0
9.940990687984746 0.0
9.940990687984746 7.557148224996095E-7
9.940990687984746 7.557148224996095E-7
9.940990687984746 7.557148224996095E-7
9.940990687984746 7.557148224996095E-7
9.940990687984746 7.557148224996095E-7
9.940990687984746 7.557148224996095E-7
9.940990687984746 7.557148224996095E-7
9.940990687984746 0.0
9.940990687984746 0.0
9.940990687984746 0.0
9.940990687984746 0.0
9.940990687984746 0.0
9.940990687984746 0.0
9.940990687984746 0.0
9.940990687984746 0.0
9.940990687984746 0.0
9.940990687984746 0.0
9.940990687984746 0.0
9.940990687984746 0.0
9.940990687984746 0.0
9.940990687984746 0.0
9.940990687984746 0.0
9.940990687984746 0.0
9.940990687984746 0.0
9.940990687984746 0.0
9.940990687984746 0.0
9.940990687984746 0.0
9.940990687984746 0.0
9.940990687984746 0.0
9.940990687984746 0.0
9.940990687984746 0.0
9.940990687984746 0.0
9.940990687984746 0.0
9.940990687984746 0.0
9.940990687984746 0.0
9.940990687984746 0.0
9.940990687984746 0.0
9.940990687984746 0.0
9.940990687984746 0.0
9.940990687984746 0.0
9.940990687984746 0.0
9.940990687984746 0.0
9.940990687984746 0.0
9.940990687984746 0.0
9.940990687984746 0.0
9.940990687984746 0.0
9.940990687984746 0.0
9.940990687984746 0.0
9.940990687984746 0.0
9.940990687984746 0.0
9.940990687984746 0.0
9.940990687984746 0.0
9.940990687984746 0.0
9.940990687984746 0.0
9.940990687984746 0.0
9.940990687984746 0.0
9.940990687984746 0.0
9.940990687984746 0.0
9.940990687984746 0.0
9.940990687984746 0.0
9.940990687984746 0.0
9.940990687984746 0.0
9.940990687984746 0.0
9.941383413900462 5.332330786429415E-7
9.941383413900462 0.0
9.941383413900462 0.0
9.941383413900462 0.0
9.941383413900462 0.0
9.941383413900462 0.0
9.941383413900462 0.0
9.941383413900462 0.0
9.941383413900462 0.0
9.941383413900462 0.0
9.941383413900462 0.0
9.941383413900462 0.0
9.941383413900462 0.0
9.941383413900462 0.0
9.941383413900462 0.0
9.941383413900462 0.0
9.941383413900462 0.0
9.941820237605507 4.262738760797589E-7
9.941820237605507 4.262738760797589E-7
9.941820237605507 4.262738760797589E-7
9.941820237605507 4.262738760797589E-7
9.941820237605507 6.065679284857132E-7
9.941820237605507 6.065679284857132E-7
9.941820237605507 6.065679284857132E-7
9.941820237605507 6.065679284857132E-7
9.941820237605507 1.8029405240595437E-7
9.941820237605507 1.8029405240595437E-7
9.941820237605507 5.195112941663836E-7
9.941820237605507 5.195112941663836E-7
9.941820237605507 5.195112941663836E-7
9.941820237605507 5.195112941663836E-7
9.941820237605507 5.195112941663836E-7
9.941820237605507 5.195112941663836E-7
9.941820237605507 5.195112941663836E-7
9.941820237605507 9.007437209304783E-7
9.941820237605507 9.007437209304783E-7
9.941820237605507 9.007437209304783E-7
9.941820237605507 9.007437209304783E-7
9.941820237605507 9.007437209304783E-7
9.941820237605507 9.007437209304783E-7
9.941820237605507 1.0966527681866484E-6
9.941820237605507 1.0966527681866484E-6
9.941820237605507 1.0966527681866484E-6
9.941820237605507 1.0966527681866484E-6
9.941820237605507 1.0966527681866484E-6
9.941820237605507 1.0966527681866484E-6
9.941820237605507 1.0966527681866484E-6
9.941820237605507 1.5216803437116785E-6
9.941820237605507 1.5216803437116785E-6
9.941820237605507 1.6278385744880554E-6
9.941820237605507 1.2466061477239606E-6
9.942090271667333 1.3273676158394058E-6
9.942090271667333 1.3273676158394058E-6
9.942090271667333 1.3273676158394058E-6
9.942090271667333 1.3273676158394058E-6
9.942090271667333 1.3273676158394058E-6
9.942090271667333 1.3273676158394058E-6
9.942090271667333 1.3273676158394058E-6
9.942090271667333 1.3273676158394058E-6
9.942090271667333 1.3273676158394058E-6
9.942090271667333 1.3273676158394058E-6
9.942090271667333 1.3273676158394058E-6
9.942090271667333 1.3273676158394058E-6
9.942090271667333 1.3273676158394058E-6
9.942090271667333 1.2466061477239606E-6
9.942090271667333 1.1404479169475839E-6
9.942090271667333 1.1404479169475839E-6
9.942090271667333 9.445388696914137E-7
9.942090271667333 9.445388696914137E-7
9.942090271667333 4.250275755250301E-7
9.942090271667333 4.250275755250301E-7
9.942090271667333 5.057890436404752E-7
9.942090271667333 5.057890436404752E-7
9.942090271667333 5.057890436404752E-7
9.942090271667333 5.057890436404752E-7
9.942090271667333 8.076146811544508E-8
9.942090271667333 8.076146811544508E-8
9.942090271667333 8.076146811544508E-8
9.942090271667333 8.076146811544508E-8
9.942090271667333 8.076146811544508E-8
9.942090271667333 2.301257520298777E-7
9.942090271667333 2.301257520298777E-7
9.942090271667333 2.301257520298777E-7
9.942090271667333 2.301257520298777E-7
9.942090271667333 6.402186871108628E-7
9.942090271667333 6.402186871108628E-7
9.942090271667333 4.908544031964302E-7
9.942090271667333 4.908544031964302E-7
9.942090271667333 4.908544031964302E-7
9.942090271667333 4.908544031964302E-7
9.942090271667333 4.908544031964302E-7
9.942090271667333 4.908544031964302E-7
9.942090271667333 4.908544031964302E-7
9.942090271667333 4.908544031964302E-7
9.942090271667333 4.163152696592279E-7
9.942090271667333 4.163152696592279E-7
9.942090271667333 4.163152696592279E-7
9.942090271667333 4.163152696592279E-7
9.942090271667333 4.163152696592279E-7
9.942090271667333 4.163152696592279E-7
9.942090271667333 4.163152696592279E-7
9.942103714905658 4.4370571043296713E-7
9.942103714905658 4.4370571043296713E-7
9.942103714905658 4.4370571043296713E-7
9.942103714905658 0.0
9.942103714905658 0.0
9.942103714905658 0.0
9.942103714905658 0.0
9.942103714905658 0.0
9.942103714905658 0.0
9.942103714905658 0.0
9.942103714905658 0.0
9.942103714905658 0.0
9.942103714905658 0.0
9.942103714905658 0.0
9.942103714905658 0.0
9.942103714905658 0.0
9.942103714905658 0.0
9.942103714905658 0.0
9.942103714905658 0.0
9.942103714905658 0.0
9.942103714905658 0.0
9.942103714905658 0.0
9.942103714905658 0.0
9.942103714905658 0.0
9.942103714905658 0.0
9.942103714905658 0.0
9.942103714905658 0.0
9.942103714905658 0.0
9.942103714905658 0.0
9.942103714905658 0.0
9.942103714905658 0.0
9.942103714905658 0.0
9.942103714905658 0.0
9.942103714905658 0.0
9.942103714905658 0.0
9.942103714905658 0.0
9.942103714905658 0.0
9.942238068372996 6.971947160565872E-8
9.942238068372996 6.971947160565872E-8
9.942238068372996 6.971947160565872E-8
9.942238068372996 6.971947160565872E-8
9.942238068372996 6.971947160565872E-8
9.942238068372996 6.971947160565872E-8
9.942238068372996 6.971947160565872E-8
9.942238068372996 6.971947160565872E-8
9.942238068372996 6.971947160565872E-8
9.942238068372996 6.971947160565872E-8
9.942238068372996 6.971947160565872E-8
9.942238068372996 6.971947160565872E-8
9.942238068372996 6.412146753465882E-7
9.942238068372996 6.412146753465882E-7
9.942238068372996 6.412146753465882E-7
9.942238068372996 6.412146753465882E-7
9.942238068372996 6.412146753465882E-7
9.942238068372996 6.412146753465882E-7
9.942238068372996 0.0
9.942238068372996 0.0
9.942238068372996 0.0
9.942238068372996 1.305264436233541E-7
9.942238068372996 1.305264436233541E-7
Score: 9.942238068372996
Runtime: 967ms
