5.440268645495722E-6 5.254271253291775
5.440268645495722E-6 4.560900903014965
8.2205214925626E-6 4.163330908923704
6.544028313076671E-4 3.783870677009339
0.011146531056086635 3.4849272337317143
0.011146531056086635 3.316665639388896
0.012955262775589654 3.149020133190831
0.026396611405254743 2.991317462433416
0.04033211330157667 2.84295449599738
0.04033211330157667 2.6094243143706555
0.04033211330157667 2.44374878478228
0.040814333707435965 2.3724020922719706
0.05811881155522035 2.2579718905869184
0.21029403913904537 2.175057268046726
0.21029403913904537 2.089722160710818
0.21029403913904537 2.1203294675757007
0.2499032986334984 2.065664335428003
0.2532773290458599 2.038294188772612
0.2532773290458599 1.9417249769462956
0.2532773290458599 1.8675298260721724
0.2532773290458599 1.8386786780528064
1.0635317670805104 1.755852933365101
1.0635317670805104 1.7216233380354584
1.0635317670805104 1.651791242955615
1.0635317670805104 1.5904332328071633
1.0635317670805104 1.5085006860660375
1.0635317670805104 1.4448069485639508
1.0635317670805104 1.419162838391235
1.0635317670805104 1.4048160395170164
1.0635317670805104 1.3348362436676735
1.3492194984041486 1.2987498247578928
1.3492194984041486 1.252305343227507
1.3492194984041486 1.2157225383454016
1.3492194984041486 1.2901426439607036
1.3492194984041486 1.276434803579458
2.22182554343766 1.2512108532621944
2.22182554343766 1.2073000523304542
2.22182554343766 1.1372956831011858
2.6042374014268437 1.095711716788961
2.6042374014268437 1.0866290753062067
4.953403331785838 1.054902796850147
4.953403331785838 1.0260021399819317
4.953403331785838 0.987054089601532
4.953403331785838 0.9694568782575759
4.953403331785838 0.9498183887968187
4.953403331785838 0.918687177354761
4.953403331785838 0.9028360013710636
4.953403331785838 0.877952210987394
4.953403331785838 0.8390366940342464
4.953403331785838 0.7705544222085133
4.953403331785838 0.7845643673772645
4.953403331785838 0.7807210034882685
4.953403331785838 0.7072862306344787
4.953403331785838 0.6921336190346482
4.953403331785838 0.6644788639313052
4.953403331785838 0.6127148578602138
4.953403331785838 0.6147243211772216
4.953403331785838 0.5793188863915399
4.953403331785838 0.6063590162140797
4.953403331785838 0.5879724259795404
4.953403331785838 0.5652471400100306
4.953403331785838 0.5575745582663069
4.953403331785838 0.5377385396999996
4.953403331785838 0.4934946759458597
4.953403331785838 0.4869406289495722
4.953403331785838 0.46902921016765503
4.953403331785838 0.44335969585503365
4.953403331785838 0.47578316767417317
4.953403331785838 0.44037192914658446
4.953403331785838 0.4583204287989774
4.953403331785838 0.43126645283295045
4.953403331785838 0.394575206281436
4.953403331785838 0.3933717528057559
4.953403331785838 0.3811219371346741
4.953403331785838 0.37103662959083183
4.953403331785838 0.34573723638480486
4.953403331785838 0.3607881068141081
4.953403331785838 0.3341017620416013
4.953403331785838 0.3195592803530058
4.953403331785838 0.3170597226593583
4.953403331785838 0.32255042287045993
4.953403331785838 0.30462734896353405
4.953403331785838 0.30089705387854454
4.953403331785838 0.30180479187694537
4.953403331785838 0.28646403580022883
4.953403331785838 0.2957305668434623
4.953403331785838 0.2834713268998362
4.953403331785838 0.2726463699234816
4.953403331785838 0.2664490972502787
4.953403331785838 0.24836439272585248
5.101426163947184 0.26092265600256787
5.101426163947184 0.2531019942337547
5.101426163947184 0.24828271916156425
5.101426163947184 0.22697907506154513
5.101426163947184 0.2107239676020117
5.101426163947184 0.2036479764400369
5.101426163947184 0.1952371123050633
5.101426163947184 0.1910366602810497
5.101426163947184 0.18122538395010218
6.724284926664751 0.15702064461171858
6.724284926664751 0.149355451130669
6.724284926664751 0.15238015250963585
6.724284926664751 0.1595535811650503
6.724284926664751 0.1519478578099673
6.724284926664751 0.14309034100089765
6.724284926664751 0.13262064635233198
6.724284926664751 0.12709897334610915
6.724284926664751 0.12075369133002821
6.724284926664751 0.11547087371870109
6.724284926664751 0.10264182797417593
6.724284926664751 0.09504887404483976
6.724284926664751 0.093766810476929
6.724284926664751 0.09357772474021861
6.724284926664751 0.08973116011984034
6.724284926664751 0.0932086760013805
6.724284926664751 0.09238962965565474
6.724284926664751 0.08757780975509478
6.724284926664751 0.0893929453127289
6.724284926664751 0.08880766813928907
6.724284926664751 0.08228746493366283
6.724284926664751 0.08390136648675614
6.724284926664751 0.07605402229446476
6.724284926664751 0.07622244757262635
6.724284926664751 0.07446272390941705
6.724284926664751 0.06885149408598322
6.724284926664751 0.0710402780291401
6.724284926664751 0.06808461243260082
6.724284926664751 0.06164515356840814
6.724284926664751 0.05859658389563433
6.724284926664751 0.059141400061905006
6.724284926664751 0.0500399515972725
6.724284926664751 0.04268986094720546
6.724284926664751 0.03775543615155721
6.724284926664751 0.04187677395411133
6.724284926664751 0.04247723768355995
6.724284926664751 0.041061236950696675
6.724284926664751 0.03958121459502384
6.724284926664751 0.039418233017305064
6.724284926664751 0.039907211053187425
6.724284926664751 0.041178461916787534
6.724284926664751 0.03902299875355255
6.724284926664751 0.038039556312344465
6.724284926664751 0.040393207735397625
6.724284926664751 0.043193924784013425
6.724284926664751 0.040188201016393706
6.724284926664751 0.04378109801096014
6.724284926664751 0.04291691040468051
6.724284926664751 0.04338374476282354
6.724284926664751 0.04259089340159504
6.724284926664751 0.04259089340159504
6.724284926664751 0.0423624114478401
6.724284926664751 0.03951009943741955
6.724284926664751 0.0372532949854734
6.724284926664751 0.0372532949854734
6.724284926664751 0.03673573695582096
6.724284926664751 0.034807345910650093
6.724284926664751 0.03259331134097318
6.724284926664751 0.031330424490662326
6.724284926664751 0.031330424490662326
6.724284926664751 0.03304170356034682
6.724284926664751 0.032101636073526854
6.724284926664751 0.03115604336317973
6.724284926664751 0.03176038401379726
6.724284926664751 0.03324040636947009
6.724284926664751 0.03324040636947009
6.724284926664751 0.029347322897056476
6.724284926664751 0.03092987368876108
6.724284926664751 0.026574565961132158
6.724284926664751 0.023593054135728823
6.724284926664751 0.022385837962194798
6.724284926664751 0.018932403654745678
6.724284926664751 0.01636507638943443
6.724284926664751 0.013227569897591076
6.724284926664751 0.016989118920829056
6.724284926664751 0.016989118920829056
6.724284926664751 0.021032344476798515
6.724284926664751 0.021032344476798515
6.724284926664751 0.02093858140776455
6.724284926664751 0.02438331415713261
6.724284926664751 0.0274406624238602
7.265427744187733 0.03264255751124543
7.265427744187733 0.029874684921213538
7.265427744187733 0.02388143670204466
7.265427744187733 0.020577249091687684
7.265427744187733 0.01748073710424964
7.265427744187733 0.017480737104249643
7.265427744187733 0.0144964128723364
7.265427744187733 0.010810283248976748
7.265427744187733 0.010810283248976748
7.265427744187733 0.008702068610247094
7.265427744187733 0.008702068610247094
7.265427744187733 0.008702068610247094
7.265427744187733 0.008702068610247094
7.265427744187733 0.008702068610247094
7.265427744187733 0.008702068610247094
7.265427744187733 0.008702068610247094
7.265427744187733 0.008702068610247094
7.265427744187733 0.004923607614434408
7.265427744187733 0.004923607614434408
7.265427744187733 0.004923607614434408
7.265427744187733 0.004923607614434408
7.265427744187733 0.004923607614434408
7.265427744187733 0.005669436738954824
7.265427744187733 0.005669436738954824
7.265427744187733 0.005669436738954824
7.265427744187733 0.005669436738954824
7.340910856112516 0.006957638966099984
7.340910856112516 0.006957638966099984
7.340910856112516 0.006211809841579569
7.340910856112516 0.006211809841579569
7.340910856112516 0.006211809841579569
7.340910856112516 0.0
7.340910856112516 0.0
7.8461866495117905 8.94457076621092E-4
7.8461866495117905 8.94457076621092E-4
7.8461866495117905 8.94457076621092E-4
7.8461866495117905 8.94457076621092E-4
7.8461866495117905 8.94457076621092E-4
7.8461866495117905 8.94457076621092E-4
7.8461866495117905 8.94457076621092E-4
7.8461866495117905 8.94457076621092E-4
7.8461866495117905 8.94457076621092E-4
7.8461866495117905 0.0
7.8461866495117905 0.0
7.8461866495117905 0.0
7.8461866495117905 0.0
7.8461866495117905 0.0
7.8461866495117905 0.0013434291290735862
7.8461866495117905 0.0013434291290735862
7.8461866495117905 0.0024884267681302636
7.8461866495117905 0.0024884267681302636
7.8461866495117905 0.0024884267681302636
7.8461866495117905 0.0024884267681302636
7.8461866495117905 0.0024884267681302636
7.8461866495117905 0.0024884267681302636
7.8461866495117905 0.0024884267681302636
7.8461866495117905 0.0012442133840651318
7.8461866495117905 0.0
7.8461866495117905 0.0
7.8461866495117905 0.0
7.8461866495117905 0.0012088306548328038
7.8461866495117905 0.0
7.8461866495117905 0.0
7.8461866495117905 0.0011163486967476898
7.8461866495117905 0.002166735173591287
7.8461866495117905 0.002166735173591287
7.8461866495117905 0.002166735173591287
7.8461866495117905 0.002166735173591287
7.8461866495117905 0.002166735173591287
7.8461866495117905 0.0036136008264766838
7.8461866495117905 0.0036136008264766838
7.8461866495117905 0.0049238987135986345
8.016557339420316 0.005957045975307871
8.016557339420316 0.005957045975307871
8.016557339420316 0.004915279106031454
8.016557339420316 0.004915279106031454
8.016557339420316 0.007005172473737857
8.016557339420316 0.007005172473737857
8.016557339420316 0.007986312340108596
8.016557339420316 0.007986312340108596
8.016557339420316 0.008806705979211652
8.016557339420316 0.008278390370979789
8.016557339420316 0.008278390370979789
8.016557339420316 0.01020365377267938
8.016557339420316 0.01020365377267938
8.016557339420316 0.01020365377267938
8.016557339420316 0.01020365377267938
8.016557339420316 0.010989329566088401
8.016557339420316 0.010989329566088401
8.016557339420316 0.01173515869060882
8.016557339420316 0.01173515869060882
8.016557339420316 0.01125251902326862
8.016557339420316 0.01336593587335855
8.016557339420316 0.013819137831825055
8.016557339420316 0.014347453440056921
8.016557339420316 0.01502967373374109
8.016557339420316 0.013655147514656392
8.016557339420316 0.012041083113857768
8.016557339420316 0.012041083113857766
8.016557339420316 0.011885340355585349
8.016557339420316 0.01207206773574381
8.016557339420316 0.013956569159728897
8.016557339420316 0.013764209169287485
8.016557339420316 0.014822067679627555
8.016557339420316 0.013225402617576498
8.058617916508085 0.01260541630805991
8.058617916508085 0.011690042397227656
8.058617916508085 0.010193469251281225
8.058617916508085 0.010055596424054023
8.058617916508085 0.009477062342366241
8.058617916508085 0.007935835411813714
8.247891281265279 0.009919028063495386
8.247891281265279 0.009742572528719688
8.247891281265279 0.008717893590266037
8.247891281265279 0.007837717908578007
8.247891281265279 0.006593504524512876
8.247891281265279 0.0078996877743994
8.247891281265279 0.0077704131629828055
8.247891281265279 0.0077704131629828055
8.247891281265279 0.0077704131629828055
8.247891281265279 0.0077704131629828055
8.247891281265279 0.006487806824531118
8.247891281265279 0.005573845756770669
8.426051804777554 0.00609015823648826
8.426051804777554 0.0062456360454928115
8.426051804777554 0.0062456360454928115
8.426051804777554 0.0062456360454928115
8.426051804777554 0.0062456360454928115
8.426051804777554 0.0062456360454928115
8.426051804777554 0.0062456360454928115
8.426051804777554 0.005326646121390841
8.426051804777554 0.004764695285157246
8.426051804777554 0.005536657814477233
8.426051804777554 0.005536657814477233
8.426051804777554 0.005536657814477233
8.426051804777554 0.00609123782698743
8.426051804777554 0.00609123782698743
8.426051804777554 0.004125888258138549
8.426051804777554 0.003422462770166673
8.426051804777554 0.003422462770166673
8.426051804777554 0.003422462770166673
8.426051804777554 0.004735077031382592
8.426051804777554 0.006421757412320248
8.426051804777554 0.006797478498245792
8.426051804777554 0.006797478498245792
8.426051804777554 0.006223636690623028
8.426051804777554 0.006223636690623028
8.426051804777554 0.006223636690623028
8.426051804777554 0.006223636690623028
8.426051804777554 0.005330875492669811
8.426051804777554 0.004561243972658351
8.426051804777554 0.0051208314952312034
8.426051804777554 0.006108939018113213
8.426051804777554 0.006108939018113213
8.426051804777554 0.00466454851692981
8.426051804777554 0.00466454851692981
8.426051804777554 0.00466454851692981
8.426051804777554 0.00466454851692981
8.675969557218194 0.003438356775585451
8.675969557218194 0.002603629665883568
8.687106038144481 0.0031376463794302117
8.687106038144481 0.0031376463794302117
8.687106038144481 0.0031376463794302117
8.687106038144481 0.0031376463794302117
8.687106038144481 0.0031376463794302117
8.687106038144481 0.0031376463794302117
8.687106038144481 0.0031376463794302117
8.687106038144481 0.003997163395474291
8.687106038144481 0.005233582129628309
8.687106038144481 0.004697941492548188
8.687106038144481 0.005271783300170953
8.687106038144481 0.005271783300170953
8.687106038144481 0.004412266284126874
8.687106038144481 0.004412266284126874
8.687106038144481 0.0038626042830813166
8.687106038144481 0.0038626042830813166
8.687106038144481 0.0033269636460011957
8.687106038144481 0.0033269636460011957
8.687106038144481 0.0033269636460011957
8.687106038144481 0.0033269636460011957
8.687106038144481 0.0033269636460011957
8.687106038144481 0.0014501375854891953
8.687106038144481 0.0014501375854891953
8.687106038144481 0.0024264315316964297
8.687106038144481 0.0024264315316964292
8.687106038144481 0.002917310277991713
8.687106038144481 0.002917310277991713
8.687106038144481 0.002917310277991713
8.687106038144481 0.002917310277991713
8.687106038144481 0.0021783310103751724
8.687106038144481 0.003088891127027274
8.687106038144481 0.003088891127027274
8.687106038144481 0.003088891127027274
8.687106038144481 0.0026482378179001607
8.687106038144481 0.0039801812972511865
8.687106038144481 0.0039801812972511865
8.687106038144481 0.003381559542902389
8.687106038144481 0.0020496160635513636
8.687106038144481 0.0012974280254858187
8.687106038144481 0.001852008037996016
8.687106038144481 0.0021097562025181784
8.687106038144481 0.0021097562025181784
8.687106038144481 0.0019226823082213935
8.687106038144481 0.0019226823082213935
8.687106038144481 0.001907974720821349
8.687106038144481 9.974146041692477E-4
8.687106038144481 6.252542827355748E-4
8.687106038144481 9.861938337182442E-4
8.687106038144481 9.861938337182442E-4
8.687106038144481 9.861938337182442E-4
8.687106038144481 0.0014268471428453575
8.687106038144481 0.0011780319574520627
8.687106038144481 0.0011780319574520627
8.687106038144481 0.0011780319574520627
8.687106038144481 0.0011780319574520627
8.687106038144481 0.0011780319574520627
8.687106038144481 0.0011780319574520627
8.879366156087386 0.0020687984003693104
8.888379750753812 0.0023502574390106916
8.888379750753812 0.0023502574390106916
8.888379750753812 0.002152927941252706
8.888379750753812 0.0016257396931817407
8.888379750753812 0.0016257396931817407
8.888379750753812 0.0022289781028800755
8.888379750753812 0.0022289781028800755
8.888379750753812 0.0022289781028800755
8.888379750753812 0.0022289781028800755
8.888379750753812 0.0011304266577693007
8.888379750753812 0.0013332630025720152
8.888379750753812 0.0013332630025720152
8.888379750753812 0.0013332630025720152
9.075162665147905 0.0018775011144792342
9.075162665147905 0.0019275778827257373
9.075162665147905 0.001645050345543785
9.075162665147905 0.001645050345543785
9.075162665147905 0.002521694367834225
9.075162665147905 0.0036858711597951453
9.075162665147905 0.003102540897535771
9.075162665147905 0.003755170671807762
9.075162665147905 0.003263909605185747
9.075162665147905 0.0031872910130351898
9.075162665147905 0.0026637437957160925
9.075162665147905 0.0026637437957160925
9.075162665147905 0.002663743795716093
9.075162665147905 0.0017017241224691116
9.075162665147905 0.0017017241224691112
9.075162665147905 0.0017017241224691112
9.075162665147905 0.0017017241224691112
9.075162665147905 0.0024003885792999416
9.075162665147905 0.0017625635163849192
9.075162665147905 0.0017625635163849192
9.075162665147905 0.002136710006193283
9.075162665147905 0.002136710006193283
9.345724952061897 0.0017883575367675826
9.345724952061897 0.0014493638935141843
9.345724952061897 7.84926329931888E-4
9.345724952061897 7.84926329931888E-4
9.345724952061897 0.0015363159934344971
9.345724952061897 0.002072747697386527
9.345724952061897 0.0021281965282608367
9.345724952061897 0.0021281965282608367
9.345724952061897 0.002468267499771659
9.345724952061897 0.002468267499771659
9.345724952061897 0.0017459627053667203
9.345724952061897 0.0022197086958427813
9.345724952061897 0.0018997224525491214
9.345724952061897 0.0021959431875233906
9.345724952061897 0.0027424108791711957
9.345724952061897 0.0026033358244151126
9.345724952061897 0.002307115089440843
9.345724952061897 0.002307115089440843
9.345724952061897 0.002307115089440843
9.345724952061897 0.002307115089440843
9.345724952061897 0.002097400820646745
9.417363025625729 0.002036847350604489
9.417363025625729 0.001863390347096255
9.417363025625729 0.001863390347096255
9.417363025625729 0.001863390347096255
9.417363025625729 0.001863390347096255
9.417363025625729 0.001863390347096255
9.417363025625729 0.001930921838664609
9.417363025625729 0.002221212912438542
9.417363025625729 0.002298126376947925
9.417363025625729 0.002298126376947925
9.417363025625729 0.002298126376947925
9.417363025625729 0.001932321164852953
9.417363025625729 0.001932321164852953
9.417363025625729 0.001032767646853187
9.417363025625729 0.0013324586822910836
9.417363025625729 0.0015580928487740125
9.462523138168699 0.001604207062339894
9.462523138168699 0.0014683328723154886
9.462523138168699 0.0016695608256323301
9.462523138168699 0.0016695608256323301
9.462523138168699 0.0016695608256323301
9.462523138168699 0.0012509850220688283
9.462523138168699 0.001925068036717322
9.462523138168699 0.001925068036717322
9.462523138168699 0.001925068036717322
9.462523138168699 0.001925068036717322
9.462523138168699 0.0024939484655880444
9.462523138168699 0.0030209366066176638
9.517183429191192 0.002826311840646025
9.517183429191192 0.0028263118406460248
9.517183429191192 0.002649005384829222
9.517183429191192 0.001585432467018303
9.517183429191192 0.0015854324670183033
9.517183429191192 0.0013925348276556716
9.517183429191192 0.0015904175044210997
9.517183429191192 0.0017195607660186066
9.517183429191192 0.0023371954463861995
9.517183429191192 0.0018080437004820767
9.517183429191192 0.0018991967225491398
9.517183429191192 0.0018991967225491398
9.517183429191192 0.001712699340771069
9.517183429191192 0.0015114713874542275
9.517183429191192 0.0016574536599699703
9.517183429191192 0.0017677743867701733
9.595649624749873 0.0019299733912643967
9.595649624749873 0.0019299733912643967
9.595649624749873 0.0019299733912643967
9.595649624749873 0.0015188920437056229
9.595649624749873 0.0013830178536812176
9.595649624749873 0.001649866349490609
9.595649624749873 0.0016498663494906088
9.595649624749873 0.001649866349490609
9.595649624749873 0.0016926213606219956
9.595649624749873 0.0020721049780256626
9.595649624749873 0.001930136235512246
9.595649624749873 0.0020897043431823787
9.595649624749873 0.0020897043431823787
9.595649624749873 0.0021619623673961503
9.595649624749873 0.0015782252878893386
9.595649624749873 0.0014815842982076075
9.595649624749873 0.0014019786088010848
9.595649624749873 0.0014019786088010848
9.595649624749873 0.0014019786088010848
9.595649624749873 0.0012230428954609913
9.595649624749873 0.0014386713176585287
9.595649624749873 0.0014386713176585287
9.595649624749873 0.0010709791986429163
9.595649624749873 7.863639360061739E-4
9.595649624749873 7.863639360061739E-4
9.595649624749873 6.631586324818559E-4
9.595649624749873 6.631586324818559E-4
9.595649624749873 6.631586324818559E-4
9.595649624749873 6.631586324818559E-4
9.595649624749873 6.631586324818559E-4
9.595649624749873 5.737720753187552E-4
9.595649624749873 4.89709462078396E-4
9.595649624749873 1.9001842664049964E-4
9.595649624749873 2.611682933311347E-4
9.595649624749873 2.611682933311347E-4
9.595649624749873 1.629171001269294E-4
9.595649624749873 1.629171001269294E-4
9.595649624749873 4.806332266094484E-4
9.595649624749873 4.806332266094484E-4
9.595649624749873 4.806332266094484E-4
9.595649624749873 5.724004600457427E-4
9.595649624749873 5.724004600457427E-4
9.683073102336405 6.898222290137009E-4
9.683073102336405 6.898222290137009E-4
9.683073102336405 5.380144280924097E-4
9.683073102336405 3.88865993173154E-4
9.683073102336405 3.17716126482519E-4
9.683073102336405 3.17716126482519E-4
9.683073102336405 3.17716126482519E-4
9.683073102336405 3.17716126482519E-4
9.683073102336405 4.0710268364561983E-4
9.683073102336405 1.896559550678756E-4
9.683073102336405 1.896559550678756E-4
9.683073102336405 8.938655716310083E-5
9.683073102336405 8.938655716310083E-5
9.683073102336405 8.938655716310083E-5
9.683073102336405 8.938655716310083E-5
9.683073102336405 8.938655716310083E-5
9.683073102336405 8.938655716310083E-5
9.683073102336405 8.938655716310083E-5
9.683073102336405 8.938655716310083E-5
9.683073102336405 8.938655716310083E-5
9.683073102336405 1.7800827573974636E-4
9.683073102336405 2.7464926542147746E-4
9.683073102336405 3.587118786618366E-4
9.683073102336405 3.9290940403837626E-4
9.683073102336405 3.9290940403837626E-4
9.683073102336405 3.9290940403837626E-4
9.683073102336405 3.09805927492637E-4
9.683073102336405 3.09805927492637E-4
9.683073102336405 3.09805927492637E-4
9.683073102336405 3.09805927492637E-4
9.683073102336405 2.528490770084838E-4
9.683073102336405 2.363557373704976E-4
9.714738101496522 2.384018397877805E-4
9.714738101496522 3.094881837255933E-4
9.714738101496522 3.094881837255933E-4
9.716130956685564 3.2709169258614875E-4
9.716130956685564 4.046651776409897E-4
9.716130956685564 4.548713276092296E-4
9.739874834869244 5.113623194865062E-4
9.739874834869244 4.4059576698972895E-4
9.739874834869244 4.4059576698972895E-4
9.739874834869244 3.967535728793463E-4
9.739874834869244 3.7834589255629627E-4
9.739874834869244 3.7834589255629627E-4
9.739874834869244 4.156362908430557E-4
9.739874834869244 4.3001756517398014E-4
9.739874834869244 4.3001756517398014E-4
9.739874834869244 4.3001756517398014E-4
9.739874834869244 4.3001756517398014E-4
9.739874834869244 4.3001756517398014E-4
9.739874834869244 4.3001756517398014E-4
9.739874834869244 4.3001756517398014E-4
9.739874834869244 4.853348455408758E-4
9.739874834869244 4.853348455408758E-4
9.739874834869244 2.4242299455490214E-4
9.756880603761873 3.280513596314825E-4
9.756880603761873 3.155427316202849E-4
9.756880603761873 3.155427316202849E-4
9.756880603761873 3.0122442729085553E-4
9.756880603761873 2.8684315295993097E-4
9.756880603761873 2.8684315295993097E-4
9.756880603761873 2.8684315295993097E-4
9.756880603761873 3.147775198658532E-4
9.756880603761873 3.2472231494715017E-4
9.756880603761873 3.2472231494715017E-4
9.756880603761873 5.177442718203834E-4
9.756880603761873 4.128952251092041E-4
9.756880603761873 3.849608582032819E-4
9.756880603761873 1.9871073294791568E-4
9.756880603761873 2.527017554846495E-4
9.756880603761873 1.9639418153076182E-4
9.756880603761873 1.7438293459687152E-4
9.756880603761873 1.7438293459687152E-4
9.756880603761873 1.7438293459687152E-4
9.756880603761873 1.9863590368886897E-4
9.756880603761873 2.254598946684279E-4
9.756880603761873 2.254598946684279E-4
9.756880603761873 2.362014998054381E-4
9.756880603761873 2.5846424887281024E-4
9.785156614582496 2.981249381730959E-4
9.785156614582496 2.981249381730959E-4
9.785156614582496 3.2368526611771146E-4
9.785156614582496 2.9943229702571406E-4
9.785156614582496 2.9637277279801307E-4
9.785156614582496 3.902344474238779E-4
9.785156614582496 4.023669218353718E-4
9.785156614582496 4.004329808239915E-4
9.785156614582496 4.184505170923325E-4
9.785156614582496 4.184505170923325E-4
9.785156614582496 4.1428895868146826E-4
9.785156614582496 4.3110327337296295E-4
9.785156614582496 3.965367228683237E-4
9.785156614582496 3.965367228683237E-4
9.785156614582496 4.0818152877232814E-4
9.785156614582496 4.081815287723282E-4
9.785156614582496 5.115629772769511E-4
9.785156614582496 4.6633251419249204E-4
9.785156614582496 4.921231947485156E-4
9.785156614582496 4.85836586035462E-4
9.785156614582496 4.456449207359051E-4
9.785156614582496 4.0647662465847974E-4
9.78716679180748 3.709641449694996E-4
9.813509969177733 4.2407460450898983E-4
9.813509969177733 3.7820957802911785E-4
9.813509969177733 3.4632288388423987E-4
9.813509969177733 3.2423436052371674E-4
9.815915701263192 3.349904043063155E-4
9.815915701263192 4.0207434453317455E-4
9.815915701263192 3.817847824108376E-4
9.815915701263192 3.534586275947525E-4
9.815915701263192 3.0438582786027996E-4
9.815915701263192 2.797138208477903E-4
9.815915701263192 2.797138208477903E-4
9.815915701263192 2.0959734251077994E-4
9.815915701263192 1.950836926694237E-4
9.815915701263192 1.950836926694237E-4
9.815915701263192 1.8192486967086234E-4
9.815915701263192 2.0733245432157858E-4
9.815915701263192 1.6929110096917022E-4
9.815915701263192 1.6929110096917022E-4
9.815915701263192 1.5032445956640882E-4
9.815915701263192 1.6957456875261833E-4
9.815915701263192 1.6957456875261833E-4
9.815915701263192 1.6957456875261833E-4
9.815915701263192 2.1167951655806264E-4
Score: 9.815915701263192
Runtime: 819ms
