5.319006595106039E-6 5.332969849067967
0.0038707947260366487 4.673762057193549
0.0038707947260366487 4.289816863518362
0.009520270767546283 3.8737535015245492
0.009520270767546283 3.5184597113417544
0.06627028453657455 3.3046536522057077
0.06627028453657455 3.1083345272394887
0.06627028453657455 2.9243032540401876
0.06627028453657455 2.7950310540526018
0.06627028453657455 2.669939614591619
0.06627028453657455 2.554949994964767
0.06627028453657455 2.4405096288634622
0.06627028453657455 2.414731794295239
0.07106750730443522 2.3525929733054007
0.07106750730443522 2.287009476068484
0.09371607657114185 2.2508907773846305
0.11723543825387395 2.2285153858513898
0.3844136306052908 2.2155611742262042
0.3844136306052908 2.1157229572357497
0.464829274327065 2.043745800744577
0.464829274327065 1.9933820262944455
0.464829274327065 1.9482540730560935
1.1050354720494455 1.8167305582814977
1.1050354720494455 1.7960953382923874
1.1050354720494455 1.7009027979910134
1.1050354720494455 1.6325232152542635
1.1050354720494455 1.6161145778071109
1.1050354720494455 1.530979348596657
1.7461570615495046 1.4768213372216972
1.7461570615495046 1.485354718226425
1.7461570615495046 1.4323894083175268
1.7461570615495046 1.3906865127548675
1.7461570615495046 1.405305046200197
1.7461570615495046 1.3729961320901147
1.7461570615495046 1.2959938730527794
1.7461570615495046 1.2066202045674488
1.7461570615495046 1.1483152789688003
1.7461570615495046 1.129584003997137
1.7461570615495046 1.0481846937875718
1.7461570615495046 1.0702682093624667
2.064647316015256 1.0415477301590998
2.064647316015256 1.0188405111191263
2.064647316015256 0.927234328120279
2.093711675710515 0.8987514473072561
2.093711675710515 0.8771680224211145
2.093711675710515 0.8405939436074251
2.093711675710515 0.786360784965154
2.093711675710515 0.7665050188547372
2.093711675710515 0.8004782352286394
2.093711675710515 0.7050174775606406
2.5439088083667705 0.6805102049965924
2.5439088083667705 0.6745990012723053
2.8462027249335375 0.6984441966934593
2.8462027249335375 0.6765620711476578
2.8462027249335375 0.6658913951764501
2.8462027249335375 0.6547548683431482
2.8462027249335375 0.6285593854353699
2.8462027249335375 0.5801971168847166
3.86009114854609 0.5979252845513252
3.86009114854609 0.5946962641685447
3.86009114854609 0.5920334909259369
3.86009114854609 0.5680280659559366
3.86009114854609 0.5290238860104781
3.86009114854609 0.5169624397551218
3.86009114854609 0.5229514620333252
3.86009114854609 0.5185841348696014
3.86009114854609 0.5106218856110829
3.86009114854609 0.5419876668043508
3.86009114854609 0.5182888730659299
3.86009114854609 0.5315681221490998
3.884938033943011 0.5452539250582686
3.884938033943011 0.5031806509272599
4.2831413619460825 0.48850599552463325
4.2831413619460825 0.47411963492003434
4.2831413619460825 0.4624638890891693
4.2831413619460825 0.4646746219895621
4.2831413619460825 0.458033982714886
4.2831413619460825 0.4395176476729844
4.2831413619460825 0.39157593437513244
4.2831413619460825 0.3889637433058897
4.584670898891002 0.37074101535728954
4.584670898891002 0.36105175571206016
4.584670898891002 0.3239304231986597
4.584670898891002 0.29903663686133036
5.256718170093887 0.2792888229984934
5.256718170093887 0.2615308404077053
5.256718170093887 0.260556707273053
5.256718170093887 0.2752566966331201
5.256718170093887 0.2672729304413404
5.256718170093887 0.2475122893873963
5.256718170093887 0.2376577719049329
5.256718170093887 0.23305917295803794
5.943130309867495 0.22326774229463514
5.943130309867495 0.2036698302938964
5.943130309867495 0.192205229385768
5.943130309867495 0.19140912019802817
5.943130309867495 0.18291714619984561
5.943130309867495 0.16167155189862695
5.943130309867495 0.16982685412279808
5.943130309867495 0.1554703122890581
5.943130309867495 0.1442256694192314
5.943130309867495 0.15688384104611927
5.943130309867495 0.14824739213611846
6.0468278914202935 0.15573002608680242
6.0468278914202935 0.14965184544875498
6.0468278914202935 0.14547083372671396
6.0468278914202935 0.13548785244763772
6.0468278914202935 0.1383568690314145
6.0468278914202935 0.14797398464335587
6.0468278914202935 0.1430301471019782
6.0468278914202935 0.13460793319958747
6.0468278914202935 0.12758491060563903
6.0468278914202935 0.13322757822491868
6.0468278914202935 0.12743705084591256
6.0468278914202935 0.12390598167867975
6.0468278914202935 0.12928558294222023
6.0468278914202935 0.12300654044614898
6.0468278914202935 0.11736911441364697
6.0468278914202935 0.1122411229917603
6.0468278914202935 0.10851073055385071
6.0468278914202935 0.10554483045277915
6.0468278914202935 0.1015736943035204
6.0468278914202935 0.09353716906897237
6.0468278914202935 0.09064088202413528
6.0468278914202935 0.08639864449894441
6.0468278914202935 0.07973819671725976
6.0468278914202935 0.08127545547337495
6.0468278914202935 0.08015309384596746
6.0468278914202935 0.08015309384596746
6.74873441994083 0.08625811016793293
6.74873441994083 0.07960983636034834
6.74873441994083 0.08234324729918453
6.74873441994083 0.07736128819168643
6.74873441994083 0.0691516263890117
6.74873441994083 0.060991734198729664
6.74873441994083 0.05748782181691612
6.74873441994083 0.05594151090497997
7.477363588542884 0.05520595383817617
7.477363588542884 0.052558046293175835
7.477363588542884 0.0456113361586354
7.477363588542884 0.04979014258877833
7.477363588542884 0.044772985718662346
7.477363588542884 0.045081496253558624
7.477363588542884 0.04841045068408767
7.477363588542884 0.045260762478197825
7.477363588542884 0.04835573270692807
7.477363588542884 0.04447174422624359
7.477363588542884 0.04218491771936951
7.477363588542884 0.04688483409481989
7.477363588542884 0.046728142807870354
7.477363588542884 0.045238513415383805
7.477363588542884 0.039564828673900564
7.477363588542884 0.0400358639632323
7.793652848003125 0.035009080241433996
7.793652848003125 0.03108245446268882
7.793652848003125 0.03006255024168676
7.793652848003125 0.030062550241686765
7.793652848003125 0.02987951223927329
7.793652848003125 0.028996666585900204
7.793652848003125 0.02481362796687342
7.793652848003125 0.025421321921728707
7.793652848003125 0.01827806143730069
7.793652848003125 0.019716528998211826
7.793652848003125 0.02132294570336819
7.793652848003125 0.020159079269620763
7.793652848003125 0.02121484461609637
7.793652848003125 0.018928493394526406
7.793652848003125 0.020556754878036192
7.793652848003125 0.016743897015730123
7.793652848003125 0.02093211975862132
7.793652848003125 0.019572322668965744
7.793652848003125 0.021109968227259242
7.793652848003125 0.02040998938174608
7.793652848003125 0.01818524911655244
7.793652848003125 0.017852090828767243
7.793652848003125 0.02121818134123011
7.793652848003125 0.021828219542058474
7.793652848003125 0.02358623721072483
7.81203446376658 0.02488050938993781
7.81203446376658 0.02493951829767689
7.897148356794521 0.025096677008630414
7.897148356794521 0.02635311757209632
7.897148356794521 0.024418894620571664
7.897148356794521 0.02266550456897637
7.897148356794521 0.021359788208590958
7.897148356794521 0.02045279478745166
8.12657701419515 0.020151396845925193
8.12657701419515 0.01719866709206818
8.12657701419515 0.01570299033977587
8.12657701419515 0.01710178823759876
8.12657701419515 0.015765748287008913
8.12657701419515 0.0151131862769009
8.12657701419515 0.015175934913502838
8.12657701419515 0.01496384850797535
8.12657701419515 0.013787428203296764
8.12657701419515 0.015974662659550658
8.12657701419515 0.01419271516277701
8.12657701419515 0.01736042663015998
8.12657701419515 0.01637402317800192
8.12657701419515 0.015575873935117598
8.12657701419515 0.015063267101614762
8.12657701419515 0.013038789492745983
8.12657701419515 0.013040698713770112
8.12657701419515 0.01234805317210558
8.12657701419515 0.012592625744460935
8.12657701419515 0.015816331042866335
8.12657701419515 0.016483917228014032
8.12657701419515 0.016944218249459696
8.12657701419515 0.015385041921794155
8.12657701419515 0.014715779222291408
8.12657701419515 0.013559501579049537
8.12657701419515 0.010691205551191142
8.12657701419515 0.010578692897488615
8.1857979849555 0.011076268350668255
8.1857979849555 0.011390228857103887
8.1857979849555 0.011191958449504701
8.1857979849555 0.010779932867557669
8.1857979849555 0.010471974349931436
8.1857979849555 0.010228800623189453
8.1857979849555 0.01074975084635111
8.1857979849555 0.013236553733147024
8.1857979849555 0.009773690540918114
8.1857979849555 0.008825531758512882
8.1857979849555 0.008667339290248271
8.1857979849555 0.007686323895122678
8.1857979849555 0.007511877687240771
8.1857979849555 0.007034344665620438
8.41417299534413 0.0070392438562932175
8.41417299534413 0.007634640620961591
8.41417299534413 0.008516272391048057
8.41417299534413 0.009093151884502852
8.41417299534413 0.01022308840533491
8.41417299534413 0.01022308840533491
8.41417299534413 0.01022308840533491
8.41417299534413 0.01022308840533491
8.41417299534413 0.010326088536170196
8.41417299534413 0.010634330320972031
8.41417299534413 0.010634330320972031
8.41417299534413 0.011089128006157802
8.41417299534413 0.011444277332761887
8.41417299534413 0.011946556643410546
8.41417299534413 0.011712278079864621
8.41417299534413 0.011366651134550097
8.41417299534413 0.010638155120791186
8.41417299534413 0.010259003154569684
8.41417299534413 0.010183910541573651
8.687706450205617 0.006960331133519966
8.687706450205617 0.006853277839513256
8.687706450205617 0.006891730003103613
8.89615965622087 0.007718143981718611
8.89615965622087 0.007718143981718611
8.89615965622087 0.008186488209259041
8.89615965622087 0.007091330362555482
8.89615965622087 0.009262186044632227
8.89615965622087 0.008889983133997532
8.89615965622087 0.009370287383572633
8.89615965622087 0.01034270842842812
8.89615965622087 0.01114651161890945
8.89615965622087 0.01080125630962148
8.89615965622087 0.010093948429846284
8.89615965622087 0.010351875443677343
8.89615965622087 0.009386077535562205
8.89615965622087 0.00841365649070672
8.89615965622087 0.007694157250846231
8.89615965622087 0.006601970287214947
8.89615965622087 0.008510165777513406
8.89615965622087 0.007912568212777965
8.89615965622087 0.0076105234735278195
8.89615965622087 0.006571088812447116
8.89615965622087 0.0066270547753801996
8.89615965622087 0.006744592142935389
8.89615965622087 0.006570311276488259
8.89615965622087 0.00610516281687852
8.89615965622087 0.00610516281687852
8.89615965622087 0.006457396627152861
8.89615965622087 0.0065263450967347255
8.89615965622087 0.004729109033711801
8.89615965622087 0.004729109033711799
8.89615965622087 0.004076697148938349
8.89615965622087 0.004076697148938349
8.89615965622087 0.004774809441326139
8.89615965622087 0.006402780115435686
8.89615965622087 0.005875902414488976
8.89615965622087 0.005595562388078567
8.89615965622087 0.006253880755254465
8.89615965622087 0.005893017399774995
8.89615965622087 0.006279045930984203
8.89615965622087 0.006279045930984204
8.89615965622087 0.006927511921235599
8.89615965622087 0.006503394488730781
8.89615965622087 0.006503394488730781
8.89615965622087 0.006450958133462666
8.89615965622087 0.005802492143211271
8.89615965622087 0.005973857751052008
8.89615965622087 0.006208487792406591
8.89615965622087 0.005404800431766113
8.89615965622087 0.005404800431766114
8.89615965622087 0.004921049812563825
8.89615965622087 0.005338203185087358
8.89615965622087 0.004921049812563825
8.89615965622087 0.004921049812563825
8.89615965622087 0.005276510625876665
8.89615965622087 0.004488630893562658
8.89615965622087 0.004488630893562658
8.89615965622087 0.005905886817727951
8.89615965622087 0.0059828397254507925
8.89615965622087 0.005260485103001832
8.89615965622087 0.004958443527289441
8.89615965622087 0.004283594881452467
8.89615965622087 0.004961421233951177
8.89615965622087 0.004961421233951177
8.89615965622087 0.004283594881452467
8.89615965622087 0.004870028795066815
8.89615965622087 0.004218627580280958
8.89615965622087 0.0037248574392251214
8.89615965622087 0.0037248574392251214
8.89615965622087 0.0037248574392251214
8.89615965622087 0.003476249558458276
8.89615965622087 0.004123899989573459
8.89615965622087 0.005497075842547795
8.89615965622087 0.004849425411432611
8.89615965622087 0.004849425411432612
8.89615965622087 0.004849425411432611
8.89615965622087 0.004265365610086592
8.89615965622087 0.0038833839223695846
8.89615965622087 0.0038833839223695846
8.89615965622087 0.0033108251945936037
8.89615965622087 0.0033108251945936037
8.89615965622087 0.002909277109181128
8.89615965622087 0.002909277109181128
8.89615965622087 0.004333346458500908
8.89615965622087 0.004333346458500908
8.89615965622087 0.004333346458500908
8.89615965622087 0.004333346458500908
8.89615965622087 0.004333346458500908
8.89615965622087 0.004333346458500908
8.89615965622087 0.004333346458500908
8.89615965622087 0.004333346458500908
8.89615965622087 0.004333346458500908
8.89615965622087 0.004333346458500908
8.89615965622087 0.004333346458500908
8.89615965622087 0.002909277109181128
8.89615965622087 0.002909277109181128
8.89615965622087 0.002909277109181128
8.89615965622087 0.002909277109181128
8.89615965622087 0.002909277109181128
8.89615965622087 0.002909277109181128
8.89615965622087 0.002909277109181128
8.89615965622087 0.0021488961351243917
8.89615965622087 0.0021488961351243917
8.89615965622087 0.0021488961351243917
8.89615965622087 0.0021488961351243917
8.89615965622087 0.0021488961351243917
8.89615965622087 0.0021488961351243917
8.89615965622087 0.0021488961351243917
8.89615965622087 0.0021488961351243917
8.89615965622087 0.0021488961351243917
8.89615965622087 0.0021488961351243917
8.89615965622087 0.0021488961351243917
8.89615965622087 0.0021488961351243917
8.89615965622087 0.0021488961351243917
8.89615965622087 0.001279926926498605
8.957777603612932 0.0014951588041828008
8.957777603612932 0.0014951588041828008
8.957777603612932 0.0014951588041828008
8.957777603612932 0.0014951588041828008
8.957777603612932 0.0018247015586244767
8.957777603612932 0.0018247015586244767
8.957777603612932 0.0018247015586244767
8.957777603612932 4.575326331017E-4
8.957777603612932 4.575326331017E-4
8.957777603612932 4.575326331017E-4
8.957777603612932 4.575326331017E-4
8.957777603612932 4.575326331017E-4
8.957777603612932 4.575326331017E-4
8.957777603612932 4.575326331017E-4
8.957777603612932 4.575326331017E-4
8.957777603612932 4.575326331017E-4
8.957777603612932 4.575326331017E-4
8.957777603612932 4.575326331017E-4
8.957777603612932 4.575326331017E-4
8.957777603612932 4.575326331017E-4
8.957777603612932 4.575326331017E-4
8.957777603612932 0.0
8.957777603612932 0.0
9.001705206377578 2.9318037812403434E-4
9.001705206377578 2.9318037812403434E-4
9.001705206377578 2.9318037812403434E-4
9.001705206377578 2.9318037812403434E-4
9.001705206377578 2.9318037812403434E-4
9.001705206377578 2.9318037812403434E-4
9.001705206377578 2.9318037812403434E-4
9.001705206377578 2.9318037812403434E-4
9.001705206377578 2.9318037812403434E-4
9.001705206377578 2.9318037812403434E-4
9.001705206377578 2.9318037812403434E-4
9.001705206377578 2.9318037812403434E-4
9.001705206377578 2.9318037812403434E-4
9.001705206377578 2.9318037812403434E-4
9.001705206377578 2.9318037812403434E-4
9.001705206377578 2.9318037812403434E-4
9.001705206377578 2.9318037812403434E-4
9.001705206377578 2.9318037812403434E-4
9.001705206377578 2.9318037812403434E-4
9.001705206377578 2.9318037812403434E-4
9.001705206377578 2.9318037812403434E-4
9.001705206377578 2.9318037812403434E-4
9.001705206377578 0.0
9.001705206377578 0.0
9.001705206377578 0.0
9.001705206377578 0.0
9.001705206377578 0.0
9.001705206377578 2.0263718028680578E-4
9.001705206377578 2.0263718028680578E-4
9.001705206377578 2.0263718028680578E-4
9.001705206377578 2.0263718028680578E-4
9.001705206377578 2.0263718028680578E-4
9.001705206377578 2.0263718028680578E-4
9.001705206377578 2.0263718028680578E-4
9.001705206377578 2.0263718028680578E-4
9.001705206377578 2.0263718028680578E-4
9.001705206377578 2.0263718028680578E-4
9.001705206377578 2.0263718028680578E-4
9.001705206377578 2.0263718028680578E-4
9.001705206377578 2.0263718028680578E-4
9.001705206377578 2.0263718028680578E-4
9.001705206377578 2.0263718028680578E-4
9.001705206377578 2.0263718028680578E-4
9.001705206377578 2.0263718028680578E-4
9.001705206377578 2.0263718028680578E-4
9.001705206377578 2.0263718028680578E-4
9.001705206377578 2.0263718028680578E-4
9.001705206377578 3.990340570869483E-4
9.001705206377578 3.990340570869483E-4
9.001705206377578 3.990340570869483E-4
9.001705206377578 2.0263718028680578E-4
9.001705206377578 2.0263718028680578E-4
9.001705206377578 2.0263718028680578E-4
9.001705206377578 2.0263718028680578E-4
9.001705206377578 2.0263718028680578E-4
9.001705206377578 2.0263718028680578E-4
9.001705206377578 2.0263718028680578E-4
9.001705206377578 0.0
9.001705206377578 0.0
9.001705206377578 0.0
9.001705206377578 0.0
9.001705206377578 3.900206306238454E-4
9.001705206377578 3.900206306238454E-4
9.001705206377578 3.900206306238454E-4
9.001705206377578 3.900206306238454E-4
9.001705206377578 3.900206306238454E-4
9.001705206377578 3.900206306238454E-4
9.001705206377578 3.900206306238454E-4
9.001705206377578 0.0
9.001705206377578 0.0
9.001705206377578 0.0
9.001705206377578 0.0
9.001705206377578 0.0
9.001705206377578 0.0
9.001705206377578 0.0
9.001705206377578 0.0
9.001705206377578 0.0
9.001705206377578 2.1523187768419545E-4
9.001705206377578 2.1523187768419545E-4
9.001705206377578 2.1523187768419545E-4
9.001705206377578 2.1523187768419545E-4
9.001705206377578 2.1523187768419545E-4
9.001705206377578 0.0
9.001705206377578 0.0
9.001705206377578 0.0
9.001705206377578 0.0
9.001705206377578 0.0
9.001705206377578 0.0
9.001705206377578 0.0
9.001705206377578 0.0
9.001705206377578 0.0
9.001705206377578 0.0
9.001705206377578 0.0
9.001705206377578 0.0
9.001705206377578 0.0
9.001705206377578 1.9639687680014252E-4
9.001705206377578 0.0
9.001705206377578 0.0
9.001705206377578 0.0
9.001705206377578 0.0
9.001705206377578 0.0
9.001705206377578 0.0
9.001705206377578 0.0
9.001705206377578 0.0
9.001705206377578 0.0
9.001705206377578 0.0
9.001705206377578 0.0
9.001705206377578 3.2347716333867003E-4
9.001705206377578 3.2347716333867003E-4
9.001705206377578 3.2347716333867003E-4
9.001705206377578 3.2347716333867003E-4
9.001705206377578 0.0
9.001705206377578 0.0
9.001705206377578 0.0
9.001705206377578 0.0
9.001705206377578 0.0
9.001705206377578 0.0
9.001705206377578 0.0
9.001705206377578 0.0
9.001705206377578 0.0
9.001705206377578 0.0
9.001705206377578 0.0
9.001705206377578 0.0
9.001705206377578 0.0
9.001705206377578 0.0
9.001705206377578 0.0
9.001705206377578 0.0
9.001705206377578 0.0
9.001705206377578 0.0
9.001705206377578 0.0
9.001705206377578 0.0
9.001705206377578 0.0
9.001705206377578 0.0
9.001705206377578 0.0
9.001705206377578 0.0
9.001705206377578 0.0
9.001705206377578 0.0
9.001705206377578 0.0
9.001705206377578 0.0
9.001705206377578 0.0
9.001705206377578 0.0
9.001705206377578 0.0
9.001705206377578 0.0
9.001705206377578 0.0
9.001705206377578 0.0
9.001705206377578 0.0
9.001705206377578 0.0
9.001705206377578 0.0
9.001705206377578 0.0
9.001705206377578 0.0
9.001705206377578 0.0
9.001705206377578 0.0
9.001705206377578 0.0
9.001705206377578 0.0
9.001705206377578 0.0
9.001705206377578 0.0
9.001705206377578 0.0
9.001705206377578 0.0
9.001705206377578 0.0
9.001705206377578 0.0
9.001705206377578 0.0
9.001705206377578 0.0
9.001705206377578 0.0
9.001705206377578 0.0
9.001705206377578 0.0
9.001705206377578 0.0
9.001705206377578 0.0
9.001705206377578 0.0
9.001705206377578 0.0
9.001705206377578 0.0
9.001705206377578 0.0
9.001705206377578 0.0
9.001705206377578 0.0
9.001705206377578 0.0
9.001705206377578 0.0
9.001705206377578 0.0
9.001705206377578 0.0
9.001705206377578 0.0
9.001705206377578 0.0
9.001705206377578 0.0
9.001705206377578 0.0
9.001705206377578 0.0
9.001705206377578 0.0
9.001705206377578 0.0
9.001705206377578 0.0
9.001705206377578 0.0
9.001705206377578 0.0
9.001705206377578 0.0
9.001705206377578 0.0
9.001705206377578 0.0
9.001705206377578 0.0
9.001705206377578 0.0
9.001705206377578 0.0
9.001705206377578 0.0
9.001705206377578 0.0
9.001705206377578 0.0
9.001705206377578 0.0
9.001705206377578 0.0
9.001705206377578 0.0
9.001705206377578 0.0
9.001705206377578 0.0
9.001705206377578 0.0
9.001705206377578 0.0
9.001705206377578 0.0
9.001705206377578 0.0
9.001705206377578 0.0
9.001705206377578 0.0
9.001705206377578 0.0
9.001705206377578 0.0
9.001705206377578 0.0
9.001705206377578 0.0
9.001705206377578 0.0
9.001705206377578 0.0
9.001705206377578 0.0
9.001705206377578 0.0
9.001705206377578 0.0
9.001705206377578 0.0
9.001705206377578 0.0
9.001705206377578 0.0
9.001705206377578 0.0
9.001705206377578 0.0
9.001705206377578 0.0
9.001705206377578 0.0
9.001705206377578 0.0
9.001705206377578 0.0
9.001705206377578 0.0
9.001705206377578 0.0
9.001705206377578 0.0
9.001705206377578 0.0
9.001705206377578 0.0
9.001705206377578 0.0
9.001705206377578 0.0
9.001705206377578 0.0
9.001705206377578 0.0
9.001705206377578 0.0
9.001705206377578 0.0
9.001705206377578 0.0
9.001705206377578 0.0
9.001705206377578 0.0
9.001705206377578 0.0
9.001705206377578 0.0
9.001705206377578 0.0
9.001705206377578 0.0
9.001705206377578 0.0
9.001705206377578 0.0
9.001705206377578 0.0
9.001705206377578 0.0
9.001705206377578 0.0
9.001705206377578 0.0
9.001705206377578 0.0
9.001705206377578 0.0
9.001705206377578 0.0
9.001705206377578 0.0
9.001705206377578 0.0
9.001705206377578 0.0
9.001705206377578 0.0
9.001705206377578 0.0
9.001705206377578 0.0
9.001705206377578 0.0
9.001705206377578 0.0
9.001705206377578 0.0
9.001705206377578 0.0
9.001705206377578 0.0
9.001705206377578 0.0
9.001705206377578 0.0
9.001705206377578 0.0
9.001705206377578 0.0
9.001705206377578 0.0
9.001705206377578 0.0
9.001705206377578 0.0
9.001705206377578 0.0
9.001705206377578 0.0
9.001705206377578 0.0
9.001705206377578 0.0
9.001705206377578 0.0
9.001705206377578 0.0
9.001705206377578 0.0
9.001705206377578 0.0
9.001705206377578 0.0
9.001705206377578 0.0
Score: 9.001705206377578
Runtime: 983ms
