2.3804798002936218E-7 6.508058320027248
2.3804798002936218E-7 6.249867085345127
2.3804798002936218E-7 5.296708664338493
2.3804798002936218E-7 5.134952604108561
9.633378640086969E-4 4.916191666847357
9.633378640086969E-4 4.661248377856449
9.633378640086969E-4 4.24908713291983
9.633378640086969E-4 4.233253463034443
9.633378640086969E-4 4.385760644087139
9.633378640086969E-4 4.317847257469071
9.633378640086969E-4 4.055641961053044
9.633378640086969E-4 3.906207009238408
9.633378640086969E-4 3.6996442226135366
0.002305073027453292 3.7192849788543665
0.02016964675232682 3.539122542570789
0.02016964675232682 3.4172825854538735
0.029355535685625413 3.406216747001575
0.029355535685625413 3.1133910123197603
0.06480921250367712 3.114472508856845
0.06480921250367712 2.7191158240890916
0.06480921250367712 2.7148386945372733
0.06480921250367712 2.7196849689095313
0.06480921250367712 2.6570975145910385
0.06480921250367712 2.56109834127584
0.06480921250367712 2.6564755830104088
0.09350802521534846 2.902425745183911
0.38622597351929416 2.5007194420184096
0.38622597351929416 2.1736697206714037
0.38622597351929416 2.105201470610048
0.829251462693134 2.1118749019818592
1.2723202537028229 1.9289242093084982
1.2723202537028229 1.7508246013077535
1.2723202537028229 1.7005536618047743
1.2723202537028229 1.6371843166667586
1.2723202537028229 1.513282403655681
1.2723202537028229 1.5491514626341216
1.8211852540281812 1.3260969413771801
1.8211852540281812 1.432812708495561
1.8211852540281812 1.3242616358644017
1.8211852540281812 1.3444469387321933
1.8211852540281812 1.2314288348824993
1.8211852540281812 1.265978295589063
2.22066072307409 1.2049602471139154
2.22066072307409 1.2757406769776432
2.22066072307409 1.2950296121365499
2.22066072307409 1.3710068102765631
2.22066072307409 1.2792196641457105
2.22066072307409 1.1930319338022064
2.22066072307409 1.1133027711235117
2.22066072307409 1.114943119135292
2.22066072307409 1.1791085039392224
2.22066072307409 1.0642237013809441
2.22066072307409 1.0459695926211154
2.22066072307409 0.964983144981446
2.313456161606417 0.9025286377159748
2.313456161606417 0.8683021441927673
2.313456161606417 0.8387571055282234
2.313456161606417 0.9088936652451274
2.313456161606417 0.8747542279285478
2.313456161606417 0.8526431094331247
2.313456161606417 0.8287072574851255
2.313456161606417 0.7753544137764308
2.313456161606417 0.7273913348993528
2.313456161606417 0.7854824306511712
2.313456161606417 0.7418381904890738
2.313456161606417 0.7274131546012552
2.313456161606417 0.6978981396404065
2.727698993860032 0.7333372718510873
2.727698993860032 0.7333372718510873
2.727698993860032 0.7814134542067173
2.727698993860032 0.7376230544323552
2.727698993860032 0.7376230544323553
2.727698993860032 0.6977424328941408
2.727698993860032 0.6977424328941408
2.727698993860032 0.6278356618354594
2.727698993860032 0.56773711975557
2.727698993860032 0.5456402068556686
2.727698993860032 0.5068022845371936
2.727698993860032 0.43023170847579173
2.727698993860032 0.41435585296527294
2.727698993860032 0.4092380056207004
3.79538289402002 0.3363706568457942
3.79538289402002 0.2909342260633382
3.79538289402002 0.2909342260633382
3.79538289402002 0.26478333595968606
3.79538289402002 0.28149143230761603
3.79538289402002 0.20608395935330726
3.79538289402002 0.20489685108140776
3.79538289402002 0.1718740273485113
3.79538289402002 0.1658272276948858
3.79538289402002 0.18660518168355447
3.79538289402002 0.15888964254713492
3.79538289402002 0.15888964254713492
3.79538289402002 0.14875420953530316
3.79538289402002 0.14397017559201558
3.79538289402002 0.1521688940718842
3.79538289402002 0.1447688594727938
3.79538289402002 0.15014193576521276
3.79538289402002 0.1510858248795135
4.175209837689956 0.17801400072810644
4.673047279322214 0.17560626425167278
4.673047279322214 0.17560626425167275
4.673047279322214 0.2034226869551749
4.673047279322214 0.2034226869551749
4.673047279322214 0.2027027684445034
4.673047279322214 0.16575467397487403
4.673047279322214 0.17496417103591988
4.673047279322214 0.1690967282194013
4.673047279322214 0.15336360735767052
4.673047279322214 0.18431119442013
4.673047279322214 0.18431119442013
4.673047279322214 0.1804189892387614
4.673047279322214 0.18501500329078052
4.893260500011498 0.19027201976853342
4.893260500011498 0.160918597374894
4.893260500011498 0.15300117226359866
4.893260500011498 0.11151762648682789
4.893260500011498 0.12338725914231359
4.893260500011498 0.12338725914231358
4.893260500011498 0.13443743030275995
4.893260500011498 0.1737949140769895
4.893260500011498 0.15806179321525868
4.893260500011498 0.16940116999620605
5.799272919282745 0.2127556698449915
5.799272919282745 0.18068956908297928
5.799272919282745 0.1816958974484003
5.799272919282745 0.16052687782263353
5.799272919282745 0.15616418072116364
5.799272919282745 0.14343358768284847
5.799272919282745 0.14343358768284847
5.8789245960584715 0.13846986959391727
5.8789245960584715 0.15122974382259902
5.8789245960584715 0.15122974382259902
5.8789245960584715 0.14050356993945803
6.058756862916899 0.12580616382810994
6.058756862916899 0.12035302659370047
6.058756862916899 0.12035302659370045
6.058756862916899 0.11542356299512635
6.058756862916899 0.1091869426235657
6.058756862916899 0.11256986260168998
6.058756862916899 0.11256986260169001
6.058756862916899 0.0877412829028417
6.058756862916899 0.07508868914400253
6.058756862916899 0.06579771264859538
6.432209474656792 0.06860339683210154
6.432209474656792 0.053671269175307346
6.432209474656792 0.060609916987053224
6.525322014042139 0.06118811615344643
6.525322014042139 0.05461303134584794
6.525322014042139 0.05708897517970533
6.525322014042139 0.05708897517970532
6.525322014042139 0.05708897517970532
6.525322014042139 0.05687918806741082
7.010548927917148 0.06780767278853783
7.010548927917148 0.06123258798093933
7.010548927917148 0.06462592727818238
7.010548927917148 0.06661031371049661
7.010548927917148 0.0666745961008654
7.010548927917148 0.08251371616721088
7.010548927917148 0.06652514876157395
7.010548927917148 0.07287117431509497
7.010548927917148 0.06549474410566576
7.010548927917148 0.06549474410566578
7.010548927917148 0.06994866802166472
7.010548927917148 0.06187452383935765
7.010548927917148 0.06785042866403221
7.021046798655748 0.06465403147627397
7.021046798655748 0.06643347560719634
7.021046798655748 0.05266320692830068
7.021046798655748 0.04579196449638146
7.021046798655748 0.04418528167985735
7.021046798655748 0.03918134902197599
7.021046798655748 0.04122443110879475
7.021046798655748 0.03674988712069619
7.021046798655748 0.03674988712069619
7.021046798655748 0.03674988712069619
7.619720071123565 0.0388778696814308
7.619720071123565 0.03887786968143082
7.619720071123565 0.03852315408593011
7.619720071123565 0.04477662065290112
7.619720071123565 0.0431194597533406
7.619720071123565 0.049694544560939094
7.619720071123565 0.04237888650382257
7.619720071123565 0.036343326140012476
7.619720071123565 0.04299876620429509
7.619720071123565 0.029798399905924634
7.619720071123565 0.033313763984329524
7.619720071123565 0.02720696265370224
7.619720071123565 0.02720696265370224
7.619720071123565 0.02720696265370224
7.619720071123565 0.034217486887404835
7.619720071123565 0.03460111834061508
7.619720071123565 0.039648417947410974
7.619720071123565 0.03964841794741098
7.619720071123565 0.03263789371370838
7.619720071123565 0.03629854838988997
7.619720071123565 0.03184462447389102
7.619720071123565 0.030484301510966382
7.619720071123565 0.025378288322751782
7.619720071123565 0.01742629993087448
7.619720071123565 0.01742629993087448
7.619720071123565 0.00977795536453301
7.619720071123565 0.00977795536453301
7.619720071123565 0.00977795536453301
7.619720071123565 0.018579703315039768
7.619720071123565 0.013046628756672937
7.619720071123565 0.013046628756672937
7.619720071123565 0.017499873690154603
7.619720071123565 0.013046628756672937
7.619720071123565 0.013046628756672937
7.619720071123565 0.020202988024387806
7.619720071123565 0.020202988024387806
7.619720071123565 0.020202988024387806
7.619720071123565 0.020202988024387806
7.619720071123565 0.013976963959492888
7.619720071123565 0.013976963959492888
7.619720071123565 0.013976963959492888
7.619720071123565 0.0031867538553491037
7.619720071123565 0.00921096153769215
7.619720071123565 0.00921096153769215
7.619720071123565 0.0035530014082405586
7.619720071123565 0.0035530014082405586
7.619720071123565 0.0
7.619720071123565 0.0
7.619720071123565 0.0
7.619720071123565 0.0
7.619720071123565 0.0
7.619720071123565 0.0
7.619720071123565 0.0
7.619720071123565 0.0
7.619720071123565 0.007645020698750716
7.619720071123565 0.007645020698750716
7.619720071123565 0.007645020698750716
7.619720071123565 0.007645020698750716
7.619720071123565 0.0
7.905070086665212 0.002287869410799624
7.905070086665212 0.002287869410799624
7.905070086665212 0.002287869410799624
7.905070086665212 0.002287869410799624
7.905070086665212 0.002287869410799624
7.905070086665212 0.002287869410799624
7.905070086665212 0.002287869410799624
7.905070086665212 0.002287869410799624
7.905070086665212 0.002287869410799624
7.905070086665212 0.002287869410799624
7.905070086665212 0.002287869410799624
7.905070086665212 0.007825911642299198
7.905070086665212 0.0072497085703939505
7.905070086665212 0.0072497085703939505
7.905070086665212 0.0072497085703939505
7.905070086665212 0.0
7.905070086665212 0.0
7.905070086665212 0.0
7.905070086665212 0.0
7.905070086665212 0.0
7.905070086665212 0.0
7.905070086665212 0.0
7.905070086665212 0.0
7.905070086665212 0.0
7.905070086665212 0.0
7.905070086665212 0.0
7.905070086665212 0.0
7.905070086665212 0.0
7.905070086665212 0.0
7.905070086665212 0.0
7.905070086665212 0.0
7.905070086665212 0.0
8.336393258882252 0.0026799973469584836
8.336393258882252 0.0026799973469584836
8.336393258882252 0.0026799973469584836
8.336393258882252 0.0026799973469584836
8.336393258882252 0.0026799973469584836
8.336393258882252 0.0026799973469584836
8.336393258882252 0.0026799973469584836
8.45691688393031 0.003549924545200655
8.45691688393031 0.003549924545200655
8.45691688393031 0.003549924545200655
8.45691688393031 0.003549924545200655
8.45691688393031 0.003549924545200655
8.45691688393031 0.0017749622726003274
8.45691688393031 0.0017749622726003274
8.45691688393031 0.0017749622726003274
8.45691688393031 0.0017749622726003274
8.45691688393031 0.0017749622726003274
8.45691688393031 0.0017749622726003274
8.45691688393031 0.0
8.45691688393031 0.0
8.45691688393031 0.0
8.45691688393031 0.0
8.45691688393031 0.0
8.45691688393031 0.0
8.45691688393031 0.0
8.45691688393031 0.0
8.45691688393031 0.0
8.45691688393031 0.0
8.45691688393031 0.0
8.45691688393031 0.0
8.45691688393031 0.0
8.45691688393031 0.0
8.45691688393031 0.0
8.45691688393031 0.0
8.45691688393031 0.0
8.45691688393031 0.0
8.45691688393031 0.0
8.45691688393031 0.0
8.45691688393031 0.0
8.45691688393031 0.002287869410799624
8.45691688393031 0.002287869410799624
8.45691688393031 0.002287869410799624
8.45691688393031 0.002287869410799624
8.45691688393031 0.002287869410799624
8.45691688393031 0.002287869410799624
8.45691688393031 0.002287869410799624
8.45691688393031 0.002287869410799624
8.45691688393031 0.002287869410799624
8.45691688393031 0.002287869410799624
8.45691688393031 0.002287869410799624
8.45691688393031 0.002287869410799624
8.45691688393031 0.002287869410799624
8.45691688393031 0.002287869410799624
8.45691688393031 0.002287869410799624
8.762062220066936 0.0036668998651119156
8.762062220066936 0.0036668998651119156
8.762062220066936 0.0036668998651119156
8.762062220066936 0.0036668998651119156
8.762062220066936 0.0036668998651119156
8.762062220066936 0.0036668998651119156
8.762062220066936 0.0036668998651119156
8.762062220066936 0.0036668998651119156
8.762062220066936 0.0036668998651119156
8.762062220066936 0.0036668998651119156
8.762062220066936 0.0
8.762062220066936 0.0
8.762062220066936 0.0
8.762062220066936 0.0
8.762062220066936 0.0
8.762062220066936 0.0
8.762062220066936 0.0027104559678184743
8.762062220066936 0.0027104559678184743
8.762062220066936 0.0027104559678184743
8.762062220066936 0.0027104559678184743
8.762062220066936 0.004485418240418802
8.762062220066936 0.004485418240418802
8.762062220066936 0.004485418240418802
8.762062220066936 0.004485418240418802
8.762062220066936 0.004485418240418802
8.762062220066936 0.004485418240418802
8.762062220066936 0.004485418240418802
8.762062220066936 0.004485418240418802
8.762062220066936 0.004485418240418802
8.762062220066936 0.004485418240418802
8.762062220066936 0.0017749622726003274
8.762062220066936 0.0017749622726003274
8.762062220066936 0.0017749622726003274
8.762062220066936 0.0017749622726003274
8.762062220066936 0.0017749622726003274
8.762062220066936 0.0017749622726003274
8.762062220066936 0.0017749622726003274
8.762062220066936 0.004454959619558812
8.762062220066936 0.004454959619558812
8.762062220066936 0.004454959619558812
8.762062220066936 0.0017749622726003274
8.762062220066936 0.0017749622726003274
8.762062220066936 0.0
8.762062220066936 0.0
8.762062220066936 0.0
8.762062220066936 0.0
8.762062220066936 0.0
8.762062220066936 0.0
8.762062220066936 0.0
8.762062220066936 0.0
8.762062220066936 0.0
8.762062220066936 0.0
8.762062220066936 0.0
8.762062220066936 0.0
8.762062220066936 0.0
8.762062220066936 0.0
8.762062220066936 0.0
8.762062220066936 0.0
8.762062220066936 0.0
8.762062220066936 0.0
8.762062220066936 0.0
8.762062220066936 0.0
8.762062220066936 0.0
8.762062220066936 0.0
8.762062220066936 0.0
8.762062220066936 0.0
8.762062220066936 0.0
8.762062220066936 0.0
8.762062220066936 0.0
8.762062220066936 0.0
8.762062220066936 0.0
8.762062220066936 0.0
8.762062220066936 0.0
8.762062220066936 0.0
8.762062220066936 0.0
8.762062220066936 0.0
8.762062220066936 0.0
8.762062220066936 0.0
8.762062220066936 0.0
8.762062220066936 0.0
8.762062220066936 0.0
8.762062220066936 0.0
8.762062220066936 0.0
8.762062220066936 0.0
8.762062220066936 0.0
8.762062220066936 0.0
8.762062220066936 0.0
8.762062220066936 0.0
8.762062220066936 0.0
8.762062220066936 0.0
8.762062220066936 0.0
8.762062220066936 0.0
8.762062220066936 0.0
8.762062220066936 0.0
8.762062220066936 0.0
8.762062220066936 0.0013790304543122914
8.762062220066936 0.0013790304543122914
8.762062220066936 0.0
8.762062220066936 0.0
8.762062220066936 0.0
8.762062220066936 0.0
8.762062220066936 0.0
8.762062220066936 0.0
8.762062220066936 0.0
8.762062220066936 0.0
8.762062220066936 0.0
8.762062220066936 0.0
8.762062220066936 0.0
8.762062220066936 0.0
8.762062220066936 0.0
8.762062220066936 0.0
8.762062220066936 0.0
8.762062220066936 0.0
8.762062220066936 0.0
8.762062220066936 0.0
8.762062220066936 0.0
8.762062220066936 0.0
8.762062220066936 0.0
8.762062220066936 0.0
8.762062220066936 0.0
8.762062220066936 0.0
8.762062220066936 0.0
8.762062220066936 0.0
8.762062220066936 0.0
8.762062220066936 0.0
8.762062220066936 0.0
8.762062220066936 0.0
8.762062220066936 0.0
8.762062220066936 0.0
8.762062220066936 0.0
8.762062220066936 0.0
8.762062220066936 0.0
8.762062220066936 0.0
8.762062220066936 0.0
8.762062220066936 0.0
8.762062220066936 0.0
8.762062220066936 0.0
8.762062220066936 0.0
8.762062220066936 0.0
8.762062220066936 0.0
8.762062220066936 0.0
8.762062220066936 0.0
8.762062220066936 0.0
8.762062220066936 0.0
8.762062220066936 0.0
8.762062220066936 0.0
8.762062220066936 0.0
8.762062220066936 0.0
8.762062220066936 0.0
8.762062220066936 0.0
8.762062220066936 0.0
8.762062220066936 0.0
8.762062220066936 0.0
8.762062220066936 0.0
8.762062220066936 0.0
8.762062220066936 0.0
8.762062220066936 0.0
8.762062220066936 0.0
8.762062220066936 0.0
8.762062220066936 0.0
8.762062220066936 0.0
8.762062220066936 0.0
8.762062220066936 0.0
8.762062220066936 0.0
8.762062220066936 0.0
8.762062220066936 0.0
8.762062220066936 0.0
8.762062220066936 0.0
8.762062220066936 0.0
8.762062220066936 0.0
8.762062220066936 0.0
8.762062220066936 0.0
8.762062220066936 0.0
8.762062220066936 0.0
8.762062220066936 0.0
8.762062220066936 0.0
8.762062220066936 0.0
8.762062220066936 0.0
8.762062220066936 0.0
8.762062220066936 0.0
8.762062220066936 0.0
8.762062220066936 0.0
8.762062220066936 0.0
8.762062220066936 0.0
8.762062220066936 0.0
8.762062220066936 0.0
8.762062220066936 0.0
8.762062220066936 0.0
8.762062220066936 0.0
8.762062220066936 0.0
8.762062220066936 0.0
8.762062220066936 0.0
8.762062220066936 0.0
8.762062220066936 0.0
8.762062220066936 0.0
8.762062220066936 0.0
8.762062220066936 0.0
8.762062220066936 0.0
8.762062220066936 0.0
8.762062220066936 0.0
8.762062220066936 0.0
8.762062220066936 0.0
8.762062220066936 0.0
8.762062220066936 0.0
8.762062220066936 0.0
8.762062220066936 0.0
8.762062220066936 0.0
8.762062220066936 0.0
8.762062220066936 0.0
8.762062220066936 0.0
8.762062220066936 0.0
8.762062220066936 0.0
8.762062220066936 0.0
8.762062220066936 0.0
8.762062220066936 0.0
8.762062220066936 0.0
8.762062220066936 0.0
8.762062220066936 0.0
8.762062220066936 0.0
8.762062220066936 0.0
8.790593496916127 0.0013910748551117613
8.790593496916127 0.0013910748551117613
8.790593496916127 0.0013910748551117613
8.790593496916127 0.0013910748551117613
8.790593496916127 0.0013910748551117613
8.790593496916127 0.0013910748551117613
8.790593496916127 0.0013910748551117613
8.790593496916127 0.0013910748551117613
8.790593496916127 0.0013910748551117613
8.790593496916127 0.0013910748551117613
8.790593496916127 0.0013910748551117613
8.790593496916127 0.0013910748551117613
8.790593496916127 0.0013910748551117613
8.790593496916127 0.0013910748551117613
8.790593496916127 0.0013910748551117613
8.790593496916127 0.0013910748551117613
8.790593496916127 0.0013910748551117613
8.790593496916127 0.0013910748551117613
8.790593496916127 0.0013910748551117613
8.790593496916127 0.0013910748551117613
8.790593496916127 0.0013910748551117613
8.790593496916127 0.0013910748551117613
8.790593496916127 0.0
8.790593496916127 0.0
8.790593496916127 0.0
8.790593496916127 0.0
8.790593496916127 0.0
8.790593496916127 0.0
8.790593496916127 0.0
8.790593496916127 0.0
8.790593496916127 0.0
8.790593496916127 0.0
8.790593496916127 0.0
8.802658754240685 0.001432437238484364
8.802658754240685 0.001432437238484364
8.802658754240685 0.001432437238484364
8.802658754240685 0.001432437238484364
8.802658754240685 0.001432437238484364
8.802658754240685 0.001432437238484364
8.802658754240685 0.001432437238484364
8.802658754240685 0.001432437238484364
8.802658754240685 0.001432437238484364
8.802658754240685 0.001432437238484364
8.802658754240685 0.001432437238484364
8.802658754240685 0.001432437238484364
8.802658754240685 0.001432437238484364
8.802658754240685 0.001432437238484364
8.802658754240685 0.001432437238484364
8.802658754240685 0.001432437238484364
8.802658754240685 0.001432437238484364
8.802658754240685 0.001432437238484364
8.802658754240685 0.0
8.802658754240685 0.0
8.802658754240685 0.0
8.802658754240685 0.0
8.802658754240685 0.0
8.802658754240685 0.0
8.802658754240685 0.0
8.96628237850705 0.0012963296516494268
8.96628237850705 0.0
8.96628237850705 0.0
8.96628237850705 0.0
8.96628237850705 0.0
8.96628237850705 0.0
8.96628237850705 0.0
8.96628237850705 0.0
8.96628237850705 0.0
8.96628237850705 0.0
8.96628237850705 0.0
8.96628237850705 0.0
8.96628237850705 0.0
8.96628237850705 0.0
8.96628237850705 0.0019947858540377457
8.96628237850705 0.0019947858540377457
8.96628237850705 0.003321679302902837
8.96628237850705 0.003321679302902837
8.96628237850705 0.003321679302902837
8.96628237850705 0.003321679302902837
8.96628237850705 0.003321679302902837
8.96628237850705 0.003321679302902837
8.96628237850705 0.0019947858540377457
8.96628237850705 0.0
8.96628237850705 0.0
8.96628237850705 0.0013910748551117613
8.96628237850705 0.0013910748551117613
8.96628237850705 0.0013910748551117613
8.96628237850705 0.0013910748551117613
8.96628237850705 0.0013910748551117613
8.96628237850705 0.0013910748551117613
8.96628237850705 0.0013910748551117613
8.96628237850705 0.0013910748551117613
8.96628237850705 0.0013910748551117613
8.96628237850705 0.0013910748551117613
8.96628237850705 0.0013910748551117613
8.96628237850705 0.0013910748551117613
8.96628237850705 0.0013910748551117613
8.96628237850705 0.0013910748551117613
8.96628237850705 0.0013910748551117613
8.96628237850705 0.0013910748551117613
8.96628237850705 0.0013910748551117613
8.96628237850705 0.0013910748551117613
8.96628237850705 0.0013910748551117613
8.96628237850705 0.0013910748551117613
8.96628237850705 0.0013910748551117613
8.96628237850705 0.0
8.96628237850705 0.0
8.96628237850705 0.0
8.96628237850705 0.0013268934488650916
8.96628237850705 0.0026858116215771346
8.96628237850705 0.0026858116215771346
8.96628237850705 0.0026858116215771346
8.96628237850705 0.0026858116215771346
8.96628237850705 0.0026858116215771346
8.96628237850705 0.001432437238484364
8.96628237850705 0.001432437238484364
8.96628237850705 0.001432437238484364
8.96628237850705 0.001432437238484364
8.96628237850705 0.001432437238484364
8.96628237850705 0.001432437238484364
8.96628237850705 0.001432437238484364
8.96628237850705 0.001432437238484364
8.96628237850705 0.001432437238484364
8.96628237850705 0.001432437238484364
8.96628237850705 0.001432437238484364
8.96628237850705 0.002728766890133791
8.96628237850705 0.0017825528408057817
8.96628237850705 0.0017825528408057817
8.96628237850705 0.0017825528408057817
8.96628237850705 0.0
8.96628237850705 0.0
8.96628237850705 0.0
8.96628237850705 0.0
8.96628237850705 0.0
8.96628237850705 0.0
8.96628237850705 0.0
8.96628237850705 0.0
8.96628237850705 0.0
8.96628237850705 0.0
8.96628237850705 0.0
8.96628237850705 0.0
8.96628237850705 0.0
8.96628237850705 0.0
8.96628237850705 0.0
8.96628237850705 0.0
8.96628237850705 0.0
8.96628237850705 0.0
8.96628237850705 0.0
8.96628237850705 0.0
8.96628237850705 0.0
8.96628237850705 0.0
8.96628237850705 0.0
8.96628237850705 0.0
8.96628237850705 0.0
8.96628237850705 0.0
8.96628237850705 0.0
8.96628237850705 0.0
8.96628237850705 0.0
8.96628237850705 0.0
8.96628237850705 0.0
8.96628237850705 0.0
8.96628237850705 0.0
8.96628237850705 0.0
8.96628237850705 0.0
8.96628237850705 0.0
8.96628237850705 0.0
8.96628237850705 0.0
8.96628237850705 0.0
8.96628237850705 0.0
8.96628237850705 0.0
8.96628237850705 0.0
8.96628237850705 0.0
8.96628237850705 0.0
8.96628237850705 0.0
8.96628237850705 0.0
8.96628237850705 0.0
8.96628237850705 0.0
8.96628237850705 0.0
8.96628237850705 0.0
8.96628237850705 0.0
8.96628237850705 0.0
8.96628237850705 0.0
8.96628237850705 0.0
8.96628237850705 0.0
8.96628237850705 0.0
8.96628237850705 0.0
8.96628237850705 0.0
8.96628237850705 0.0
8.96628237850705 0.0
8.96628237850705 0.0
8.96628237850705 0.0
8.96628237850705 0.0
8.96628237850705 0.0
8.96628237850705 0.0
8.96628237850705 0.0
8.96628237850705 0.0
8.96628237850705 0.0
8.96628237850705 0.0
8.96628237850705 0.0
8.96628237850705 0.0
8.96628237850705 0.0
8.96628237850705 0.0
8.96628237850705 0.0
8.96628237850705 0.0
8.96628237850705 0.0
8.96628237850705 0.0
8.96628237850705 0.0
8.96628237850705 0.0
8.96628237850705 0.0
8.96628237850705 0.0
8.96628237850705 0.0
8.96628237850705 0.0
8.96628237850705 0.0
8.96628237850705 0.0
8.96628237850705 0.0
8.96628237850705 0.0
8.96628237850705 0.0
8.96628237850705 0.0
8.96628237850705 0.0
8.96628237850705 0.0
8.96628237850705 0.0
8.96628237850705 0.0
8.96628237850705 0.0
8.96628237850705 0.0
8.96628237850705 0.0
8.96628237850705 0.0
8.96628237850705 0.0
8.96628237850705 0.0
8.96628237850705 0.0
8.96628237850705 0.0
8.96628237850705 0.0
8.96628237850705 0.0
8.96628237850705 0.0
8.96628237850705 0.0
8.96628237850705 0.0
8.96628237850705 0.0
8.96628237850705 0.0
8.96628237850705 0.0
8.96628237850705 0.0
8.96628237850705 0.0
8.96628237850705 0.0
8.96628237850705 0.0
8.96628237850705 0.0
8.96628237850705 0.0
8.96628237850705 0.0
8.96628237850705 0.0
8.96628237850705 0.0
8.96628237850705 0.0
8.96628237850705 0.0
8.96628237850705 0.0
8.96628237850705 0.0
8.96628237850705 0.0
8.96628237850705 0.0
8.96628237850705 0.0
8.96628237850705 0.0
9.095766655729845 0.0010262129918674366
9.095766655729845 0.0010262129918674366
9.095766655729845 0.0010262129918674366
9.095766655729845 0.0010262129918674366
9.095766655729845 0.0010262129918674366
9.095766655729845 0.0010262129918674366
9.095766655729845 0.0010262129918674366
9.095766655729845 0.0010262129918674366
9.095766655729845 0.0010262129918674366
9.095766655729845 0.0010262129918674366
9.095766655729845 0.001582248315038458
9.095766655729845 0.001582248315038458
9.095766655729845 0.001582248315038458
9.095766655729845 0.001582248315038458
9.095766655729845 0.001582248315038458
9.095766655729845 0.001582248315038458
9.168054383099001 0.00334258884820137
9.168054383099001 0.002551464690682141
9.168054383099001 0.002551464690682141
9.168054383099001 0.002551464690682141
9.168054383099001 0.002551464690682141
9.168054383099001 0.002551464690682141
9.168054383099001 0.002551464690682141
9.168054383099001 0.002551464690682141
9.168054383099001 0.002551464690682141
9.168054383099001 0.002551464690682141
9.168054383099001 0.002551464690682141
9.168054383099001 0.002551464690682141
9.168054383099001 0.002551464690682141
9.168054383099001 7.91124157519229E-4
9.168054383099001 7.91124157519229E-4
9.168054383099001 7.91124157519229E-4
9.168054383099001 7.91124157519229E-4
9.168054383099001 7.91124157519229E-4
9.168054383099001 0.0017264548338162217
9.168054383099001 0.0017264548338162217
9.168054383099001 0.0017264548338162217
9.168054383099001 0.0017264548338162217
9.168054383099001 0.002523475760021864
9.168054383099001 0.0017264548338162217
9.168054383099001 0.0018951916030701139
9.168054383099001 0.0018951916030701139
9.168054383099001 0.0018951916030701139
9.168054383099001 0.0018951916030701139
9.168054383099001 0.0018951916030701139
9.168054383099001 0.0018951916030701139
9.168054383099001 0.0018951916030701139
9.168054383099001 0.0018951916030701139
9.168054383099001 0.0018951916030701139
9.168054383099001 0.0018951916030701139
9.168054383099001 0.0018951916030701139
9.168054383099001 0.0018951916030701139
9.168054383099001 0.0018951916030701139
9.168054383099001 0.0018951916030701139
9.168054383099001 0.0018951916030701139
9.168054383099001 0.0018951916030701139
9.168054383099001 0.0018951916030701139
9.168054383099001 0.0018951916030701139
9.168054383099001 0.0018951916030701139
9.168054383099001 0.0018951916030701139
9.168054383099001 0.0018951916030701139
9.168054383099001 0.0018951916030701139
9.168054383099001 0.0018951916030701139
9.168054383099001 9.598609267731209E-4
9.168054383099001 9.598609267731209E-4
9.168054383099001 9.598609267731209E-4
9.168054383099001 0.0017382665797888808
9.168054383099001 0.0017382665797888808
9.168054383099001 0.0017382665797888808
9.168054383099001 0.0017382665797888808
9.168054383099001 0.0026543796779685195
9.241727549159545 0.0036355417340888886
9.241727549159545 0.0036355417340888886
9.241727549159545 0.004383946824589482
9.241727549159545 0.004383946824589482
9.241727549159545 0.004383946824589482
9.241727549159545 0.004383946824589482
9.241727549159545 0.004383946824589482
9.241727549159545 0.004632345237660579
9.241727549159545 0.005312903146156728
9.241727549159545 0.005312903146156729
9.241727549159545 0.0053003550958630585
9.241727549159545 0.003292980047875253
9.241727549159545 0.003292980047875253
9.241727549159545 0.003292980047875253
9.241727549159545 0.003292980047875253
9.241727549159545 0.002330653405539052
9.241727549159545 0.002330653405539052
9.241727549159545 0.001582248315038458
9.241727549159545 0.001582248315038458
9.241727549159545 0.001582248315038458
9.241727549159545 0.001582248315038458
9.241727549159545 0.001582248315038458
9.241727549159545 0.001582248315038458
9.241727549159545 0.001582248315038458
9.241727549159545 0.001582248315038458
9.320885006669938 0.002311715434893914
9.320885006669938 0.002311715434893914
9.320885006669938 0.002298230980548311
9.320885006669938 0.002298230980548311
9.320885006669938 0.002298230980548311
9.320885006669938 0.002298230980548311
9.320885006669938 0.002298230980548311
9.320885006669938 0.002298230980548311
9.320885006669938 0.002298230980548311
9.320885006669938 0.002298230980548311
9.320885006669938 0.002298230980548311
9.320885006669938 0.002298230980548311
9.320885006669938 0.002298230980548311
9.320885006669938 0.002298230980548311
9.320885006669938 0.002298230980548311
9.320885006669938 0.002298230980548311
9.320885006669938 0.002298230980548311
9.320885006669938 0.002298230980548311
9.320885006669938 0.002298230980548311
9.320885006669938 0.002298230980548311
9.320885006669938 0.002298230980548311
9.320885006669938 0.0
9.320885006669938 0.0
9.320885006669938 0.0
9.320885006669938 0.0
9.320885006669938 0.0
9.320885006669938 0.0
9.320885006669938 0.0
9.320885006669938 0.0
9.320885006669938 0.0
9.320885006669938 0.0
9.320885006669938 0.0
9.320885006669938 0.0
9.320885006669938 0.0
9.320885006669938 0.0
9.320885006669938 0.0
9.320885006669938 0.0
9.320885006669938 0.0
9.320885006669938 0.0
9.320885006669938 0.0
9.320885006669938 0.0
9.320885006669938 0.0
9.320885006669938 7.484050905005937E-4
9.320885006669938 7.484050905005937E-4
9.320885006669938 7.484050905005937E-4
9.320885006669938 7.484050905005937E-4
9.320885006669938 7.484050905005937E-4
9.320885006669938 7.484050905005937E-4
9.320885006669938 7.484050905005937E-4
9.320885006669938 7.484050905005937E-4
9.320885006669938 7.484050905005937E-4
9.320885006669938 7.484050905005937E-4
9.320885006669938 7.484050905005937E-4
9.320885006669938 7.484050905005937E-4
9.320885006669938 0.0014778722103560493
9.320885006669938 0.0014778722103560493
9.320885006669938 0.0014778722103560493
9.320885006669938 0.0014778722103560493
9.320885006669938 0.0014778722103560493
9.320885006669938 0.0014778722103560493
9.320885006669938 0.0014778722103560493
9.320885006669938 7.862345529337015E-4
9.320885006669938 7.862345529337015E-4
9.320885006669938 7.862345529337015E-4
9.320885006669938 7.862345529337015E-4
9.320885006669938 7.862345529337015E-4
9.320885006669938 0.0
9.320885006669938 0.0
9.320885006669938 0.0
9.320885006669938 0.0
9.320885006669938 0.0
9.320885006669938 0.0
9.320885006669938 0.0
9.320885006669938 0.0
9.320885006669938 0.0
9.320885006669938 0.0
9.320885006669938 0.0
9.320885006669938 0.0
9.320885006669938 0.0
9.320885006669938 0.0
9.320885006669938 0.0
9.320885006669938 0.0
9.320885006669938 0.0
9.320885006669938 0.0
9.320885006669938 0.0
9.320885006669938 0.0
9.320885006669938 0.0
9.320885006669938 0.0
9.320885006669938 0.0
9.320885006669938 0.0
9.320885006669938 0.0
9.320885006669938 0.0
9.320885006669938 0.0
9.320885006669938 0.0
9.320885006669938 0.0
9.320885006669938 0.00103798103329349
9.320885006669938 0.00103798103329349
9.320885006669938 0.00103798103329349
9.320885006669938 0.00103798103329349
9.320885006669938 0.0
9.320885006669938 0.0
9.320885006669938 0.0
9.320885006669938 0.0
9.320885006669938 0.0
9.320885006669938 0.0
9.320885006669938 0.0
9.320885006669938 0.0
9.320885006669938 0.0
9.320885006669938 0.0
9.320885006669938 0.0
9.320885006669938 0.0
9.320885006669938 0.0
9.320885006669938 0.0
9.320885006669938 0.0
9.320885006669938 0.0
9.320885006669938 0.0
9.320885006669938 0.0
9.320885006669938 0.0
9.320885006669938 0.0
9.320885006669938 0.0
9.320885006669938 0.0
9.320885006669938 0.0
9.320885006669938 0.0
9.320885006669938 0.0
9.320885006669938 0.0
9.320885006669938 0.0
9.320885006669938 0.0
9.320885006669938 0.0
9.320885006669938 0.0
9.384753195265045 3.3079201691142907E-4
9.384753195265045 3.3079201691142907E-4
9.384753195265045 3.3079201691142907E-4
9.384753195265045 3.3079201691142907E-4
9.384753195265045 3.3079201691142907E-4
9.384753195265045 3.3079201691142907E-4
9.384753195265045 3.3079201691142907E-4
9.384753195265045 3.3079201691142907E-4
9.384753195265045 3.3079201691142907E-4
9.384753195265045 3.3079201691142907E-4
9.384753195265045 3.3079201691142907E-4
9.384753195265045 3.3079201691142907E-4
9.384753195265045 3.3079201691142907E-4
9.384753195265045 3.3079201691142907E-4
9.384753195265045 3.3079201691142907E-4
9.384753195265045 3.3079201691142907E-4
9.384753195265045 3.3079201691142907E-4
9.384753195265045 3.3079201691142907E-4
9.384753195265045 3.3079201691142907E-4
9.384753195265045 3.3079201691142907E-4
9.384753195265045 3.3079201691142907E-4
9.384753195265045 3.3079201691142907E-4
9.384753195265045 3.3079201691142907E-4
9.384753195265045 0.0
9.45407455115719 4.2318409392277175E-4
9.45407455115719 4.2318409392277175E-4
9.45407455115719 4.2318409392277175E-4
9.45407455115719 4.2318409392277175E-4
9.45407455115719 4.2318409392277175E-4
9.45407455115719 4.2318409392277175E-4
9.45407455115719 4.2318409392277175E-4
9.45407455115719 4.2318409392277175E-4
9.45407455115719 4.2318409392277175E-4
9.45407455115719 4.2318409392277175E-4
9.45407455115719 4.2318409392277175E-4
9.45407455115719 4.2318409392277175E-4
9.45407455115719 4.2318409392277175E-4
9.45407455115719 4.2318409392277175E-4
9.45407455115719 4.2318409392277175E-4
9.45407455115719 4.2318409392277175E-4
9.45407455115719 4.2318409392277175E-4
9.45407455115719 4.2318409392277175E-4
9.45407455115719 4.2318409392277175E-4
9.45407455115719 4.2318409392277175E-4
9.45407455115719 4.2318409392277175E-4
9.45407455115719 4.2318409392277175E-4
9.45407455115719 4.2318409392277175E-4
9.45407455115719 4.2318409392277175E-4
9.45407455115719 4.2318409392277175E-4
9.45407455115719 4.2318409392277175E-4
9.45407455115719 4.2318409392277175E-4
9.45407455115719 4.2318409392277175E-4
9.45407455115719 4.2318409392277175E-4
9.45407455115719 4.2318409392277175E-4
9.45407455115719 4.2318409392277175E-4
9.45407455115719 4.2318409392277175E-4
9.45407455115719 4.2318409392277175E-4
9.45407455115719 4.2318409392277175E-4
9.45407455115719 4.2318409392277175E-4
9.45407455115719 4.2318409392277175E-4
9.45407455115719 4.2318409392277175E-4
9.45407455115719 4.2318409392277175E-4
9.45407455115719 4.2318409392277175E-4
9.45407455115719 4.2318409392277175E-4
9.45407455115719 4.2318409392277175E-4
9.45407455115719 4.2318409392277175E-4
9.45407455115719 4.2318409392277175E-4
9.45407455115719 4.2318409392277175E-4
9.45407455115719 4.2318409392277175E-4
9.45407455115719 4.2318409392277175E-4
9.45407455115719 4.2318409392277175E-4
9.45407455115719 4.2318409392277175E-4
9.45407455115719 0.0011180101972692311
9.45407455115719 4.2318409392277175E-4
9.45407455115719 4.2318409392277175E-4
9.45407455115719 4.2318409392277175E-4
9.45407455115719 4.2318409392277175E-4
9.45407455115719 4.2318409392277175E-4
9.45407455115719 4.2318409392277175E-4
9.45407455115719 0.0
9.45407455115719 0.0
9.45407455115719 0.0
9.45407455115719 0.0
9.45407455115719 0.0
9.45407455115719 0.0
9.45407455115719 0.0
9.45407455115719 0.0
9.45407455115719 0.0
9.45407455115719 0.0
9.45407455115719 0.0
9.45407455115719 0.0
9.45407455115719 0.0
9.45407455115719 0.0
9.45407455115719 0.0
9.45407455115719 0.0
9.45407455115719 0.0
9.465429223275168 5.075511433146677E-4
9.465429223275168 0.0
9.465429223275168 0.0
9.465429223275168 0.0
9.465429223275168 0.0
9.465429223275168 0.0
9.465429223275168 0.0
9.465429223275168 0.0
9.465429223275168 0.0
9.465429223275168 0.0
9.465429223275168 0.0
9.465429223275168 0.0
9.465429223275168 0.0
9.465429223275168 0.0
9.465429223275168 3.3079201691142907E-4
9.465429223275168 3.3079201691142907E-4
9.465429223275168 3.3079201691142907E-4
9.492493292892403 6.787758319653153E-4
9.492493292892403 6.787758319653153E-4
9.492493292892403 6.787758319653153E-4
9.492493292892403 6.787758319653153E-4
9.492493292892403 6.787758319653153E-4
9.492493292892403 6.787758319653153E-4
9.492493292892403 6.787758319653153E-4
9.492493292892403 6.787758319653153E-4
9.492493292892403 6.787758319653153E-4
9.492493292892403 6.787758319653153E-4
9.492493292892403 0.0
9.492493292892403 0.0
9.492493292892403 0.0
9.492493292892403 0.0
9.492493292892403 2.4633946631494845E-4
9.492493292892403 2.4633946631494845E-4
9.492493292892403 2.4633946631494845E-4
9.492493292892403 0.0
9.492493292892403 0.0
9.492493292892403 0.0
9.492493292892403 0.0
9.492493292892403 4.435650122285216E-4
9.492493292892403 4.435650122285216E-4
9.492493292892403 4.435650122285216E-4
9.492493292892403 4.435650122285216E-4
9.492493292892403 4.435650122285216E-4
9.492493292892403 4.435650122285216E-4
9.492493292892403 4.435650122285216E-4
9.492493292892403 0.0
9.492493292892403 0.0
9.492493292892403 6.946717500441735E-4
9.492493292892403 6.946717500441735E-4
9.538240004748342 0.0012060104365904766
9.538240004748342 0.0015878491076585547
9.538240004748342 0.0015878491076585547
9.538240004748342 0.0012060104365904766
9.545759323258133 0.0014584017280813847
9.545759323258133 0.0014584017280813847
9.545759323258133 0.0014584017280813847
9.545759323258133 0.0014584017280813847
9.545759323258133 9.470630415350815E-4
9.545759323258133 9.470630415350815E-4
9.545759323258133 0.0011552084751971818
9.545759323258133 0.0011552084751971818
9.545759323258133 9.470630415350815E-4
9.545759323258133 0.001147219083041454
9.545759323258133 0.001436942059913434
9.545759323258133 0.001436942059913434
9.545759323258133 0.0016911892118486771
9.545759323258133 7.848725696708537E-4
9.545759323258133 7.848725696708537E-4
9.545759323258133 7.848725696708537E-4
9.545759323258133 7.848725696708537E-4
9.545759323258133 7.848725696708537E-4
9.545759323258133 7.848725696708537E-4
9.545759323258133 7.848725696708537E-4
9.545759323258133 7.785903979570183E-4
9.545759323258133 7.785903979570183E-4
9.545759323258133 8.535545034669078E-4
9.545759323258133 8.535545034669078E-4
9.545759323258133 8.535545034669078E-4
9.545759323258133 8.535545034669078E-4
9.545759323258133 8.535545034669078E-4
9.545759323258133 8.535545034669078E-4
9.545759323258133 0.0011586811009996138
9.545759323258133 0.001398438369179884
9.545759323258133 0.001398438369179884
9.545759323258133 0.0011441912172446412
9.545759323258133 0.0011441912172446412
9.545759323258133 0.0011441912172446412
9.545759323258133 9.332228904117492E-4
9.545759323258133 9.332228904117492E-4
9.545759323258133 9.332228904117492E-4
9.545759323258133 9.332228904117492E-4
9.545759323258133 9.332228904117492E-4
9.583924925502027 0.001387903540379685
9.583924925502027 0.001387903540379685
9.583924925502027 0.001387903540379685
9.583924925502027 0.001000155800794611
9.583924925502027 0.001000155800794611
9.583924925502027 0.001000155800794611
9.583924925502027 0.001000155800794611
9.583924925502027 0.0012083012344567112
9.607309866257413 0.0011738026608723794
9.607309866257413 0.0011738026608723792
9.607309866257413 0.0011738026608723792
9.607309866257413 0.0011738026608723794
9.607309866257413 0.0011738026608723792
9.607309866257413 9.746844652652405E-4
9.607309866257413 7.120756645714416E-4
9.607309866257413 9.889209191992381E-4
9.636276277658249 8.839622556869056E-4
9.636276277658249 0.0012264995600969049
9.636276277658249 0.001410292397368559
9.636276277658249 0.001410292397368559
9.655176451029186 0.0016224463028558856
9.655176451029186 0.001640180341360809
9.655176451029186 0.0016401803413608096
9.655176451029186 0.001640180341360809
9.655176451029186 0.0016401803413608096
9.655176451029186 0.001640180341360809
9.655176451029186 0.0017227224442568168
9.655176451029186 0.0018459065420650055
9.655176451029186 0.0022726121797497635
9.655176451029186 0.0022547808050789177
9.655176451029186 0.002494180333648392
9.655176451029186 0.0023111205260814
9.655176451029186 0.002234443615777231
9.655176451029186 0.002029761030054377
9.655176451029186 0.0015832355258582767
9.655176451029186 0.0016410699020344105
9.655176451029186 0.0017888841367167069
9.655176451029186 0.0017888841367167069
9.655176451029186 0.0011433145668445375
9.655176451029186 0.0011433145668445375
9.655176451029186 0.0011433145668445373
9.655176451029186 0.0011433145668445375
9.655176451029186 0.0011433145668445375
9.655176451029186 0.001420159821472334
9.655176451029186 0.0016007584274318894
9.655176451029186 0.0014795475428700257
9.655176451029186 0.0016163016035305492
9.655176451029186 0.0016163016035305488
9.671711762509114 0.001614425329269823
9.671711762509114 0.001614425329269823
9.671711762509114 0.0013724586728118184
9.671711762509114 0.0013724586728118184
9.671711762509114 0.0013724586728118184
9.671711762509114 0.0012117731814850756
9.671711762509114 0.0011564390593922864
9.671711762509114 0.0010601345098548277
9.671711762509114 8.925044559184229E-4
9.671711762509114 7.509027859173965E-4
9.671711762509114 7.508802417837637E-4
9.671711762509114 7.508802417837637E-4
9.671711762509114 8.449057004584497E-4
9.671711762509114 7.508802417837637E-4
9.671711762509114 7.508802417837637E-4
9.671711762509114 8.921315999328264E-4
9.671711762509114 7.389718781616697E-4
9.671711762509114 5.877928014251965E-4
9.673459698564114 0.0012032041581059277
9.710195798657864 0.0013378791497564895
9.710195798657864 0.0010619527999568652
9.710195798657864 9.358118676185611E-4
9.710195798657864 0.0011760472198091413
9.710195798657864 0.0010583809419987562
9.710195798657864 8.764203062520754E-4
9.710195798657864 8.764203062520754E-4
9.713940683061674 8.500626638189548E-4
9.713940683061674 8.500626638189548E-4
9.713940683061674 8.500626638189548E-4
9.713940683061674 5.044973038005966E-4
9.713940683061674 5.044973038005966E-4
9.713940683061674 7.626292446921651E-4
9.713940683061674 7.596710905691413E-4
9.713940683061674 7.596710905691411E-4
9.713940683061674 9.853989128631624E-4
9.713940683061674 8.800735174837995E-4
9.713940683061674 8.800735174837995E-4
9.713940683061674 7.761679748965898E-4
9.713940683061674 6.710643468485006E-4
9.713940683061674 7.48653223103209E-4
9.713940683061674 5.974741463667358E-4
9.713940683061674 8.365461976479424E-4
9.713940683061674 9.902905216298814E-4
9.713940683061674 9.902905216298814E-4
9.713940683061674 9.902905216298814E-4
9.713940683061674 8.594937232686493E-4
9.713940683061674 8.594937232686493E-4
9.713940683061674 8.325940978659605E-4
9.713940683061674 7.550598873636968E-4
9.713940683061674 7.550598873636968E-4
9.713940683061674 8.37779005180871E-4
9.713940683061674 6.920085159656059E-4
9.713940683061674 6.920085159656059E-4
9.713940683061674 6.920085159656059E-4
9.713940683061674 7.97112144013695E-4
9.726370842512509 0.00101248763452252
9.726370842512509 0.00101248763452252
9.726370842512509 0.00101248763452252
9.726370842512509 0.00101248763452252
9.726370842512509 0.00101248763452252
9.726370842512509 0.00101248763452252
9.726370842512509 6.456086471154856E-4
9.726370842512509 8.479852795519492E-4
9.726370842512509 6.740768123405455E-4
9.726370842512509 5.770440513400731E-4
9.726370842512509 5.770440513400731E-4
9.726370842512509 4.94324933522899E-4
9.726370842512509 4.94324933522899E-4
9.726370842512509 3.8785394026389036E-4
9.726370842512509 3.8785394026389036E-4
9.726370842512509 3.220392248766514E-4
9.726370842512509 3.220392248766514E-4
9.726370842512509 4.6801070711402243E-4
9.726370842512509 4.6801070711402243E-4
9.726370842512509 4.6801070711402243E-4
9.726370842512509 4.6801070711402243E-4
9.726370842512509 3.934619615564746E-4
9.726370842512509 3.934619615564746E-4
9.726370842512509 3.934619615564746E-4
9.726370842512509 3.934619615564746E-4
9.726370842512509 3.934619615564746E-4
9.726370842512509 3.934619615564746E-4
9.726370842512509 3.934619615564746E-4
9.726370842512509 5.084210824482519E-4
9.726370842512509 5.084210824482519E-4
9.726370842512509 6.077168798673771E-4
9.726370842512509 6.077168798673771E-4
9.726370842512509 5.263539191421862E-4
9.726370842512509 5.239001773781849E-4
9.726370842512509 5.239001773781849E-4
9.726370842512509 5.239001773781849E-4
9.726370842512509 5.239001773781849E-4
9.726370842512509 4.2705812172306096E-4
9.726370842512509 3.2343631749722575E-4
9.726370842512509 3.2343631749722575E-4
9.726370842512509 3.2343631749722575E-4
9.726370842512509 3.2343631749722575E-4
9.726370842512509 3.2343631749722575E-4
9.726370842512509 3.2343631749722575E-4
9.726370842512509 3.2343631749722575E-4
9.726370842512509 3.2343631749722575E-4
9.726370842512509 3.2343631749722575E-4
9.726370842512509 3.2343631749722575E-4
9.726370842512509 3.2343631749722575E-4
9.726370842512509 3.2343631749722575E-4
9.726370842512509 1.6881695809149955E-4
9.726370842512509 1.6881695809149955E-4
9.726370842512509 1.6881695809149955E-4
9.74232614316733 2.1096392254981374E-4
9.74232614316733 2.1096392254981374E-4
9.74232614316733 2.1096392254981374E-4
9.74232614316733 2.1096392254981374E-4
9.74232614316733 2.1096392254981374E-4
9.74232614316733 0.0
9.74232614316733 0.0
9.74232614316733 6.776088397186171E-5
9.74232614316733 6.776088397186171E-5
9.74232614316733 6.776088397186171E-5
9.74232614316733 6.776088397186171E-5
9.74232614316733 6.776088397186171E-5
9.74232614316733 6.776088397186171E-5
9.74232614316733 6.776088397186171E-5
9.74232614316733 6.776088397186171E-5
9.74232614316733 6.776088397186171E-5
9.74232614316733 6.776088397186171E-5
9.74232614316733 6.776088397186171E-5
9.74232614316733 0.0
9.74232614316733 0.0
9.74232614316733 0.0
9.74232614316733 0.0
9.74232614316733 0.0
9.74232614316733 0.0
9.74232614316733 0.0
9.752622338940819 5.55325819951491E-5
9.752622338940819 5.55325819951491E-5
9.752622338940819 5.55325819951491E-5
9.752622338940819 5.55325819951491E-5
9.752622338940819 5.55325819951491E-5
9.752622338940819 5.55325819951491E-5
9.752622338940819 5.55325819951491E-5
9.752622338940819 5.55325819951491E-5
9.752622338940819 5.55325819951491E-5
9.752622338940819 5.55325819951491E-5
9.752622338940819 5.55325819951491E-5
9.752622338940819 5.55325819951491E-5
9.752622338940819 5.55325819951491E-5
9.752622338940819 5.55325819951491E-5
9.752622338940819 5.55325819951491E-5
9.752622338940819 5.55325819951491E-5
9.752622338940819 5.55325819951491E-5
9.752622338940819 5.55325819951491E-5
9.752622338940819 1.3117820872554292E-4
9.752622338940819 1.3117820872554292E-4
9.752622338940819 1.3117820872554292E-4
9.752622338940819 1.3117820872554292E-4
9.752622338940819 1.3117820872554292E-4
9.752622338940819 0.0
9.752622338940819 0.0
9.752622338940819 0.0
9.752622338940819 0.0
9.752622338940819 0.0
9.752622338940819 0.0
9.752622338940819 0.0
9.752622338940819 0.0
9.752622338940819 0.0
9.752622338940819 0.0
9.752622338940819 0.0
9.752622338940819 0.0
9.752622338940819 0.0
9.752622338940819 0.0
9.752622338940819 0.0
9.752622338940819 0.0
9.752622338940819 0.0
9.752622338940819 0.0
9.752622338940819 0.0
9.752622338940819 0.0
9.752622338940819 0.0
9.752622338940819 0.0
9.752622338940819 0.0
9.752622338940819 0.0
9.752622338940819 0.0
9.752622338940819 0.0
9.752622338940819 0.0
9.752622338940819 0.0
9.752622338940819 0.0
9.752622338940819 5.4463757855422396E-5
9.752622338940819 5.4463757855422396E-5
9.752622338940819 0.0
9.752622338940819 0.0
9.752622338940819 0.0
9.752622338940819 0.0
9.752622338940819 0.0
9.752622338940819 0.0
9.752622338940819 0.0
9.752622338940819 0.0
9.752622338940819 0.0
9.752622338940819 0.0
9.752622338940819 0.0
9.752622338940819 0.0
9.756071349647412 2.9769261727229525E-5
9.756071349647412 2.9769261727229525E-5
9.756071349647412 2.9769261727229525E-5
9.756071349647412 2.9769261727229525E-5
9.756071349647412 2.9769261727229525E-5
9.756071349647412 2.9769261727229525E-5
9.756071349647412 2.9769261727229525E-5
9.756071349647412 2.9769261727229525E-5
9.756071349647412 2.9769261727229525E-5
9.756071349647412 2.9769261727229525E-5
9.756071349647412 2.9769261727229525E-5
9.756071349647412 2.9769261727229525E-5
9.756071349647412 0.0
9.756071349647412 0.0
9.756071349647412 0.0
9.756071349647412 0.0
9.756071349647412 5.253996200348297E-5
9.765448327578445 8.03808530011616E-5
9.765448327578445 8.03808530011616E-5
9.765448327578445 8.03808530011616E-5
9.765448327578445 8.03808530011616E-5
9.765448327578445 8.03808530011616E-5
9.765448327578445 8.03808530011616E-5
9.765448327578445 1.5373361184341908E-4
9.765448327578445 8.03808530011616E-5
9.765448327578445 0.0
9.765448327578445 0.0
9.765448327578445 0.0
9.765448327578445 0.0
9.765448327578445 0.0
9.765448327578445 0.0
9.765448327578445 5.431281322406788E-5
9.765448327578445 5.431281322406788E-5
9.765448327578445 7.414191481089409E-5
9.765448327578445 7.414191481089409E-5
9.765448327578445 7.414191481089409E-5
9.765448327578445 7.414191481089409E-5
9.765448327578445 7.414191481089409E-5
9.76573930274794 9.639769594595514E-5
9.76573930274794 9.639769594595514E-5
9.76573930274794 9.639769594595514E-5
9.76573930274794 1.3260114078736962E-4
9.76573930274794 1.3260114078736962E-4
9.76573930274794 1.3260114078736962E-4
9.76573930274794 1.3260114078736962E-4
9.76573930274794 1.3260114078736962E-4
9.76573930274794 1.3260114078736962E-4
9.76573930274794 1.3260114078736962E-4
9.76573930274794 1.3260114078736962E-4
9.775628693470445 1.4519779823300269E-4
9.775628693470445 1.1896200288052879E-4
9.775628693470445 1.1896200288052879E-4
9.775628693470445 1.1896200288052879E-4
9.775628693470445 1.1896200288052879E-4
9.775628693470445 1.1896200288052879E-4
9.775628693470445 7.560698454681481E-5
9.775628693470445 7.560698454681481E-5
9.775628693470445 4.3181225514355534E-5
9.779694513288522 8.529852020843771E-5
9.779694513288522 8.529852020843771E-5
9.779694513288522 8.529852020843771E-5
9.779694513288522 8.529852020843771E-5
9.779694513288522 9.047566821387052E-5
9.779694513288522 9.047566821387052E-5
9.779694513288522 6.941702086682944E-5
9.779694513288522 6.941702086682944E-5
9.779694513288522 6.941702086682944E-5
9.779694513288522 4.3181225514355534E-5
9.790144115441421 6.04908926623884E-5
9.790144115441421 6.04908926623884E-5
9.790144115441421 1.117584070755425E-4
9.790144115441421 1.117584070755425E-4
9.790144115441421 1.117584070755425E-4
9.790144115441421 1.0609157523748842E-4
9.790144115441421 1.0609157523748842E-4
9.790144115441421 9.066242599029035E-5
9.790739509088942 9.205820200934685E-5
9.790739509088942 9.205820200934685E-5
9.790739509088942 9.205820200934685E-5
9.790739509088942 1.2568033388762973E-4
9.79194121964142 1.699435928911328E-4
9.79194121964142 1.8169516695570228E-4
9.79194121964142 1.8169516695570228E-4
9.79194121964142 2.0170036274786256E-4
9.79194121964142 2.0170036274786256E-4
9.791996675083928 2.374411009373512E-4
9.791996675083928 2.3744110093735122E-4
9.791996675083928 2.0636515837642026E-4
9.791996675083928 1.6059258384192048E-4
9.791996675083928 1.911281277191953E-4
9.791996675083928 1.911281277191953E-4
9.791996675083928 2.206286765569012E-4
9.791996675083928 2.298508192577252E-4
9.791996675083928 1.9878411603354963E-4
9.791996675083928 1.9878411603354958E-4
9.791996675083928 1.8431092390745665E-4
9.791996675083928 1.801066579806772E-4
9.791996675083928 1.8010665798067724E-4
9.791996675083928 1.8826166512564768E-4
9.798308935740833 2.035633537921818E-4
9.798308935740833 1.9652579298562472E-4
9.798308935740833 2.1839833085817042E-4
9.798308935740833 2.1373240862069135E-4
9.798308935740833 2.0233896560575864E-4
9.798308935740833 1.7605137372602407E-4
9.798308935740833 1.6009423542487418E-4
9.798308935740833 1.9685836286624994E-4
9.798308935740833 1.5690004422174144E-4
9.798308935740833 1.5690004422174144E-4
9.798308935740833 1.5690004422174144E-4
9.798308935740833 1.5690004422174144E-4
9.798308935740833 1.1526344964119674E-4
9.798308935740833 1.09635216394408E-4
9.798308935740833 1.09635216394408E-4
9.798308935740833 1.0044203091245892E-4
9.798308935740833 1.0044203091245892E-4
9.798308935740833 1.1022880819424966E-4
9.798308935740833 1.1022880819424966E-4
9.798308935740833 1.1022880819424966E-4
9.798308935740833 1.1685913656964047E-4
9.798308935740833 1.2608127927046442E-4
9.798308935740833 1.2608127927046442E-4
9.798308935740833 1.1762360811459027E-4
9.798308935740833 1.0626073619783256E-4
9.798308935740833 9.14079266335195E-5
9.798308935740833 9.14079266335195E-5
9.798308935740833 8.515713646362032E-5
9.798308935740833 8.515713646362032E-5
9.798308935740833 5.7205749351564055E-5
9.798308935740833 5.7205749351564055E-5
9.798308935740833 5.463254011408786E-5
9.798308935740833 5.463254011408786E-5
9.798308935740833 6.156670048371784E-5
9.798308935740833 6.156670048371784E-5
9.798308935740833 6.156670048371784E-5
9.798308935740833 6.156670048371784E-5
9.798308935740833 6.156670048371784E-5
9.798308935740833 4.633390615722176E-5
9.798308935740833 8.511352887092574E-5
9.798308935740833 8.537833702077263E-5
9.798308935740833 8.537833702077263E-5
9.798308935740833 5.006645122377446E-5
9.798308935740833 5.006645122377446E-5
9.798308935740833 5.006645122377446E-5
9.798308935740833 5.006645122377446E-5
9.798308935740833 5.006645122377446E-5
9.798308935740833 5.006645122377446E-5
9.801985887934038 5.617138801186304E-5
9.801985887934038 5.617138801186304E-5
9.801985887934038 5.617138801186304E-5
9.801985887934038 3.119404605316293E-5
9.801985887934038 3.119404605316293E-5
9.801985887934038 3.119404605316293E-5
9.801985887934038 0.0
9.801985887934038 0.0
9.801985887934038 2.8377725427368193E-5
9.801985887934038 2.8377725427368193E-5
9.801985887934038 3.900094688101174E-5
9.801985887934038 3.900094688101174E-5
9.801985887934038 3.900094688101174E-5
9.801985887934038 2.8377725427368193E-5
9.801985887934038 2.8377725427368193E-5
9.801985887934038 2.8377725427368193E-5
9.801985887934038 2.8377725427368193E-5
9.801985887934038 0.0
9.801985887934038 0.0
9.801985887934038 0.0
9.801985887934038 0.0
9.801985887934038 1.0223640136041287E-5
9.801985887934038 1.0223640136041287E-5
9.801985887934038 2.0447280272082573E-5
9.801985887934038 2.0447280272082573E-5
9.801985887934038 2.0447280272082573E-5
9.801985887934038 2.0447280272082573E-5
9.801985887934038 1.4411880116592239E-5
9.802992667572411 2.563440424407757E-5
9.802992667572411 3.571612392464425E-5
9.802992667572411 5.8727316674018465E-5
9.802992667572411 5.8727316674018465E-5
9.802992667572411 4.8645596993451784E-5
9.802992667572411 2.3011192749374208E-5
9.802992667572411 2.3011192749374208E-5
9.802992667572411 2.3011192749374208E-5
9.802992667572411 2.3011192749374208E-5
9.802992667572411 3.182976954551429E-5
9.802992667572411 3.182976954551429E-5
9.802992667572411 2.120654809187074E-5
9.806562512407655 1.8731914473603552E-5
9.806562512407655 3.0782306624985816E-5
9.806562512407655 2.1416349388184037E-5
9.806562512407655 2.1416349388184037E-5
9.806562512407655 2.2878164942592262E-5
9.806562512407655 2.2878164942592262E-5
9.806562512407655 3.873785441366645E-5
9.806562512407655 4.8745078132571425E-5
9.806562512407655 3.873785441366645E-5
9.806562512407655 3.873785441366645E-5
9.806562512407655 3.873785441366645E-5
9.806562512407655 3.873785441366645E-5
9.806562512407655 5.0380924280364466E-5
9.808342592113181 4.000734951403556E-5
9.808342592113181 4.000734951403556E-5
9.808342592113181 4.000734951403556E-5
9.808476608295079 4.356171245193156E-5
9.808476608295079 4.356171245193156E-5
9.808476608295079 4.200036226580023E-5
9.808476608295079 4.200036226580023E-5
9.808476608295079 4.200036226580023E-5
9.809636260945226 5.771300429638325E-5
9.809636260945226 7.346055080521968E-5
9.810592026573238 7.522635785473149E-5
9.810592026573238 6.940672032730405E-5
9.812273878358544 9.269019451465172E-5
9.812273878358544 8.815620187712304E-5
9.812273878358544 8.317402633895969E-5
9.812273878358544 8.785617128901552E-5
9.812273878358544 8.785617128901552E-5
9.812273878358544 8.743891252464467E-5
9.812273878358544 8.843836018479285E-5
9.812273878358544 7.236271666597884E-5
9.812273878358544 8.769592482282469E-5
9.812273878358544 8.76959248228247E-5
9.812273878358544 8.522582958628228E-5
9.812273878358544 7.935407551022452E-5
9.812273878358544 8.385115331543151E-5
9.812273878358544 7.847759461451157E-5
9.812273878358544 8.874182522175703E-5
9.812273878358544 8.874182522175703E-5
9.812273878358544 9.47365424186937E-5
9.812273878358544 9.60731009509433E-5
9.812273878358544 1.1270111330992518E-4
9.815873390603135 1.1102931927720771E-4
9.815873390603135 1.1047795576965662E-4
9.815873390603135 1.0824089622256835E-4
9.815873390603135 1.0813847760118233E-4
9.815873390603135 1.034563326511265E-4
9.815873390603135 7.780781056515026E-5
9.815873390603135 7.780781056515027E-5
9.815873390603135 7.437546328345765E-5
9.815873390603135 6.925477201584972E-5
9.815873390603135 6.874103161993288E-5
9.815873390603135 7.249058441061375E-5
9.815873390603135 6.829218375682531E-5
9.815873390603135 6.36160765258277E-5
9.815873390603135 7.567063435279696E-5
9.815873390603135 6.389038995695865E-5
9.815873390603135 6.020455352653946E-5
9.815873390603135 6.0531499705870345E-5
9.815873390603135 6.359619957939502E-5
9.815873390603135 6.058790001255267E-5
9.815873390603135 6.0587900012552665E-5
9.815873390603135 6.460666372105455E-5
9.815873390603135 6.830326253146173E-5
9.815873390603135 6.830326253146171E-5
9.815873390603135 7.534189297471171E-5
9.815873390603135 7.799128892466099E-5
9.815873390603135 8.195979393575643E-5
9.815873390603135 8.195979393575643E-5
9.815873390603135 7.088202601137504E-5
9.816679131955443 6.353311456030978E-5
9.816679131955443 6.353311456030978E-5
9.81828528864384 6.329797860630607E-5
9.81828528864384 6.643232629986911E-5
9.81828528864384 6.387408463293978E-5
9.81828528864384 6.421384351981376E-5
9.81828528864384 5.829466993603855E-5
9.81828528864384 5.8384455469649825E-5
9.81828528864384 4.7133167037240896E-5
9.81828528864384 4.5669340317181166E-5
9.81828528864384 4.2989261274679814E-5
9.81828528864384 4.9533351094165203E-5
9.81828528864384 4.4501544274128737E-5
9.81828528864384 3.9101153750937977E-5
9.81828528864384 3.324947259216826E-5
9.81828528864384 3.324947259216826E-5
9.81828528864384 2.670538277268287E-5
9.81828528864384 2.0367411658109808E-5
9.81828528864384 2.48010190008099E-5
9.81828528864384 2.48010190008099E-5
9.819496108697345 2.9819531346667966E-5
9.819496108697345 2.2280026852851726E-5
9.819496108697345 2.2280026852851726E-5
9.819496108697345 2.2280026852851726E-5
9.819496108697345 2.2280026852851726E-5
9.819496108697345 2.2280026852851726E-5
9.819496108697345 2.2280026852851726E-5
9.819496108697345 1.729649465978728E-5
9.819496108697345 1.729649465978728E-5
9.819496108697345 9.831334515655657E-6
9.821282433816087 1.211687467498567E-5
9.821641855304163 1.7284563221466067E-5
9.821641855304163 1.7284563221466067E-5
9.821641855304163 1.7284563221466067E-5
9.821641855304163 1.490500342966713E-5
9.821641855304163 1.490500342966713E-5
9.821641855304163 6.961535017562693E-6
9.821641855304163 6.961535017562693E-6
9.821641855304163 8.218001047354433E-6
9.821641855304163 1.0648128128692156E-5
9.821641855304163 9.348562211417928E-6
9.823346377530239 1.3114851432445829E-5
9.823346377530239 1.3114851432445829E-5
9.823346377530239 1.215028877688239E-5
9.823346377530239 9.770728985083456E-6
9.825177817297332 1.3486062963217847E-5
9.825177817297332 1.3110075936389878E-5
9.825177817297332 1.409712785029339E-5
9.825177817297332 1.2200508228074312E-5
9.825177817297332 1.4403053185092568E-5
9.825177817297332 1.4084914848997277E-5
9.825177817297332 1.2988979996077132E-5
9.825177817297332 1.1841502750611001E-5
9.825177817297332 1.4638426088090754E-5
9.825177817297332 1.3490948842624626E-5
9.825177817297332 1.8436607744708018E-5
9.825177817297332 1.8436607744708018E-5
9.825177817297332 1.956221169171733E-5
9.825177817297332 2.338616544149896E-5
9.825177817297332 2.338616544149896E-5
9.825177817297332 3.0878551805322096E-5
9.825177817297332 3.0358155653225728E-5
9.825177817297332 2.435222074368211E-5
9.825177817297332 2.5069439588870753E-5
9.825177817297332 2.897196785428545E-5
9.825177817297332 2.897196785428545E-5
9.825177817297332 3.120925700398318E-5
9.825177817297332 2.592889081893174E-5
9.825177817297332 2.8753763575566156E-5
9.825177817297332 3.071014315935398E-5
9.825177817297332 3.014649753937984E-5
9.825177817297332 2.7325611977102037E-5
9.825177817297332 2.7344266771061436E-5
9.825177817297332 2.818503399955231E-5
9.825177817297332 2.610232654977094E-5
9.825177817297332 2.591994071027971E-5
9.825177817297332 2.3927126465479097E-5
9.82544713850001 2.4022889741443006E-5
9.82544713850001 2.264471286776237E-5
9.82544713850001 2.0489098697148598E-5
9.82544713850001 2.205813671447135E-5
9.82544713850001 2.4914751847557708E-5
9.82544713850001 2.655326922587224E-5
9.82544713850001 2.3751776596715747E-5
9.82544713850001 2.045335896589108E-5
9.82544713850001 1.974191553113511E-5
9.82544713850001 1.745599149943995E-5
9.82544713850001 1.745599149943995E-5
9.82544713850001 1.9210867549843736E-5
9.82544713850001 1.7824991957109563E-5
9.825794956929832 1.8823509836139336E-5
9.825794956929832 2.0178709073513246E-5
9.827528286049509 2.273996465667191E-5
9.827528286049509 2.273996465667191E-5
9.827528286049509 2.1603588627733046E-5
9.827528286049509 2.125213439251466E-5
9.827528286049509 1.8772947282778243E-5
9.827528286049509 1.7746840102138662E-5
9.827528286049509 1.3044301310028115E-5
9.827528286049509 1.0607174983300778E-5
9.827528286049509 1.0607174983300778E-5
9.827528286049509 1.0607174983300778E-5
9.827528286049509 1.0607174983300778E-5
9.827528286049509 7.80484742200311E-6
9.827528286049509 9.104982939153497E-6
9.827528286049509 9.104982939153497E-6
9.827528286049509 7.957350220763855E-6
9.827528286049509 7.957350220763855E-6
9.827528286049509 7.957350220763855E-6
9.827528286049509 7.957350220763855E-6
9.8307002436461 6.181637458368216E-6
9.8307002436461 8.064464319286517E-6
9.8307002436461 8.064464319286517E-6
9.8307002436461 8.064464319286517E-6
9.8307002436461 8.682811413811366E-6
9.8307002436461 7.408257928074489E-6
9.8307002436461 7.408257928074489E-6
9.8307002436461 6.41814948390151E-6
9.8307002436461 6.41814948390151E-6
9.8307002436461 7.308433145408052E-6
9.83142720268805 1.0183974807966998E-5
9.83142720268805 9.367877705194117E-6
9.83142720268805 9.367877705194117E-6
9.83142720268805 1.0004129778493852E-5
9.83142720268805 8.321132591253639E-6
9.83142720268805 8.105811861674604E-6
9.832503432866165 9.595455853379845E-6
9.832503432866165 1.0635798885478264E-5
9.832503432866165 1.198037491821112E-5
9.832503432866165 1.3951252829124423E-5
9.832503432866165 1.3850764576412332E-5
9.832503432866165 1.2049570252035116E-5
9.832503432866165 1.2162538948134581E-5
9.832503432866165 1.5213506199867653E-5
9.832503432866165 1.2409156667455496E-5
9.832503432866165 1.4659236192566944E-5
9.832503432866165 1.3349683535364644E-5
9.832503432866165 1.3116025746143667E-5
9.832503432866165 1.2660076338693487E-5
9.832503432866165 1.2212141415813036E-5
9.832503432866165 1.2607195964634564E-5
9.832503432866165 1.2340197713933466E-5
9.832503432866165 1.3017340231639533E-5
9.832503432866165 1.1945436876635994E-5
9.832503432866165 1.1029556852949288E-5
9.832503432866165 1.0850985457651634E-5
9.832503432866165 1.003219725583932E-5
9.832503432866165 1.003219725583932E-5
9.832503432866165 8.529838207727832E-6
9.832503432866165 9.956518342203384E-6
9.832503432866165 1.1004362273098781E-5
9.832610239208332 1.2747109412047558E-5
9.833417533578789 1.4220810083563992E-5
9.833417533578789 1.3958080531438278E-5
9.833417533578789 1.3640297656067462E-5
9.833645170802335 1.2622455488282588E-5
9.833645170802335 1.2195069494082936E-5
9.833645170802335 1.0302632084438837E-5
9.833645170802335 9.415894371296875E-6
9.833645170802335 9.612491900992184E-6
9.833645170802335 1.0836382188465132E-5
9.833645170802335 1.0141500382900854E-5
9.833645170802335 1.0486136108024658E-5
9.833645170802335 9.968385463290434E-6
9.833645170802335 1.1144628060236902E-5
9.833645170802335 6.960493920945074E-6
9.833645170802335 7.094955012003328E-6
9.83371323446436 7.141188814695739E-6
9.83371323446436 6.649617033283035E-6
9.83371323446436 7.157157443698826E-6
9.83371323446436 7.084288753856889E-6
9.83371323446436 5.192789087583763E-6
9.834441628403898 4.49772746852433E-6
9.834441628403898 4.772053056824195E-6
9.834441628403898 4.412717539121914E-6
9.834578943649717 4.229101746090593E-6
9.835004608934149 4.645320554188793E-6
9.835004608934149 4.620793835412798E-6
9.835004608934149 3.89849570110317E-6
9.835593926740879 4.382030961719503E-6
9.835593926740879 4.0847699456475575E-6
9.8358850495874 4.182629301608697E-6
9.8358850495874 3.67041299869149E-6
9.8358850495874 3.7609859068182507E-6
9.8358850495874 3.7048514232368545E-6
9.8358850495874 3.147570654919373E-6
9.8358850495874 3.2018763610266666E-6
9.8358850495874 2.3530660435439338E-6
9.8358850495874 2.2666388267459134E-6
9.8358850495874 2.3315224299206587E-6
9.8358850495874 2.4353287439255436E-6
9.8358850495874 2.763442357620617E-6
9.8358850495874 2.9061410617467754E-6
9.8358850495874 2.604028604410857E-6
9.8358850495874 3.5315500505996236E-6
9.8358850495874 3.4807557689608312E-6
9.8358850495874 3.6679810600239996E-6
9.8358850495874 3.7414714770826665E-6
9.8358850495874 3.5282994809493266E-6
9.8358850495874 3.674562307723916E-6
9.8358850495874 3.596706355553219E-6
9.8358850495874 3.5999512017239207E-6
9.8358850495874 3.510273338468419E-6
9.8358850495874 2.620835917024322E-6
9.8358850495874 2.3665623100428105E-6
9.8358850495874 2.0674729232559507E-6
9.8358850495874 2.0904103537949897E-6
9.8358850495874 2.3058727543741364E-6
9.8358850495874 2.325100682804867E-6
9.8358850495874 2.2588881097967163E-6
9.8358850495874 2.1175245739014287E-6
9.8358850495874 2.2605381625279696E-6
9.8358850495874 2.1177760972290024E-6
9.8358850495874 1.952207902892273E-6
9.8358850495874 2.1671924891300216E-6
9.8358850495874 2.1671924891300216E-6
9.8358850495874 2.28319890910356E-6
9.836513074881616 2.276139408709412E-6
9.836513074881616 2.1331258200828708E-6
9.836513074881616 2.1331258200828708E-6
9.836513074881616 1.983087107308258E-6
9.836513074881616 2.0860507424862978E-6
9.836513074881616 1.985109143798706E-6
9.836513074881616 1.985109143798706E-6
9.836513074881616 2.103339180722803E-6
9.836513074881616 1.9922872503603254E-6
9.836513074881616 1.9612429196089395E-6
9.836513074881616 1.6650268104136091E-6
9.836513074881616 1.3580075958941605E-6
9.836513074881616 1.3580075958941605E-6
9.836513074881616 1.3147799744645835E-6
9.836513074881616 1.2377021238848038E-6
9.836513074881616 1.2377021238848038E-6
9.836513074881616 1.1528123426504377E-6
9.836513074881616 1.1528123426504377E-6
9.836513074881616 1.1128555146696619E-6
9.836513074881616 1.1788826217351418E-6
9.836513074881616 1.2093590872396959E-6
9.836513074881616 1.205054499788306E-6
9.836513074881616 1.2709799273405065E-6
9.836513074881616 1.2416298913094787E-6
9.83679728120071 1.2131941986722081E-6
9.83679728120071 1.2256796168744964E-6
9.83679728120071 1.1596525098090163E-6
9.83679728120071 1.1596525098090163E-6
9.83679728120071 1.308713102621494E-6
9.83679728120071 1.308713102621494E-6
9.83679728120071 1.308713102621494E-6
9.83679728120071 1.2004563909915355E-6
9.83679728120071 1.3375414390237364E-6
9.83679728120071 1.3407716746683423E-6
9.83679728120071 1.3407716746683423E-6
9.83679728120071 1.4154731772018882E-6
9.83679728120071 1.4154731772018882E-6
9.83679728120071 1.4154731772018882E-6
9.83679728120071 1.4154731772018882E-6
9.83679728120071 8.408380655355429E-7
9.83679728120071 8.947889557187553E-7
9.83679728120071 8.697812129275551E-7
9.83679728120071 7.387095237747852E-7
9.83679728120071 6.931839235182015E-7
9.83679728120071 6.931839235182015E-7
9.83679728120071 7.068976143442737E-7
9.83679728120071 5.22145283373538E-7
9.83679728120071 5.22145283373538E-7
9.83679728120071 5.22145283373538E-7
9.83679728120071 8.26318513174742E-7
9.83679728120071 8.26318513174742E-7
9.83679728120071 8.26318513174742E-7
9.83679728120071 8.26318513174742E-7
9.83679728120071 9.345752248047003E-7
9.83679728120071 9.345752248047003E-7
9.8368255237663 1.0256182627445474E-6
9.8368255237663 6.765608051776255E-7
9.8368255237663 6.765608051776255E-7
9.8368255237663 6.234809271388455E-7
9.8368255237663 6.669968380764923E-7
9.8368255237663 7.0870268914056E-7
9.8368255237663 7.52005790936361E-7
9.836942226190827 3.941101916096586E-7
9.836942226190827 3.941101916096586E-7
9.836942226190827 3.941101916096586E-7
9.836942226190827 4.0446337850285014E-7
9.836942226190827 5.160160858249138E-7
Score: 9.836942226190827
Runtime: 794ms
