9.513678006173667E-5 5.340988354646062
9.513678006173667E-5 4.687185780229215
3.866806298744512E-4 4.281820668236883
3.866806298744512E-4 3.7158457312245265
7.592841532885938E-4 3.4397393009073927
0.001531668325993694 3.298126189861835
0.4079588928914589 3.093353132389791
0.4079588928914589 2.9209717017345325
0.4079588928914589 2.788777287728711
0.4079588928914589 2.650925405692557
0.7769574850694693 2.5726872446978195
0.7769574850694693 2.5749302647627528
0.7769574850694693 2.4073180650212453
0.7769574850694693 2.3969825902042436
0.7769574850694693 2.264311896449626
0.7769574850694693 2.1456591364001536
0.7769574850694693 2.0830702856568073
0.7769574850694693 2.0078174797652832
0.7769574850694693 1.9872961235094693
0.7769574850694693 1.8967927771076813
0.7769574850694693 1.8180689487604547
0.7769574850694693 1.8210353662549323
0.7769574850694693 1.8119998784598883
0.7769574850694693 1.8387117872120968
0.7769574850694693 1.8098996637894975
0.7769574850694693 1.7348771563811958
0.7769574850694693 1.8126402054660362
0.7769574850694693 1.805060447255338
0.7769574850694693 1.725062188176828
0.7769574850694693 1.6948712496031904
0.8828743337785225 1.6487501374785412
0.8828743337785225 1.5723442337032183
0.8828743337785225 1.514417293080424
0.8828743337785225 1.4895707151750381
0.8828743337785225 1.3885053560070042
0.9535523035486316 1.3240813075622082
0.9535523035486316 1.1967256713980157
0.9535523035486316 1.1784725602225754
0.9535523035486316 1.14340882096535
1.752567186444403 1.0921757039260653
1.752567186444403 1.0596985901688365
2.7116300445609998 1.010273208434394
2.7116300445609998 0.9667703686214145
2.7116300445609998 0.9115923447387985
2.7116300445609998 0.8605859059549542
2.7116300445609998 0.8563209382705285
2.7116300445609998 0.8439778353712958
2.7116300445609998 0.8097744204883761
2.7116300445609998 0.8190671178581043
2.7116300445609998 0.7603818455069333
2.7116300445609998 0.7422212170391497
2.7116300445609998 0.6971167245272143
2.7116300445609998 0.6432173635978429
2.7478533075575946 0.6175584582158369
3.5257223359193586 0.586617245182881
3.5257223359193586 0.5410013819169823
3.5257223359193586 0.5347161355122348
3.5257223359193586 0.4988347908825874
3.5257223359193586 0.4940640991305619
3.5257223359193586 0.4799862468476101
3.5257223359193586 0.4639172003227339
3.5257223359193586 0.45598481301822297
3.5257223359193586 0.44407961140966334
3.5257223359193586 0.44099233167414675
3.5257223359193586 0.41181858803325155
3.5257223359193586 0.39652295791992886
3.5257223359193586 0.3802065621451171
3.5257223359193586 0.3732258367662624
3.5257223359193586 0.36319058088416156
3.5257223359193586 0.35965862252776454
3.8622562047884856 0.36036170716000676
3.8622562047884856 0.33715449512123624
3.8622562047884856 0.34093784392293663
3.8622562047884856 0.35948295530869845
3.8622562047884856 0.3692269733853426
3.8622562047884856 0.3869553087286074
4.470887495915147 0.3828353318812827
4.470887495915147 0.37420365910294
4.949416982511064 0.3459400148162092
4.949416982511064 0.3484990643942953
5.032415888281504 0.3373123634442061
5.032415888281504 0.32866051537365193
5.032415888281504 0.3228658239016873
5.032415888281504 0.3175725363043064
5.032415888281504 0.3230792773564816
5.032415888281504 0.3230792773564817
5.032415888281504 0.30975399583393765
5.032415888281504 0.2768431610353885
5.032415888281504 0.2637059229147855
5.032415888281504 0.2317733835391645
5.032415888281504 0.23427550956260035
5.032415888281504 0.2430881634532185
5.032415888281504 0.23239794859660756
5.032415888281504 0.2502493734742013
5.032415888281504 0.2404249701826251
5.032415888281504 0.2317658782941923
5.032415888281504 0.21422568886098223
5.032415888281504 0.20797286250520622
5.032415888281504 0.20718477408431565
5.032415888281504 0.16697703495744318
5.032415888281504 0.1904959387687196
5.36543124828256 0.18570210804001505
5.36543124828256 0.19282791500891305
5.36543124828256 0.18708219386607003
5.36543124828256 0.17229789782250168
5.36543124828256 0.17946707122135003
5.36543124828256 0.18134652453912364
5.36543124828256 0.17518635097138882
5.36543124828256 0.16550613760736757
5.36543124828256 0.15594277852813054
5.41365521441897 0.15369077254146218
5.736375258489401 0.1551704096611104
5.736375258489401 0.15760744284553213
6.573493038998496 0.16762469253130446
6.573493038998496 0.15076286013985993
6.573493038998496 0.14617112391157858
6.573493038998496 0.138762749097968
6.573493038998496 0.13774456373786306
7.519190517798759 0.13824316310696297
7.519190517798759 0.13419047030980236
7.519190517798759 0.1349882904743247
7.519190517798759 0.12981472875645308
7.519190517798759 0.1244912360143935
7.519190517798759 0.10769082701742404
7.5703084676930885 0.11341092926415554
7.5703084676930885 0.11692672309398193
7.5703084676930885 0.12783593109406322
7.5703084676930885 0.12171150534037155
7.5703084676930885 0.12105101120654745
7.5703084676930885 0.13077328841353578
7.5703084676930885 0.12285583669384118
7.5703084676930885 0.12138036935927682
7.5703084676930885 0.11333772954068727
7.5703084676930885 0.11348547578687378
7.5703084676930885 0.10533621535675292
7.5703084676930885 0.10958233501160346
7.5703084676930885 0.10803285808942542
7.5703084676930885 0.10803285808942542
7.5703084676930885 0.10951731409312794
7.5703084676930885 0.1041319277853601
7.5703084676930885 0.108678752588009
7.5703084676930885 0.1117660381107351
7.5703084676930885 0.11389697965105192
7.5703084676930885 0.11663732004487094
7.5703084676930885 0.10941703447689949
8.104081865511734 0.10265154298808181
8.104081865511734 0.10501832239029353
8.104081865511734 0.1038136925136653
8.104081865511734 0.10584010625486319
8.104081865511734 0.1020745298937636
8.104081865511734 0.09761492754710216
8.104081865511734 0.09338216780130566
8.104081865511734 0.08997790756477307
8.104081865511734 0.08444721605874761
8.104081865511734 0.07857721905774659
8.104081865511734 0.0740568580437977
8.104081865511734 0.07129492688648281
8.104081865511734 0.0629775530019955
8.104081865511734 0.06889194057829427
8.104081865511734 0.06702384279568846
8.104081865511734 0.06524553273629916
8.104081865511734 0.06261440798058912
8.104081865511734 0.06005863171394645
8.104081865511734 0.05627579140577018
8.104081865511734 0.06122135012971166
8.104081865511734 0.05924459814537377
8.104081865511734 0.05478088971209658
8.104081865511734 0.051723237510502756
8.104081865511734 0.057356034205642
8.104081865511734 0.053806368828612866
8.174001004810235 0.05336796073524759
8.174001004810235 0.051709026847530294
8.174001004810235 0.04946274509891305
8.174001004810235 0.04709065283445191
8.360270423171091 0.05057338277976175
8.360270423171091 0.045655328412842144
8.360270423171091 0.04581360582795162
8.360270423171091 0.04568906585346107
8.360270423171091 0.04320432921096276
8.79604246178395 0.04754059369171801
8.79604246178395 0.05013590971252454
8.79604246178395 0.05099935088728901
8.79604246178395 0.05011350009410511
8.79604246178395 0.051077695721005026
8.79604246178395 0.04783062914040089
8.79604246178395 0.04480191192484918
8.79604246178395 0.04374997827886266
8.79604246178395 0.033525555741294684
8.79604246178395 0.03347164129177467
8.79604246178395 0.033864543487370335
8.79604246178395 0.03432916220482898
8.79604246178395 0.033549369001686924
8.79604246178395 0.034379312320504
8.79604246178395 0.03392158603153713
8.79604246178395 0.03252058844392728
8.79604246178395 0.034973254627085726
8.79604246178395 0.03407382546024991
8.79604246178395 0.03276884012043296
8.79604246178395 0.03207432640769127
8.79604246178395 0.029469222681455735
8.79604246178395 0.026543470050323956
9.083530593996024 0.027216233637264237
9.083530593996024 0.026624176356720042
9.083530593996024 0.026448359479915872
9.083530593996024 0.025756170948275425
9.083530593996024 0.024604105133330344
9.083530593996024 0.025101693190365166
9.083530593996024 0.025187358387232087
9.083530593996024 0.023227435832340375
9.083530593996024 0.02257718358425491
9.083530593996024 0.024297779096664415
9.083530593996024 0.020984768941693172
9.083530593996024 0.019396358050183037
9.083530593996024 0.01897417817097723
9.083530593996024 0.01988987733375331
9.083530593996024 0.018354593669278836
9.083530593996024 0.018354593669278836
9.083530593996024 0.018475155886960474
9.083530593996024 0.01681375674821638
9.083530593996024 0.017341669573753677
9.083530593996024 0.016806244157840277
9.083530593996024 0.017843088293308513
9.083530593996024 0.016493246570808178
9.083530593996024 0.016493246570808178
9.083530593996024 0.015737743905931214
9.083530593996024 0.015737743905931214
9.083530593996024 0.015737945155671396
9.083530593996024 0.015476356438347424
9.083530593996024 0.015993061927883967
9.083530593996024 0.015405064977028211
9.083530593996024 0.014837108137159778
9.083530593996024 0.014304467350872515
9.083530593996024 0.014304467350872515
9.087485084967419 0.014464266772844117
9.087485084967419 0.015604101003076324
9.107344565063148 0.014828367637825185
9.107344565063148 0.013622431248909151
9.107344565063148 0.01477305413956547
9.107344565063148 0.015479311839543793
9.107344565063148 0.01521609525940052
9.107344565063148 0.016096271021537722
9.107344565063148 0.015233453443214152
9.107344565063148 0.01370010102238742
9.107344565063148 0.013192526520170096
9.107344565063148 0.0118537651542026
9.107344565063148 0.010788848817536702
9.107344565063148 0.010479770554983019
9.107344565063148 0.009557894839676794
9.107344565063148 0.008165184307965288
9.107344565063148 0.007354186548317298
9.107344565063148 0.008157589204146885
9.107344565063148 0.009503826464772198
9.107344565063148 0.008700423808942611
9.107344565063148 0.008013252869755131
9.107344565063148 0.008586556759027343
9.107344565063148 0.007836145854099948
9.107344565063148 0.007789451729516204
9.107344565063148 0.0070943909130538815
9.260531892628528 0.006887003707717234
9.260531892628528 0.00671818545415649
9.44498826992041 0.006657044271840829
9.44498826992041 0.005873236254130458
9.44498826992041 0.00602145241393753
9.44498826992041 0.00602145241393753
9.44498826992041 0.004828296723131851
9.44498826992041 0.004828296723131851
9.44498826992041 0.004634090666256448
9.44498826992041 0.004634090666256448
9.44498826992041 0.00411858340539952
9.44498826992041 0.0030388188321904975
9.44498826992041 0.0030388188321904966
9.44498826992041 0.0032657899309357
9.44498826992041 0.0038276353586304324
9.44498826992041 0.005412218802197764
9.453659518337984 0.005426163202643212
9.453659518337984 0.006301370216469877
9.453659518337984 0.006605987841381321
9.453659518337984 0.006915803908625402
9.453659518337984 0.006915803908625402
9.453659518337984 0.006593751177330035
9.453659518337984 0.006593751177330034
9.453659518337984 0.006386119284805887
9.453659518337984 0.005730219019702543
9.453659518337984 0.004889062037149667
9.453659518337984 0.0054807260045803335
9.453659518337984 0.005839118122682906
9.453659518337984 0.006201181143564865
9.453659518337984 0.006080445093199206
9.453659518337984 0.0060804450931992065
9.453659518337984 0.0059083221020573415
9.534770857385343 0.005344229390696905
9.534770857385343 0.005316350063520456
9.534770857385343 0.005966996174418508
9.534770857385343 0.005966996174418507
9.534770857385343 0.00634578815658085
9.534770857385343 0.005627775287885512
9.534770857385343 0.005948813215803744
9.534770857385343 0.006221359771967181
9.534770857385343 0.0067432520095534855
9.582029716392203 0.006919033861050829
9.582029716392203 0.0071147294888098045
9.582029716392203 0.007126890682748119
9.582029716392203 0.007223174025450696
9.582029716392203 0.0068007824617353765
9.582029716392203 0.007318691665415959
9.582029716392203 0.006872743108787018
9.582029716392203 0.007311413768803794
9.582029716392203 0.007354122075129817
9.582029716392203 0.007229698293615576
9.582029716392203 0.007544445867180394
9.582029716392203 0.007323390930066999
9.582029716392203 0.007763208076406644
9.582029716392203 0.007796157849043142
9.588349051955795 0.008167520691245449
9.588349051955795 0.00793382453976275
9.588349051955795 0.007879398741995879
9.588349051955795 0.00743010207847569
9.588349051955795 0.006512559160665525
9.639469498252843 0.006380380602835726
9.640156425345566 0.005902597598505923
9.640156425345566 0.005864891885756019
9.640156425345566 0.0055841266820927035
9.640156425345566 0.005768968790834602
9.640156425345566 0.005600833596997597
9.640156425345566 0.005030997675466045
9.640156425345566 0.004875000541436012
9.640156425345566 0.004304761846255458
9.640156425345566 0.004576834881663888
9.642647994094952 0.00446961719235663
9.642647994094952 0.004619142106815748
9.642647994094952 0.004001732349536209
9.642647994094952 0.004070186541163539
9.642647994094952 0.0037678732240945512
9.674283082349199 0.003942060762633076
9.674283082349199 0.003931162665375268
9.681889414470094 0.004067575366670017
9.681889414470094 0.003996343833420359
9.681889414470094 0.0036495290452960337
9.681889414470094 0.003531352719774257
9.681889414470094 0.0032564451785631024
9.681889414470094 0.0030958351252608715
9.681889414470094 0.003136200931524529
9.681889414470094 0.0028199368727502634
9.681889414470094 0.002815166945952679
9.681889414470094 0.002836799141188053
9.681889414470094 0.0031069437532392327
9.681889414470094 0.003190014678584456
9.681889414470094 0.003086324756705052
9.681889414470094 0.0028722896089874526
9.71321892613503 0.0028839568897264787
9.71321892613503 0.0024734412682204956
9.71321892613503 0.0026198293935326008
9.714617323953918 0.0031960319465194164
9.714617323953918 0.0029955300987604258
9.714617323953918 0.0030643664472762636
9.714617323953918 0.0033597050517562735
9.714617323953918 0.0032794202387541214
9.722446746221548 0.00345821749368986
9.722446746221548 0.003226512906354084
9.722446746221548 0.003543201000432199
9.722446746221548 0.003325880963919859
9.722446746221548 0.0035564888842764225
9.722446746221548 0.0033547222097204763
9.736126603051567 0.0034731651522033574
9.736126603051567 0.0031431426439670874
9.736126603051567 0.0029285818171612206
9.736126603051567 0.0026869164828504416
9.736126603051567 0.0030695366260058985
9.736126603051567 0.003230796060481288
9.736126603051567 0.0033435245731851747
9.736126603051567 0.003587441246183664
9.736126603051567 0.0033228523815035825
9.75678863687024 0.0034450965546807947
9.75678863687024 0.0032582059860164388
9.75678863687024 0.003024355027597628
9.75678863687024 0.003531506262900433
9.75678863687024 0.0034189403734672446
9.75678863687024 0.003438072819571126
9.75678863687024 0.003390564239830399
9.75678863687024 0.0032344621651746465
9.75678863687024 0.003065626387253953
9.75678863687024 0.0032251221003391705
9.75678863687024 0.002934538197362848
9.769238091706423 0.0030806812351501464
9.769238091706423 0.0032238617449855496
9.769238091706423 0.003262532661951102
9.769238091706423 0.0033305263106112753
9.769238091706423 0.0034075789459095188
9.769238091706423 0.003251757664747567
9.769238091706423 0.003321390187551301
9.769238091706423 0.0032263311365537777
9.769238091706423 0.0029926756209842477
9.769238091706423 0.0031281849190259612
9.769238091706423 0.00271446213235145
9.78666846409877 0.0023953047955819276
9.78666846409877 0.002445387278696437
9.78666846409877 0.002547115058811196
9.78666846409877 0.0023820413832929613
9.78666846409877 0.0025313183217096657
9.78666846409877 0.0025589208441254853
9.78666846409877 0.0025281443851689093
9.78666846409877 0.0023923005721736444
9.78666846409877 0.0023440966797737732
9.78666846409877 0.0023052853688010286
9.816276314078733 0.002391059842458389
9.816276314078733 0.00242985087660036
9.816276314078733 0.002159782911455798
9.816276314078733 0.002075688298176428
9.81709138426701 0.0021488289058026427
9.81709138426701 0.0021687334394798457
9.81709138426701 0.0021471658115963235
9.81709138426701 0.00235310307591817
9.81709138426701 0.0019244790267459863
9.81709138426701 0.0018225388606921866
9.81709138426701 0.0016858206248590978
9.81709138426701 0.0016507241185681404
9.81709138426701 0.0015565306786295265
9.81709138426701 0.0012394896625242085
9.81709138426701 0.0012944999115907694
9.81709138426701 0.0012637463450896197
9.832219513976586 0.0011949228273777195
9.832219513976586 0.0012287049147433028
9.832219513976586 0.0010677192770582335
9.832219513976586 0.0011146094476462822
9.832219513976586 0.001003825307804459
9.832219513976586 0.0010857845573633285
9.832219513976586 0.0011773236054038864
9.832219513976586 0.0011754251073461976
9.832219513976586 0.0011683815277327312
9.832219513976586 0.0012043592296044595
9.832219513976586 0.001121251403752666
9.834138782264013 0.0011800604736786706
9.850400142822902 0.0011354378939902744
9.859411036088376 0.001110743276072872
9.859411036088376 0.0010664083122287184
9.859411036088376 0.0012820915603949693
9.859411036088376 0.0012825224367647805
9.859411036088376 0.0014476957369136967
9.859411036088376 0.0013747027981539687
9.859411036088376 0.001434075600746423
9.859411036088376 0.0015499270538076209
9.859411036088376 0.0015235795821219257
9.859411036088376 0.0013760055052975187
9.859411036088376 0.0014262841316549683
9.859411036088376 0.0014804380667186863
9.874642235420154 0.0013508460378876012
9.874642235420154 0.0015210349930320792
9.874642235420154 0.0014440378926379555
9.874642235420154 0.001514672139075837
9.874642235420154 0.0016811435510116846
9.874642235420154 0.0016829400821957016
9.889010013323938 0.001769136095360178
9.889010013323938 0.0017077525167064345
9.889010013323938 0.0015894258037651636
9.889010013323938 0.0015549033068072181
9.889010013323938 0.001293765684758678
9.889010013323938 0.0012527055428543869
9.889010013323938 0.0011778340421121558
9.889010013323938 0.0010555729247071501
9.890544918294266 0.001031645890538647
9.890544918294266 0.0011040431507672078
9.890544918294266 0.0010352899352388673
9.898090725883653 9.609557048174858E-4
9.898090725883653 0.001008519785801053
9.898090725883653 0.001017194119246826
9.898090725883653 0.0010121308122754274
9.898090725883653 0.0010205221263980876
9.898090725883653 9.797754744549326E-4
9.898090725883653 9.134615873990661E-4
9.898090725883653 8.958508685942357E-4
9.898090725883653 8.175100466468738E-4
9.898090725883653 7.519890636816675E-4
9.898090725883653 7.755487434010209E-4
9.89907438849995 7.788432785599889E-4
9.89907438849995 7.31310700788111E-4
9.89907438849995 7.340692550366401E-4
9.89907438849995 7.329966699954213E-4
9.89907438849995 7.73240272296616E-4
9.89907438849995 8.004095731777304E-4
9.89907438849995 7.49767439441269E-4
9.89907438849995 7.000202025233298E-4
9.905921388448068 7.270633188715466E-4
9.905921388448068 7.613292490472107E-4
9.905921388448068 7.338050489520677E-4
9.905921388448068 8.094518049531539E-4
9.905921388448068 8.063868180496168E-4
9.905921388448068 8.345841380334297E-4
9.905921388448068 8.111995952792765E-4
9.905921388448068 7.234695912898435E-4
9.905921388448068 7.595349627849523E-4
9.905921388448068 7.016060080680935E-4
9.907389900361187 6.501218045738393E-4
9.907389900361187 5.899994958636817E-4
9.907389900361187 5.682198368306282E-4
9.907669290244188 5.437936996888635E-4
9.907669290244188 5.248098738434353E-4
9.907669290244188 4.3782733362367476E-4
9.907669290244188 4.431818960153087E-4
9.907669290244188 4.2540088562624024E-4
9.907669290244188 4.2967480311781103E-4
9.907669290244188 3.9306995371405805E-4
9.907669290244188 4.004480238536418E-4
9.9093240647974 3.954847806538713E-4
9.9093240647974 4.0404883870425427E-4
9.9093240647974 3.8950420996546205E-4
9.9093240647974 3.712256722390103E-4
9.9093240647974 3.613180632053403E-4
9.9093240647974 3.425872018250579E-4
9.9093240647974 3.534582508912034E-4
9.9093240647974 3.821360252407097E-4
9.9093240647974 3.7132525337264403E-4
9.911113671363418 3.637763283471927E-4
9.911113671363418 3.1886483857557576E-4
9.911113671363418 3.127252751284851E-4
9.911113671363418 2.81408823344149E-4
9.913396573275804 2.805289930257276E-4
9.913396573275804 2.7246292913153604E-4
9.913396573275804 2.1025888347370647E-4
9.913396573275804 2.0808135929284606E-4
9.913396573275804 1.950973201224495E-4
9.913396573275804 1.871509845809105E-4
9.913396573275804 1.7806161619611584E-4
9.913396573275804 1.8402620541448474E-4
9.913396573275804 1.7217265420893827E-4
9.913396573275804 1.6564981590029348E-4
9.913396573275804 1.5569000816539219E-4
9.913396573275804 1.637881664187261E-4
9.913396573275804 1.5911123034688257E-4
9.913396573275804 1.5139837174785935E-4
9.913396573275804 1.4798699828298207E-4
9.913396573275804 1.4803109058429443E-4
9.913396573275804 1.4229454351847676E-4
9.916563378162142 1.547490821572253E-4
9.916563378162142 1.547490821572253E-4
9.916563378162142 1.4482905652867109E-4
9.916563378162142 1.379027985740619E-4
9.916563378162142 1.1499287289249942E-4
9.916563378162142 1.168767785134293E-4
9.916563378162142 1.3027592021114067E-4
9.919680923746476 1.4115131081222974E-4
9.919680923746476 1.4115131081222974E-4
9.919680923746476 1.4115131081222974E-4
9.919680923746476 1.2673766498513846E-4
9.92373241620754 1.212674270492087E-4
9.92373241620754 1.1339387817411047E-4
9.92373241620754 1.1612748827526981E-4
9.92373241620754 1.1879390353716646E-4
9.92373241620754 1.222916380036105E-4
9.92373241620754 1.1770940089491521E-4
9.92373241620754 1.0080626293719553E-4
9.92373241620754 1.1217641233645923E-4
9.92373241620754 1.063596524190868E-4
9.92373241620754 1.063596524190868E-4
9.92373241620754 9.887324651106972E-5
9.92373241620754 7.917219922249047E-5
9.92373241620754 7.230789015248926E-5
9.92373241620754 7.0567172270469E-5
9.92373241620754 6.237363463157432E-5
9.92373241620754 7.004220006614192E-5
9.92373241620754 6.878978924589585E-5
9.92373241620754 6.55962099390595E-5
9.92373241620754 5.740670775539267E-5
9.92373241620754 5.740670775539267E-5
9.92373241620754 5.740670775539267E-5
9.92373241620754 5.5311168263986884E-5
9.92373241620754 5.432130419145182E-5
9.92373241620754 7.305570915148117E-5
9.92373241620754 7.040964537259423E-5
9.92373241620754 8.334264764570013E-5
9.92373241620754 8.548114609546235E-5
9.92373241620754 8.568101029077318E-5
9.92373241620754 8.581843258533947E-5
9.92373241620754 8.039451703032718E-5
9.92373241620754 6.757460953969239E-5
9.92373241620754 5.846386860337679E-5
9.92373241620754 5.846386860337679E-5
9.92373241620754 5.846386860337679E-5
9.924933259224966 6.055116562208896E-5
9.924933259224966 6.272160377516592E-5
9.924933259224966 5.4391980130788984E-5
9.924933259224966 5.064765349031385E-5
9.924933259224966 5.064765349031385E-5
9.924933259224966 5.183651943856665E-5
9.924933259224966 4.621181769938975E-5
9.924933259224966 4.887823296128636E-5
9.924933259224966 5.3964397158505255E-5
9.924933259224966 5.3964397158505255E-5
9.924933259224966 5.303016350609047E-5
9.924933259224966 5.3216097508327225E-5
9.924933259224966 5.3216097508327225E-5
9.924933259224966 5.0955084006980547E-5
9.924933259224966 5.593311542991329E-5
9.924933259224966 5.1182005682157746E-5
9.924933259224966 5.1182005682157746E-5
9.924933259224966 4.1776448092471576E-5
9.924933259224966 4.281666054542548E-5
9.924933259224966 3.4185100157232055E-5
9.924933259224966 4.1484441090777196E-5
9.924933259224966 4.269890889245217E-5
9.924933259224966 4.540523310181218E-5
9.924933259224966 4.024360439564365E-5
9.924933259224966 4.024360439564365E-5
9.924933259224966 4.024360439564365E-5
9.924933259224966 3.503717071787297E-5
9.924933259224966 3.73306973458881E-5
9.924933259224966 3.247204741603894E-5
9.924933259224966 3.103981367337014E-5
9.924933259224966 3.592729704596338E-5
9.924933259224966 3.574716222161361E-5
9.924933259224966 3.3331927186081245E-5
9.926456769529917 3.6650512195147755E-5
9.926456769529917 3.6650512195147755E-5
9.926456769529917 3.088424313612512E-5
9.926456769529917 2.4024986387030156E-5
9.926456769529917 2.883608580492716E-5
9.926456769529917 3.1371259130884226E-5
9.926456769529917 3.559569769137896E-5
9.926456769529917 3.203430394298271E-5
9.929955752921838 3.0981901402413723E-5
9.929955752921838 2.8446728076456656E-5
9.929955752921838 2.4844081759917245E-5
9.929955752921838 2.4844081759917245E-5
9.929955752921838 2.4844081759917245E-5
9.929955752921838 1.5732616514309277E-5
9.929955752921838 1.5732616514309277E-5
9.929955752921838 1.5732616514309277E-5
9.929955752921838 1.971574926168018E-5
9.929955752921838 2.3409626379136167E-5
9.929955752921838 2.9491916984016388E-5
9.929955752921838 2.5554196091100276E-5
9.929955752921838 2.5554196091100273E-5
9.929955752921838 2.5554196091100276E-5
9.929955752921838 1.8961406178320125E-5
9.929955752921838 1.6444985923899146E-5
9.929955752921838 1.6444985923899146E-5
9.929955752921838 7.722421719281671E-6
9.929955752921838 7.722421719281671E-6
9.929955752921838 7.722421719281671E-6
9.931241208272057 8.04672848813716E-6
9.931241208272057 8.04672848813716E-6
9.931241208272057 5.939899105425519E-6
9.931241208272057 2.500568458942495E-6
9.931241208272057 3.2382325526325694E-6
9.931241208272057 5.809970196438103E-6
9.93158416686812 6.601966470140947E-6
9.93158416686812 5.0682836475765956E-6
9.93158416686812 5.0682836475765956E-6
9.93158416686812 5.905783532976558E-6
9.93158416686812 7.388327015243375E-6
9.93158416686812 5.813163036153337E-6
9.93158416686812 8.270184313749024E-6
9.93158416686812 7.3717949901716226E-6
9.93158416686812 7.3717949901716226E-6
9.93158416686812 5.889251507904806E-6
9.93158416686812 8.511124974496567E-6
9.93158416686812 8.050724630687114E-6
9.933179160242009 9.581626827557489E-6
9.933179160242009 1.1780607905338272E-5
9.933179160242009 1.1780607905338272E-5
9.933179160242009 1.8253733040766745E-5
9.933179160242009 2.3519787071717865E-5
9.933179160242009 2.2107136684901367E-5
9.933179160242009 2.2107136684901367E-5
9.933179160242009 2.2107136684901367E-5
9.933179160242009 2.1242006936084883E-5
Score: 9.933179160242009
Runtime: 779ms
