5.3127588931572805E-6 5.273413670144961
7.40319348276184E-5 4.686012861356919
4.6134227920915905E-4 4.211343678524897
8.401102863385434E-4 3.956177560318579
0.005572431739743681 3.709997188859495
0.021497038360956365 3.4641495563826923
0.027861098573555003 3.3405327540002503
0.027861098573555003 3.173725991668468
0.032620287856333786 2.9825829602380884
0.24772511064212038 2.8625026215597473
0.24772511064212038 2.7651471762999575
0.24772511064212038 2.68728084867218
0.3200539484115663 2.719219263903578
0.3200539484115663 2.533116041624645
0.3200539484115663 2.4542305355507454
0.3200539484115663 2.265728948365965
0.8010930346568103 2.200718523368471
0.8010930346568103 2.202685211064344
0.8010930346568103 2.082648819719507
0.8010930346568103 2.0377155548328325
0.8010930346568103 2.0099385756134853
0.8010930346568103 1.9536203499145282
0.8010930346568103 1.9202935138466073
0.8010930346568103 1.8400167150233238
0.8908706299335105 1.753153844661334
0.8908706299335105 1.6763673942515647
1.5212232389078861 1.64166389410917
1.5212232389078861 1.6056248438574856
1.5212232389078861 1.5964757453406853
1.5212232389078861 1.5285614266577925
1.5212232389078861 1.4497208639965875
1.5212232389078861 1.3614048422762772
1.5212232389078861 1.321373998831799
1.5212232389078861 1.308390128606577
1.5212232389078861 1.234132414831616
1.5212232389078861 1.2474558310002166
2.5296121194522376 1.2223666222500535
2.5296121194522376 1.1994636493621913
2.5296121194522376 1.136617385697684
2.5296121194522376 1.075713022117597
2.5296121194522376 1.0160238892722422
2.5296121194522376 0.9421844387497644
2.5296121194522376 0.9386498052258988
2.5296121194522376 0.8934329037737503
2.5296121194522376 0.8836925975386871
2.5296121194522376 0.8347136883073831
2.5296121194522376 0.8090006224382106
2.5296121194522376 0.7653598136997207
2.5296121194522376 0.751437699899796
2.5296121194522376 0.7163147492255121
2.5296121194522376 0.67664784573417
2.5296121194522376 0.659709562339237
3.3123504480846044 0.6147388197407381
3.3123504480846044 0.6223404065616768
3.3123504480846044 0.6063420877995711
3.3123504480846044 0.5849416176801174
3.3123504480846044 0.5911673989981714
3.593496759775036 0.5869350873118223
4.2016350300277265 0.5576847828278695
4.2016350300277265 0.55517946500558
4.2016350300277265 0.5913106776007426
4.913548588719511 0.5757408144436847
4.913548588719511 0.5247417177778503
4.913548588719511 0.4964589393998565
4.913548588719511 0.47863597092453875
5.355715038088643 0.46431780914841
5.355715038088643 0.426203039551854
5.355715038088643 0.43906890864460296
5.355715038088643 0.42857268664987724
5.355715038088643 0.40327585625993745
5.355715038088643 0.40714364320681756
5.355715038088643 0.42464256773610076
5.355715038088643 0.4052101388080866
5.355715038088643 0.3931279146457619
5.355715038088643 0.38621075833099344
5.355715038088643 0.3819196187504114
5.355715038088643 0.3891079930391064
5.355715038088643 0.36960354452924893
5.355715038088643 0.3540097401461273
5.355715038088643 0.3531262065135607
5.355715038088643 0.3386154724941059
5.355715038088643 0.31302216130182753
5.355715038088643 0.3019558273596449
5.355715038088643 0.29830268378599717
5.355715038088643 0.3015575907559906
5.355715038088643 0.2934777092996704
5.355715038088643 0.2796466077189964
5.355715038088643 0.26454936506541044
5.6155596481080305 0.2586430090866502
5.6155596481080305 0.24469760568074417
5.6155596481080305 0.22731120478220807
5.6155596481080305 0.22038129651696872
5.6155596481080305 0.22411770705126358
5.6155596481080305 0.20982972803890007
5.6155596481080305 0.20729264798342334
5.6155596481080305 0.20598290510677095
5.6155596481080305 0.19050249346044723
5.6155596481080305 0.20305964590430964
5.6155596481080305 0.20025811664106694
5.6155596481080305 0.17733763330285712
5.6155596481080305 0.18915697319618704
5.6155596481080305 0.19297856806332675
5.6155596481080305 0.18422223102961788
5.724217755047681 0.19184196632209802
6.335226510810195 0.18646695172648445
6.335226510810195 0.20416296979149298
6.335226510810195 0.20496914150775578
6.762440167194175 0.20644554803137982
6.762440167194175 0.1933531104544692
6.762440167194175 0.18379924452531848
6.762440167194175 0.17830857941662623
6.762440167194175 0.1659502282415711
6.762440167194175 0.16402586471407132
6.762440167194175 0.16149325507504622
6.762440167194175 0.15174922513073563
6.762440167194175 0.14904691247872712
6.762440167194175 0.14430109442134306
6.762440167194175 0.13324034349782507
6.762440167194175 0.13518609419689792
7.09129707114677 0.13100199239497212
7.09129707114677 0.1284077285125831
7.09129707114677 0.1294676861053457
7.09129707114677 0.1313581089956326
7.09129707114677 0.129172749488432
7.09129707114677 0.12846613184303482
7.09129707114677 0.12865885739666078
7.09129707114677 0.11946264355008121
7.09129707114677 0.11422113978762966
7.09129707114677 0.1200999971638933
7.09129707114677 0.11468782810123197
7.09129707114677 0.1115552095604279
7.09129707114677 0.10292227783558407
7.270316592793558 0.09941602951146229
7.270316592793558 0.09270056746182308
7.270316592793558 0.08966314335473383
7.649754764548796 0.08454052744955862
7.649754764548796 0.0799652219981644
7.649754764548796 0.08028438548959532
7.649754764548796 0.08028438548959532
7.7262352238688266 0.07860238633777428
7.7262352238688266 0.08261281051341635
7.7262352238688266 0.0877703050079561
7.7262352238688266 0.09105357234897309
7.7262352238688266 0.08145361903637323
7.7262352238688266 0.08747623572960252
8.127873761444382 0.08295180456701057
8.127873761444382 0.07182460701646631
8.127873761444382 0.06781130226177495
8.127873761444382 0.06402469577888774
8.127873761444382 0.061353344998322824
8.127873761444382 0.05506360155119493
8.127873761444382 0.056851092389550266
8.127873761444382 0.05436495097934543
8.127873761444382 0.05508309747980042
8.127873761444382 0.05007765681664313
8.202364274632219 0.0497559641656889
8.202364274632219 0.05100509691571114
8.202364274632219 0.05530213003964909
8.202364274632219 0.05618054380015708
8.202364274632219 0.058243437969732276
8.202364274632219 0.06149638698095845
8.202364274632219 0.05533013426284432
8.202364274632219 0.05905891693376404
8.202364274632219 0.06277717306997696
8.326591530731287 0.06206592182024829
8.326591530731287 0.06330117610888968
8.459306282685251 0.06381819213058866
8.459306282685251 0.060558663746189
8.459306282685251 0.05517701771828136
8.459306282685251 0.05277691269738741
8.542466290963413 0.05134262711345095
8.867627319964496 0.04924462563376857
8.867627319964496 0.04899187917847776
8.867627319964496 0.04374044347087619
8.867627319964496 0.0430619511751993
8.867627319964496 0.04541212902037343
8.867627319964496 0.04793787302329032
8.867627319964496 0.04641115923291005
8.867627319964496 0.04535158947010047
8.867627319964496 0.04689976218129543
8.867627319964496 0.0446717094910718
8.867627319964496 0.04459552612849423
8.867627319964496 0.04070654282658438
8.867627319964496 0.03941655737287336
8.867627319964496 0.03685019338034879
8.867627319964496 0.03720191432903044
8.867627319964496 0.03634347865478121
8.867627319964496 0.03417601196405382
8.867627319964496 0.03254586886280004
8.867627319964496 0.03523983002073134
8.867627319964496 0.033674230154214564
8.91107307315738 0.034993535799704614
8.91107307315738 0.03545608294905715
8.923435597870668 0.033101226294442
8.923435597870668 0.031124212640670487
8.972776586048049 0.031654829996859424
8.972776586048049 0.031065777501129287
8.972776586048049 0.029290029238267217
8.972776586048049 0.029290029238267217
8.972776586048049 0.03168727350448183
8.972776586048049 0.03428834486471595
8.972776586048049 0.031689381533842674
8.972776586048049 0.03222584673157492
8.972776586048049 0.0342968391767664
8.972776586048049 0.033207286211116856
8.972776586048049 0.03040499804348329
8.972776586048049 0.029788032092277757
8.972776586048049 0.027135576999871867
8.972776586048049 0.025575552878973302
8.972776586048049 0.02452926603355401
8.972776586048049 0.025495896299190413
9.11521602753166 0.025974404616726482
9.11521602753166 0.02339202078230514
9.11521602753166 0.021859491453262096
9.14726231672249 0.020193555724866807
9.14726231672249 0.01926330699462663
9.14726231672249 0.018268351287261852
9.14726231672249 0.018836815936850635
9.14726231672249 0.018089741263005887
9.14726231672249 0.018413015257297872
9.216737574328375 0.0172479887697885
9.216737574328375 0.014737031148323183
9.216737574328375 0.013415953401657198
9.216737574328375 0.013858201067562944
9.216737574328375 0.015092611908298744
9.216737574328375 0.015555594516401625
9.216737574328375 0.013784990382962992
9.216737574328375 0.014606807496276577
9.216737574328375 0.014852251727157671
9.216737574328375 0.014852251727157671
9.309481159062063 0.015575553602478994
9.348174297425997 0.014927632308511836
9.348174297425997 0.015473512360681433
9.504659798585271 0.016203972347079477
9.504659798585271 0.015527061121563724
9.504659798585271 0.014365911943942935
9.504659798585271 0.014079478568956772
9.504659798585271 0.012306552939985232
9.504659798585271 0.011530752050934692
9.504659798585271 0.012075814907263125
9.504659798585271 0.0131721139020296
9.504659798585271 0.013534105642926175
9.504659798585271 0.014292865425942708
9.504659798585271 0.01349522358113199
9.504659798585271 0.013345816969891804
9.504659798585271 0.012998832168402731
9.504659798585271 0.012800912446656147
9.504659798585271 0.01347961106940608
9.504659798585271 0.01373429691116104
9.504659798585271 0.013190102175662948
9.516633140042126 0.012683716278924138
9.516633140042126 0.01233458544745785
9.530612680715485 0.01188642933379653
9.530612680715485 0.011463172039105065
9.530612680715485 0.011281278554855237
9.530612680715485 0.011373071525282314
9.530612680715485 0.011076856003579712
9.530612680715485 0.011719867641906911
9.530612680715485 0.01149427814574443
9.530612680715485 0.011614391826960082
9.530612680715485 0.011609030524600697
9.530612680715485 0.011323480932676076
9.530612680715485 0.01164891158395451
9.530612680715485 0.011371347390541657
9.530612680715485 0.012467223347034652
9.530612680715485 0.012313860002547054
9.530612680715485 0.011303691404074275
9.530612680715485 0.010934727969987682
9.530612680715485 0.010976794039168175
9.530612680715485 0.010082356353273453
9.530612680715485 0.010090546402970487
9.530612680715485 0.00906045949197437
9.530612680715485 0.009995818599837999
9.530612680715485 0.009852344544907878
9.61479953024963 0.009671161998395952
9.61479953024963 0.009780400825986297
9.61479953024963 0.008820585437319192
9.61479953024963 0.008079797784898488
9.61479953024963 0.006246797596083952
9.61479953024963 0.005277880835410766
9.61479953024963 0.004296316980861703
9.66575794268408 0.004179721795736628
9.66575794268408 0.0039054918327443124
9.697118983620122 0.004421194465355106
9.697118983620122 0.004513606752113489
9.697118983620122 0.004822127915558758
9.697118983620122 0.005212561405452229
9.697118983620122 0.005050753665000225
9.697118983620122 0.005071644707594728
9.697118983620122 0.004832057142161681
9.697118983620122 0.003740442503553107
9.697118983620122 0.0030346872383294143
9.697118983620122 0.003297933120741899
9.697118983620122 0.003382231016410534
9.719718137945963 0.003916278226040143
9.719718137945963 0.0037365497238082595
9.719718137945963 0.0034614478069234403
9.719718137945963 0.0033906012734591486
9.719718137945963 0.0032825476053323934
9.719718137945963 0.0032280841790459655
9.719718137945963 0.0032280841790459655
9.719718137945963 0.003724295962351205
9.719718137945963 0.0033536929427770076
9.719718137945963 0.003353692942777008
9.719718137945963 0.0035160599962375423
9.719718137945963 0.003445764989131551
9.719718137945963 0.0034855606997532844
9.719718137945963 0.0036405336543323206
9.719718137945963 0.0034963738880643552
9.719718137945963 0.003250500337314632
9.719718137945963 0.002726243246807513
9.719718137945963 0.0033874427609724618
9.719718137945963 0.003469220345186921
9.719718137945963 0.0033874427609724618
9.743585753770118 0.003061466663455697
9.743585753770118 0.0031498954152260465
9.743585753770118 0.0033829553733370184
9.743585753770118 0.003239655777085519
9.743585753770118 0.0032281234560476452
9.743585753770118 0.0029620435454034925
9.743585753770118 0.003070860483674799
9.743585753770118 0.0030204446585613597
9.743585753770118 0.002917943977424767
9.743585753770118 0.00272882643990398
9.743585753770118 0.002937681780528039
9.743585753770118 0.002840840322243514
9.753933075827868 0.0027904154412095733
9.753933075827868 0.002466520235630443
9.753933075827868 0.002292637357161795
9.753933075827868 0.0024467783924484354
9.753933075827868 0.0024321264565362387
9.753933075827868 0.002388335728850819
9.753933075827868 0.0022608117071196607
9.753933075827868 0.0022608117071196607
9.753933075827868 0.002274544769937917
9.753933075827868 0.002274544769937917
9.753933075827868 0.002591173410937573
9.754894893555935 0.002732370463918534
9.754894893555935 0.0028644018504065697
9.754894893555935 0.002820030073111199
9.754894893555935 0.0028865805734893803
9.754894893555935 0.002891596683232087
9.754894893555935 0.0028896645785284826
9.754894893555935 0.0025472731804351014
9.754894893555935 0.002594694900945088
9.758301192028508 0.0029047268212278594
9.758301192028508 0.0027616756219193345
9.758301192028508 0.002927509329412251
9.758301192028508 0.0028226521067880378
9.79821293539884 0.00303765627567995
9.79821293539884 0.003012188951413309
9.79821293539884 0.0028348607838561903
9.79821293539884 0.003053868084524013
9.79821293539884 0.0030172703260085165
9.79821293539884 0.002922992162403222
9.79821293539884 0.0030488347330317827
9.79821293539884 0.003179237662284594
9.79821293539884 0.003100347326310864
9.79821293539884 0.0032186840076093154
9.79821293539884 0.0031450461831070767
9.79821293539884 0.0034633617446648236
9.79821293539884 0.002958312871426226
9.79821293539884 0.0026549140651114275
9.79821293539884 0.002757445720969424
9.79821293539884 0.002716331478565777
9.79821293539884 0.0027502313659556613
9.79821293539884 0.0028272782125434047
9.79821293539884 0.002747966113713849
9.79821293539884 0.0024176239777551037
9.79821293539884 0.0022154256186145446
9.79821293539884 0.002231153693443917
9.79821293539884 0.002060762404225733
9.79821293539884 0.001993970556984937
9.800027768842828 0.0021000476465940195
9.800027768842828 0.002125101957491271
9.800027768842828 0.002079598796000312
9.800027768842828 0.002117440777048714
9.80205614129946 0.002104658454428432
9.80205614129946 0.002172952804104199
9.833095059159811 0.0021963661841521267
9.833095059159811 0.00216934506942855
9.833095059159811 0.002265044037965207
9.833095059159811 0.002039935651678189
9.833095059159811 0.0019538858591795993
9.833095059159811 0.00197579219259798
9.833095059159811 0.002087688302094974
9.833095059159811 0.0020550928712484177
9.833095059159811 0.002078552604213551
9.833095059159811 0.0020436054165453815
9.833095059159811 0.0020134932043271033
9.833095059159811 0.0021754464005217717
9.833095059159811 0.002003638696936874
9.833095059159811 0.0019349625863550853
9.833095059159811 0.0019043858319853521
9.833095059159811 0.00201049208383292
9.833095059159811 0.0018901274822174974
9.833095059159811 0.001889444068966459
9.847162588992692 0.002045297577992642
9.847162588992692 0.0019149330314243622
9.847162588992692 0.001966287762064235
9.847162588992692 0.001906575240739069
9.847162588992692 0.0017583735067977786
9.847162588992692 0.001722371156663618
9.847162588992692 0.0017633673345240882
9.864794145311658 0.0017550421118500792
9.864794145311658 0.0018800705756868183
9.864794145311658 0.001827271132663089
9.864794145311658 0.0016959398773607548
9.864794145311658 0.0017972149286410361
9.864794145311658 0.0017649445870965349
9.864794145311658 0.0017203823413988613
9.864794145311658 0.0016321964734883527
9.864794145311658 0.0015899941292665384
9.864794145311658 0.0015808438026676402
9.864794145311658 0.0015555070591677673
9.864794145311658 0.0015900447006257441
9.864794145311658 0.0016041723429801177
9.864794145311658 0.001568795621832568
9.864794145311658 0.0015201970226325732
9.864794145311658 0.0012592315651809482
9.864794145311658 0.0012050105470037768
9.864794145311658 0.0012328445368550277
9.864794145311658 0.0011042711490166738
9.864794145311658 0.0011589735562212782
9.864794145311658 0.0011063903243539936
9.864794145311658 0.0011815407801403087
9.864794145311658 0.0011565948755270677
9.864794145311658 0.001077056021482973
9.86886926710848 0.0010391186432343745
9.86886926710848 0.0011119890838840751
9.86886926710848 0.001013828772782536
9.881814280699947 0.0010791782732999132
9.881814280699947 9.975812324735296E-4
9.881814280699947 9.673595157306795E-4
9.881814280699947 8.526388624849534E-4
9.881814280699947 9.085760824273853E-4
9.881814280699947 7.831222590429754E-4
9.881814280699947 7.64884609726004E-4
9.881814280699947 7.225638145089032E-4
9.881814280699947 7.314349289890607E-4
9.881814280699947 6.85174612134352E-4
9.881814280699947 6.094953441504397E-4
9.881814280699947 5.911740983979544E-4
9.881814280699947 5.70212773586281E-4
9.881814280699947 5.496575995550861E-4
9.881814280699947 5.400037899441973E-4
9.881814280699947 5.173238667866457E-4
9.881814280699947 4.972875671663911E-4
9.881814280699947 5.048370224890458E-4
9.881814280699947 5.412995965784599E-4
9.881814280699947 5.825097387471349E-4
9.881814280699947 5.778510987193554E-4
9.900827403842676 6.075983015737806E-4
9.900827403842676 6.07599869563565E-4
9.900827403842676 6.237550015164143E-4
9.900827403842676 6.28860180546408E-4
9.900827403842676 6.055259547602253E-4
9.900827403842676 7.113980973393535E-4
9.902652346485473 7.483860446289282E-4
9.902652346485473 7.348297624099988E-4
9.902652346485473 6.811380045607707E-4
9.902652346485473 6.888050152149018E-4
9.902652346485473 6.626101314336121E-4
9.910276591356096 6.676244283574672E-4
9.910276591356096 7.748669006367561E-4
9.915888553903219 7.674988848938394E-4
9.915888553903219 7.28603015454014E-4
9.915888553903219 7.397983009315111E-4
9.915888553903219 6.835390019876855E-4
9.915888553903219 7.44875884859786E-4
9.915888553903219 7.532620748457317E-4
9.915888553903219 7.464997676615843E-4
9.915888553903219 6.934643690645798E-4
9.915888553903219 6.517039954091437E-4
9.915888553903219 6.769061118405221E-4
9.915888553903219 6.490965341035348E-4
9.915888553903219 6.226723427548628E-4
9.915888553903219 6.050668200270629E-4
9.915888553903219 5.83401549012651E-4
9.915888553903219 5.904383244852092E-4
9.915888553903219 6.062430938798247E-4
9.915888553903219 5.827150857158928E-4
9.915888553903219 5.420070352153297E-4
9.915888553903219 5.996714017903732E-4
9.915888553903219 5.857576595014088E-4
9.915888553903219 5.511689909289978E-4
9.915888553903219 5.88991646498665E-4
9.915888553903219 5.572557358450368E-4
9.915888553903219 5.483850799047547E-4
9.915888553903219 5.201294487740159E-4
9.915888553903219 5.01418897059137E-4
9.91860064890744 4.3354592408279983E-4
9.91860064890744 3.796548159271396E-4
9.91860064890744 3.595441017124398E-4
9.91860064890744 3.355209668392865E-4
9.91860064890744 2.9703681157505405E-4
9.91860064890744 2.3992577553146757E-4
9.91860064890744 2.809709361530322E-4
9.91860064890744 2.520372635880687E-4
9.91860064890744 2.4532203024946897E-4
9.91860064890744 2.1725168298150012E-4
9.91860064890744 2.2758758246138095E-4
9.91860064890744 1.8201106385742091E-4
9.922458428834833 2.0454051849099703E-4
9.922458428834833 2.1287717156123713E-4
9.922458428834833 2.0924458081756253E-4
9.922458428834833 2.3090289945969385E-4
9.922458428834833 2.2548067986800127E-4
9.922458428834833 2.5674139056302815E-4
9.922458428834833 2.647385479109587E-4
9.924229867654214 2.619710650346867E-4
9.924229867654214 2.522471526929034E-4
9.924229867654214 2.5133699712379337E-4
9.924229867654214 2.3519963413775704E-4
9.924229867654214 2.2736155148988504E-4
9.924229867654214 2.3547194414068668E-4
9.924229867654214 2.2797749438906444E-4
9.924229867654214 2.2552464937334422E-4
9.924229867654214 2.1979627971220508E-4
9.924229867654214 1.9456587242339465E-4
9.924229867654214 2.0754415987370354E-4
9.924229867654214 1.902478854836145E-4
9.924229867654214 1.8472677245135203E-4
9.924229867654214 1.7545434947873622E-4
9.924229867654214 1.7785211253472605E-4
9.924624051312783 1.664698847468121E-4
9.924624051312783 1.6206762202237312E-4
9.924624051312783 1.5917410826490138E-4
9.924624051312783 1.4646763301055785E-4
9.924624051312783 1.398749584521295E-4
9.924624051312783 1.4925758404946886E-4
9.924624051312783 1.3393059295396955E-4
9.924624051312783 1.3009535712625285E-4
9.924624051312783 1.3786903346228816E-4
9.924624051312783 1.286515002642835E-4
9.925049495493177 1.265467799534262E-4
9.926655147555167 1.1494633708868706E-4
9.926655147555167 1.0626092983007195E-4
9.929024314638358 9.970457908464076E-5
9.929024314638358 9.97745268668967E-5
9.929024314638358 1.0231687686293429E-4
9.929024314638358 1.023168768629343E-4
9.929024314638358 1.0129984863892448E-4
9.929024314638358 8.390019531616368E-5
9.929024314638358 8.290822577360581E-5
9.931167331895226 9.123321821341832E-5
9.931167331895226 9.53283957958714E-5
9.934711161384463 9.605846601405732E-5
9.934711161384463 9.528978243264031E-5
9.934711161384463 9.163449815812919E-5
9.934711161384463 8.855466615585318E-5
9.935617613786574 8.59848531016862E-5
9.935617613786574 8.59848531016862E-5
9.935617613786574 7.743194769411219E-5
9.935617613786574 6.0436532693512594E-5
9.935617613786574 5.9256149452677335E-5
9.935617613786574 7.297462745995577E-5
9.935617613786574 8.189971952253838E-5
9.935617613786574 9.639318077261373E-5
9.941218129749918 9.711424290122582E-5
9.941218129749918 9.238622288603362E-5
9.941218129749918 8.335762323169705E-5
9.941218129749918 7.960249436319527E-5
9.941218129749918 8.637117135519859E-5
9.941218129749918 9.423978441214913E-5
9.941218129749918 8.867742711760114E-5
9.941218129749918 8.030803754279822E-5
9.941218129749918 8.092530929448609E-5
9.941218129749918 9.517458310892813E-5
9.941218129749918 1.0458985534882376E-4
9.941218129749918 9.967302124660034E-5
9.941218129749918 8.845725203497127E-5
9.941218129749918 8.195601264288668E-5
9.941218129749918 8.089221430870106E-5
9.941218129749918 6.610587574062808E-5
9.941218129749918 7.27750904366044E-5
9.941218129749918 7.149209627577126E-5
9.941218129749918 7.067613988216205E-5
9.941218129749918 7.270549247411249E-5
9.941218129749918 9.115185398817939E-5
9.941218129749918 9.375968400397853E-5
9.941218129749918 9.086758188972954E-5
9.941218129749918 8.816222504800008E-5
9.941218129749918 8.378575131756735E-5
9.941218129749918 8.274548620181203E-5
9.941218129749918 7.800354598309452E-5
9.941218129749918 7.528921177381137E-5
9.941218129749918 7.785963706373441E-5
9.941218129749918 7.693881396681638E-5
9.941218129749918 8.140087672100275E-5
9.941218129749918 8.157084912717923E-5
9.941218129749918 8.403134961168122E-5
9.941218129749918 8.17160840748013E-5
9.941218129749918 7.885631860192869E-5
9.941218129749918 6.234338065113363E-5
9.941218129749918 6.151339888946905E-5
9.941218129749918 6.229263143450031E-5
9.941218129749918 6.080587893135174E-5
9.941218129749918 5.537101587077409E-5
9.941218129749918 6.541595492749989E-5
9.941218129749918 6.048710912672854E-5
9.942798838660263 7.390431836775233E-5
9.942798838660263 7.131591842973033E-5
9.942798838660263 7.146379959895183E-5
9.942798838660263 6.226008317040953E-5
9.942798838660263 5.9198038422681186E-5
9.942798838660263 5.657577760133853E-5
9.942798838660263 4.928400124344754E-5
9.942798838660263 4.36906115019346E-5
9.945537288530048 4.631025921485192E-5
9.945537288530048 4.750459500092679E-5
9.945537288530048 5.221025394832361E-5
9.945537288530048 5.276410482600441E-5
9.945537288530048 4.530321432000813E-5
9.945537288530048 4.530321432000813E-5
9.945537288530048 4.14496688073417E-5
9.945537288530048 3.984208526157204E-5
9.945537288530048 3.621369847003938E-5
9.945537288530048 4.0370202544255464E-5
9.945537288530048 4.0370202544255464E-5
9.945537288530048 3.773522806570721E-5
9.945537288530048 3.623347281014506E-5
9.945537288530048 3.571605779872839E-5
9.945537288530048 3.050441783311423E-5
9.945537288530048 2.9512147947709474E-5
9.945537288530048 2.800042563830114E-5
9.945537288530048 3.265029930092481E-5
9.945537288530048 3.181860919184571E-5
9.945537288530048 3.276794931150277E-5
9.945537288530048 3.4947620731591246E-5
9.945537288530048 3.612428535094532E-5
9.945537288530048 3.631964511262233E-5
9.945537288530048 2.980692424703493E-5
9.945537288530048 3.146597983347709E-5
9.945537288530048 3.146597983347709E-5
9.945537288530048 2.508325852058096E-5
9.945537288530048 2.508325852058096E-5
9.945537288530048 2.6523752908904744E-5
9.945537288530048 2.4313995003514612E-5
9.945537288530048 2.1150692883623922E-5
9.945537288530048 2.1150692883623922E-5
9.945537288530048 1.5648422025483956E-5
9.945537288530048 1.5648422025483956E-5
9.945537288530048 1.5648422025483956E-5
9.945537288530048 1.3441579444770036E-5
9.945537288530048 1.2117386173581554E-5
9.945537288530048 1.2896226879434886E-5
9.945537288530048 1.4017913804743873E-5
9.945537288530048 1.4224133390640606E-5
9.945537288530048 1.3058342437526002E-5
9.946370232588496 1.5863730360357093E-5
9.946370232588496 1.4881574229685639E-5
9.946370232588496 1.4881574229685639E-5
9.946370232588496 1.4731635300041483E-5
9.946370232588496 1.395206221943292E-5
9.946370232588496 1.4375212812724154E-5
9.946370232588496 1.4013833737348984E-5
9.946370232588496 1.457607955225078E-5
9.946370232588496 1.4633397988697249E-5
9.946370232588496 1.3919599348548042E-5
9.946370232588496 1.1659585478138515E-5
9.946370232588496 1.265756231272433E-5
9.946370232588496 1.463380278754476E-5
9.946370232588496 1.651659270598039E-5
9.946370232588496 1.4410425772098086E-5
Score: 9.946370232588496
Runtime: 790ms
