7.217120811826526E-9 6.68862096246363
9.152649886895549E-8 6.287468960580696
9.152649886895549E-8 5.478559346117973
3.703861676120099E-6 5.309080645311796
0.0068816605462435065 4.743830955796406
0.0068816605462435065 4.231003605984176
0.0068816605462435065 3.8401908840740595
0.0068816605462435065 4.049378617212439
0.0068816605462435065 4.097405698840412
0.0068816605462435065 3.8569436774694528
0.0068816605462435065 3.6135064569236937
0.2085674848802821 3.5594518885958295
0.2085674848802821 3.731227502869898
0.34295388788638215 3.4802663996587215
0.34295388788638215 3.093052281893267
0.34295388788638215 3.027442429196319
0.34295388788638215 2.9365202686856855
0.34295388788638215 2.8817099866790246
0.34295388788638215 2.855185531000206
0.34295388788638215 2.778423695287606
0.34295388788638215 2.6357675591856258
0.34295388788638215 2.6207830699029753
0.34295388788638215 2.4992374681918346
0.34295388788638215 2.4189297670815817
0.5824766672419739 2.343785669018645
0.5824766672419739 2.3423952622680444
0.5824766672419739 2.0481466809947113
0.5824766672419739 1.8321789758176414
0.5824766672419739 2.050171540923798
0.5824766672419739 1.8515795134050321
0.5824766672419739 1.744952525567281
0.5824766672419739 1.6920389338534547
0.5824766672419739 1.647079687123367
0.5824766672419739 1.6615234849477005
0.5824766672419739 1.5948932644549092
0.5824766672419739 1.6207929016956688
0.5824766672419739 1.4903372577842353
0.5824766672419739 1.4247524948684858
0.5824766672419739 1.289765433958928
0.5824766672419739 1.256208508391019
0.5824766672419739 1.3905601464466986
0.5824766672419739 1.3890063175837466
0.5824766672419739 1.461862709006378
0.5824766672419739 1.4086231732226207
0.5824766672419739 1.3158513325880514
0.5824766672419739 1.2952876776367186
0.5824766672419739 1.2512678447388779
0.5824766672419739 1.2478743407058763
0.5824766672419739 1.2258657711485896
0.5824766672419739 1.2208397200113026
0.5824766672419739 1.1586381761516993
0.5824766672419739 1.1166579342755432
0.5824766672419739 1.073106252552719
1.1081060803527236 1.000641068050347
1.1081060803527236 0.9492369297590265
1.1081060803527236 0.853140763265145
1.1081060803527236 0.8078309873746465
1.1081060803527236 0.7582924794906104
1.1081060803527236 0.7244930149625111
1.1081060803527236 0.7089821023839238
1.1081060803527236 0.7089821023839238
1.1081060803527236 0.644822132294148
1.1081060803527236 0.5351159210501425
1.1081060803527236 0.5082179768076487
1.1081060803527236 0.4673531182512785
1.2593728257292494 0.4666252306815538
1.2593728257292494 0.4666252306815538
1.2593728257292494 0.4352226347426069
1.2593728257292494 0.4352226347426069
1.2593728257292494 0.4575554963496559
1.2593728257292494 0.4575554963496559
1.2593728257292494 0.5012408917291445
1.2593728257292494 0.5271277656504103
1.4094352388158184 0.47130593523861836
1.4094352388158184 0.39509179431813524
1.4094352388158184 0.3495521719852691
1.4094352388158184 0.3495521719852691
1.4094352388158184 0.3742552248956043
1.4094352388158184 0.25284909725673543
1.4094352388158184 0.2528644324475479
1.4094352388158184 0.2528644324475479
1.4094352388158184 0.19262519206919682
1.4094352388158184 0.17459617905583533
1.4094352388158184 0.1958131709429602
1.4094352388158184 0.1958131709429602
1.7092304955911828 0.19051186837516595
1.7092304955911828 0.09794769157754242
1.7092304955911828 0.040185124673674126
1.7092304955911828 0.040185124673674126
1.7092304955911828 0.021216991887124864
1.7092304955911828 0.021216991887124864
1.7092304955911828 0.021216991887124864
1.7092304955911828 0.021216991887124864
1.7092304955911828 0.021216991887124864
1.7092304955911828 0.0
1.7092304955911828 0.0
1.7092304955911828 0.04178633807458885
1.7498344190003237 0.05217126582833005
1.7498344190003237 0.05217126582833005
1.7498344190003237 0.05217126582833005
1.7498344190003237 0.05217126582833005
1.7498344190003237 0.05217126582833005
2.248668804547555 0.06574892377291512
2.248668804547555 0.06574892377291512
2.248668804547555 0.06574892377291512
2.248668804547555 0.039779686648954475
2.248668804547555 0.039779686648954475
2.248668804547555 0.039779686648954475
2.248668804547555 0.039779686648954475
2.248668804547555 0.039779686648954475
2.248668804547555 0.0652460575087378
2.248668804547555 0.09113293143000346
2.248668804547555 0.09113293143000346
2.248668804547555 0.06566656057022015
2.248668804547555 0.06566656057022015
2.248668804547555 0.06566656057022015
2.248668804547555 0.06566656057022015
2.248668804547555 0.06566656057022015
2.248668804547555 0.03627180167500687
2.277314506428352 0.046327781370803185
2.277314506428352 0.06529591415735245
2.277314506428352 0.06529591415735245
2.277314506428352 0.06529591415735245
2.277314506428352 0.03940904023608678
2.277314506428352 0.05954213289157881
2.277314506428352 0.06992706064532
2.277314506428352 0.06992706064532
2.277314506428352 0.06992706064532
2.277314506428352 0.06992706064532
2.277314506428352 0.06992706064532
2.277314506428352 0.10493107709857019
2.277314506428352 0.10493107709857019
2.277314506428352 0.10493107709857019
2.277314506428352 0.13280852845703886
2.277314506428352 0.13280852845703886
2.277314506428352 0.1328085284570389
2.277314506428352 0.12242360070329766
2.277314506428352 0.12242360070329766
2.277314506428352 0.09106998365426038
2.277314506428352 0.06319253229579169
2.277314506428352 0.07769490467034373
2.277314506428352 0.04269088821709355
2.277314506428352 0.057921796695993504
2.277314506428352 0.057921796695993504
2.277314506428352 0.057921796695993504
2.277314506428352 0.09182675564268954
2.277314506428352 0.09182675564268954
2.281421279494312 0.10897777011339609
2.281421279494312 0.10120517797830546
2.281421279494312 0.10120517797830544
3.4481892354136106 0.12278050602074785
3.4481892354136106 0.12278050602074785
3.4481892354136106 0.0981837390031462
3.4481892354136106 0.07882056774657173
3.4481892354136106 0.06298733502120975
3.4481892354136106 0.056858598329634115
3.4481892354136106 0.04131539817823745
3.4481892354136106 0.04131539817823745
3.4481892354136106 0.019363171256574472
3.4481892354136106 0.04589909962071149
3.4481892354136106 0.04589909962071149
3.4481892354136106 0.04589909962071149
3.4481892354136106 0.04589909962071149
3.4481892354136106 0.06127657571180539
3.4481892354136106 0.06127657571180539
3.4481892354136106 0.06127657571180539
3.4481892354136106 0.06127657571180539
3.4481892354136106 0.06127657571180539
4.7528450618958065 0.025905878867962407
4.7528450618958065 0.023675156507660243
4.7528450618958065 0.02966214881019605
4.7528450618958065 0.023675156507660243
4.7528450618958065 0.023675156507660243
4.7528450618958065 0.023675156507660243
4.7528450618958065 0.023675156507660243
4.7528450618958065 0.025343500624688594
4.7528450618958065 0.025343500624688594
4.7528450618958065 0.019057952322674158
4.7528450618958065 0.024563983591774557
4.7528450618958065 0.024563983591774557
4.7528450618958065 0.03288870285784398
4.7528450618958065 0.02650524912539698
4.7528450618958065 0.02650524912539698
4.7528450618958065 0.02650524912539698
4.7528450618958065 0.04489058488805492
4.7528450618958065 0.02650524912539698
4.7528450618958065 0.03701337509743061
4.7528450618958065 0.03701337509743061
4.7528450618958065 0.03701337509743061
4.7528450618958065 0.03285101546439591
4.7528450618958065 0.02017651687416875
4.7528450618958065 0.020176516874168743
4.8437892024795595 0.023844798846121066
4.8437892024795595 0.04171371652201256
4.8437892024795595 0.03567657494011443
4.8437892024795595 0.03567657494011443
4.8437892024795595 0.03567657494011443
4.8437892024795595 0.03567657494011443
4.8437892024795595 0.04232151882475817
5.616122873688911 0.0469352277942582
5.616122873688911 0.0469352277942582
5.616122873688911 0.0469352277942582
5.616122873688911 0.051860379514231475
5.616122873688911 0.051860379514231475
5.616122873688911 0.05465320877303151
5.616122873688911 0.058784293906939684
5.616122873688911 0.054440021736093545
5.616122873688911 0.048998280519464255
5.616122873688911 0.05339978305531145
5.616122873688911 0.05897764003271572
5.616122873688911 0.053471608763615314
5.616122873688911 0.052905410560889043
5.616122873688911 0.04412152848241861
5.616122873688911 0.0444424080533375
5.616122873688911 0.03550344886491774
5.616122873688911 0.031237249920495706
5.616122873688911 0.02477778832490164
5.616122873688911 0.03306829270027682
5.616122873688911 0.05182068951982007
5.616122873688911 0.05182068951982007
5.616122873688911 0.03306829270027682
5.616122873688911 0.03306829270027682
5.616122873688911 0.03306829270027682
5.616122873688911 0.03306829270027682
5.616122873688911 0.03306829270027682
5.616122873688911 0.028951861791068137
5.616122873688911 0.028951861791068137
5.616122873688911 0.028951861791068137
5.616122873688911 0.028951861791068137
5.616122873688911 0.028951861791068137
5.616122873688911 0.021947767758240432
5.616122873688911 0.013728534639903511
5.616122873688911 0.02203792913727254
5.616122873688911 0.02203792913727254
5.616122873688911 0.00901958011542773
5.616122873688911 0.00901958011542773
5.793198308460835 0.015514916808046238
5.793198308460835 0.021705830776018297
5.793198308460835 0.018572297247369307
5.793198308460835 0.018572297247369307
5.793198308460835 0.009552717131941578
5.793198308460835 0.009552717131941578
5.793198308460835 0.009552717131941578
5.793198308460835 0.009552717131941578
5.793198308460835 0.009552717131941578
5.793198308460835 0.009552717131941578
5.793198308460835 0.009552717131941578
5.793198308460835 0.0030573804393230703
5.793198308460835 0.010045584389009002
5.793198308460835 0.013102964828332073
5.793198308460835 0.01163965294256662
5.793198308460835 0.004651448992880688
5.793198308460835 0.004651448992880688
5.793198308460835 0.004651448992880688
5.793198308460835 0.004651448992880688
5.793198308460835 0.004651448992880688
5.793198308460835 0.004651448992880688
5.793198308460835 0.004651448992880688
5.793198308460835 0.008917647937302724
5.793198308460835 0.008917647937302724
5.793198308460835 0.008917647937302724
5.793198308460835 0.008917647937302724
5.793198308460835 0.008917647937302724
5.809124597521994 0.010318122958866232
5.809124597521994 0.010318122958866232
5.809124597521994 0.010318122958866232
6.408518393328279 0.016577727330105128
6.408518393328279 0.016577727330105128
6.498943460046927 0.014983430370897373
6.498943460046927 0.014983430370897373
6.498943460046927 0.014983430370897373
6.498943460046927 0.01821621291639701
6.498943460046927 0.01427748242267529
6.498943460046927 0.01427748242267529
6.506953747271261 0.017037242528177718
6.506953747271261 0.017037242528177718
6.603853438525542 0.024652303184778287
6.603853438525542 0.023535254010919996
6.603853438525542 0.023535254010919996
6.827747734988957 0.022695655444594537
6.827747734988957 0.022695655444594537
6.827747734988957 0.014996629211213088
6.827747734988957 0.011375931944171469
6.827747734988957 0.011375931944171469
6.827747734988957 0.00861617183866904
6.827747734988957 0.013557737136771664
7.083051279019481 0.01749227821028893
7.083051279019481 0.01880919022497463
7.083051279019481 0.01880919022497463
7.083051279019481 0.01880919022497463
7.083051279019481 0.02313614662772074
7.083051279019481 0.027214593885752345
7.083051279019481 0.027214593885752345
7.083051279019481 0.027214593885752345
7.083051279019481 0.027214593885752345
7.083051279019481 0.028975953898307764
7.083051279019481 0.028975953898307764
7.083051279019481 0.028975953898307764
7.083051279019481 0.028975953898307764
7.083051279019481 0.026428806842203386
7.083051279019481 0.026428806842203386
7.083051279019481 0.03289694077542866
7.083051279019481 0.03289694077542866
7.083051279019481 0.04430256968345022
7.083051279019481 0.03883828146187642
7.083051279019481 0.03883828146187642
7.083051279019481 0.04948071603166235
7.083051279019481 0.05728773213588134
7.083051279019481 0.05552882390842601
7.083051279019481 0.05804959045281782
7.083051279019481 0.054670886022937584
7.083051279019481 0.049121131654048876
7.083051279019481 0.04646172092740633
7.208766355879067 0.04421463815761774
7.208766355879067 0.0486121263229953
7.208766355879067 0.04523388854131496
7.208766355879067 0.04966994749644389
7.208766355879067 0.04628482461543011
7.208766355879067 0.04326243854225527
7.208766355879067 0.04326243854225527
7.208766355879067 0.041549588734200595
7.208766355879067 0.03853587974343151
7.208766355879067 0.03853587974343151
7.208766355879067 0.03618398253752595
7.208766355879067 0.03431476535528769
7.208766355879067 0.03431476535528769
7.208766355879067 0.03480988536745672
7.208766355879067 0.03480988536745672
7.208766355879067 0.03480988536745672
7.208766355879067 0.03480988536745672
7.208766355879067 0.03480988536745672
7.208766355879067 0.025221947461027946
7.208766355879067 0.023212083697289797
7.208766355879067 0.023212083697289804
7.208766355879067 0.023212083697289804
7.208766355879067 0.018982928737674477
7.737514955840663 0.02070929527853123
7.737514955840663 0.02070929527853123
7.737514955840663 0.017879019875714393
7.737514955840663 0.02105497473530696
7.737514955840663 0.02105497473530696
7.737514955840663 0.021024954494959634
7.737514955840663 0.015442760903488482
7.737514955840663 0.019771339409512007
7.737514955840663 0.018386803219213335
7.737514955840663 0.016909608894037337
7.749512350791425 0.024668039180632678
7.749512350791425 0.022638581283527425
7.749512350791425 0.02592767318077251
7.749512350791425 0.023823470124518686
7.749512350791425 0.023823470124518686
7.8364752875900034 0.028260354015192272
7.8364752875900034 0.028260354015192272
7.8364752875900034 0.02600329982332816
7.8364752875900034 0.02794640164218271
7.8364752875900034 0.02794640164218271
7.8364752875900034 0.029433584985083333
7.8364752875900034 0.02989253605667495
8.123968962574523 0.026922771779213463
8.123968962574523 0.02488923914147293
8.123968962574523 0.02488923914147293
8.123968962574523 0.020091001793435502
8.123968962574523 0.01751256741478827
8.123968962574523 0.014741999368660013
8.123968962574523 0.014741999368660013
8.123968962574523 0.014741999368660013
8.123968962574523 0.014741999368660013
8.123968962574523 0.014741999368660013
8.123968962574523 0.012301993291264841
8.123968962574523 0.011452907471414924
8.123968962574523 0.012690025618070817
8.123968962574523 0.012690025618070817
8.123968962574523 0.01037007592516862
8.123968962574523 0.010370075925168618
8.123968962574523 0.010915360866771686
8.123968962574523 0.010915360866771686
8.123968962574523 0.012299897057070361
8.123968962574523 0.013723357295683246
8.123968962574523 0.012287858805055642
8.123968962574523 0.010771454987152257
8.123968962574523 0.010771454987152257
8.123968962574523 0.010771454987152257
8.123968962574523 0.010771454987152257
8.123968962574523 0.010771454987152257
8.123968962574523 0.012786710096437453
8.123968962574523 0.014503769339174362
8.123968962574523 0.015888305529473037
8.123968962574523 0.015888305529473037
8.123968962574523 0.015888305529473037
8.123968962574523 0.01719122650131837
8.123968962574523 0.019295429557572196
8.123968962574523 0.017743779322960295
8.123968962574523 0.015861311072098375
8.123968962574523 0.01586131107209838
8.123968962574523 0.013808109008529346
8.123968962574523 0.013808109008529346
8.123968962574523 0.013808109008529346
8.123968962574523 0.013808109008529346
8.123968962574523 0.014657194828379265
8.123968962574523 0.012623662190638733
8.123968962574523 0.012623662190638733
8.123968962574523 0.010771525324166755
8.123968962574523 0.008756270214881559
8.123968962574523 0.00790718439503164
8.123968962574523 0.009755052473903925
8.123968962574523 0.00790718439503164
8.123968962574523 0.00790718439503164
8.123968962574523 0.006864675265300565
8.123968962574523 0.006864675265300565
8.123968962574523 0.006864675265300565
8.123968962574523 0.006864675265300565
8.123968962574523 0.006864675265300565
8.123968962574523 0.006864675265300565
8.123968962574523 0.009101184242462814
8.123968962574523 0.009101184242462814
8.123968962574523 0.007824946650766716
8.123968962574523 0.005454672813911998
8.123968962574523 0.005454672813911998
8.123968962574523 0.002383731624079035
8.123968962574523 0.002383731624079035
8.123968962574523 0.002383731624079035
8.123968962574523 0.0
8.123968962574523 0.0
8.123968962574523 0.0
8.123968962574523 0.0
8.123968962574523 0.0
8.123968962574523 0.0
8.123968962574523 0.0
8.123968962574523 0.0
8.123968962574523 0.0
8.123968962574523 0.0
8.123968962574523 0.0
8.281537689634531 0.0015366323374273886
8.281537689634531 0.0015366323374273886
8.281537689634531 0.0015366323374273886
8.281537689634531 0.0015366323374273886
8.281537689634531 0.0015366323374273886
8.281537689634531 0.0
8.281537689634531 0.0
8.281537689634531 0.0
8.281537689634531 0.0
8.281537689634531 0.0
8.281537689634531 0.0
8.281537689634531 0.0
8.281537689634531 0.0
8.281537689634531 0.0016375758619401276
8.281537689634531 0.0016375758619401276
8.281537689634531 0.0016375758619401276
8.281537689634531 0.0016375758619401276
8.281537689634531 0.0016375758619401276
8.281537689634531 0.0016375758619401276
8.281537689634531 0.0
8.281537689634531 0.0
8.281537689634531 0.0
8.281537689634531 0.0
8.281537689634531 0.0
8.281537689634531 0.0
8.281537689634531 0.0
8.281537689634531 0.0
8.281537689634531 0.0
8.281537689634531 0.0
8.281537689634531 0.0
8.281537689634531 0.0
8.281537689634531 0.0
8.281537689634531 0.0
8.281537689634531 0.0
8.281537689634531 0.0
8.281537689634531 0.0
8.281537689634531 0.0
8.281537689634531 0.0
8.281537689634531 0.0
8.281537689634531 0.0
8.281537689634531 0.0
8.281537689634531 0.001416938062160006
8.281537689634531 0.001416938062160006
8.357288538646191 0.0022432342296100217
8.36192448969051 0.003222245308649133
8.36192448969051 0.003222245308649133
8.36192448969051 0.003222245308649133
8.36192448969051 0.003222245308649133
8.36192448969051 0.0022432342296100217
8.36192448969051 0.0022432342296100217
8.36192448969051 0.0022432342296100217
8.36192448969051 8.262961674500157E-4
8.36192448969051 8.262961674500157E-4
8.36192448969051 8.262961674500157E-4
8.36192448969051 0.0
8.389424140540227 0.0012326026036607093
8.389424140540227 0.0012326026036607093
8.389424140540227 0.0012326026036607093
8.389424140540227 0.0012326026036607093
8.389424140540227 0.0
8.389424140540227 0.0
8.389424140540227 0.0012586742382625104
8.389424140540227 0.0012586742382625104
8.389424140540227 0.0012586742382625104
8.389424140540227 0.0012586742382625104
8.389424140540227 0.0012586742382625104
8.389424140540227 0.0012586742382625104
8.389424140540227 0.0012586742382625104
8.389424140540227 0.0012586742382625104
8.389424140540227 0.0012586742382625104
8.39254965537911 0.0026202586044619803
8.39254965537911 0.0013615843661994695
8.39254965537911 0.0013615843661994695
8.39254965537911 0.0013615843661994695
8.39254965537911 0.0013615843661994695
8.39254965537911 0.0
8.39254965537911 0.0
8.39254965537911 0.0
8.39254965537911 0.0
8.39254965537911 0.0
8.39254965537911 0.0015366323374273886
8.39254965537911 0.0015366323374273886
8.39254965537911 0.0015366323374273886
8.528747812213634 0.0010046460473794791
8.528747812213634 0.0010046460473794791
8.528747812213634 0.0010046460473794791
8.528747812213634 0.0010046460473794791
8.528747812213634 0.0010046460473794791
8.528747812213634 0.0010046460473794791
8.528747812213634 0.0010046460473794791
8.528747812213634 0.0010046460473794791
8.528747812213634 0.0010046460473794791
8.528747812213634 0.0010046460473794791
8.528747812213634 0.0010046460473794791
8.528747812213634 0.0010046460473794791
8.624677076803707 0.0011746762936492927
8.624677076803707 0.0011746762936492927
8.624677076803707 0.0011746762936492927
8.624677076803707 0.0011746762936492927
8.624677076803707 0.0011746762936492927
8.624677076803707 0.0011746762936492927
8.624677076803707 0.0011746762936492927
8.624677076803707 0.0011746762936492927
8.624677076803707 0.0011746762936492927
8.624677076803707 0.0011746762936492927
8.624677076803707 0.0011746762936492927
8.624677076803707 8.262961674500157E-4
8.624677076803707 0.0
8.624677076803707 0.0
8.624677076803707 0.0
8.624677076803707 0.001387523478651439
8.624677076803707 0.0024344159813391793
8.624677076803707 0.0010489407242977422
8.624677076803707 0.002223617017947035
8.624677076803707 0.002223617017947035
8.624677076803707 0.002223617017947035
8.624677076803707 0.0032054421368557327
8.624677076803707 0.0032054421368557327
8.624677076803707 0.0032054421368557327
8.624677076803707 0.0039675208129035825
8.624677076803707 0.0039675208129035825
8.624677076803707 0.0032054421368557327
8.624677076803707 0.0032054421368557327
8.624677076803707 0.0021917602844200045
8.624677076803707 0.001013681852435728
8.624677076803707 0.0021917602844200045
8.624677076803707 0.0021917602844200045
8.624677076803707 0.0021917602844200045
8.624677076803707 0.0021917602844200045
8.624677076803707 0.0021917602844200045
8.624677076803707 0.0021917602844200045
8.624677076803707 0.001013681852435728
8.624677076803707 0.001013681852435728
8.624677076803707 0.001013681852435728
8.624677076803707 0.001013681852435728
8.624677076803707 0.001013681852435728
8.624677076803707 0.001013681852435728
8.624677076803707 0.001013681852435728
8.624677076803707 0.001013681852435728
8.624677076803707 0.0010489407242977422
8.624677076803707 0.0027747330786117674
8.624677076803707 0.0027747330786117674
8.624677076803707 0.00316072874952801
8.624677076803707 0.00446511309388665
8.624677076803707 0.00446511309388665
8.624677076803707 0.00446511309388665
8.624677076803707 0.00446511309388665
8.624677076803707 0.00446511309388665
8.624677076803707 0.005684929920186464
8.624677076803707 0.005684929920186464
8.624677076803707 0.005684929920186464
8.624677076803707 0.005684929920186464
8.624677076803707 0.00446511309388665
8.624677076803707 0.0052271917699345
8.624677076803707 0.006475460302772634
8.624677076803707 0.006475460302772634
8.624677076803707 0.006475460302772634
8.624677076803707 0.005409773648294035
8.624677076803707 0.005409773648294035
8.624677076803707 0.005409773648294035
8.624677076803707 0.003877482420752081
8.624677076803707 0.004009180849131857
8.624677076803707 0.004009180849131857
8.624677076803707 0.004009180849131857
8.672041555699172 0.004033626269352604
8.672041555699172 0.003478535401788008
8.672041555699172 0.003478535401788008
8.672041555699172 0.003478535401788008
8.672041555699172 0.001387523478651439
8.672041555699172 0.001387523478651439
8.672041555699172 0.001387523478651439
8.672041555699172 0.001387523478651439
8.672041555699172 0.001387523478651439
8.672041555699172 0.001387523478651439
8.672041555699172 0.001387523478651439
8.672041555699172 0.001387523478651439
8.672041555699172 0.001387523478651439
8.672041555699172 0.001387523478651439
8.672041555699172 0.001387523478651439
8.672041555699172 0.001387523478651439
8.672041555699172 0.001387523478651439
8.672041555699172 0.001387523478651439
8.672041555699172 0.001387523478651439
8.672041555699172 0.001387523478651439
8.672041555699172 0.001387523478651439
8.672041555699172 0.001387523478651439
8.672041555699172 0.001387523478651439
8.672041555699172 0.001387523478651439
8.672041555699172 0.0
8.672041555699172 0.0
8.672041555699172 0.0
8.672041555699172 0.0
8.672041555699172 0.0
8.672041555699172 0.0
8.672041555699172 0.0
8.672041555699172 0.0
8.672041555699172 0.0
8.672041555699172 0.0
8.672041555699172 0.0
8.672041555699172 0.0
8.672041555699172 0.0
8.672041555699172 0.0
8.672041555699172 0.0
8.672041555699172 0.0
8.672041555699172 0.0
8.672041555699172 0.0
8.672041555699172 0.0
8.672041555699172 0.0
8.672041555699172 0.0
8.672041555699172 0.0
8.672041555699172 0.0
8.672041555699172 0.0
8.672041555699172 0.0
8.672041555699172 0.0
8.672041555699172 0.0
8.672041555699172 0.0
8.672041555699172 0.0
8.672041555699172 0.0
8.672041555699172 0.0
8.672041555699172 0.0
8.672041555699172 0.0
8.70425603432894 9.844965154232695E-4
8.70425603432894 9.844965154232695E-4
8.70425603432894 9.844965154232695E-4
8.70425603432894 9.844965154232695E-4
8.70425603432894 9.844965154232695E-4
8.70425603432894 9.844965154232695E-4
8.70425603432894 9.844965154232695E-4
8.70425603432894 9.844965154232695E-4
8.70425603432894 9.844965154232695E-4
8.70425603432894 9.844965154232695E-4
8.70425603432894 0.0
8.70425603432894 0.0
8.70425603432894 0.0
8.70425603432894 9.844965154232695E-4
8.70425603432894 9.844965154232695E-4
8.70425603432894 9.844965154232695E-4
8.70425603432894 0.0
8.70425603432894 0.0
8.70425603432894 0.0
8.70425603432894 0.0
8.70425603432894 0.0
8.70425603432894 0.0
8.70425603432894 0.0
8.805887134883202 9.282945549623561E-4
8.805887134883202 9.282945549623561E-4
8.805887134883202 9.282945549623561E-4
8.805887134883202 9.282945549623561E-4
8.805887134883202 0.0
8.805887134883202 0.0
8.805887134883202 0.0
8.805887134883202 0.0
8.805887134883202 0.0
8.805887134883202 0.0
8.805887134883202 0.0
8.805887134883202 0.0
8.805887134883202 0.0
8.805887134883202 0.0
8.898510741816358 6.296518049333888E-4
8.898510741816358 6.296518049333888E-4
8.980008447739056 7.226808323184627E-4
8.980008447739056 7.226808323184627E-4
8.980008447739056 7.226808323184627E-4
8.980008447739056 7.226808323184627E-4
8.980008447739056 7.226808323184627E-4
8.980008447739056 7.226808323184627E-4
8.980008447739056 7.226808323184627E-4
8.980008447739056 0.0015782898657050925
8.980008447739056 0.0026585351188735174
8.980008447739056 0.0026585351188735174
8.980008447739056 0.0026585351188735174
8.980008447739056 0.0026585351188735174
8.980008447739056 0.0011725746144485778
8.980008447739056 0.0011725746144485778
8.980008447739056 0.0016924194173650812
8.980008447739056 0.0025946502560621094
8.980008447739056 0.0030249196206431246
8.980008447739056 0.003024919620643125
8.980008447739056 0.002674360408131379
8.980008447739056 0.002674360408131379
8.98519758433398 0.002590354492050299
9.062454864675969 0.0031786549697592897
9.062454864675969 0.0028694779292705603
9.062454864675969 0.0023774662124437197
9.062454864675969 0.0023774662124437197
9.062454864675969 0.0023774662124437197
9.062454864675969 0.002813984514800347
9.062454864675969 0.0023774662124437197
9.062454864675969 0.0023774662124437197
9.062454864675969 0.0023774662124437197
9.062454864675969 0.0019098005023395171
9.062454864675969 0.0019098005023395171
9.062454864675969 0.0019098005023395171
9.062454864675969 0.0025335372254632416
9.062454864675969 0.0030026991979511357
9.062454864675969 0.003324061407369735
9.062454864675969 0.003929722694351959
9.062454864675969 0.003929722694351959
9.062454864675969 0.003929722694351959
9.258150913096513 0.0039971527078039235
9.258150913096513 0.0031055755326365366
9.258150913096513 0.0026569536785100347
9.258150913096513 0.0022476587361679335
9.258150913096513 0.0017784967636800392
9.258150913096513 0.0017784967636800392
9.258150913096513 0.001250434159929001
9.258150913096513 0.0019750836217918817
9.258150913096513 0.0026223216222549055
9.258150913096513 0.0029314986627436345
9.258150913096513 0.0029314986627436345
9.258150913096513 0.0032820578752553796
9.258150913096513 0.0032820578752553796
9.258150913096513 0.0032820578752553796
9.258150913096513 0.0030783575433689764
9.258150913096513 0.0029117430507813423
9.258150913096513 0.003100669822742681
9.258150913096513 0.0026330756467290136
9.258150913096513 0.0026330756467290136
9.258150913096513 0.0030959753674909118
9.258150913096513 0.0024692779306856355
9.258150913096513 0.0024692779306856355
9.258150913096513 0.003013523945550475
9.258150913096513 0.0031282613121995785
9.258150913096513 0.0029715966405946233
9.258150913096513 0.003292956696929556
9.258150913096513 0.003292956696929556
9.258150913096513 0.003292956696929556
9.258150913096513 0.0026928400566403675
9.258150913096513 0.0024776762873119557
9.258150913096513 0.002712784625753841
9.258150913096513 0.0029614049640618173
9.258150913096513 0.002221828356777111
9.258150913096513 0.002221828356777111
9.258150913096513 0.002221828356777111
9.258150913096513 0.002221828356777111
9.258150913096513 0.002221828356777111
9.258150913096513 0.0019225137225743717
9.258150913096513 0.0019225137225743717
9.258150913096513 0.0019225137225743717
9.258150913096513 0.0015999403167201232
9.258150913096513 0.0011073334997244296
9.258150913096513 0.0012962602716857688
9.258150913096513 0.001021430071476971
9.258150913096513 9.892224524158185E-4
9.258150913096513 9.892224524158185E-4
9.258150913096513 0.0014945980831880595
9.258150913096513 0.0014945980831880595
9.258150913096513 0.0015542649889258638
9.258150913096513 0.0015542649889258638
9.258150913096513 0.0015542649889258638
9.258150913096513 0.0018153029141859222
9.258150913096513 0.001596110592770221
9.258150913096513 0.001596110592770221
9.258150913096513 0.0013836587809370182
9.258150913096513 0.0013836587809370182
9.258150913096513 0.0013836587809370182
9.258150913096513 0.0013836587809370182
9.258150913096513 0.0013836587809370182
9.258150913096513 0.0013836587809370182
9.258150913096513 0.0011470491031258837
9.258150913096513 0.0011470491031258837
9.258150913096513 0.0011470491031258837
9.258150913096513 0.0011470491031258837
9.258150913096513 0.0011470491031258837
9.258150913096513 0.0011470491031258837
9.258150913096513 0.0011470491031258837
9.258150913096513 0.0011470491031258837
9.258150913096513 0.0011470491031258837
9.258150913096513 0.0011470491031258837
9.258150913096513 0.0011470491031258837
9.258150913096513 0.0011470491031258837
9.258150913096513 6.464971878112703E-4
9.258150913096513 6.464971878112703E-4
9.258150913096513 6.464971878112703E-4
9.258150913096513 6.464971878112703E-4
9.258150913096513 6.464971878112703E-4
9.258150913096513 6.464971878112703E-4
9.258150913096513 6.464971878112703E-4
9.258150913096513 6.464971878112703E-4
9.258150913096513 6.464971878112703E-4
9.258150913096513 6.464971878112703E-4
9.258150913096513 6.464971878112703E-4
9.258150913096513 6.464971878112703E-4
9.258150913096513 6.464971878112703E-4
9.258150913096513 6.464971878112703E-4
9.258150913096513 6.464971878112703E-4
9.258150913096513 6.464971878112703E-4
9.258150913096513 6.464971878112703E-4
9.258150913096513 6.464971878112703E-4
9.258150913096513 6.464971878112703E-4
9.258150913096513 6.464971878112703E-4
9.258150913096513 6.464971878112703E-4
9.258150913096513 0.0
9.258150913096513 0.0
9.258150913096513 0.0
9.258150913096513 0.0
9.258150913096513 0.0
9.258150913096513 0.0
9.258150913096513 0.0
9.258150913096513 0.0
9.258150913096513 0.0
9.258150913096513 0.0
9.258150913096513 0.0
9.258150913096513 0.0
9.258150913096513 0.0
9.258150913096513 0.0
9.258150913096513 0.0
9.258150913096513 0.0
9.258150913096513 0.0
9.258150913096513 0.0
9.258150913096513 0.0
9.258150913096513 0.0
9.258150913096513 0.0
9.258150913096513 0.0
9.258150913096513 0.0
9.258150913096513 0.0
9.258150913096513 0.0
9.258150913096513 0.0
9.258150913096513 0.0
9.258150913096513 0.0
9.258150913096513 0.0
9.258150913096513 0.0
9.258150913096513 0.0
9.258150913096513 0.0
9.258150913096513 0.0
9.258150913096513 0.0
9.258150913096513 0.0
9.258150913096513 0.0
9.258150913096513 0.0
9.258150913096513 0.0
9.258150913096513 0.0
9.258150913096513 0.0
9.258150913096513 0.0
9.258150913096513 0.0
9.258150913096513 0.0
9.258150913096513 0.0
9.258150913096513 0.0
9.258150913096513 0.0
9.258150913096513 0.0
9.258150913096513 0.0
9.258150913096513 0.0
9.258150913096513 0.0
9.258150913096513 0.0
9.258150913096513 0.0
9.258150913096513 0.0
9.258150913096513 0.0
9.258150913096513 0.0
9.258150913096513 0.0
9.258150913096513 0.0
9.258150913096513 0.0
9.258150913096513 0.0
9.258150913096513 0.0
9.258150913096513 0.0
9.258150913096513 0.0
9.258150913096513 0.0
9.258150913096513 0.0
9.258150913096513 0.0
9.258150913096513 0.0
9.258150913096513 0.0
9.258150913096513 0.0
9.258150913096513 0.0
9.258150913096513 0.0
9.258150913096513 0.0
9.258150913096513 0.0
9.258150913096513 0.0
9.258150913096513 0.0
9.258150913096513 0.0
9.258150913096513 0.0
9.258150913096513 0.0
9.258150913096513 0.0
9.258150913096513 0.0
9.258150913096513 0.0
9.258150913096513 0.0
9.258150913096513 0.0
9.258150913096513 0.0
9.258150913096513 0.0
9.258150913096513 0.0
9.258150913096513 0.0
9.258150913096513 0.0
9.258150913096513 0.0
9.258150913096513 0.0
9.258150913096513 0.0
9.258150913096513 0.0
9.258150913096513 0.0
9.258150913096513 0.0
9.258150913096513 0.0
9.258150913096513 0.0
9.258150913096513 0.0
9.258150913096513 0.0
9.258150913096513 0.0
9.258150913096513 0.0
9.258150913096513 0.0
9.258150913096513 0.0
9.343841718469204 4.5136388400962763E-4
9.343841718469204 4.5136388400962763E-4
9.343841718469204 4.5136388400962763E-4
9.343841718469204 0.0
9.343841718469204 0.0
9.343841718469204 0.0
9.343841718469204 0.0
9.343841718469204 0.0
9.343841718469204 0.0
9.343841718469204 0.0
9.343841718469204 0.0
9.343841718469204 0.0
9.343841718469204 0.0
9.343841718469204 0.0
9.343841718469204 0.0
9.343841718469204 0.0
9.343841718469204 0.0
9.343841718469204 0.0
9.343841718469204 0.0
9.343841718469204 0.0
9.343841718469204 0.0
9.343841718469204 0.0
9.343841718469204 0.0
9.343841718469204 0.0
9.343841718469204 0.0
9.343841718469204 0.0
9.343841718469204 0.0
9.343841718469204 0.0
9.343841718469204 0.0
9.343841718469204 0.0
9.343841718469204 0.0
9.343841718469204 0.0
9.343841718469204 0.0
9.343841718469204 0.0
9.343841718469204 0.0
9.343841718469204 0.0
9.343841718469204 0.0
9.343841718469204 0.0
9.343841718469204 0.0
9.343841718469204 0.0
9.343841718469204 0.0
9.343841718469204 0.0
9.343841718469204 0.0
9.343841718469204 0.0
9.343841718469204 0.0
9.343841718469204 0.0
9.343841718469204 0.0
9.343841718469204 0.0
9.343841718469204 0.0
9.343841718469204 0.0
9.343841718469204 0.0
9.343841718469204 0.0
9.343841718469204 0.0
9.343841718469204 0.0
9.343841718469204 0.0
9.343841718469204 0.0
9.343841718469204 0.0
9.343841718469204 0.0
9.343841718469204 0.0
9.343841718469204 0.0
9.343841718469204 0.0
9.343841718469204 0.0
9.343841718469204 0.0
9.343841718469204 4.5136388400962763E-4
9.343841718469204 4.5136388400962763E-4
9.343841718469204 0.0
9.343841718469204 0.0
9.343841718469204 0.0
9.343841718469204 0.0
9.343841718469204 0.0
9.343841718469204 0.0
9.343841718469204 0.0
9.343841718469204 0.0
9.343841718469204 0.0
9.343841718469204 0.0
9.343841718469204 0.0
9.343841718469204 0.0
9.343841718469204 0.0
9.343841718469204 0.0
9.343841718469204 0.0
9.343841718469204 0.0
9.343841718469204 0.0
9.343841718469204 0.0
9.343841718469204 0.0
9.343841718469204 0.0
9.343841718469204 0.0
9.343841718469204 0.0
9.343841718469204 0.0
9.343841718469204 0.0
9.343841718469204 0.0
9.343841718469204 0.0
9.343841718469204 0.0
9.343841718469204 0.0
9.343841718469204 0.0
9.343841718469204 0.0
9.343841718469204 0.0
9.343841718469204 0.0
9.343841718469204 0.0
9.343841718469204 0.0
9.343841718469204 0.0
9.343841718469204 0.0
9.343841718469204 0.0
9.343841718469204 0.0
9.343841718469204 0.0
9.343841718469204 0.0
9.343841718469204 0.0
9.343841718469204 0.0
9.343841718469204 0.0
9.343841718469204 0.0
9.343841718469204 0.0
9.343841718469204 0.0
9.343841718469204 0.0
9.343841718469204 0.0
9.343841718469204 0.0
9.343841718469204 0.0
9.343841718469204 0.0
9.343841718469204 0.0
9.343841718469204 0.0
9.343841718469204 0.0
9.343841718469204 0.0
9.343841718469204 0.0
9.343841718469204 0.0
9.343841718469204 0.0
9.343841718469204 0.0
9.343841718469204 0.0
9.343841718469204 0.0
9.343841718469204 0.0
9.343841718469204 0.0
9.343841718469204 0.0
9.343841718469204 0.0
9.343841718469204 0.0
9.343841718469204 0.0
9.343841718469204 0.0
9.343841718469204 0.0
9.343841718469204 0.0
9.343841718469204 0.0
9.343841718469204 0.0
9.343841718469204 0.0
9.343841718469204 0.0
9.343841718469204 0.0
9.343841718469204 0.0
9.343841718469204 0.0
9.343841718469204 0.0
9.343841718469204 0.0
9.343841718469204 0.0
9.343841718469204 0.0
9.343841718469204 0.0
9.343841718469204 0.0
9.343841718469204 0.0
9.343841718469204 0.0
9.343841718469204 0.0
9.343841718469204 0.0
9.343841718469204 0.0
9.343841718469204 0.0
9.343841718469204 0.0
9.343841718469204 0.0
9.343841718469204 0.0
9.343841718469204 0.0
9.343841718469204 0.0
9.343841718469204 0.0
9.343841718469204 0.0
9.343841718469204 0.0
9.343841718469204 0.0
9.343841718469204 0.0
9.343841718469204 0.0
9.343841718469204 0.0
9.343841718469204 0.0
9.343841718469204 0.0
9.343841718469204 0.0
9.343841718469204 0.0
9.343841718469204 0.0
9.343841718469204 0.0
9.343841718469204 0.0
9.343841718469204 0.0
9.343841718469204 0.0
9.343841718469204 0.0
9.343841718469204 0.0
9.343841718469204 0.0
9.343841718469204 0.0
9.343841718469204 0.0
9.343841718469204 0.0
9.343841718469204 0.0
9.343841718469204 0.0
9.343841718469204 0.0
9.343841718469204 0.0
9.343841718469204 0.0
9.343841718469204 0.0
9.343841718469204 0.0
9.343841718469204 0.0
9.343841718469204 0.0
9.343841718469204 0.0
9.343841718469204 0.0
9.343841718469204 0.0
9.343841718469204 0.0
9.343841718469204 0.0
9.343841718469204 0.0
9.343841718469204 0.0
9.343841718469204 0.0
9.343841718469204 0.0
9.343841718469204 0.0
9.343841718469204 0.0
9.343841718469204 0.0
9.343841718469204 0.0
9.343841718469204 0.0
9.343841718469204 0.0
9.343841718469204 0.0
9.343841718469204 0.0
9.343841718469204 0.0
9.343841718469204 0.0
9.343841718469204 0.0
9.343841718469204 0.0
9.343841718469204 0.0
9.343841718469204 0.0
9.343841718469204 0.0
9.343841718469204 0.0
9.343841718469204 0.0
9.343841718469204 0.0
9.343841718469204 0.0
9.343841718469204 0.0
9.343841718469204 0.0
9.343841718469204 0.0
9.343841718469204 0.0
9.343841718469204 0.0
9.343841718469204 0.0
9.343841718469204 0.0
9.343841718469204 0.0
9.343841718469204 0.0
9.343841718469204 0.0
9.343841718469204 0.0
9.343841718469204 0.0
9.343841718469204 0.0
9.343841718469204 0.0
9.343841718469204 0.0
9.343841718469204 0.0
9.343841718469204 0.0
9.343841718469204 0.0
9.343841718469204 0.0
9.343841718469204 0.0
9.343841718469204 0.0
9.343841718469204 0.0
9.343841718469204 0.0
9.343841718469204 0.0
9.343841718469204 0.0
9.343841718469204 0.0
9.343841718469204 0.0
9.343841718469204 0.0
9.343841718469204 0.0
9.343841718469204 0.0
9.343841718469204 0.0
9.343841718469204 0.0
9.343841718469204 0.0
9.343841718469204 0.0
9.343841718469204 0.0
9.343841718469204 0.0
9.343841718469204 0.0
9.343841718469204 0.0
9.343841718469204 0.0
9.343841718469204 0.0
9.343841718469204 0.0
9.343841718469204 0.0
9.343841718469204 0.0
9.343841718469204 0.0
9.343841718469204 0.0
9.343841718469204 0.0
9.343841718469204 0.0
9.343841718469204 0.0
9.343841718469204 0.0
9.343841718469204 0.0
9.343841718469204 0.0
9.343841718469204 0.0
9.343841718469204 0.0
9.343841718469204 0.0
9.343841718469204 0.0
9.343841718469204 0.0
9.343841718469204 0.0
9.343841718469204 0.0
9.343841718469204 0.0
9.343841718469204 0.0
9.343841718469204 0.0
9.343841718469204 0.0
9.343841718469204 0.0
9.343841718469204 0.0
9.343841718469204 0.0
9.343841718469204 0.0
9.343841718469204 0.0
9.343841718469204 0.0
9.343841718469204 0.0
9.343841718469204 0.0
9.343841718469204 0.0
9.343841718469204 0.0
9.343841718469204 0.0
9.343841718469204 0.0
9.343841718469204 0.0
9.343841718469204 0.0
9.343841718469204 0.0
9.343841718469204 0.0
9.343841718469204 0.0
9.343841718469204 0.0
9.343841718469204 0.0
9.343841718469204 0.0
9.343841718469204 0.0
9.343841718469204 0.0
9.343841718469204 0.0
9.343841718469204 0.0
9.343841718469204 0.0
9.343841718469204 0.0
9.343841718469204 0.0
9.343841718469204 0.0
9.343841718469204 0.0
9.343841718469204 0.0
9.343841718469204 0.0
9.343841718469204 0.0
9.343841718469204 0.0
9.343841718469204 0.0
9.343841718469204 0.0
9.343841718469204 0.0
9.343841718469204 0.0
9.343841718469204 0.0
9.343841718469204 0.0
9.343841718469204 0.0
9.343841718469204 0.0
9.343841718469204 0.0
9.343841718469204 0.0
9.343841718469204 0.0
9.343841718469204 0.0
9.343841718469204 0.0
9.343841718469204 0.0
9.343841718469204 0.0
9.343841718469204 0.0
9.343841718469204 0.0
9.343841718469204 0.0
9.343841718469204 0.0
9.343841718469204 0.0
9.343841718469204 0.0
9.343841718469204 0.0
9.343841718469204 0.0
9.343841718469204 0.0
9.343841718469204 0.0
9.343841718469204 0.0
9.343841718469204 0.0
9.343841718469204 0.0
9.343841718469204 0.0
9.343841718469204 0.0
9.343841718469204 0.0
9.343841718469204 0.0
9.343841718469204 0.0
9.343841718469204 0.0
9.343841718469204 0.0
9.343841718469204 0.0
9.343841718469204 0.0
9.343841718469204 0.0
9.343841718469204 0.0
9.343841718469204 0.0
9.343841718469204 0.0
9.343841718469204 0.0
9.343841718469204 0.0
9.343841718469204 0.0
9.343841718469204 0.0
9.343841718469204 0.0
9.343841718469204 0.0
9.343841718469204 0.0
9.343841718469204 0.0
9.343841718469204 0.0
9.343841718469204 0.0
9.343841718469204 0.0
9.343841718469204 0.0
9.343841718469204 0.0
9.343841718469204 0.0
9.343841718469204 0.0
9.343841718469204 0.0
9.343841718469204 0.0
9.343841718469204 0.0
9.343841718469204 0.0
9.343841718469204 0.0
9.343841718469204 0.0
9.343841718469204 0.0
9.343841718469204 0.0
9.343841718469204 0.0
9.343841718469204 0.0
9.343841718469204 0.0
9.343841718469204 0.0
9.343841718469204 0.0
9.343841718469204 0.0
9.343841718469204 0.0
9.343841718469204 0.0
9.343841718469204 0.0
9.343841718469204 0.0
9.343841718469204 0.0
9.343841718469204 0.0
9.343841718469204 0.0
9.343841718469204 0.0
9.343841718469204 0.0
9.343841718469204 0.0
9.343841718469204 0.0
9.343841718469204 0.0
9.343841718469204 0.0
9.343841718469204 0.0
9.343841718469204 0.0
9.343841718469204 0.0
9.343841718469204 0.0
9.343841718469204 0.0
9.343841718469204 0.0
9.343841718469204 0.0
9.343841718469204 0.0
9.343841718469204 0.0
9.343841718469204 0.0
9.343841718469204 0.0
9.343841718469204 0.0
9.343841718469204 0.0
9.343841718469204 0.0
9.343841718469204 0.0
9.343841718469204 0.0
9.343841718469204 0.0
9.343841718469204 0.0
9.343841718469204 0.0
9.343841718469204 0.0
9.343841718469204 0.0
9.343841718469204 0.0
9.343841718469204 0.0
9.343841718469204 0.0
9.343841718469204 0.0
9.343841718469204 0.0
9.343841718469204 0.0
9.343841718469204 0.0
9.343841718469204 0.0
9.343841718469204 0.0
9.343841718469204 0.0
9.343841718469204 0.0
9.343841718469204 0.0
9.343841718469204 0.0
9.343841718469204 0.0
9.343841718469204 0.0
9.343841718469204 0.0
9.343841718469204 0.0
9.343841718469204 0.0
9.343841718469204 0.0
9.343841718469204 0.0
9.343841718469204 0.0
9.343841718469204 0.0
9.343841718469204 0.0
9.343841718469204 0.0
9.343841718469204 0.0
9.343841718469204 0.0
9.343841718469204 0.0
9.343841718469204 0.0
9.343841718469204 0.0
9.343841718469204 0.0
9.343841718469204 0.0
9.343841718469204 0.0
9.343841718469204 0.0
9.343841718469204 0.0
9.343841718469204 0.0
9.343841718469204 0.0
9.343841718469204 0.0
9.343841718469204 0.0
9.343841718469204 0.0
9.343841718469204 0.0
9.343841718469204 0.0
9.343841718469204 0.0
9.343841718469204 0.0
9.343841718469204 0.0
9.343841718469204 0.0
9.343841718469204 0.0
9.343841718469204 0.0
9.343841718469204 0.0
9.343841718469204 0.0
9.343841718469204 0.0
9.343841718469204 0.0
9.343841718469204 0.0
9.343841718469204 0.0
9.343841718469204 0.0
9.343841718469204 0.0
9.343841718469204 0.0
9.343841718469204 0.0
9.343841718469204 0.0
9.343841718469204 0.0
9.343841718469204 0.0
9.343841718469204 0.0
9.343841718469204 0.0
9.343841718469204 0.0
9.343841718469204 0.0
9.343841718469204 0.0
9.343841718469204 0.0
9.343841718469204 0.0
9.343841718469204 0.0
9.343841718469204 0.0
9.343841718469204 0.0
9.343841718469204 0.0
9.343841718469204 0.0
9.343841718469204 0.0
9.343841718469204 0.0
9.343841718469204 0.0
9.343841718469204 0.0
9.343841718469204 0.0
9.343841718469204 0.0
9.343841718469204 0.0
9.343841718469204 0.0
9.343841718469204 0.0
9.343841718469204 0.0
9.343841718469204 0.0
9.343841718469204 0.0
9.343841718469204 0.0
9.343841718469204 0.0
9.343841718469204 0.0
9.343841718469204 0.0
9.343841718469204 0.0
9.343841718469204 0.0
9.343841718469204 0.0
9.343841718469204 0.0
9.343841718469204 0.0
9.343841718469204 0.0
9.343841718469204 0.0
9.343841718469204 0.0
9.343841718469204 0.0
9.343841718469204 0.0
9.343841718469204 0.0
9.343841718469204 0.0
9.343841718469204 0.0
9.343841718469204 0.0
9.343841718469204 0.0
9.343841718469204 0.0
9.343841718469204 0.0
9.343841718469204 0.0
9.343841718469204 0.0
9.343841718469204 0.0
9.343841718469204 0.0
9.343841718469204 0.0
9.343841718469204 0.0
9.343841718469204 0.0
9.343841718469204 0.0
9.343841718469204 0.0
9.343841718469204 0.0
9.343841718469204 0.0
9.343841718469204 0.0
9.343841718469204 0.0
9.343841718469204 0.0
9.343841718469204 0.0
9.343841718469204 0.0
9.343841718469204 0.0
9.343841718469204 0.0
9.343841718469204 0.0
9.343841718469204 0.0
9.343841718469204 0.0
9.343841718469204 0.0
9.343841718469204 0.0
9.343841718469204 0.0
9.343841718469204 0.0
9.343841718469204 0.0
9.343841718469204 0.0
9.343841718469204 0.0
9.343841718469204 0.0
9.343841718469204 0.0
9.343841718469204 0.0
9.343841718469204 0.0
9.343841718469204 0.0
9.343841718469204 0.0
9.343841718469204 0.0
9.343841718469204 0.0
9.343841718469204 0.0
9.343841718469204 0.0
9.343841718469204 0.0
9.343841718469204 0.0
9.343841718469204 0.0
9.343841718469204 0.0
9.343841718469204 0.0
9.343841718469204 0.0
9.343841718469204 0.0
9.343841718469204 0.0
9.343841718469204 0.0
9.343841718469204 0.0
9.343841718469204 0.0
9.343841718469204 0.0
9.343841718469204 0.0
9.343841718469204 0.0
9.343841718469204 0.0
9.343841718469204 0.0
9.343841718469204 0.0
9.343841718469204 0.0
9.343841718469204 0.0
9.343841718469204 0.0
9.343841718469204 0.0
9.343841718469204 0.0
9.343841718469204 0.0
9.343841718469204 0.0
9.343841718469204 0.0
9.343841718469204 0.0
9.343841718469204 0.0
9.343841718469204 0.0
9.343841718469204 0.0
9.343841718469204 0.0
9.343841718469204 0.0
9.343841718469204 0.0
9.343841718469204 0.0
9.343841718469204 0.0
9.343841718469204 0.0
9.343841718469204 0.0
9.343841718469204 0.0
9.343841718469204 0.0
9.343841718469204 0.0
9.343841718469204 0.0
9.343841718469204 0.0
9.343841718469204 0.0
9.343841718469204 0.0
9.343841718469204 0.0
9.343841718469204 0.0
9.343841718469204 0.0
9.343841718469204 0.0
9.343841718469204 0.0
9.343841718469204 0.0
9.343841718469204 0.0
9.343841718469204 0.0
9.343841718469204 0.0
9.343841718469204 0.0
9.343841718469204 0.0
9.343841718469204 0.0
9.343841718469204 0.0
9.343841718469204 0.0
9.343841718469204 0.0
9.343841718469204 0.0
9.343841718469204 0.0
9.343841718469204 0.0
9.343841718469204 0.0
9.343841718469204 0.0
9.343841718469204 0.0
9.343841718469204 0.0
9.343841718469204 0.0
9.343841718469204 0.0
9.343841718469204 0.0
9.343841718469204 0.0
9.343841718469204 0.0
9.343841718469204 0.0
9.343841718469204 0.0
9.343841718469204 0.0
9.343841718469204 0.0
9.343841718469204 0.0
9.343841718469204 0.0
9.343841718469204 0.0
9.343841718469204 0.0
9.343841718469204 0.0
9.343841718469204 0.0
9.343841718469204 0.0
9.343841718469204 0.0
9.343841718469204 0.0
9.343841718469204 0.0
9.343841718469204 0.0
9.343841718469204 0.0
9.343841718469204 0.0
9.343841718469204 0.0
9.343841718469204 0.0
9.343841718469204 0.0
9.343841718469204 0.0
9.343841718469204 0.0
9.343841718469204 0.0
9.343841718469204 0.0
9.343841718469204 0.0
9.343841718469204 0.0
9.343841718469204 0.0
9.343841718469204 0.0
9.343841718469204 0.0
9.343841718469204 0.0
9.343841718469204 0.0
9.343841718469204 0.0
9.343841718469204 0.0
9.343841718469204 0.0
9.343841718469204 0.0
9.343841718469204 0.0
9.343841718469204 0.0
9.343841718469204 0.0
9.343841718469204 0.0
9.343841718469204 0.0
9.343841718469204 0.0
9.343841718469204 0.0
9.343841718469204 0.0
9.343841718469204 0.0
9.343841718469204 0.0
9.343841718469204 0.0
9.343841718469204 0.0
9.343841718469204 0.0
9.343841718469204 0.0
9.343841718469204 0.0
9.343841718469204 0.0
9.343841718469204 0.0
9.343841718469204 0.0
9.343841718469204 0.0
9.343841718469204 0.0
9.343841718469204 0.0
9.343841718469204 0.0
9.343841718469204 0.0
9.343841718469204 0.0
9.343841718469204 0.0
9.343841718469204 0.0
9.343841718469204 0.0
9.343841718469204 0.0
9.343841718469204 0.0
9.343841718469204 0.0
9.343841718469204 0.0
9.343841718469204 0.0
9.343841718469204 0.0
9.343841718469204 0.0
9.343841718469204 0.0
9.343841718469204 0.0
9.343841718469204 0.0
9.343841718469204 0.0
9.343841718469204 0.0
9.343841718469204 0.0
9.343841718469204 0.0
9.343841718469204 0.0
9.343841718469204 0.0
9.343841718469204 0.0
9.343841718469204 0.0
9.343841718469204 0.0
9.343841718469204 0.0
9.343841718469204 0.0
9.349392697562285 2.9559036977516387E-4
9.349392697562285 2.9559036977516387E-4
9.349392697562285 2.9559036977516387E-4
9.349392697562285 0.0
9.349392697562285 0.0
9.349392697562285 0.0
9.349392697562285 0.0
9.349392697562285 0.0
9.349392697562285 0.0
9.349392697562285 0.0
9.349392697562285 0.0
9.349392697562285 0.0
9.349392697562285 0.0
9.349392697562285 0.0
9.349392697562285 0.0
9.349392697562285 0.0
9.349392697562285 0.0
9.349392697562285 0.0
9.349392697562285 0.0
9.349392697562285 0.0
9.349392697562285 0.0
9.349392697562285 0.0
9.349392697562285 0.0
9.349392697562285 0.0
9.349392697562285 0.0
9.349392697562285 0.0
9.349392697562285 0.0
9.349392697562285 0.0
9.349392697562285 0.0
9.349392697562285 0.0
9.349392697562285 0.0
9.349392697562285 0.0
9.349392697562285 0.0
9.349392697562285 0.0
9.349392697562285 0.0
9.349392697562285 0.0
9.349392697562285 0.0
9.349392697562285 0.0
9.349392697562285 0.0
9.349392697562285 0.0
9.349392697562285 0.0
9.349392697562285 0.0
9.349392697562285 0.0
9.349392697562285 0.0
9.349392697562285 0.0
9.349392697562285 0.0
9.349392697562285 0.0
9.349392697562285 0.0
9.349392697562285 0.0
9.349392697562285 0.0
9.349392697562285 0.0
9.349392697562285 0.0
9.349392697562285 0.0
9.349392697562285 0.0
9.349392697562285 0.0
9.349392697562285 0.0
9.349392697562285 0.0
9.349392697562285 0.0
9.349392697562285 0.0
9.349392697562285 0.0
9.349392697562285 0.0
9.349392697562285 0.0
9.349392697562285 2.9559036977516387E-4
9.349392697562285 0.0
9.349392697562285 0.0
9.349392697562285 0.0
9.349392697562285 0.0
9.349392697562285 0.0
9.349392697562285 0.0
9.349392697562285 0.0
9.349392697562285 0.0
9.349392697562285 0.0
9.349392697562285 0.0
9.349392697562285 0.0
9.349392697562285 0.0
9.349392697562285 0.0
9.349392697562285 0.0
9.349392697562285 0.0
9.349392697562285 0.0
9.349392697562285 0.0
9.349392697562285 0.0
9.349392697562285 0.0
9.349392697562285 0.0
9.349392697562285 0.0
9.349392697562285 0.0
9.349392697562285 0.0
9.349392697562285 0.0
9.349392697562285 0.0
9.349392697562285 0.0
9.349392697562285 0.0
9.349392697562285 0.0
9.349392697562285 0.0
9.349392697562285 0.0
9.349392697562285 0.0
9.349392697562285 0.0
9.349392697562285 0.0
9.349392697562285 0.0
9.349392697562285 0.0
9.349392697562285 0.0
9.349392697562285 0.0
9.349392697562285 0.0
9.349392697562285 0.0
9.349392697562285 0.0
9.349392697562285 0.0
9.349392697562285 0.0
9.349392697562285 0.0
9.349392697562285 0.0
9.349392697562285 0.0
9.349392697562285 0.0
9.349392697562285 0.0
9.349392697562285 0.0
9.349392697562285 0.0
9.349392697562285 0.0
9.349392697562285 0.0
9.349392697562285 0.0
9.349392697562285 0.0
9.349392697562285 0.0
9.349392697562285 0.0
9.349392697562285 0.0
9.349392697562285 0.0
9.349392697562285 0.0
9.349392697562285 0.0
9.349392697562285 0.0
9.349392697562285 0.0
9.349392697562285 0.0
9.349392697562285 0.0
9.349392697562285 0.0
9.349392697562285 0.0
9.349392697562285 0.0
9.349392697562285 0.0
9.349392697562285 0.0
9.349392697562285 0.0
9.349392697562285 0.0
9.349392697562285 0.0
9.349392697562285 0.0
9.349392697562285 0.0
9.349392697562285 0.0
9.349392697562285 0.0
9.349392697562285 0.0
9.349392697562285 0.0
9.349392697562285 0.0
9.349392697562285 0.0
9.349392697562285 0.0
9.349392697562285 0.0
9.349392697562285 0.0
9.349392697562285 0.0
9.349392697562285 0.0
9.349392697562285 0.0
9.349392697562285 0.0
9.349392697562285 0.0
9.349392697562285 0.0
9.349392697562285 0.0
9.349392697562285 0.0
9.349392697562285 0.0
9.349392697562285 0.0
9.349392697562285 0.0
9.349392697562285 0.0
9.349392697562285 0.0
9.349392697562285 0.0
9.349392697562285 0.0
9.349392697562285 0.0
9.349392697562285 0.0
9.349392697562285 0.0
9.349392697562285 0.0
9.349392697562285 0.0
9.349392697562285 0.0
9.349392697562285 0.0
9.349392697562285 0.0
9.349392697562285 0.0
9.349392697562285 0.0
9.349392697562285 0.0
9.349392697562285 0.0
9.349392697562285 0.0
9.349392697562285 0.0
9.349392697562285 0.0
9.349392697562285 0.0
9.349392697562285 0.0
9.349392697562285 0.0
9.349392697562285 0.0
9.349392697562285 0.0
9.349392697562285 0.0
9.349392697562285 0.0
9.349392697562285 0.0
9.349392697562285 0.0
9.349392697562285 0.0
9.349392697562285 0.0
9.349392697562285 0.0
9.349392697562285 0.0
9.349392697562285 0.0
9.349392697562285 0.0
9.349392697562285 0.0
9.349392697562285 0.0
9.349392697562285 0.0
9.349392697562285 0.0
9.349392697562285 0.0
9.349392697562285 0.0
9.349392697562285 0.0
9.349392697562285 0.0
9.349392697562285 0.0
9.349392697562285 0.0
9.349392697562285 0.0
9.349392697562285 0.0
9.349392697562285 0.0
9.349392697562285 0.0
9.349392697562285 0.0
9.349392697562285 0.0
9.349392697562285 0.0
9.349392697562285 0.0
9.349392697562285 0.0
9.349392697562285 0.0
9.349392697562285 0.0
9.349392697562285 0.0
9.349392697562285 0.0
9.349392697562285 0.0
9.349392697562285 0.0
9.349392697562285 0.0
9.349392697562285 0.0
9.349392697562285 0.0
9.349392697562285 0.0
9.349392697562285 0.0
9.349392697562285 0.0
9.349392697562285 0.0
9.349392697562285 0.0
9.349392697562285 0.0
9.349392697562285 0.0
9.349392697562285 0.0
9.349392697562285 0.0
9.349392697562285 0.0
9.349392697562285 0.0
9.349392697562285 0.0
9.349392697562285 0.0
9.349392697562285 0.0
9.349392697562285 0.0
9.349392697562285 0.0
9.349392697562285 0.0
9.349392697562285 0.0
9.349392697562285 0.0
9.349392697562285 0.0
9.349392697562285 0.0
9.349392697562285 0.0
9.349392697562285 0.0
9.349392697562285 0.0
9.349392697562285 0.0
9.349392697562285 0.0
9.349392697562285 0.0
9.349392697562285 0.0
9.349392697562285 0.0
9.349392697562285 0.0
9.349392697562285 0.0
9.349392697562285 0.0
9.349392697562285 0.0
9.349392697562285 0.0
9.349392697562285 0.0
9.349392697562285 0.0
9.349392697562285 0.0
9.349392697562285 0.0
9.349392697562285 0.0
9.349392697562285 0.0
9.349392697562285 0.0
9.349392697562285 0.0
9.349392697562285 0.0
9.349392697562285 0.0
9.349392697562285 0.0
9.349392697562285 0.0
9.349392697562285 0.0
9.349392697562285 0.0
9.349392697562285 0.0
9.349392697562285 0.0
9.349392697562285 0.0
9.349392697562285 0.0
9.349392697562285 0.0
9.349392697562285 0.0
9.349392697562285 0.0
9.349392697562285 0.0
9.349392697562285 0.0
9.349392697562285 0.0
9.349392697562285 0.0
9.349392697562285 0.0
9.349392697562285 0.0
9.349392697562285 0.0
9.349392697562285 0.0
9.349392697562285 0.0
9.349392697562285 0.0
9.349392697562285 0.0
9.349392697562285 0.0
9.349392697562285 0.0
9.349392697562285 0.0
9.349392697562285 0.0
9.349392697562285 0.0
9.349392697562285 0.0
9.349392697562285 0.0
9.349392697562285 0.0
9.349392697562285 0.0
9.349392697562285 0.0
9.349392697562285 0.0
9.349392697562285 0.0
9.349392697562285 0.0
9.349392697562285 0.0
9.349392697562285 0.0
9.349392697562285 0.0
9.349392697562285 0.0
9.349392697562285 0.0
9.349392697562285 0.0
9.349392697562285 0.0
9.349392697562285 0.0
9.349392697562285 0.0
9.349392697562285 0.0
9.349392697562285 0.0
9.349392697562285 0.0
9.349392697562285 0.0
9.349392697562285 0.0
9.349392697562285 0.0
9.349392697562285 0.0
9.349392697562285 0.0
9.349392697562285 0.0
9.349392697562285 0.0
9.349392697562285 0.0
9.349392697562285 0.0
9.349392697562285 0.0
9.349392697562285 0.0
9.349392697562285 0.0
9.349392697562285 0.0
9.349392697562285 0.0
9.349392697562285 0.0
9.349392697562285 0.0
9.349392697562285 0.0
9.349392697562285 0.0
9.349392697562285 0.0
9.349392697562285 0.0
9.349392697562285 0.0
9.349392697562285 0.0
9.349392697562285 0.0
9.349392697562285 0.0
9.349392697562285 0.0
9.349392697562285 0.0
9.349392697562285 0.0
9.349392697562285 0.0
9.349392697562285 0.0
9.349392697562285 0.0
9.349392697562285 0.0
9.349392697562285 0.0
9.349392697562285 0.0
9.349392697562285 0.0
9.349392697562285 0.0
9.349392697562285 0.0
9.349392697562285 0.0
9.349392697562285 0.0
9.349392697562285 0.0
9.349392697562285 0.0
9.349392697562285 0.0
9.349392697562285 0.0
9.349392697562285 0.0
9.349392697562285 0.0
9.349392697562285 0.0
9.349392697562285 0.0
9.349392697562285 0.0
9.349392697562285 0.0
9.349392697562285 0.0
9.349392697562285 0.0
9.349392697562285 0.0
Score: 9.349392697562285
Runtime: 822ms
