2.1221370508355246E-6 5.312568887915246
5.146991532927548E-4 4.65738776342767
5.146991532927548E-4 4.227371273862867
5.146991532927548E-4 3.776918114770292
0.0021205698923323114 3.540054659030218
0.0037550572602943143 3.2964428866389075
0.00894166126163716 3.074089842022143
0.00894166126163716 2.8478372456626464
0.015601836937570689 2.6957522636215456
0.02922505527054722 2.597045824677998
0.02922505527054722 2.542300724804251
0.03189311971611426 2.4820169299778545
0.03968092532289362 2.369431041421173
0.10612136985874833 2.242153585367541
0.15363062801642968 2.1910923034478875
0.15363062801642968 2.0977521799558354
0.15363062801642968 2.0054762067179
0.15363062801642968 2.034600958920376
0.15363062801642968 1.899709012674172
0.16652972459598292 1.8774876517037873
0.16652972459598292 1.856642751612622
0.16652972459598292 1.7326260529663444
0.2662568559021791 1.626740989900968
0.6701447584038696 1.5683694964928456
0.6701447584038696 1.4708840824864633
0.6701447584038696 1.4616897695596986
0.6701447584038696 1.4233250782472078
0.6701447584038696 1.438141967743536
0.6701447584038696 1.3833431067718958
0.6701447584038696 1.4003318112026868
0.6701447584038696 1.3715230657497564
0.7999542929197796 1.3181213438142618
0.7999542929197796 1.2557531704331863
0.7999542929197796 1.2078069913349043
0.7999542929197796 1.1778421796664897
0.7999542929197796 1.1714582980563912
0.7999542929197796 1.1278184945230887
0.8502088912898976 1.105223183853738
0.8502088912898976 1.0759779531866223
0.8502088912898976 1.0555701029244773
0.8502088912898976 1.0113738864150537
1.2567516279264854 0.9740323134284915
1.2567516279264854 0.9362038594485294
1.2567516279264854 0.8611545445341494
1.4470562394517184 0.8538572573334593
1.4470562394517184 0.7893995749692243
1.4470562394517184 0.804021066593034
1.4470562394517184 0.7995281798738471
1.4470562394517184 0.7922694631937399
1.8982970048415693 0.7703614839122777
1.8982970048415693 0.7917503093169461
1.8982970048415693 0.7969036257950188
1.8982970048415693 0.7631308377504984
1.8982970048415693 0.7504586040665993
1.8982970048415693 0.691762788971594
1.8982970048415693 0.7118445610153661
1.8982970048415693 0.7098795782712917
1.8982970048415693 0.7084993078207564
2.029850291388873 0.6803000196807734
4.349510052846528 0.6832225559301577
4.349510052846528 0.6912515823992329
4.349510052846528 0.6867132274515416
4.349510052846528 0.6551747437951229
4.349510052846528 0.662810011525777
4.349510052846528 0.6272655139528147
4.349510052846528 0.6200042421014325
4.349510052846528 0.6159947829385074
4.349510052846528 0.6107816217937505
4.349510052846528 0.5931989516056304
4.349510052846528 0.5522699570927079
4.349510052846528 0.548363241192985
4.349510052846528 0.5465729064322737
4.349510052846528 0.5272900235620729
4.349510052846528 0.49278618188505097
4.349510052846528 0.49490258224883643
4.349510052846528 0.49031057674427864
4.349510052846528 0.47274755125853696
4.349510052846528 0.4772272904738284
4.349510052846528 0.4718696959960312
4.349510052846528 0.4743648135782495
4.349510052846528 0.4665614344806701
4.88045778317764 0.4416353968880482
4.88045778317764 0.4390462708253691
4.88045778317764 0.45926628996811314
4.88045778317764 0.45002128868220914
4.88045778317764 0.44839730936043926
4.88045778317764 0.45446382226762144
4.88045778317764 0.44114268692465836
4.88045778317764 0.4215983709136871
4.88045778317764 0.39693946876756925
4.88045778317764 0.3694347578307844
4.88045778317764 0.3450118728541856
4.88045778317764 0.33546869921220823
4.88045778317764 0.3107673826546134
4.88045778317764 0.3018954221501819
4.88045778317764 0.3040768187540355
4.88045778317764 0.3044614496100006
4.88045778317764 0.3033014859935876
4.88045778317764 0.30463528390469663
5.767346525135397 0.2988483783688089
5.767346525135397 0.2746684801729044
5.767346525135397 0.26365484504195164
5.767346525135397 0.25953611509334207
5.767346525135397 0.2445103470399768
5.767346525135397 0.2272004056870745
6.242049704638971 0.22900308524318622
6.242049704638971 0.23072451510916414
6.242049704638971 0.2397348722559065
6.242049704638971 0.2391898235253098
6.242049704638971 0.2353400105164351
6.242049704638971 0.231105137667138
6.242049704638971 0.22872761609411815
6.435566086625916 0.23421425679712995
6.435566086625916 0.23767368881525694
6.435566086625916 0.22182148649089398
6.435566086625916 0.21880637649315132
6.435566086625916 0.21693613987102164
6.435566086625916 0.20851979041457538
6.435566086625916 0.19161321180730814
6.435566086625916 0.19092893335015818
6.435566086625916 0.18289534599536406
6.435566086625916 0.1862338857732836
7.166833695402132 0.18018425379427522
7.166833695402132 0.1690581084447004
7.166833695402132 0.16299903190097734
7.166833695402132 0.16439638728617964
7.502764094611475 0.16401829689148142
7.502764094611475 0.1649932556940974
7.502764094611475 0.16173228534894293
7.502764094611475 0.15478886246616588
7.502764094611475 0.13483192552053339
7.502764094611475 0.12701471798135647
7.502764094611475 0.12264672469980094
7.502764094611475 0.11741785011517175
7.502764094611475 0.1089570111309989
7.502764094611475 0.10301154389172475
7.502764094611475 0.0996670689059106
7.502764094611475 0.10015600784745757
7.502764094611475 0.09810179071678213
8.271375865097092 0.08926732840509093
8.271375865097092 0.08676903066768167
8.271375865097092 0.0810059528892759
8.271375865097092 0.07499259890529243
8.271375865097092 0.06749004720528712
8.271375865097092 0.0691253130302532
8.271375865097092 0.06293780361356262
8.271375865097092 0.05876930950807762
8.271375865097092 0.05639869365565166
8.271375865097092 0.056342676015733596
8.271375865097092 0.055675567693961425
8.271375865097092 0.04754240197209774
8.271375865097092 0.04457663107598491
8.271375865097092 0.043791124803622225
8.271375865097092 0.04619756115956028
8.271375865097092 0.03995550066317746
8.271375865097092 0.040296378845073415
8.271375865097092 0.03895499202129517
8.271375865097092 0.02853832972537863
8.339573115045825 0.03139128266054955
8.339573115045825 0.03155130873668418
8.339573115045825 0.026271537689048045
8.339573115045825 0.021516746390082938
8.339573115045825 0.0292108518247027
8.339573115045825 0.03051643392981412
8.339573115045825 0.033417368927034743
8.389714705524572 0.040483551283514906
8.389714705524572 0.03994687177665535
8.389714705524572 0.04216854612739863
8.389714705524572 0.04257930996470182
8.389714705524572 0.04174225518577498
8.389714705524572 0.03975503589870797
8.389714705524572 0.03650407071798939
8.389714705524572 0.035440946757369474
8.389714705524572 0.03901609708524962
8.389714705524572 0.033968621426410585
8.389714705524572 0.03848452768915234
8.41350512473223 0.0393096143544082
8.413515490036493 0.038505596178435034
8.413515490036493 0.03722894261785331
8.413515490036493 0.03685639418214788
8.413515490036493 0.03499522323065077
8.413515490036493 0.03374916303479883
8.413515490036493 0.02983111076411669
8.413515490036493 0.03167981904205227
8.51690151972656 0.036193792217895725
8.51690151972656 0.039687796778682546
8.51690151972656 0.04179310280139726
8.674046984100848 0.039799030113948405
8.674046984100848 0.040646869185714155
8.674046984100848 0.040182295445465414
8.674046984100848 0.0379028717328281
8.674046984100848 0.03609324688680353
8.674046984100848 0.03513947011370857
8.674046984100848 0.03566846756987639
8.674046984100848 0.03485940038505787
8.674046984100848 0.03272813574850593
8.674046984100848 0.033688686125914295
8.674046984100848 0.03169068114493993
8.674046984100848 0.026353372062826043
8.674046984100848 0.023408906742376653
8.674046984100848 0.01891398198296653
8.674046984100848 0.017950147995874376
8.674046984100848 0.017692709318441538
8.674046984100848 0.01759451792750571
8.674046984100848 0.01681822676550671
8.674046984100848 0.017530021784999968
8.932903782169234 0.017681241532999548
8.932903782169234 0.016677808115743296
8.932903782169234 0.0168655865491905
8.932903782169234 0.01654335158707997
8.932903782169234 0.017181125016033402
8.932903782169234 0.01524170577543419
8.932903782169234 0.013862049307182893
8.932903782169234 0.012900979497421432
8.932903782169234 0.012900979497421432
8.932903782169234 0.01204283529256105
8.932903782169234 0.012139854801496043
8.932903782169234 0.010073527193222624
8.932903782169234 0.010642261364805096
8.932903782169234 0.010642261364805096
8.932903782169234 0.011196168119061987
8.932903782169234 0.010342676448583306
8.932903782169234 0.008780862369806665
8.932903782169234 0.008052099139640364
8.973576726863799 0.008837531603877945
8.973576726863799 0.008692486927340978
8.973576726863799 0.009470543096257757
8.973576726863799 0.009470543096257755
8.973576726863799 0.007982498538146652
8.973576726863799 0.007982498538146652
9.102063477254962 0.00795333607328903
9.102063477254962 0.008963022906980598
9.102063477254962 0.009319325364979938
9.102063477254962 0.010078638680808867
9.102063477254962 0.010974433396794688
9.182677254136479 0.010092371316105651
9.182677254136479 0.010073181751555842
9.182677254136479 0.009736806029827978
9.182677254136479 0.010657892279744147
9.182677254136479 0.010384651574595923
9.182677254136479 0.010384651574595923
9.182677254136479 0.010075450721848905
9.182677254136479 0.009413497459255899
9.182677254136479 0.008946271326959524
9.182677254136479 0.009837043599628382
9.182677254136479 0.009297549434243645
9.182677254136479 0.007411643027019135
9.182677254136479 0.007411643027019135
9.182677254136479 0.006114477828842758
9.182677254136479 0.006871122587547355
9.182677254136479 0.006485926697058904
9.24383163206438 0.006200011404390874
9.24383163206438 0.006200011404390874
9.24383163206438 0.006200011404390874
9.24383163206438 0.006200011404390874
9.24383163206438 0.006209859053453561
9.24383163206438 0.005954992203836076
9.24383163206438 0.006026936092147109
9.24383163206438 0.004482035012966077
9.24383163206438 0.004482035012966077
9.24383163206438 0.005695425742470127
9.24383163206438 0.006188953440658455
9.24383163206438 0.007032209356563884
9.24383163206438 0.008029516779123806
9.24383163206438 0.007962268018264593
9.24383163206438 0.006888981352366767
9.24383163206438 0.006700731914429368
9.24383163206438 0.0070646824165216775
9.24383163206438 0.007096072253877757
9.24383163206438 0.0056096819997989876
9.24383163206438 0.0045053929426311975
9.24383163206438 0.0038803435096330945
9.266310267797392 0.0052594310530368485
9.291297327426673 0.0062544849050546955
9.291297327426673 0.006313660139166771
9.291297327426673 0.006541367005666479
9.291297327426673 0.005629516513337038
9.384900995579464 0.006067769094333417
9.424700222523425 0.006222728383784144
9.495375743731545 0.006809437797703712
9.495375743731545 0.0068747487773764765
9.63726091179113 0.00706569939556619
9.63726091179113 0.006485963426949182
9.63726091179113 0.006818100877940774
9.63726091179113 0.007463004306449318
9.63726091179113 0.007566018456308428
9.63726091179113 0.007169711460438758
9.63726091179113 0.007406787296816852
9.63726091179113 0.008660215336727093
9.63726091179113 0.009074749582150453
9.63726091179113 0.009023171041791556
9.63726091179113 0.009495049771729
9.63726091179113 0.00888142375713397
9.63726091179113 0.008774096437905403
9.63726091179113 0.008589935099654965
9.63726091179113 0.00886264674896162
9.63726091179113 0.008915238908211161
9.63726091179113 0.008790336975504248
9.63726091179113 0.00878832603035977
9.63726091179113 0.009491361022530951
9.63726091179113 0.009324199170303346
9.63726091179113 0.008622983694756857
9.63726091179113 0.00832440622056889
9.63726091179113 0.00924428963694394
9.63726091179113 0.009650157781126817
9.63726091179113 0.009823533005294156
9.63726091179113 0.010109547123452535
9.63726091179113 0.011898347238240785
9.63726091179113 0.011708394442949185
9.709175708141176 0.012419899305366456
9.709175708141176 0.012400138777178256
9.709175708141176 0.012312620863952836
9.709175708141176 0.01239563335656
9.709175708141176 0.012153080149359887
9.709175708141176 0.01179165052513373
9.709175708141176 0.011312249836802847
9.709175708141176 0.011321061817890648
9.709175708141176 0.010432060708266792
9.709175708141176 0.009866243077355766
9.709175708141176 0.009997575703527894
9.709175708141176 0.009269579656553421
9.709175708141176 0.009740612844242597
9.709175708141176 0.009206370426928167
9.726626640159681 0.00893321527561866
9.726626640159681 0.00843549009687187
9.726626640159681 0.007952906910111742
9.726626640159681 0.008864635482058108
9.726626640159681 0.008486746968105295
9.731022842327869 0.00818062329854058
9.782845188504197 0.007699467088320097
9.782845188504197 0.006831328795841966
9.782845188504197 0.006978882603232359
9.782845188504197 0.006904478499399933
9.782845188504197 0.0066051947706877384
9.782845188504197 0.006601754566963091
9.782845188504197 0.006394250804070668
9.782845188504197 0.006263906960121137
9.782845188504197 0.005962031493475368
9.782845188504197 0.006069120414882727
9.782845188504197 0.006771527606090432
9.847899730155373 0.006340583713689497
9.847899730155373 0.0061527125507276625
9.847899730155373 0.0059312200483775755
9.847899730155373 0.005827910798769715
9.847899730155373 0.005588777962510846
9.847899730155373 0.005665340788338066
9.847899730155373 0.005821071873954331
9.847899730155373 0.005706854865276489
9.848954685924724 0.005439310364406402
9.848954685924724 0.004933825316087055
9.848954685924724 0.004679286401798696
9.848954685924724 0.0047534357047553984
9.848954685924724 0.0046565073209938026
9.848954685924724 0.00478528871483988
9.848954685924724 0.0047777669573237595
9.848954685924724 0.0045900023703574905
9.848954685924724 0.004485912125603522
9.848954685924724 0.004597970611475513
9.848954685924724 0.004671180710371141
9.848954685924724 0.004412486324500743
9.848954685924724 0.004089591865050319
9.856324068292384 0.0033281267213245195
9.877649382586155 0.0030201698362497618
9.877649382586155 0.0030470839087240226
9.877649382586155 0.0032128408078516595
9.877649382586155 0.0032396043186448745
9.877649382586155 0.003344084255638844
9.877649382586155 0.003311403933817826
9.877649382586155 0.003245863701522538
9.877649382586155 0.0032617061549522017
9.877649382586155 0.0029541524416444144
9.877649382586155 0.003091553140352476
9.877649382586155 0.0030167914250478216
9.877649382586155 0.002546972099961175
9.877649382586155 0.002456467820477176
9.877649382586155 0.0031599523952088554
9.877649382586155 0.0032379301720049315
9.877649382586155 0.003640028946195811
9.877649382586155 0.0038688895313272547
9.877649382586155 0.0036609776829176722
9.877649382586155 0.003611749060266498
9.888266446791931 0.003774315048575433
9.888266446791931 0.003486219891707101
9.888266446791931 0.003424278731625842
9.888266446791931 0.0032159386982856955
9.888266446791931 0.0030967638383627995
9.888266446791931 0.003246542941396819
9.888266446791931 0.0031999304949840565
9.888266446791931 0.002808794499231158
9.888266446791931 0.0028655290891802503
9.888266446791931 0.002740996527870648
9.888965402669319 0.002621429060098736
9.888965402669319 0.0025113790960697223
9.889983687416796 0.002389934935066756
9.896819510321714 0.002449551257241897
9.896819510321714 0.0024078228957924884
9.896819510321714 0.0023800853724542186
9.904474970973803 0.002593181989872799
9.909778274397441 0.00261017919089569
9.92929065000072 0.002578355856198243
9.931679264595767 0.002607692322863524
9.931679264595767 0.002459300147540469
9.931679264595767 0.002364946153202383
9.931679264595767 0.0024122985107340447
9.931679264595767 0.0026200689328794453
9.931679264595767 0.002529981149175768
9.931679264595767 0.0025242351041351685
9.931679264595767 0.002393702777630994
9.931679264595767 0.0023334896218609696
9.931679264595767 0.002243836089388176
9.931679264595767 0.0021738653619852552
9.931679264595767 0.002002195796921684
9.931679264595767 0.001831512274012581
9.931679264595767 0.0018333841810255094
9.93425652040629 0.0019052582560991937
9.93425652040629 0.0017577440830687388
9.93425652040629 0.0015397653742010506
9.93425652040629 0.001418468795176394
9.937311896841948 0.001296943633153328
9.937311896841948 0.0012523336985354684
9.937311896841948 0.0012754666301655999
9.940412400152036 0.0012893356782356273
9.94061286592841 0.0015639140239074487
9.94061286592841 0.001475349835835603
9.94061286592841 0.0013775957415677364
9.94061286592841 0.0014433101962643584
9.952214196716271 0.001482355130800512
9.952214196716271 0.0014108460498028698
9.952214196716271 0.0015003289291550819
9.952214196716271 0.0014333061301581996
9.952214196716271 0.0015106538256616838
9.952214196716271 0.0014594039186680346
9.952214196716271 0.0014087863021045263
9.957860094414661 0.0013086121089503331
9.957860094414661 0.001277163064198333
9.958349813479185 0.0013181196372797385
9.958349813479185 0.0012955368164359925
9.958349813479185 0.0012171969153812173
9.958349813479185 0.0011310175024759172
9.958349813479185 0.0010871401585236032
9.958349813479185 0.0010672179754897479
9.958349813479185 0.001003905219574794
9.958349813479185 9.797450330987154E-4
9.958349813479185 9.148352199955078E-4
9.958349813479185 9.839199932296858E-4
9.958349813479185 9.932816503169532E-4
9.958858493901934 0.0010170863394915748
9.958858493901934 0.0010068427062933439
9.959535902156116 9.95850255813741E-4
9.959535902156116 9.727708446732697E-4
9.964112464816528 0.0010258282296289752
9.964112464816528 0.0010096218226227948
9.964112464816528 9.467597617146893E-4
9.964112464816528 9.061940415358273E-4
9.964112464816528 8.561954991446726E-4
9.964112464816528 7.941205723179716E-4
9.964112464816528 7.378322491716151E-4
9.977755086964178 7.040545024568767E-4
9.977755086964178 7.237903280271919E-4
9.977755086964178 6.95116613468985E-4
9.977755086964178 7.403858977121679E-4
9.977755086964178 6.808914519267783E-4
9.977755086964178 7.273390712063622E-4
9.977755086964178 7.022958351633049E-4
9.977755086964178 7.237439114209306E-4
9.977755086964178 7.600779464154952E-4
9.977755086964178 7.402048032574585E-4
9.977755086964178 7.129630578540188E-4
9.977755086964178 6.654329550872297E-4
9.977755086964178 6.289181388187766E-4
9.977755086964178 6.050950702172631E-4
9.977755086964178 5.880878072226055E-4
9.977755086964178 5.869020102476261E-4
9.977755086964178 5.506628040576399E-4
9.977755086964178 5.15146802350974E-4
9.977755086964178 5.273526059154513E-4
9.977755086964178 5.58598615331E-4
9.977755086964178 5.555862951568992E-4
9.977755086964178 5.350018008742969E-4
9.977755086964178 5.158290339279263E-4
9.977755086964178 4.7438399261502185E-4
9.977755086964178 4.3848524392896835E-4
9.977755086964178 4.1751445276020657E-4
9.977755086964178 4.4725532458943777E-4
9.977755086964178 4.445165935811741E-4
9.977755086964178 4.061518405049446E-4
9.977755086964178 3.937150741764026E-4
9.978862503161727 3.842190754991903E-4
9.978862503161727 3.7148135363517025E-4
9.978862503161727 3.676550160629667E-4
9.978862503161727 3.2224767018800417E-4
9.978862503161727 2.9891101259267035E-4
9.982406596118812 3.012039758291977E-4
9.982406596118812 3.055679233175256E-4
9.982406596118812 2.631583048456462E-4
9.982406596118812 2.683550071278806E-4
9.982406596118812 2.3862957644432418E-4
9.982406596118812 2.3408823667180658E-4
9.982406596118812 2.371448791223967E-4
9.982406596118812 2.3020488683513858E-4
9.982406596118812 2.3020488683513858E-4
9.982406596118812 2.143500773928253E-4
9.982406596118812 2.0449179745816274E-4
9.982406596118812 2.0307055267210607E-4
9.982406596118812 1.7229696305406047E-4
9.982406596118812 1.6077300695658322E-4
9.982406596118812 1.542775791924163E-4
9.982406596118812 1.568444799710452E-4
9.982406596118812 1.6515862302277486E-4
9.982406596118812 1.5961458938929354E-4
9.982406596118812 1.5040803327830393E-4
9.983498441758957 1.6274427292808032E-4
9.983498441758957 1.7115157841903235E-4
9.983498441758957 1.6318730783833517E-4
9.983498441758957 2.0833649110596944E-4
9.983498441758957 2.039091199000643E-4
9.983498441758957 2.0629575489699312E-4
9.983498441758957 1.8932241837649666E-4
9.983498441758957 1.8532242620242058E-4
9.983498441758957 1.8216167458898056E-4
9.983498441758957 1.573925593779779E-4
9.983498441758957 1.4935867889981645E-4
9.983498441758957 1.4831620692280458E-4
9.983911510612238 1.690477710227154E-4
9.983911510612238 1.7025556628678514E-4
9.985690228064852 1.721656616937846E-4
9.985690228064852 1.6702090573141707E-4
9.985690228064852 1.6899036639646636E-4
9.985690228064852 1.535510092700281E-4
9.985936952471238 1.5102447168026235E-4
9.985936952471238 1.6371580702260533E-4
9.985936952471238 1.6857972523551926E-4
9.985936952471238 1.6253138613729734E-4
9.985936952471238 1.8020911289581886E-4
9.985936952471238 1.9100565976591956E-4
9.985936952471238 1.8227602882205432E-4
9.985936952471238 1.6904036239758538E-4
9.985936952471238 1.7449299846683395E-4
9.985936952471238 1.6734539978398766E-4
9.985936952471238 1.693096496079005E-4
9.987126553393887 1.633560248613156E-4
9.987126553393887 1.6943581034914866E-4
9.987126553393887 1.496808389034884E-4
9.987126553393887 1.2975932771176722E-4
9.987126553393887 1.337965645703351E-4
9.987126553393887 1.1749343329371171E-4
9.987126553393887 1.1995277696658271E-4
9.987126553393887 1.1787724540732416E-4
9.987126553393887 1.1869967618338302E-4
9.987126553393887 1.1761612423632706E-4
9.987126553393887 1.1115347980258643E-4
9.987126553393887 1.1938179954328323E-4
9.987126553393887 1.281815487319469E-4
9.98739519254626 1.333029749258918E-4
9.98739519254626 1.177812779422741E-4
9.98739519254626 1.2083528943131175E-4
9.989346206062198 1.2379886769048367E-4
9.989346206062198 1.097675052520535E-4
9.990084494744245 1.0636463375430491E-4
9.990084494744245 1.0043392289943253E-4
9.990823839419319 9.700246209588465E-5
9.990823839419319 9.227669082283066E-5
9.990823839419319 9.57095657172377E-5
9.990823839419319 9.129924622486406E-5
9.990823839419319 9.02081597856651E-5
9.990823839419319 8.352486658680367E-5
9.990823839419319 8.258623426224209E-5
9.990823839419319 7.359950443893174E-5
9.990823839419319 7.233610158393891E-5
9.990823839419319 8.072918723224934E-5
9.990823839419319 8.407344898647206E-5
9.990823839419319 8.707332928523548E-5
9.990823839419319 8.618425469215459E-5
9.990823839419319 8.581985523127337E-5
9.990886252766057 8.466430087661414E-5
9.990886252766057 8.837923195104416E-5
9.990886252766057 8.689263725259426E-5
9.990886252766057 8.469519576045737E-5
9.990886252766057 8.302710786079487E-5
9.990886252766057 7.623843848186758E-5
9.991981290107596 8.23245200550783E-5
9.991981290107596 8.560924418300552E-5
9.991981290107596 8.34339800635526E-5
9.991981290107596 8.230603222340074E-5
9.991981290107596 8.217226196122519E-5
9.991981290107596 8.090438673010444E-5
9.991981290107596 9.775706055461726E-5
9.991981290107596 9.999155381949161E-5
9.993438627563346 1.0206320292543428E-4
9.993438627563346 9.878630100243714E-5
9.993438627563346 9.878630100243714E-5
9.993438627563346 9.823415275262196E-5
9.993438627563346 9.209294826577494E-5
9.993438627563346 9.375692166830366E-5
9.993438627563346 8.128477828515608E-5
9.993438627563346 7.851631646868549E-5
9.993438627563346 7.059851636655434E-5
9.993438627563346 6.611055402110268E-5
9.993438627563346 6.929737333240642E-5
9.993438627563346 6.711862523858811E-5
9.993438627563346 6.29145331933595E-5
9.993438627563346 6.670069377104376E-5
9.993438627563346 6.526626534330228E-5
9.993438627563346 6.29380603815683E-5
9.993438627563346 6.931151344804313E-5
9.993438627563346 6.323911238815452E-5
9.993438627563346 6.866978253608087E-5
9.993438627563346 7.308921799357139E-5
9.993438627563346 6.834638311996431E-5
9.993438627563346 6.933193713407599E-5
9.993438627563346 6.710923516562718E-5
9.993600891459565 6.25418926385831E-5
9.993600891459565 6.507179038482522E-5
9.993600891459565 6.0964986449436046E-5
9.993600891459565 6.261123391209323E-5
9.993600891459565 5.7170426610297466E-5
9.993600891459565 5.2798345201893815E-5
9.993600891459565 5.058064039506484E-5
9.993600891459565 4.971844988013175E-5
9.993600891459565 4.633550604163056E-5
9.993600891459565 4.3880123159674076E-5
9.993600891459565 4.267478935709457E-5
9.993600891459565 4.195489901783806E-5
9.993600891459565 3.6837276172149934E-5
9.993651907363658 4.176842449704114E-5
9.993651907363658 4.157720722008181E-5
9.993651907363658 4.2954093331568096E-5
9.993651907363658 3.894611901983338E-5
9.993651907363658 3.977803553531915E-5
9.993651907363658 3.904018524067048E-5
9.993651907363658 4.186318682135087E-5
9.993651907363658 4.103167779243894E-5
9.993651907363658 3.9073090969189325E-5
9.993651907363658 4.084549364286475E-5
9.993651907363658 3.8978663707362275E-5
9.993651907363658 3.626766868821483E-5
9.993651907363658 3.5129313251516694E-5
9.993651907363658 3.700557756479122E-5
9.993651907363658 3.3947863230561995E-5
9.993651907363658 3.246245203215932E-5
9.993659334722679 3.0181693486437574E-5
9.994321684746145 3.0132630339163734E-5
9.994321684746145 3.0405542528334772E-5
9.994321684746145 2.637763569584624E-5
9.994321684746145 2.2977702111048466E-5
9.994321684746145 1.783334328837314E-5
9.994321684746145 2.2033345385864932E-5
9.994321684746145 1.85076165501606E-5
9.994321684746145 2.088923529177349E-5
9.994321684746145 1.98406255871102E-5
9.994321684746145 2.228258959477754E-5
9.994321684746145 2.194888988650676E-5
9.994321684746145 2.504651407629438E-5
9.994321684746145 1.9537297024212944E-5
9.994321684746145 2.154010276364457E-5
9.994321684746145 1.9028217769295687E-5
9.994321684746145 1.7569604213228072E-5
9.994321684746145 1.7262552124816693E-5
9.994321684746145 1.6712084732648254E-5
9.994321684746145 1.57784682929085E-5
9.994321684746145 1.4699482682263544E-5
9.994321684746145 1.1715067910165656E-5
9.994321684746145 1.105832608608774E-5
9.994321684746145 1.1321677570634346E-5
9.994321684746145 7.359540535591873E-6
Score: 9.994321684746145
Runtime: 925ms
