6.480692183402211E-6 5.3200070836504745
1.7248102617409987E-5 4.638245494821861
6.151263726420351E-5 4.21630878487258
5.857023338469413E-4 3.833372519745977
0.03234954157314239 3.7055528689213535
0.03234954157314239 3.331024606625367
0.03234954157314239 3.0778591579481107
0.03234954157314239 2.9013752665596684
0.03234954157314239 2.85199710653978
0.03234954157314239 2.7402909280914853
0.03234954157314239 2.5951980248088073
0.08486769786536769 2.446899158387198
0.08486769786536769 2.4393004032952903
0.1815447036213949 2.396215082064637
0.1815447036213949 2.2988047661334536
0.3913233024667029 2.1965745861342674
0.5680601359420664 2.1824417544324475
0.5680601359420664 2.133876796293215
0.5680601359420664 2.02022719559366
0.5680601359420664 1.9036162470963653
0.70343072302465 1.986129185589332
0.70343072302465 1.9877362662812463
0.70343072302465 1.9138889362762959
0.70343072302465 1.8609194611722952
0.70343072302465 1.8116092489338003
0.70343072302465 1.7368476073274917
0.70343072302465 1.7223534595835728
0.70343072302465 1.70765638299337
0.70343072302465 1.6562932954689322
0.7114840006457513 1.639614244843102
0.7114840006457513 1.5385915636098937
0.8928556026813337 1.5242615765479053
1.6201269200528123 1.530204521630147
1.6201269200528123 1.458093344445435
1.6201269200528123 1.3943989948937385
1.6201269200528123 1.2590609631566416
1.6201269200528123 1.2340619150202465
1.6201269200528123 1.2073523484996684
2.569851206385772 1.1524378910678628
2.569851206385772 1.1730494119310146
2.569851206385772 1.1661660439745427
2.569851206385772 1.1165002194777762
2.569851206385772 1.0835746742598429
2.569851206385772 0.9582439227870558
2.569851206385772 0.9502624203597317
2.569851206385772 0.9305202652222541
2.855958146462555 0.8613822416284443
2.855958146462555 0.8228594107786892
2.855958146462555 0.7918326151426508
2.855958146462555 0.7725641756111092
2.855958146462555 0.7522952265442673
3.4656936527759656 0.7362599713690693
3.4656936527759656 0.7045342162707301
3.4656936527759656 0.711913231730447
3.675599068733958 0.6787281313390117
3.675599068733958 0.6720465121713639
3.675599068733958 0.6668471783639776
3.675599068733958 0.6126064456988195
4.6896129081330695 0.5754225698056475
4.6896129081330695 0.5872206808242899
4.6896129081330695 0.5931878539495862
4.6896129081330695 0.5769393538057329
4.6896129081330695 0.5761728743744541
4.6896129081330695 0.5848817580565218
4.6896129081330695 0.5605903344042031
4.6896129081330695 0.532862761337346
4.6896129081330695 0.5161790898470724
4.6896129081330695 0.49077500837293814
4.6896129081330695 0.49484816560081746
4.6896129081330695 0.48629652774662663
4.6896129081330695 0.46978999199309346
4.6896129081330695 0.44838926924643896
4.6896129081330695 0.4249862422421304
4.6896129081330695 0.406322620693112
4.6896129081330695 0.412294283215775
4.6896129081330695 0.403660270327993
4.6896129081330695 0.40480210334488786
4.6896129081330695 0.41272170379591766
5.8573661557749634 0.3812869920206867
5.8573661557749634 0.3672941689410313
5.8573661557749634 0.3605041090029067
5.8573661557749634 0.33763582154170846
5.8573661557749634 0.34957385994506346
5.8573661557749634 0.3351636754537761
5.8573661557749634 0.3266833339638413
5.8573661557749634 0.3421244350083949
5.8573661557749634 0.3317830875922299
5.8573661557749634 0.3178014442620841
5.8573661557749634 0.3344079929144813
5.8573661557749634 0.3253833076458144
5.8573661557749634 0.31586698196839164
5.8573661557749634 0.31225637300006476
5.869228283105689 0.3030211355897297
5.869228283105689 0.2745821196392575
5.943079629522048 0.2516421401069531
5.943079629522048 0.24864170077295464
5.943079629522048 0.2407312130769031
5.943079629522048 0.24962761251192483
5.943079629522048 0.25083771731275983
5.943079629522048 0.212094275852256
5.943079629522048 0.2013999972023279
6.512376445953166 0.19657964588245247
6.512376445953166 0.1864537000497015
6.512376445953166 0.17777677219751986
6.512376445953166 0.1702215559243369
6.512376445953166 0.16868303708816193
6.614667237358093 0.17356264699237162
6.614667237358093 0.17222375479705565
6.614667237358093 0.1654833709035412
6.744329712456107 0.16046227260660234
6.744329712456107 0.15232757154982018
6.744329712456107 0.15649884095144012
6.744329712456107 0.15843374619293654
6.744329712456107 0.14992671633850665
6.744329712456107 0.1412486272952795
6.744329712456107 0.141869274516705
6.744329712456107 0.12764016229762146
6.744329712456107 0.12051650458969121
6.744329712456107 0.11264858648737604
6.744329712456107 0.10657363732089328
6.744329712456107 0.10554444678856804
6.89770825384144 0.09462862562778443
6.89770825384144 0.08780812353633392
6.89770825384144 0.0799133905641052
6.89770825384144 0.07453560462444661
6.89770825384144 0.07676088648055017
6.89770825384144 0.0757558382554276
7.366286157379425 0.08257449160955853
7.366286157379425 0.08156145621061298
7.366286157379425 0.08030332976709252
7.366286157379425 0.07274074261988339
7.972624157768735 0.0762204492481345
7.972624157768735 0.07044352806659453
7.972624157768735 0.06567690498455063
7.972624157768735 0.06327346631283101
7.972624157768735 0.058446577869035
7.972624157768735 0.05796254831023103
7.972624157768735 0.05849771370730879
7.972624157768735 0.05649148455936886
7.972624157768735 0.05867771938505559
8.048106604825042 0.06423098842879624
8.048106604825042 0.06949915838352565
8.048106604825042 0.0741412943250474
8.048106604825042 0.0697190646789437
8.048106604825042 0.063296273601282
8.048106604825042 0.057846499828955754
8.048106604825042 0.05367433337714907
8.048106604825042 0.05194495693792894
8.048106604825042 0.053833569437546774
8.048106604825042 0.05548501640124208
8.048106604825042 0.0537606845643248
8.048106604825042 0.058170897536415016
8.048106604825042 0.05242765782395431
8.048106604825042 0.04930093714331182
8.048106604825042 0.04431617884670755
8.048106604825042 0.04490612283235523
8.690726262479492 0.044180903351530944
8.690726262479492 0.0410303962756754
8.690726262479492 0.04020466606717841
8.690726262479492 0.039376859278839084
8.690726262479492 0.0369908876257789
8.690726262479492 0.031982189170195054
8.690726262479492 0.033091919648565615
8.690726262479492 0.03314572811716021
8.690726262479492 0.03220151612005927
8.690726262479492 0.027597481220455026
8.690726262479492 0.030964020364253195
8.690726262479492 0.03337605991243053
8.690726262479492 0.03066341893090297
8.690726262479492 0.02567118910933812
8.690726262479492 0.028198421153214904
8.690726262479492 0.027449767676884593
8.690726262479492 0.027462282670780602
8.690726262479492 0.026812129188430872
8.690726262479492 0.027434388892149546
8.690726262479492 0.030966844980358666
8.690726262479492 0.03030356916623816
8.690726262479492 0.02999671870720424
8.690726262479492 0.028136362541656464
8.690726262479492 0.025241120035863394
8.690726262479492 0.02408089143745998
8.690726262479492 0.025746821093057707
8.690726262479492 0.025673713674136112
8.690726262479492 0.02444334304352613
8.728597882658363 0.02306504020299572
8.728597882658363 0.023192891323479105
9.03537621729965 0.02094523265220724
9.03537621729965 0.018158585894913617
9.03537621729965 0.017181691018423813
9.03537621729965 0.015341895303107604
9.03537621729965 0.012077766159185576
9.03537621729965 0.011984471992907234
9.03537621729965 0.013356273972461249
9.03537621729965 0.015484901179817465
9.03537621729965 0.01748884604499188
9.03537621729965 0.01640163077504195
9.03537621729965 0.017858996468506562
9.03537621729965 0.01572899971247308
9.03537621729965 0.015328413217550423
9.03537621729965 0.016987007184165005
9.03537621729965 0.017010890280263435
9.03537621729965 0.016329502162538687
9.03537621729965 0.015543237920765127
9.03537621729965 0.017205770106795585
9.03537621729965 0.01981047522518229
9.03537621729965 0.02091057295908872
9.03537621729965 0.020896140521241332
9.03537621729965 0.020263297060376106
9.03537621729965 0.019312294794101844
9.03537621729965 0.018423861116413417
9.03537621729965 0.015909267484036177
9.03537621729965 0.014104495214866212
9.03537621729965 0.014558198974281667
9.03537621729965 0.013498139151410278
9.03537621729965 0.013783252646537519
9.03537621729965 0.013399885356953174
9.03537621729965 0.01514560731280128
9.03537621729965 0.014903916160808665
9.03537621729965 0.01475663658156309
9.03537621729965 0.014246167973151301
9.03537621729965 0.013141155530604838
9.03537621729965 0.013486983632567243
9.03537621729965 0.010109875017126537
9.03537621729965 0.010330730461463355
9.132509430973329 0.01103016925352105
9.132509430973329 0.010064118358722163
9.132509430973329 0.01124983303642302
9.132509430973329 0.011726639740843741
9.132509430973329 0.01103854313020038
9.132509430973329 0.010873369759019882
9.132509430973329 0.010508795446991731
9.132509430973329 0.0098331401376256
9.132509430973329 0.0098331401376256
9.132509430973329 0.008873815045154583
9.145867716630327 0.00933034359766247
9.145867716630327 0.0077845333223690435
9.145867716630327 0.008243255753801394
9.145867716630327 0.007680559071232059
9.145867716630327 0.008153205609763238
9.145867716630327 0.007754092870912325
9.145867716630327 0.007021397454975148
9.145867716630327 0.007021397454975148
9.145867716630327 0.005733537765708979
9.145867716630327 0.005733537765708979
9.145867716630327 0.005891147676276149
9.145867716630327 0.005891147676276149
9.145867716630327 0.003798550948502655
9.145867716630327 0.003482501685025483
9.145867716630327 0.00311421448625156
9.272964724848599 0.0032406584108431212
9.398814257385489 0.004794199216470504
9.398814257385489 0.005054052070013545
9.398814257385489 0.004424663357039537
9.398814257385489 0.004735062839427367
9.398814257385489 0.00571083008212532
9.398814257385489 0.005662650527117184
9.398814257385489 0.005573917049881552
9.398814257385489 0.0054233324337285786
9.398814257385489 0.0053213937256113624
9.398814257385489 0.005760944378988216
9.398814257385489 0.005593896119383295
9.398814257385489 0.0052298089221918375
9.398814257385489 0.004544826889607095
9.398814257385489 0.0041697721326213735
9.398814257385489 0.003607363271230722
9.398814257385489 0.005127488512474912
9.398814257385489 0.004447366961625797
9.398814257385489 0.004309862369792108
9.428917432433687 0.005130844522030291
9.428917432433687 0.0046196992192067046
9.428917432433687 0.004910203014770596
9.428917432433687 0.0050859595595130124
9.428917432433687 0.005500213973280897
9.428917432433687 0.00575546923371151
9.428917432433687 0.006327663258164948
9.428917432433687 0.00605233607999055
9.428917432433687 0.006634294791127949
9.428917432433687 0.006656788259737583
9.428917432433687 0.006883834065740449
9.428917432433687 0.00635608654248115
9.428917432433687 0.005906259273761457
9.428917432433687 0.006651669972863465
9.428917432433687 0.006757849695883755
9.428917432433687 0.00663003956870634
9.428917432433687 0.006497655934651608
9.597485330453097 0.005706423285508474
9.597485330453097 0.005706423285508475
9.597485330453097 0.005698502805347608
9.597485330453097 0.006032730413579108
9.597485330453097 0.0056200875580877
9.597485330453097 0.00658309686199597
9.597485330453097 0.006879910903690097
9.597485330453097 0.006892614453443039
9.597485330453097 0.006235403102029332
9.597485330453097 0.005984937685411818
9.597485330453097 0.005885603025489079
9.597485330453097 0.005709546468476197
9.597485330453097 0.005597230316167252
9.597485330453097 0.005127313039259342
9.597485330453097 0.004731091994746673
9.597485330453097 0.004912498892188627
9.597485330453097 0.005289266315766803
9.597485330453097 0.006547427005923628
9.597485330453097 0.006547427005923628
9.597485330453097 0.006014344287589362
9.597485330453097 0.0057411231514499375
9.597485330453097 0.005511137875030242
9.597485330453097 0.005109070932625417
9.597485330453097 0.004506470136521142
9.597485330453097 0.004633453478375922
9.597485330453097 0.004243636561372652
9.597485330453097 0.0046484327465226545
9.597485330453097 0.004543523165148831
9.597485330453097 0.0044018849744233415
9.597485330453097 0.004286203795178736
9.597485330453097 0.0046228590792244
9.597485330453097 0.004797522250579996
9.597485330453097 0.004470249905720008
9.597485330453097 0.004317732967198254
9.597485330453097 0.003682346868816967
9.597485330453097 0.0034948176580036046
9.597485330453097 0.0031900665974079014
9.597485330453097 0.0030310996254690626
9.597485330453097 0.002911421757831982
9.597485330453097 0.002642787516865022
9.597485330453097 0.002642787516865022
9.597485330453097 0.0025099827477802913
9.597485330453097 0.0025099827477802913
9.597485330453097 0.002664062752434417
9.597485330453097 0.002428537890852071
9.597485330453097 0.0021201476515553337
9.597485330453097 0.0021201476515553337
9.597485330453097 0.0021201476515553337
9.597485330453097 0.0021483990105522683
9.597485330453097 0.0021483990105522683
9.597485330453097 0.0020138953403229464
9.597485330453097 0.0020138953403229464
9.597485330453097 0.0020138953403229464
9.597485330453097 0.002224756957484514
9.597485330453097 0.002224756957484514
9.597485330453097 0.002224756957484514
9.597485330453097 0.00206615238693905
9.597485330453097 0.0019320892134522068
9.597485330453097 0.0019752459495264592
9.597485330453097 0.0022483491276521768
9.597485330453097 0.0022483491276521768
9.597485330453097 0.002331364066080062
9.597485330453097 0.002331364066080062
9.597485330453097 0.0020607224377793914
9.597485330453097 0.001878344235635756
9.597485330453097 0.001878344235635756
9.597485330453097 0.0018946650064107088
9.597485330453097 0.0018116500679828237
9.597485330453097 0.0018116500679828237
9.597485330453097 0.0018116500679828237
9.597485330453097 0.0018116500679828237
9.597485330453097 0.0018116500679828237
9.597485330453097 0.0017084955938785795
9.597485330453097 0.0015989845475471857
9.597485330453097 0.0015989845475471857
9.597485330453097 0.0015989845475471857
9.597485330453097 0.0013979573581940352
9.597485330453097 0.0013979573581940352
9.597485330453097 0.0013979573581940352
9.597485330453097 0.0013979573581940352
9.597485330453097 0.0013979573581940352
9.597485330453097 0.0014489679733827021
9.597485330453097 0.001470942489952154
9.7008799067711 0.0016966141551206686
9.7008799067711 3.5227555387695454E-4
9.7008799067711 4.2418280408931466E-4
9.7008799067711 4.2418280408931477E-4
9.7008799067711 4.2418280408931477E-4
9.7008799067711 3.503155091033386E-4
9.7008799067711 3.503155091033386E-4
9.7008799067711 3.503155091033386E-4
9.7008799067711 3.503155091033386E-4
9.7008799067711 2.803793889144163E-4
9.7008799067711 2.803793889144163E-4
9.7008799067711 3.410768700771684E-4
9.7008799067711 6.544793499789377E-4
9.7008799067711 6.544793499789377E-4
9.7008799067711 3.410768700771684E-4
9.7008799067711 3.410768700771684E-4
9.7008799067711 4.771639172446921E-4
9.7008799067711 5.915226464311881E-4
9.7008799067711 7.253871654386048E-4
9.7008799067711 7.253871654386048E-4
9.7008799067711 8.978027031087826E-4
9.7008799067711 8.978027031087826E-4
9.7008799067711 6.221347668385028E-4
9.7008799067711 7.590427984930318E-4
9.7008799067711 7.590427984930318E-4
9.7008799067711 7.590427984930318E-4
9.7008799067711 7.590427984930318E-4
9.7008799067711 6.119634997817391E-4
9.7008799067711 6.812735635353625E-4
9.7008799067711 4.973119130884775E-4
9.7008799067711 4.973119130884775E-4
9.7008799067711 3.784842316684667E-4
9.7008799067711 3.784842316684667E-4
9.7008799067711 4.4653203846207356E-4
9.7008799067711 5.409470627463535E-4
9.7008799067711 5.409470627463534E-4
9.7008799067711 5.509360383402083E-4
9.7008799067711 5.509360383402083E-4
9.7008799067711 5.509360383402083E-4
9.7008799067711 4.679210999123231E-4
9.7008799067711 5.583202187514182E-4
9.70339035802094 6.812796641823659E-4
9.709448265718436 6.744776112357325E-4
9.721660349208621 6.280110861663795E-4
9.721660349208621 8.270101755273586E-4
9.721660349208621 7.609445450630463E-4
9.721660349208621 7.609445450630463E-4
9.721660349208621 8.721966788637041E-4
9.721660349208621 0.001061869877095341
9.721660349208621 8.782603054837313E-4
9.721660349208621 7.782769723930413E-4
9.721660349208621 9.295103037009282E-4
9.746060042750491 0.001168351135396411
9.746060042750491 0.0013330077088229597
9.746060042750491 0.0011618222758199791
9.746060042750491 0.0010993166489027845
9.746060042750491 9.172076743730053E-4
9.746060042750491 8.157825981758171E-4
9.746060042750491 0.0011073020931842122
9.746060042750491 0.0010628559327721205
9.746060042750491 0.001035638455593719
9.746060042750491 9.421994181755096E-4
9.746060042750491 8.199210601772586E-4
9.746060042750491 7.419551102003295E-4
9.788653700132 8.114272227172109E-4
9.788653700132 8.114272227172109E-4
9.788653700132 0.0010283508014533966
9.788653700132 0.0010283508014533966
9.788653700132 9.8413036448548E-4
9.788653700132 9.841303644854797E-4
9.788653700132 0.0013354605327096463
9.788653700132 0.001283094232130097
9.788653700132 0.0011905523496271338
9.788653700132 0.00122468412130502
9.788653700132 0.0011089488001688012
9.788653700132 6.406214515539747E-4
9.788653700132 5.319406760450301E-4
9.788653700132 4.7957437546548094E-4
9.788653700132 5.843425849347795E-4
9.788653700132 6.187879831223025E-4
9.788653700132 6.452286394927623E-4
9.788653700132 7.596999007924457E-4
9.788653700132 7.177866895300883E-4
9.788653700132 6.84155511450775E-4
9.788653700132 6.405449149580865E-4
9.788653700132 5.559043745816083E-4
9.788653700132 4.612846156828184E-4
9.788653700132 6.736504846459691E-4
9.788653700132 7.047381810615351E-4
9.788653700132 7.532498328227541E-4
9.788653700132 7.532498328227542E-4
9.788653700132 7.56357212459731E-4
9.788653700132 7.775004384799803E-4
9.790534292027433 8.583128966466826E-4
9.790534292027433 7.603013269102036E-4
9.790534292027433 8.700471895964848E-4
9.790534292027433 8.49542259567879E-4
9.796591629562549 8.653434560117131E-4
9.800822807875765 9.418529774616972E-4
9.800822807875765 9.48889241176543E-4
9.800822807875765 0.0010201145918290867
9.823689344248333 0.0011272980729846453
9.827962510715071 0.0012193088253069145
9.827962510715071 0.0010437424736508348
9.827962510715071 0.0010456300949140663
9.827962510715071 0.0010138383338649188
9.827962510715071 0.0010138383338649188
9.827962510715071 0.0010547808692133599
9.827962510715071 0.0010350543524751345
9.828428645207302 9.998137612932403E-4
9.828428645207302 9.9981376129324E-4
9.828428645207302 9.728204929342707E-4
9.828428645207302 9.205461474160013E-4
9.828428645207302 9.669973140145632E-4
9.828428645207302 9.055993230286278E-4
9.828428645207302 8.670470515585164E-4
9.828428645207302 8.833728114484306E-4
9.828428645207302 8.925004762181328E-4
9.828428645207302 0.0010207177698640126
9.833224562870893 9.724449426605053E-4
9.837592730636587 0.0010293553787056543
9.837592730636587 0.001006397982232842
9.837592730636587 8.615925686750906E-4
9.837592730636587 7.996663351714707E-4
9.837592730636587 7.172432810474573E-4
9.837592730636587 6.781179254822449E-4
9.837592730636587 6.33618111052813E-4
9.837592730636587 6.497685782168636E-4
9.837592730636587 6.737062816567518E-4
9.837592730636587 6.770484380996342E-4
9.837592730636587 6.968637241403201E-4
9.850087041883302 7.607850393050235E-4
9.850087041883302 6.642626932408275E-4
9.850087041883302 6.537951669115703E-4
9.868078673619872 7.219500222161114E-4
9.868078673619872 7.869759074338613E-4
9.882582841545315 8.489264088615273E-4
9.882582841545315 9.032161770664963E-4
9.882582841545315 8.752434539672619E-4
9.882582841545315 9.727249553076448E-4
9.882582841545315 9.965413405996187E-4
9.882582841545315 9.621633828280477E-4
9.882582841545315 9.999309635218595E-4
9.887794846560562 0.0011349320052534753
9.887794846560562 0.0010915113032466783
9.887794846560562 0.0010923935390469437
9.887794846560562 0.0010891412780977795
9.887794846560562 0.0010527874574652477
9.89156840198618 0.0010480122475263747
9.89156840198618 9.768923785884722E-4
9.89156840198618 0.0010008513511460947
9.89156840198618 0.001018031946717799
9.89156840198618 8.555553669163712E-4
9.89156840198618 7.850424658192093E-4
9.89156840198618 8.270748260063822E-4
9.89156840198618 8.645465065636395E-4
9.89156840198618 8.22920695038255E-4
9.89156840198618 7.613412962235523E-4
9.89156840198618 7.197209162786734E-4
9.89156840198618 6.219367449626947E-4
9.89156840198618 6.870524861308146E-4
9.89156840198618 7.14618412395717E-4
9.89156840198618 7.139556919155577E-4
9.89156840198618 6.908236453235384E-4
9.89156840198618 6.825832287637141E-4
9.89156840198618 6.663984351074249E-4
9.891949308523788 6.386545885196564E-4
9.891949308523788 6.295099786105757E-4
9.891949308523788 5.88682420693481E-4
9.891949308523788 5.984051110125908E-4
9.891949308523788 5.018988524336997E-4
9.891949308523788 4.5187281843556436E-4
9.891949308523788 5.040579761104027E-4
9.891949308523788 5.11830908636953E-4
9.891949308523788 5.370555167597469E-4
9.891949308523788 5.334678951364807E-4
9.891949308523788 5.587649427265758E-4
9.891949308523788 5.696750252767657E-4
9.907703612967602 6.148138902915049E-4
9.907703612967602 5.888944633234491E-4
9.907703612967602 5.701909412544177E-4
9.907703612967602 5.242863318350672E-4
9.907703612967602 5.069942361338508E-4
9.907703612967602 4.991242549960333E-4
9.907703612967602 4.991242549960334E-4
9.907703612967602 4.6076559359456036E-4
9.907703612967602 4.593022480201541E-4
9.907703612967602 5.23242824683707E-4
9.907703612967602 5.090979496273556E-4
9.907703612967602 4.937343470185585E-4
9.907703612967602 4.749956401782053E-4
9.907703612967602 4.855571704869769E-4
9.907703612967602 5.023414351668544E-4
9.907703612967602 4.501427677514389E-4
9.907703612967602 4.3162254417442806E-4
9.907703612967602 4.1858153778772555E-4
9.911742838102205 4.583267678825397E-4
9.911742838102205 3.849807997097415E-4
9.911742838102205 3.3786227857631655E-4
9.911742838102205 3.129694193843588E-4
9.911742838102205 3.378909408745896E-4
9.911742838102205 2.896208478842856E-4
9.911742838102205 3.152939120073571E-4
9.911742838102205 3.5929400318568573E-4
9.911742838102205 3.837879699736639E-4
9.911742838102205 3.421434043972609E-4
9.911742838102205 2.9500231801422644E-4
9.911742838102205 2.990943898031886E-4
9.911742838102205 2.9909438980318855E-4
9.911742838102205 2.7701019647523463E-4
9.911742838102205 2.555402224313908E-4
9.911742838102205 2.7892594742591687E-4
9.911742838102205 2.953694129818996E-4
9.913604071867667 3.0456123503458637E-4
9.913604071867667 3.619404653492643E-4
9.913604071867667 3.220316435538448E-4
9.913604071867667 2.9684583333691305E-4
9.913604071867667 2.932385243912637E-4
9.913604071867667 2.978385113474643E-4
9.913604071867667 2.642868868242803E-4
9.913604071867667 2.4688914148278797E-4
9.913604071867667 2.6161239433349494E-4
9.91426058601261 2.628435234388186E-4
9.91426058601261 2.628435234388186E-4
9.919018487625063 2.338197790713975E-4
9.919018487625063 2.3381977907139756E-4
9.919018487625063 1.9039307528237115E-4
9.919018487625063 1.7746839077585017E-4
9.919018487625063 1.8315769701290657E-4
9.919018487625063 1.8315769701290657E-4
9.919018487625063 1.630564644293525E-4
9.919018487625063 1.6222909088907126E-4
9.921545356130565 1.7147140982265533E-4
9.921545356130565 1.714714098226553E-4
9.921545356130565 1.7124662110732625E-4
9.921545356130565 1.6154978898852545E-4
9.921545356130565 1.6154978898852545E-4
9.921545356130565 1.2173466595135294E-4
9.922098768965883 1.2560606169724183E-4
9.922098768965883 1.2560606169724183E-4
9.922098768965883 9.788436190478981E-5
9.922218590515351 1.0228476739400226E-4
9.922218590515351 8.620312785474878E-5
9.922218590515351 1.0661008978829839E-4
9.922218590515351 9.930313003917453E-5
9.922218590515351 1.1081429025313519E-4
9.922218590515351 1.2376567774832978E-4
9.922218590515351 1.1066567556390405E-4
9.922218590515351 8.989262827844481E-5
9.922218590515351 8.576519445908583E-5
9.927911414225544 9.812836783813433E-5
9.927911414225544 9.186087265261783E-5
9.932033683312296 9.558267704952967E-5
9.932033683312296 7.833053673810428E-5
9.932033683312296 7.833053673810428E-5
9.932033683312296 7.954073839715347E-5
9.932033683312296 8.752591969205358E-5
9.932033683312296 8.729538315595083E-5
9.932033683312296 8.506440620950063E-5
9.932033683312296 1.0072236267355228E-4
9.932033683312296 1.0072236267355228E-4
9.932033683312296 9.228590359245427E-5
9.932033683312296 9.228590359245427E-5
9.932033683312296 9.86981460198318E-5
9.932033683312296 7.897697846870284E-5
9.932825483963757 8.157884910273014E-5
9.932825483963757 7.616554492675441E-5
9.932825483963757 1.038658384453883E-4
9.932825483963757 1.038658384453883E-4
9.935783733458214 1.0235267968034656E-4
9.935783733458214 1.1085459216877936E-4
9.935783733458214 9.95296301879027E-5
9.939769169689251 1.0225035040904937E-4
9.939769169689251 8.585607480661014E-5
9.939769169689251 9.230592894677866E-5
9.939769169689251 9.87429988669281E-5
9.939769169689251 1.0255932493071133E-4
9.939769169689251 1.1019998166251153E-4
9.939769169689251 1.0245986904853351E-4
9.939769169689251 1.1546113017698516E-4
9.939769169689251 1.206087411345729E-4
9.940779651539874 1.2210320390455487E-4
9.940779651539874 1.2921844096477588E-4
9.940779651539874 1.3690100297907964E-4
9.940779651539874 1.4084311504618225E-4
9.940779651539874 1.422468785840652E-4
9.940779651539874 1.5957715143147757E-4
9.940779651539874 1.7793062404603964E-4
9.941215154952996 1.6347514080782314E-4
9.941215154952996 1.5835467767929122E-4
9.941215154952996 1.7058635011076056E-4
9.941215154952996 1.4953688690204714E-4
9.941215154952996 1.597575514255666E-4
9.941215154952996 1.621404941042256E-4
9.941215154952996 1.5274432809567995E-4
9.941215154952996 1.5316552182941478E-4
9.941215154952996 1.5014677838347596E-4
Score: 9.941215154952996
Runtime: 847ms
