2.367488772846927E-5 5.334668307763706
2.367488772846927E-5 4.579957780320393
1.2243312810356562E-4 4.124043758335763
5.194907010180351E-4 3.768659256173844
0.0016794856157904498 3.4487683392809996
0.002564016068588128 3.2800302410652513
0.04141034434507568 3.157253238595739
0.04141034434507568 3.0425668079651738
0.04141034434507568 2.9010996151523765
0.04141034434507568 2.7940132794534702
0.06074301806126537 2.6748566576266177
0.06074301806126537 2.5250984291120644
0.06140355278807849 2.373105315021062
0.12508021655390736 2.2689605884572197
0.12508021655390736 2.161012269056343
0.1541028165442378 2.1707333905168875
0.1541028165442378 2.097053703147342
0.4808893078028795 2.030966685143722
0.4808893078028795 1.9143587386268144
0.4808893078028795 1.8654153081804228
0.4808893078028795 1.8013815987420208
0.4808893078028795 1.8647607119696519
0.4808893078028795 1.776216002546059
0.4808893078028795 1.7157867217279348
0.4808893078028795 1.67850204902161
0.4808893078028795 1.6594997906643458
0.4808893078028795 1.631288800613599
0.4808893078028795 1.5693324338325239
0.4808893078028795 1.4999933882584513
0.4808893078028795 1.482782671104548
0.5822698607583783 1.388188648385774
0.5822698607583783 1.3208249377877719
0.5822698607583783 1.3260898768592269
0.5822698607583783 1.302537747191513
0.8787794012147389 1.2664282285836894
0.8787794012147389 1.2419411169539825
0.8787794012147389 1.187454930671157
0.8787794012147389 1.1549364850085282
1.0243106168469311 1.1218903323545009
1.0243106168469311 1.068355091062079
1.0243106168469311 1.0168061072889014
1.0243106168469311 0.9876305408732275
1.0243106168469311 0.9359915343080373
1.0616733987706133 0.8645176851266221
1.0616733987706133 0.8717630919130225
1.0616733987706133 0.8388571222055803
1.0616733987706133 0.8150956899899087
1.0616733987706133 0.76534533794572
1.2296532106764537 0.7433121588177724
1.3338117884915293 0.7065781981917358
1.3338117884915293 0.7330111767611537
1.6731059543626714 0.7111976293689314
1.6731059543626714 0.6451041082420037
1.6731059543626714 0.6428798711813124
1.7123932241361441 0.6709469279156726
1.7123932241361441 0.7025459660320776
1.7123932241361441 0.6964311412495493
1.7123932241361441 0.6912757805112144
2.6459928484521726 0.7187507199235981
2.6459928484521726 0.7394816529064246
2.6459928484521726 0.7195760582057984
2.6459928484521726 0.6885833904081669
2.6459928484521726 0.676353424318431
2.6459928484521726 0.6744816235723208
2.6459928484521726 0.6637691131843233
2.6459928484521726 0.6227970213555317
2.6459928484521726 0.6238417924624161
3.113348596169293 0.6234166204589248
3.1539483765098373 0.6010241432511367
3.1539483765098373 0.6416536361557232
3.1539483765098373 0.6458585604077819
3.1539483765098373 0.6776106934180612
3.1539483765098373 0.6137231200786645
3.8209522104412788 0.5970404461214908
3.8209522104412788 0.6105370065211103
3.8209522104412788 0.5879049258491594
4.805351475586341 0.5905949468054029
4.805351475586341 0.5638267794333303
4.805351475586341 0.5612630647846998
4.805351475586341 0.5626522042650394
4.805351475586341 0.5437834077677134
4.805351475586341 0.5315344895865441
4.805351475586341 0.5217634826995283
4.805351475586341 0.516625827043853
4.805351475586341 0.5087255777376576
4.805351475586341 0.5176295524491861
4.805351475586341 0.5274601712358002
4.805351475586341 0.5112959253736398
4.805351475586341 0.48124844427805197
5.021781805761078 0.4935509163879745
5.021781805761078 0.49367225435312956
5.021781805761078 0.4835903219883757
5.021781805761078 0.44075824471666675
5.021781805761078 0.41654884838788236
5.021781805761078 0.3920038260372782
5.021781805761078 0.4003613201205079
5.021781805761078 0.3822740818241362
5.021781805761078 0.3726843708986136
5.021781805761078 0.367163981998897
5.276292515209901 0.3403144722443841
5.422751775294873 0.3203757227121939
5.422751775294873 0.31581091463819805
5.422751775294873 0.30592915965543793
5.422751775294873 0.3020126747461093
5.422751775294873 0.2757597045212073
5.460354548087042 0.2610064759036886
5.460354548087042 0.2497020320802297
5.460354548087042 0.2369396427102447
5.460354548087042 0.2258482051609493
5.56698869873903 0.21524108044875565
5.56698869873903 0.2162827658329366
6.148284299719659 0.21338152704203073
6.148284299719659 0.20198645245719876
6.148284299719659 0.19851130978553266
6.148284299719659 0.19205538625237056
6.740076630352667 0.1853776207538456
6.740076630352667 0.1680276675392016
6.793675624471819 0.1577613037863179
6.793675624471819 0.15627830946883856
6.793675624471819 0.1458165770144137
6.793675624471819 0.13851741809252902
7.1754956951758775 0.13716423641098993
7.1754956951758775 0.1322857895902819
7.1754956951758775 0.12782436706983505
7.1754956951758775 0.126803902766029
7.1754956951758775 0.12362218206303048
7.197571338951386 0.13066145908073884
7.197571338951386 0.12887586587133454
7.197571338951386 0.13446365016214487
7.244969491313892 0.13092437999085177
7.603169331844669 0.12345013607021123
7.603169331844669 0.125435088153956
7.603169331844669 0.12050378212714125
7.603169331844669 0.11493198816428646
7.603169331844669 0.10931382775950534
7.603169331844669 0.11076181439653418
7.734498845850153 0.11033645126275698
7.734498845850153 0.12561141142574925
7.734498845850153 0.12290136928058752
7.734498845850153 0.12175262008340759
7.734498845850153 0.12031210287146071
7.734498845850153 0.12438088740548305
7.734498845850153 0.12222636041985041
7.734498845850153 0.11146051063004025
7.734498845850153 0.10865671038110163
7.734498845850153 0.10321991485088301
7.734498845850153 0.09744600051136432
7.734498845850153 0.0962941489144285
7.809242994901827 0.08692288766130424
7.809242994901827 0.09069886953210074
7.809242994901827 0.09034646171038202
7.809242994901827 0.08651936919671294
7.809242994901827 0.07840375426114068
7.809242994901827 0.0759945983637325
7.809242994901827 0.06837916762877186
7.819020351390449 0.06668523377570099
7.838664792204121 0.06864372893790244
8.152388769464281 0.06333947965030468
8.152388769464281 0.06425199455848209
8.61154961019578 0.06512633021520399
8.61154961019578 0.0616826035254441
8.61154961019578 0.0611738814207601
8.61154961019578 0.061106943444376186
8.61154961019578 0.06015277486225273
8.61154961019578 0.06182541738928117
8.615802551272653 0.06315712507834788
8.615802551272653 0.057896120154106674
8.615802551272653 0.055951420445723606
8.615802551272653 0.053466404802143826
8.615802551272653 0.051171060249330914
8.615802551272653 0.048732884478881404
8.615802551272653 0.04583771909612341
8.615802551272653 0.04444969861002817
8.615802551272653 0.04144526201366387
8.615802551272653 0.04395185828112205
8.615802551272653 0.041159141231734066
8.615802551272653 0.04821348856514047
8.615802551272653 0.04718086039592495
8.615802551272653 0.04582214112328225
8.615802551272653 0.050243299474646105
8.615802551272653 0.050263435538391195
8.703271940439727 0.04719512929084875
8.703271940439727 0.04290803116273549
8.703271940439727 0.03839127562707711
8.703271940439727 0.03701964319549223
8.703271940439727 0.03723786934205986
8.715843016746382 0.03559197235517626
8.715843016746382 0.03178811691824031
8.715843016746382 0.029708949551658842
8.715843016746382 0.028168923585625467
8.715843016746382 0.029208499208044542
8.715843016746382 0.0316813191471449
8.715843016746382 0.030906253067933303
9.124153017884941 0.029688959826189833
9.124153017884941 0.029425133523341293
9.124153017884941 0.03133775520552726
9.124153017884941 0.029928841744647182
9.124153017884941 0.028502728233292255
9.124153017884941 0.02610883998457807
9.124153017884941 0.027215225688303004
9.124153017884941 0.02492683312405682
9.124153017884941 0.02332772547141667
9.124153017884941 0.02374670432838819
9.124153017884941 0.022658318278663343
9.124153017884941 0.02285028971822257
9.124153017884941 0.021387707215047746
9.124153017884941 0.022428285692201254
9.124153017884941 0.02166911956175194
9.124153017884941 0.01988841955548006
9.124153017884941 0.01990610421331975
9.124153017884941 0.020105796885888743
9.124153017884941 0.02053666550434874
9.124153017884941 0.019607579760938028
9.124153017884941 0.019121534466247717
9.124153017884941 0.0195436908075436
9.124153017884941 0.01959713914691064
9.124153017884941 0.02096208514488931
9.124153017884941 0.01925192808996949
9.124153017884941 0.018700457834677
9.124153017884941 0.01801113471235472
9.124153017884941 0.018385364851091678
9.124153017884941 0.01744163562212363
9.124153017884941 0.016688767839765785
9.124153017884941 0.017949648228206543
9.20150041631962 0.016801859879840984
9.20150041631962 0.016574686637922165
9.20150041631962 0.014901350244413199
9.20150041631962 0.014134516809235092
9.20150041631962 0.013742315920428088
9.20150041631962 0.014608777768475804
9.20150041631962 0.01570557461988102
9.20150041631962 0.014729261698048163
9.20150041631962 0.014855225852847808
9.20150041631962 0.01495570449576638
9.20150041631962 0.014928349013420966
9.20150041631962 0.014292789188430527
9.34277169928998 0.013827726302056203
9.34277169928998 0.013303176375914317
9.34277169928998 0.013683003202942615
9.34277169928998 0.012901558693106961
9.34277169928998 0.01309385228830606
9.34277169928998 0.01244717258285521
9.34277169928998 0.010641024518191029
9.34277169928998 0.010341070621365682
9.34277169928998 0.010350112820119765
9.34277169928998 0.010251378816017554
9.34277169928998 0.00803110206436137
9.34277169928998 0.00803110206436137
9.349146398916194 0.00913975666838108
9.349146398916194 0.009109691830862071
9.349146398916194 0.008586547382275201
9.349146398916194 0.00818285116762182
9.349146398916194 0.007509975454392799
9.349146398916194 0.007168452114207026
9.349146398916194 0.006290779745404761
9.349146398916194 0.006805472471382636
9.349146398916194 0.006778247174735613
9.349146398916194 0.007636833811196733
9.349146398916194 0.006703223589270756
9.349146398916194 0.006660198921939829
9.349146398916194 0.00604679036814999
9.349146398916194 0.0051556881433712535
9.349146398916194 0.005480231919986332
9.356993171022397 0.0053388840761112045
9.43619442635571 0.005861030352262781
9.43619442635571 0.0059303391375163765
9.43619442635571 0.0056372007216863584
9.43619442635571 0.00483947552436948
9.43619442635571 0.004694095686126338
9.43619442635571 0.004154757443254331
9.43619442635571 0.004154757443254329
9.43619442635571 0.00428335869830586
9.43619442635571 0.003998297954269065
9.43619442635571 0.004305905726969289
9.676268283100503 0.004495032581779299
9.676268283100503 0.004789291374198255
9.676268283100503 0.004734990092690655
9.676268283100503 0.005257645081975623
9.676268283100503 0.005426936610708733
9.676268283100503 0.0056984663622072496
9.676268283100503 0.0054917945836923535
9.676268283100503 0.005501753644529334
9.676268283100503 0.005543442725592296
9.676268283100503 0.006186550408994598
9.676268283100503 0.006354780627882899
9.676268283100503 0.0060564585627826285
9.676268283100503 0.00588945963163578
9.676268283100503 0.0057427061037266195
9.676268283100503 0.005370727942268186
9.714014081597067 0.004986462045124726
9.714014081597067 0.0053861008684195225
9.714014081597067 0.005252040635679345
9.714014081597067 0.004977081593465222
9.714014081597067 0.005370622981888063
9.714014081597067 0.005764641458695512
9.714014081597067 0.005582031832966286
9.714014081597067 0.0057573682588475195
9.714014081597067 0.00592006142326724
9.714014081597067 0.006200828309935822
9.714014081597067 0.0059052655962974114
9.714014081597067 0.0059739772276696775
9.714014081597067 0.0066323876185796615
9.716388440894313 0.00693925163384361
9.716388440894313 0.006803407877584379
9.716388440894313 0.007202094943074421
9.716388440894313 0.0068926071651127935
9.716388440894313 0.007469889001240608
9.716388440894313 0.007283885406081743
9.716388440894313 0.007226298092652342
9.716388440894313 0.006978782921515876
9.716388440894313 0.007192606840435517
9.716388440894313 0.007230230545175883
9.716388440894313 0.007487741600485682
9.717158802770605 0.0074096684588404495
9.717158802770605 0.007373916140272357
9.78633024924155 0.007298119784653281
9.78633024924155 0.007409408948297485
9.78633024924155 0.006833247040182105
9.78633024924155 0.006756468927349635
9.832343358531817 0.006391245351063055
9.832343358531817 0.006368227754020897
9.832343358531817 0.005725924240053488
9.832343358531817 0.005656341410178056
9.832343358531817 0.005817602581919702
9.832343358531817 0.0058569095566612306
9.832343358531817 0.005849014283320909
9.832343358531817 0.005730064220814105
9.832343358531817 0.00562272741292225
9.832343358531817 0.005556813603102463
9.832343358531817 0.005646045807927475
9.832343358531817 0.005383536742803884
9.832343358531817 0.005133925291615462
9.832343358531817 0.0049617185965742765
9.832343358531817 0.004910421436376955
9.864767677447336 0.00518539388466207
9.864767677447336 0.0048470992596777035
9.864767677447336 0.00460818920123711
9.864767677447336 0.004508555953650479
9.864767677447336 0.0041037237790437645
9.864767677447336 0.00425987103885328
9.864767677447336 0.004535396388668452
9.864767677447336 0.004031210453350917
9.864767677447336 0.003603708246587789
9.864767677447336 0.0034957451712917618
9.864767677447336 0.003164503808499538
9.864767677447336 0.003275359878646534
9.864767677447336 0.00336128251062855
9.864767677447336 0.0034711040685813646
9.864767677447336 0.0034187045974045094
9.864767677447336 0.0032756824087325307
9.864767677447336 0.0032364356711374535
9.864767677447336 0.003264380759620801
9.864767677447336 0.0035315590505192707
9.864767677447336 0.003589027876815325
9.881989846999947 0.003294161299255459
9.881989846999947 0.0030818442679504043
9.881989846999947 0.002982878729938303
9.881989846999947 0.002867488326553569
9.881989846999947 0.003142290267672477
9.881989846999947 0.0032860822644861145
9.881989846999947 0.003153516229010956
9.881989846999947 0.0028312697289971447
9.881989846999947 0.0027799141989004145
9.881989846999947 0.002808285750755822
9.881989846999947 0.0027404222504868736
9.881989846999947 0.002872385806615031
9.881989846999947 0.0028801901246500662
9.881989846999947 0.0027997372461343816
9.884871863024115 0.003021465689922846
9.884871863024115 0.0023452500140181054
9.884871863024115 0.002175072865319088
9.884871863024115 0.001970313326130921
9.884871863024115 0.0020389027559501714
9.903832222268651 0.002074139529074211
9.903832222268651 0.0023013577376251905
9.903832222268651 0.0022757740776250296
9.903832222268651 0.002422609137761086
9.903832222268651 0.0025277606104218584
9.903832222268651 0.002648806519654485
9.903832222268651 0.0027932126949490534
9.903832222268651 0.0025198785475379158
9.903832222268651 0.0026075389532382574
9.903832222268651 0.0023724876716129193
9.924827649822397 0.0023904704787898095
9.924827649822397 0.0025409204663321516
9.924827649822397 0.002706670445219761
9.924827649822397 0.0025092777167758035
9.924827649822397 0.002446041105024077
9.924827649822397 0.002383805389063497
9.924827649822397 0.0023715896798692892
9.924827649822397 0.002222365694372465
9.935685655079148 0.0021548788714840297
9.935685655079148 0.002067789279822724
9.935685655079148 0.001999012916874717
9.935685655079148 0.002031212128627891
9.935685655079148 0.0019583395059908472
9.935685655079148 0.0019140592273269115
9.935685655079148 0.0018941298983266481
9.935685655079148 0.001787241995803965
9.935685655079148 0.0017565304443519598
9.935685655079148 0.0016442745240479973
9.935685655079148 0.0017922371779114747
9.935685655079148 0.0018070916291316704
9.935685655079148 0.0017557441759144543
9.935685655079148 0.0016426624400219397
9.935685655079148 0.0017319594228470425
9.935685655079148 0.0016858108869052136
9.935685655079148 0.00151488509444893
9.938380274193852 0.0015085568031648485
9.938380274193852 0.0016271173220375017
9.938380274193852 0.001477085022526804
9.938380274193852 0.0015380788765985052
9.938380274193852 0.0014178842934884019
9.944955810812015 0.0013603109786452863
9.956064128992871 0.00143953226041226
9.956064128992871 0.0013977198277673238
9.956064128992871 0.0013416270796119012
9.956064128992871 0.0011827672562264295
9.956064128992871 0.0011759519406180608
9.956064128992871 9.989407430328393E-4
9.956064128992871 9.820243710322498E-4
9.956064128992871 0.0010023831965466769
9.956064128992871 0.0010303878837554805
9.956064128992871 9.79869649484702E-4
9.95810509493242 9.620878191583145E-4
9.95810509493242 8.217635179942117E-4
9.95810509493242 9.041882674188841E-4
9.95810509493242 9.309214436269833E-4
9.95810509493242 9.478239792892858E-4
9.95810509493242 9.4611889050122E-4
9.95810509493242 9.328643479814717E-4
9.95810509493242 9.640549775102658E-4
9.95810509493242 9.711096859036796E-4
9.95810509493242 0.0010242051461182358
9.95810509493242 0.0010212234936039948
9.95810509493242 9.177633218848099E-4
9.95810509493242 9.62513050787914E-4
9.967668057123166 8.883468380293477E-4
9.967668057123166 7.980893012416453E-4
9.967668057123166 7.697563769382142E-4
9.967668057123166 7.412826030396026E-4
9.967668057123166 7.382582719089337E-4
9.967668057123166 8.06471630203371E-4
9.967668057123166 7.249567096679076E-4
9.967668057123166 7.112704646977398E-4
9.967668057123166 7.235359001241641E-4
9.967668057123166 7.00774903397351E-4
9.967668057123166 7.395457103165964E-4
9.967668057123166 6.850030913493762E-4
9.967668057123166 6.840531479978978E-4
9.967668057123166 6.817838092367177E-4
9.967668057123166 7.351596236339009E-4
9.967668057123166 7.4426856645751E-4
9.970088209028527 7.013839356878983E-4
9.970088209028527 6.784992771473389E-4
9.970088209028527 6.002205994550186E-4
9.970088209028527 5.541838614477106E-4
9.970088209028527 5.539383371119208E-4
9.970088209028527 5.349837823275546E-4
9.970455060092547 5.073293059158694E-4
9.970455060092547 5.455683852391914E-4
9.970455060092547 5.441507585604064E-4
9.973589815297416 5.43776591306234E-4
9.973589815297416 5.17822053475574E-4
9.973589815297416 5.174040843084472E-4
9.973589815297416 5.451741464547734E-4
9.973589815297416 5.950599449083433E-4
9.973589815297416 5.365193530890108E-4
9.973589815297416 5.189081505605602E-4
9.973589815297416 5.439302563084984E-4
9.973589815297416 5.585007884495032E-4
9.973589815297416 5.378970572041662E-4
9.973589815297416 5.376588205000862E-4
9.973656417434952 4.926082581618388E-4
9.973656417434952 4.898177259911397E-4
9.973656417434952 4.772732946268765E-4
9.973656417434952 4.5448265049590663E-4
9.973656417434952 4.7134345287928647E-4
9.973656417434952 4.627817502646556E-4
9.973656417434952 4.642480335277147E-4
9.973785937522713 4.5336813527844605E-4
9.976931764444137 4.717721805195906E-4
9.976931764444137 4.5247072103797597E-4
9.976931764444137 4.2600252537554643E-4
9.976931764444137 4.2227116197120115E-4
9.976931764444137 3.9166601589126084E-4
9.976931764444137 4.005845447293477E-4
9.976931764444137 3.8347225086738783E-4
9.977178581247383 3.48936124550429E-4
9.977178581247383 3.6833633739870737E-4
9.977178581247383 3.2714984877518734E-4
9.977178581247383 2.9178563360060896E-4
9.977178581247383 2.830303943698083E-4
9.978693965626917 2.7279360556930945E-4
9.978693965626917 2.82519753465898E-4
9.978693965626917 2.5532047057813274E-4
9.978693965626917 2.125210210497109E-4
9.978693965626917 2.151056357060396E-4
9.978693965626917 2.381349397378225E-4
9.978693965626917 2.2362914839292047E-4
9.978693965626917 1.9200081495698287E-4
9.978693965626917 1.829984317204109E-4
9.980900074983753 1.9630638372434555E-4
9.980900074983753 2.0761969057855333E-4
9.982792782385514 2.0048801062685556E-4
9.982792782385514 1.8324111682098464E-4
9.982792782385514 1.8088407689044575E-4
9.982792782385514 1.8123350384926284E-4
9.982792782385514 1.7070295854277676E-4
9.982792782385514 1.8633925469436913E-4
9.982792782385514 1.911552594366797E-4
9.982792782385514 1.919956608526574E-4
9.982792782385514 1.6156536573453108E-4
9.982792782385514 1.647637221926695E-4
9.982792782385514 1.594351741315633E-4
9.982792782385514 1.4743253310953283E-4
9.982792782385514 1.3990453675530063E-4
9.982792782385514 1.2042914193227898E-4
9.982792782385514 1.1908256856569847E-4
9.982792782385514 1.1826735579165085E-4
9.98441769346542 1.1080179852508964E-4
9.98441769346542 1.2230177677713725E-4
9.98441769346542 1.2013189022687433E-4
9.98441769346542 9.361000509902803E-5
9.98441769346542 8.03786572506763E-5
9.98441769346542 7.618020393199086E-5
9.98441769346542 6.938805628559773E-5
9.98441769346542 8.740066486721399E-5
9.98441769346542 1.0381308236750598E-4
9.986787351526816 1.0742387150270413E-4
9.986787351526816 1.1509060957590123E-4
9.986787351526816 1.0172894103176353E-4
9.986787351526816 1.091542066468774E-4
9.986787351526816 1.1442104222730234E-4
9.986787351526816 1.1060655758043896E-4
9.986787351526816 1.0060466544014453E-4
9.986787351526816 9.548047355346666E-5
9.986787351526816 9.429563934577975E-5
9.986787351526816 8.484396415327831E-5
9.986787351526816 8.257309930557362E-5
9.986787351526816 9.596560155313328E-5
9.986787351526816 1.0155550016399109E-4
9.986787351526816 8.380956221259778E-5
9.986787351526816 7.397260980745898E-5
9.986787351526816 7.735552764166642E-5
9.986787351526816 7.348540925868356E-5
9.986787351526816 7.998187488320671E-5
9.986787351526816 8.36618634646751E-5
9.986787351526816 8.654138005026243E-5
9.986787351526816 8.94605615876621E-5
9.986836725722279 9.297763171246744E-5
9.986836725722279 9.635312003389654E-5
9.986836725722279 9.635312003389652E-5
9.987036742552128 9.058865389300362E-5
9.987036742552128 7.783625524393084E-5
9.987036742552128 8.621984880743433E-5
9.987036742552128 8.300750954187583E-5
9.987036742552128 7.82160277050769E-5
9.987036742552128 7.671251143716563E-5
9.987036742552128 6.658130468707587E-5
9.987036742552128 6.372383683998267E-5
9.987525285198632 7.406930816627726E-5
9.987525285198632 7.406930816627726E-5
9.987525285198632 7.522546565810557E-5
9.987525285198632 9.080323790533645E-5
9.987525285198632 8.043612261402161E-5
9.987525285198632 8.598128567743208E-5
9.987525285198632 7.879555923158803E-5
9.987525285198632 7.382384070515104E-5
9.987525285198632 7.05534087854631E-5
9.987525285198632 7.143371659423108E-5
9.987525285198632 7.442108944896128E-5
9.987525285198632 6.660491681554324E-5
9.987525285198632 7.385002735024055E-5
9.98766841702283 7.704469811731929E-5
9.98766841702283 7.532173996994183E-5
9.98766841702283 7.651374902777166E-5
9.98766841702283 6.774567419015865E-5
9.98766841702283 5.705193299755646E-5
9.98766841702283 5.077923645173789E-5
9.98766841702283 5.378985137458159E-5
9.98766841702283 5.441209509007792E-5
9.98766841702283 5.3972829059329236E-5
9.988262242972842 5.880529226935341E-5
9.988262242972842 5.896190037122096E-5
9.988262242972842 6.137247751183447E-5
9.988262242972842 5.791753188094443E-5
9.988262242972842 5.331934671686579E-5
9.988262242972842 5.1561991773724815E-5
9.988262242972842 4.640257738510506E-5
9.988262242972842 4.788364894612314E-5
9.988262242972842 4.803902344562272E-5
9.988262242972842 4.899791393633113E-5
9.988262242972842 4.679012419653996E-5
9.988262242972842 3.452195575599113E-5
9.98938174478946 3.717365502419807E-5
9.98938174478946 3.407988062179733E-5
9.98938174478946 3.374634158163152E-5
9.98938174478946 3.4874311064256844E-5
9.98938174478946 3.291514909245172E-5
9.98938174478946 3.0836211561061436E-5
9.98938174478946 2.9867616982590205E-5
9.98938174478946 3.464759193481166E-5
9.98938174478946 3.346066530920181E-5
9.98938174478946 3.209237372723057E-5
9.98938174478946 2.6149910628406377E-5
9.989477444519828 2.5574429430366473E-5
9.989477444519828 2.393293511277516E-5
9.989477444519828 1.7694449229355928E-5
9.989477444519828 1.869111563320723E-5
9.989477444519828 2.011168577405657E-5
9.989477444519828 2.1676663928243157E-5
9.989477444519828 2.227337129800293E-5
9.989477444519828 1.818735491357552E-5
9.989477444519828 1.918823229178068E-5
9.989477444519828 2.00301625416036E-5
9.989477444519828 1.7905437743119163E-5
9.989477444519828 1.891563129417115E-5
9.989477444519828 1.865639882484222E-5
9.989477444519828 2.0961385634351364E-5
9.989477444519828 2.2816833498598624E-5
9.989477444519828 2.3521266739648202E-5
9.989566108712767 2.2211315344814095E-5
9.989566108712767 2.136348178156483E-5
9.989590853907282 2.2749685086556314E-5
9.989590853907282 2.264875749045035E-5
9.989677087689223 2.4150319281398782E-5
9.989677087689223 2.5676618953395085E-5
9.989677087689223 2.5724403439900468E-5
9.989677087689223 2.4482897076758635E-5
9.989677087689223 2.4953718622334003E-5
9.989677087689223 2.7067473879858097E-5
9.989677087689223 2.5500872186705457E-5
9.989709296348583 2.5436063932841045E-5
9.989709296348583 2.5327790182008753E-5
9.98989325521355 2.3440183737283796E-5
9.990283323624427 2.396005003668449E-5
9.990283323624427 2.432982680999943E-5
9.990283323624427 2.2497379026413728E-5
9.990283323624427 2.3534062818851116E-5
9.990283323624427 2.4147496112580804E-5
9.990283323624427 2.2911716766987802E-5
9.990283323624427 2.853342595793669E-5
9.990283323624427 2.8577271323785333E-5
9.990283323624427 1.8575804501569178E-5
9.990283323624427 1.6065554071060018E-5
9.990709801506389 1.524887404575652E-5
9.990709801506389 1.3828534305775627E-5
9.990709801506389 1.3344428198941956E-5
9.990709801506389 1.2092036619456232E-5
9.990709801506389 1.2131679036006434E-5
9.990709801506389 1.257145163318569E-5
9.990709801506389 1.239077291823401E-5
9.990709801506389 1.1627820485839114E-5
9.990709801506389 1.1491530979207435E-5
9.990709801506389 1.1097001588196614E-5
9.990709801506389 1.1861477091436482E-5
9.990709801506389 1.1901674026908521E-5
9.990709801506389 1.2251623018446647E-5
9.990709801506389 1.0751600525865927E-5
9.990709801506389 1.0715000225591764E-5
9.990709801506389 9.873671279819376E-6
9.990709801506389 1.0530737004360858E-5
9.990709801506389 1.121381707223935E-5
9.990709801506389 1.0455064834054979E-5
Score: 9.990709801506389
Runtime: 955ms
