7.217120811826526E-9 6.641645383130407
7.217120811826526E-9 5.5695786318032985
2.02282920425148E-6 5.441686143126816
3.2804037581782074E-5 5.478042461931193
3.2804037581782074E-5 5.011137443882097
3.2804037581782074E-5 4.78369766587283
4.904577420284989E-5 4.148164327571488
1.544459961446914E-4 4.1402410195247485
5.769269952401372E-4 4.3564340970932856
9.652333610428623E-4 4.200005184822565
0.007023148879488077 4.088944606608902
0.007023148879488077 4.057215675810385
0.007023148879488077 4.005034179114005
0.013538539373260028 4.146864884362139
0.013538539373260028 3.762164546667995
0.014922510125900634 3.5406217897694865
0.014922510125900634 3.1503707162022505
0.014922510125900634 3.105609478512154
0.014922510125900634 3.0359876860213824
0.019073562782183147 2.6574825704540945
0.019073562782183147 2.688700940468588
0.1560702853370412 2.6128672277177416
0.1560702853370412 2.5983736474224615
0.1560702853370412 2.5394258111899832
0.1560702853370412 2.4425298071347745
0.1560702853370412 2.3755184889089604
0.1560702853370412 2.1982331549066187
0.1560702853370412 2.007516566775397
0.17682119818085662 1.873480502913514
0.17682119818085662 1.8317639456008936
0.5410442851323326 1.7559933498936846
0.5410442851323326 1.6066621915564991
0.6251405174885045 1.4810344988952537
0.6251405174885045 1.4765061346448207
0.6251405174885045 1.3560269401564184
0.6251405174885045 1.2783216435756863
0.6251405174885045 1.1288239756429979
0.6251405174885045 1.1576259861776097
0.6251405174885045 1.0238137391803008
0.6251405174885045 1.1351385007654289
0.6251405174885045 1.1261525995160842
0.6251405174885045 1.2274493135012585
0.9479934917554879 1.171118996837742
0.9479934917554879 1.2635862590925095
0.9479934917554879 1.339596125718789
1.5790586121000199 1.3857676804878998
1.5790586121000199 1.3338990680022096
1.5790586121000199 1.2867073723942424
1.5790586121000199 1.2001981448179975
1.5790586121000199 1.0591110119999627
1.5790586121000199 1.1708694999558045
1.5790586121000199 1.1195577804637273
1.5790586121000199 0.9159132304546413
1.5790586121000199 0.9782312823373825
1.599896786510267 0.9233948505887742
1.599896786510267 0.8392718578098126
1.599896786510267 0.8182755978697642
1.8901282327095716 0.776791319864618
1.8901282327095716 0.8215883065800377
1.8901282327095716 0.8283890508396697
1.8901282327095716 0.7799367838024728
1.8901282327095716 0.8571692477734557
1.8901282327095716 0.770298148474115
2.910348229628115 0.7307805705649723
2.910348229628115 0.6638259023458349
2.910348229628115 0.6340413219704593
3.893351862831234 0.6312229917568694
3.893351862831234 0.6441718580566211
3.893351862831234 0.6489865201524357
3.893351862831234 0.6680044912725546
3.893351862831234 0.6680044912725545
3.893351862831234 0.6167826713217515
3.893351862831234 0.6101669668845439
3.893351862831234 0.591417194034371
3.893351862831234 0.5225147998889261
3.893351862831234 0.5071469070247432
3.893351862831234 0.4955261739622606
3.893351862831234 0.496850618808044
3.893351862831234 0.45467561706245774
3.893351862831234 0.49461652385878824
3.893351862831234 0.47146077681664417
3.893351862831234 0.435197041010446
3.893351862831234 0.4264818518762379
3.893351862831234 0.43074043807278534
3.893351862831234 0.40741956202193036
3.893351862831234 0.386057944800558
3.893351862831234 0.38614322494678527
3.893351862831234 0.36415728575394624
3.893351862831234 0.3655175517288473
3.974989889544618 0.35413398340484986
4.249701549152182 0.3263013570148457
4.249701549152182 0.33974132966200754
4.249701549152182 0.37018987543024606
4.249701549152182 0.3118855560043541
4.249701549152182 0.26808128896452554
4.249701549152182 0.29077025381289234
4.249701549152182 0.2737040052022215
4.249701549152182 0.3398577776765893
4.249701549152182 0.3485968237134741
4.249701549152182 0.32664369394961285
4.691324693929283 0.3349935932215237
4.691324693929283 0.3267990293036827
4.691324693929283 0.29472223172417644
4.691324693929283 0.37219703589469477
5.3699067608233575 0.35871381640305033
5.3699067608233575 0.29860035248954975
5.3699067608233575 0.30048503452708714
5.3699067608233575 0.32248228820644165
5.3699067608233575 0.3458782189823591
5.3699067608233575 0.32482089621712423
5.3699067608233575 0.34033751338706003
5.3699067608233575 0.3235470197378216
5.3699067608233575 0.32753084051104836
5.3699067608233575 0.27685381974729356
5.3699067608233575 0.2796600045684392
5.3699067608233575 0.29168696874553357
5.3699067608233575 0.26682008571416654
5.3699067608233575 0.26682008571416654
5.3699067608233575 0.2166263852342959
5.3699067608233575 0.21979494684771006
5.3699067608233575 0.18702295846930636
5.3699067608233575 0.20389605124485263
5.3699067608233575 0.18520595681679577
5.3699067608233575 0.16354184560987176
5.3699067608233575 0.12698306105487206
5.3699067608233575 0.1143318649921496
5.3699067608233575 0.10148711423445769
5.3699067608233575 0.08893297383623854
5.3699067608233575 0.08893297383623854
5.3699067608233575 0.09791792131185599
5.3699067608233575 0.0878491928709329
5.3699067608233575 0.07964576903965964
5.3699067608233575 0.06557266005891538
5.3699067608233575 0.06137571306834286
5.3699067608233575 0.0779590346032729
5.548529561949121 0.08749780257861993
5.548529561949121 0.08749780257861993
5.548529561949121 0.08749780257861993
5.548529561949121 0.09812516836561855
5.548529561949121 0.11583153897110593
5.548529561949121 0.11935056850926065
5.548529561949121 0.09670845846219013
5.548529561949121 0.08626586742804213
5.548529561949121 0.09496110181900425
5.548529561949121 0.09496110181900425
5.61801649106571 0.10643150536846192
5.61801649106571 0.10417369503851318
5.61801649106571 0.10417369503851318
5.61801649106571 0.11427950449984785
5.61801649106571 0.10789062838087901
5.61801649106571 0.10789062838087901
5.61801649106571 0.09470240088579035
5.61801649106571 0.07816687823076007
5.61801649106571 0.04826773100813349
5.61801649106571 0.0387907394695928
5.61801649106571 0.04394983121205812
5.61801649106571 0.03664007350213604
5.61801649106571 0.052040754443633944
5.61801649106571 0.037881257385298676
5.635479146470076 0.028435548246535842
5.635479146470076 0.028435548246535842
5.635479146470076 0.028435548246535842
5.635479146470076 0.028435548246535842
5.635479146470076 0.028435548246535842
5.635479146470076 0.028435548246535842
5.635479146470076 0.028435548246535842
5.635479146470076 0.028435548246535842
5.635479146470076 0.028435548246535842
5.635479146470076 0.010553802091374765
5.635479146470076 0.010553802091374765
5.635479146470076 0.010553802091374765
5.635479146470076 0.010553802091374765
5.635479146470076 0.010553802091374765
5.635479146470076 0.010553802091374765
5.635479146470076 0.010553802091374765
5.635479146470076 0.010553802091374765
5.635479146470076 0.010553802091374765
5.635479146470076 0.010553802091374765
5.694678028036958 0.007699960767331999
5.694678028036958 0.007699960767331999
5.694678028036958 0.007699960767331999
5.694678028036958 0.007699960767331999
5.694678028036958 0.0
5.694678028036958 0.0
5.694678028036958 0.0
5.694678028036958 0.0
5.694678028036958 0.0
5.694678028036958 0.0
6.377333834705123 0.0043044712290163725
6.377333834705123 0.0043044712290163725
6.377333834705123 0.0043044712290163725
6.377333834705123 0.0043044712290163725
6.377333834705123 0.0043044712290163725
6.377333834705123 0.0043044712290163725
6.377333834705123 0.0
6.377333834705123 0.0
6.377333834705123 0.0
6.377333834705123 0.0
6.377333834705123 0.009538767975347015
6.377333834705123 0.015655493275853957
6.377333834705123 0.015655493275853957
6.377333834705123 0.009538767975347015
6.377333834705123 0.018157866358651898
6.377333834705123 0.01761311526581328
6.377333834705123 0.011865770727879548
7.037524508564655 0.00568640983086501
7.037524508564655 0.014455118047812934
7.037524508564655 0.011095710969480456
7.037524508564655 0.011095710969480456
7.037524508564655 0.011095710969480456
7.037524508564655 0.011095710969480456
7.037524508564655 0.011095710969480456
7.037524508564655 0.011095710969480456
7.037524508564655 0.011095710969480456
7.037524508564655 0.01428343281181268
7.037524508564655 0.01428343281181268
7.037524508564655 0.027095066643221918
7.037524508564655 0.02709506664322192
7.037524508564655 0.033050038445956983
7.037524508564655 0.033050038445956983
7.037524508564655 0.030973068583674164
7.037524508564655 0.042400090279380916
7.037524508564655 0.05265429579841667
7.037524508564655 0.05062812343545449
7.037524508564655 0.05062812343545449
7.037524508564655 0.04453087876177343
7.037524508564655 0.045791205446096994
7.037524508564655 0.052039617166663825
7.037524508564655 0.05066918763821841
7.037524508564655 0.04131450223615183
7.037524508564655 0.049137976603708916
7.037524508564655 0.04569033999572802
7.096199307057212 0.047790952962280385
7.096199307057212 0.04427163801687912
7.096199307057212 0.032153322775215286
7.096199307057212 0.032153322775215286
7.267318085774254 0.02978004459115707
7.3829276365028935 0.03077096382333757
7.3829276365028935 0.031998255004343966
7.3829276365028935 0.031998255004343966
7.3829276365028935 0.031998255004343966
7.3829276365028935 0.03162621146476385
7.3829276365028935 0.03157016835119137
7.3829276365028935 0.036068054904742575
7.3829276365028935 0.03157016835119137
7.3829276365028935 0.036056441828158585
7.3829276365028935 0.0430160874261585
7.3829276365028935 0.03459158233236673
7.3829276365028935 0.03746360075349718
7.3829276365028935 0.031464109073156624
7.3829276365028935 0.027159637844140248
7.3829276365028935 0.017530185698068704
7.3829276365028935 0.017530185698068704
7.3829276365028935 0.017530185698068704
7.3829276365028935 0.01605968995642023
7.3829276365028935 0.012160033783729618
7.3829276365028935 0.018332160374186918
7.3829276365028935 0.0206871119407801
7.3829276365028935 0.017876975185147928
7.3829276365028935 0.017876975185147928
7.3829276365028935 0.012724871942790048
7.3829276365028935 0.012724871942790048
7.3829276365028935 0.012029848560921912
7.3829276365028935 0.012029848560921912
7.3829276365028935 0.012029848560921912
7.3829276365028935 0.015138065168743657
7.3829276365028935 0.015138065168743657
7.900463461508319 0.015825941440148938
7.900463461508319 0.015825941440148938
7.900463461508319 0.015825941440148938
7.900463461508319 0.015825941440148938
7.900463461508319 0.017415992696659065
7.900463461508319 0.014307776088837319
7.900463461508319 0.014307776088837319
7.900463461508319 0.014307776088837319
7.900463461508319 0.014307776088837319
7.900463461508319 0.014307776088837319
7.900463461508319 0.014307776088837319
7.900463461508319 0.01558395507067774
7.900463461508319 0.013591800155048461
7.900463461508319 0.012689625169943613
7.900463461508319 0.011931272845467194
7.900463461508319 0.010655093863626772
7.900463461508319 0.009531357553568438
7.900463461508319 0.008586862940893995
7.900463461508319 0.005405340208825267
7.900463461508319 0.005405340208825267
7.900463461508319 0.005405340208825267
7.900463461508319 0.006639990643194444
7.900463461508319 0.006639990643194444
7.900463461508319 0.006639990643194444
7.900463461508319 0.006639990643194444
7.900463461508319 0.004537818129334428
7.900463461508319 0.004755024873179637
7.900463461508319 0.004755024873179637
7.900463461508319 0.0058885739801900995
7.900463461508319 0.004242514745797808
7.900463461508319 0.004242514745797808
7.900463461508319 0.007247319224383395
7.900463461508319 0.006752333887744554
7.900463461508319 0.0041672129158635465
7.900463461508319 0.004167212915863546
7.900463461508319 0.0041672129158635465
7.900463461508319 0.0041672129158635465
7.900463461508319 0.005840496093107432
7.900463461508319 0.005840496093107432
7.900463461508319 0.0041672129158635465
7.900463461508319 0.0041672129158635465
7.900463461508319 0.0041672129158635465
7.900463461508319 0.0041672129158635465
7.900463461508319 0.0041672129158635465
7.946963540843276 0.005557486467225366
7.946963540843276 0.005557486467225366
7.946963540843276 0.005557486467225366
7.946963540843276 0.005557486467225366
7.946963540843276 0.005557486467225366
8.097265886029566 0.010407029443711645
8.097265886029566 0.009009583527640124
8.097265886029566 0.009009583527640124
8.097265886029566 0.009009583527640124
8.097265886029566 0.009009583527640124
8.097265886029566 0.009009583527640124
8.097265886029566 0.007823144594627233
8.097265886029566 0.009220590510698757
8.097265886029566 0.013097115654448604
8.097265886029566 0.011963145508744362
8.097265886029566 0.01148514144138907
8.334168640655516 0.013067467370182195
8.334168640655516 0.014797720510339549
8.334168640655516 0.014797720510339549
8.334168640655516 0.014797720510339549
8.334168640655516 0.0137320528143748
8.334168640655516 0.0137320528143748
8.334168640655516 0.012944441846803545
8.334168640655516 0.012944441846803545
8.334168640655516 0.012944441846803545
8.334168640655516 0.012944441846803545
8.334168640655516 0.012944441846803545
8.334168640655516 0.009067916703053697
8.334168640655516 0.009067916703053697
8.334168640655516 0.009067916703053697
8.334168640655516 0.0061834242904524415
8.334168640655516 0.006483045322679143
8.334168640655516 0.006483045322679144
8.334168640655516 0.007486384832463643
8.334168640655516 0.007486384832463644
8.334168640655516 0.007486384832463644
8.334168640655516 0.007486384832463644
8.334168640655516 0.007486384832463644
8.334168640655516 0.007388602567917566
8.334168640655516 0.007388602567917566
8.334168640655516 0.007388602567917566
8.334168640655516 0.007388602567917566
8.334168640655516 0.005160705008800127
8.334168640655516 0.005160705008800127
8.334168640655516 0.006741275922043928
8.334168640655516 0.006741275922043928
8.334168640655516 0.004786901897068386
8.334168640655516 0.0059484615519326475
8.341883290199743 0.006849145492929045
8.341883290199743 0.007428285487415396
8.341883290199743 0.0045496079785681655
8.341883290199743 0.0045496079785681655
8.341883290199743 0.00215971090773015
8.341883290199743 0.00215971090773015
8.474438573598608 0.00503967299919402
8.474438573598608 0.00503967299919402
8.474438573598608 0.006467190011845432
8.711305930578712 0.006608776790710869
8.711305930578712 0.006608776790710869
8.711305930578712 0.00535645707530251
8.711305930578712 0.00535645707530251
8.711305930578712 0.00535645707530251
8.711305930578712 0.0039289400626510975
8.711305930578712 0.00516726858056078
8.749186568420807 0.006240442598447561
8.749186568420807 0.00730092633904605
8.749186568420807 0.00730092633904605
8.749186568420807 0.006287764307210533
8.749186568420807 0.005425943281756749
8.749186568420807 0.005652154808953964
8.749186568420807 0.005652154808953964
8.749186568420807 0.008548085864946658
8.749186568420807 0.008301427273331023
8.749186568420807 0.012595477616316488
8.749186568420807 0.01156910982018875
8.749186568420807 0.012223135169569513
8.749186568420807 0.013637954300558884
8.749186568420807 0.016487976301417694
8.749186568420807 0.021833586420353126
8.749186568420807 0.02098476492757273
8.749186568420807 0.02098476492757273
8.749186568420807 0.021304461353515648
8.749186568420807 0.02053960385470248
8.749186568420807 0.02053960385470248
8.749186568420807 0.02053960385470248
8.749186568420807 0.02053960385470248
8.749186568420807 0.02164057486830391
8.749186568420807 0.021721823275645567
8.749186568420807 0.021721823275645563
8.749186568420807 0.02298086393416392
8.749186568420807 0.018047826553860863
8.749186568420807 0.016878140576241384
8.749186568420807 0.017812512730539
8.749186568420807 0.017031358332484887
8.749186568420807 0.016748520572330616
8.749186568420807 0.016522088343405565
8.749186568420807 0.01678512054048802
8.749186568420807 0.016785120540488016
8.749186568420807 0.01619903214759629
8.749186568420807 0.014838884205852856
8.749186568420807 0.014291005237398824
8.749186568420807 0.014291005237398824
8.749186568420807 0.010472180331049645
8.749186568420807 0.009073818235971745
8.749186568420807 0.008609092077829334
8.749186568420807 0.006633748721466988
8.845773542457918 0.007006305081283903
8.845773542457918 0.00473600705226564
8.845773542457918 0.003672913757910673
8.845773542457918 0.003672913757910673
8.845773542457918 0.002626688080085515
8.887429443257389 0.004438645717653512
8.887429443257389 0.004438645717653512
8.887429443257389 0.004438645717653512
8.887429443257389 0.004438645717653512
8.887429443257389 0.004438645717653512
8.887429443257389 0.004438645717653512
8.887429443257389 0.004438645717653512
8.887429443257389 0.004438645717653512
8.887429443257389 0.004438645717653512
8.887429443257389 0.004438645717653512
8.887429443257389 0.004438645717653512
8.934498672801084 0.0060117713788875714
8.934498672801084 0.006346299193516463
8.934498672801084 0.00645866145344146
8.934498672801084 0.00645866145344146
8.934498672801084 0.003839856552087227
8.934498672801084 0.003839856552087227
9.06736326356781 0.0044024470334706476
9.06736326356781 0.0044024470334706476
9.06736326356781 0.005321943083420968
9.06736326356781 0.005321943083420968
9.06736326356781 0.005321943083420967
9.06736326356781 0.005321943083420968
9.06736326356781 0.005376116399747169
9.06736326356781 0.005376116399747169
9.06736326356781 0.005376116399747169
9.06736326356781 0.005376116399747169
9.06736326356781 0.003597650338464056
9.06736326356781 0.003597650338464056
9.06736326356781 0.003597650338464056
9.171249836015033 0.005082325966745281
9.171249836015033 0.006149423079128231
9.171249836015033 0.006149423079128231
9.171249836015033 0.006149423079128231
9.171249836015033 0.0039089913817372205
9.171249836015033 0.0029958017496253377
9.171249836015033 0.002239595131187888
9.171249836015033 0.002239595131187888
9.171249836015033 0.002239595131187888
9.171249836015033 0.002239595131187888
9.171249836015033 0.002239595131187888
9.171249836015033 0.002239595131187888
9.171249836015033 0.002239595131187888
9.171249836015033 0.002239595131187888
9.171249836015033 0.002239595131187888
9.171249836015033 0.002239595131187888
9.171249836015033 0.0011724980188049367
9.171249836015033 0.0011724980188049367
9.171249836015033 0.0011724980188049367
9.177485407102742 7.905312801425451E-4
9.177485407102742 0.0012619296077282704
9.177485407102742 0.0012619296077282704
9.177485407102742 0.0012619296077282704
9.177485407102742 0.0012619296077282704
9.177485407102742 0.0012619296077282704
9.177485407102742 0.0012619296077282704
9.177485407102742 0.0012619296077282704
9.177485407102742 0.0012619296077282704
9.177485407102742 4.0941474904927034E-4
9.177485407102742 4.0941474904927034E-4
9.177485407102742 0.001114080668505796
9.177485407102742 0.001114080668505796
9.177485407102742 0.001114080668505796
9.177485407102742 0.001114080668505796
9.309219397706329 0.0011756946815814299
9.309219397706329 0.0011756946815814299
9.309219397706329 0.0011756946815814299
9.309219397706329 0.0011756946815814299
9.309219397706329 0.002136802405341424
9.309219397706329 0.0019205365962238453
9.309219397706329 0.0021938568998125336
9.309219397706329 0.0021938568998125336
9.309219397706329 0.0018693655571384632
9.309219397706329 0.0020619121123776917
9.309219397706329 0.0020619121123776917
9.309219397706329 0.0020619121123776917
9.309219397706329 0.0020619121123776917
9.309219397706329 0.00182639773131524
9.309219397706329 0.0034640902938210365
9.309219397706329 0.0033981056139412978
9.309219397706329 0.0033981056139412978
9.309219397706329 0.001760413051435501
9.309219397706329 0.001760413051435501
9.309219397706329 0.001760413051435501
9.309219397706329 0.001760413051435501
9.309219397706329 7.993053276755066E-4
9.309219397706329 0.0013281201897230909
9.309219397706329 9.255160614550295E-4
9.309219397706329 9.255160614550295E-4
9.309219397706329 9.255160614550295E-4
9.309219397706329 0.00314159151314907
9.309219397706329 0.003183490128303189
9.309219397706329 0.002988697092459247
9.309219397706329 9.616522523480011E-4
9.309219397706329 6.883319487593129E-4
9.309219397706329 6.883319487593129E-4
9.309219397706329 6.883319487593129E-4
9.309219397706329 0.0010713446402114085
9.309219397706329 0.0010713446402114085
9.309219397706329 0.0012587351534228556
9.309219397706329 0.0012587351534228556
9.309219397706329 0.0012587351534228556
9.309219397706329 0.0012587351534228556
9.319592957514569 0.0014484533684322365
9.319592957514569 0.0014484533684322367
9.319592957514569 0.001770376768565354
9.319592957514569 0.001770376768565354
9.319592957514569 0.0018996403766034784
9.319592957514569 0.0017620446001743789
9.319592957514569 0.0017620446001743789
9.319592957514569 0.0017620446001743789
9.319592957514569 0.0017620446001743789
9.319592957514569 0.001990336437528503
9.319592957514569 0.0019828557388597676
9.319592957514569 0.002153517072411696
9.319592957514569 0.002146460410847615
9.319592957514569 0.0019880212076669127
9.319592957514569 0.0019226055044300376
9.319592957514569 0.001648049022014735
9.319592957514569 0.001648049022014735
9.319592957514569 0.001648049022014735
9.319592957514569 0.001648049022014735
9.319592957514569 0.001648049022014735
9.319592957514569 0.0014532559861707935
9.319592957514569 0.0014532559861707935
9.319592957514569 0.0010702432947186978
9.319592957514569 9.816674576599935E-4
9.319592957514569 9.816674576599935E-4
9.319592957514569 9.816674576599935E-4
9.319592957514569 0.0013432612471875923
9.319592957514569 0.001479454334595194
9.319592957514569 0.001479454334595194
9.319592957514569 0.001479454334595194
9.319592957514569 0.001479454334595194
9.319592957514569 0.001479454334595194
9.319592957514569 0.0012867024704665143
9.319592957514569 0.0014471579200493008
9.319592957514569 0.0011733800474029834
9.319592957514569 0.0011733800474029834
9.319592957514569 0.0011733800474029834
9.319592957514569 0.0011733800474029834
9.319592957514569 9.962886604822068E-4
9.388207212672654 0.0011500463309463693
9.388207212672654 0.0011500463309463693
9.388207212672654 0.001400486030496455
9.388207212672654 0.001400486030496455
9.388207212672654 0.001400486030496455
9.388207212672654 7.974451954011869E-4
9.388207212672654 7.974451954011869E-4
9.388207212672654 3.268917313247206E-4
9.388207212672654 6.911702816184898E-4
9.388207212672654 6.911702816184898E-4
9.388207212672654 6.556507284474284E-4
9.388207212672654 6.556507284474284E-4
9.388207212672654 8.681690330624828E-4
9.388207212672654 8.681690330624828E-4
9.388207212672654 8.681690330624828E-4
9.388207212672654 8.681690330624828E-4
9.429599888260872 7.346483977949855E-4
9.429599888260872 7.346483977949855E-4
9.429599888260872 7.346483977949855E-4
9.429599888260872 7.346483977949855E-4
9.429599888260872 7.346483977949855E-4
9.429599888260872 7.346483977949855E-4
9.429599888260872 7.346483977949855E-4
9.429599888260872 6.689490152700442E-4
9.429599888260872 6.689490152700442E-4
9.429599888260872 7.70010006363889E-4
9.429599888260872 7.70010006363889E-4
9.429599888260872 7.70010006363889E-4
9.429599888260872 5.04081550850502E-4
9.429599888260872 5.040815508505021E-4
9.429599888260872 5.04081550850502E-4
9.429599888260872 5.040815508505021E-4
9.429599888260872 5.040815508505021E-4
9.429599888260872 5.04081550850502E-4
9.429599888260872 5.040815508505021E-4
9.429599888260872 5.040815508505021E-4
9.429599888260872 7.032790098961771E-4
9.429599888260872 5.553237913549125E-4
9.429599888260872 7.423804650903266E-4
9.429599888260872 7.423804650903263E-4
9.429599888260872 7.423804650903263E-4
9.429599888260872 7.423804650903263E-4
9.429599888260872 6.206895396630295E-4
9.429599888260872 0.001152143533327775
9.429599888260872 0.001152143533327775
9.429599888260872 0.001152143533327775
9.429599888260872 0.001152143533327775
9.429599888260872 0.001003317404474445
9.429599888260872 0.001003317404474445
9.429599888260872 0.001003317404474445
9.429599888260872 8.478597546471861E-4
9.429599888260872 8.315735509309363E-4
9.429599888260872 5.811338513808509E-4
9.429599888260872 5.811338513808509E-4
9.429599888260872 5.811338513808509E-4
9.429599888260872 5.811338513808509E-4
9.429599888260872 3.363630258480628E-4
9.429599888260872 4.905035493717774E-4
9.429599888260872 6.658721518286597E-4
9.429599888260872 6.658721518286597E-4
9.429599888260872 5.170460229753296E-4
9.429599888260872 5.170460229753296E-4
9.429599888260872 5.170460229753296E-4
9.429599888260872 3.4167742051844724E-4
9.429599888260872 3.2706780551713276E-4
9.429599888260872 3.2706780551713276E-4
9.429599888260872 3.2706780551713276E-4
9.429599888260872 3.2706780551713276E-4
9.429599888260872 4.873011394773858E-4
9.429599888260872 3.2046666792050617E-4
9.429599888260872 1.9911123917117809E-4
9.429599888260872 1.9911123917117809E-4
9.429599888260872 1.9911123917117809E-4
9.429599888260872 1.9911123917117809E-4
9.429599888260872 1.9911123917117809E-4
9.429599888260872 1.9911123917117809E-4
9.429599888260872 1.9911123917117809E-4
9.429599888260872 1.9911123917117809E-4
9.429599888260872 3.3856775195884557E-4
9.429599888260872 3.3856775195884557E-4
9.429599888260872 3.3856775195884557E-4
9.429599888260872 3.3856775195884557E-4
9.429599888260872 2.143283580031071E-4
9.429599888260872 2.143283580031071E-4
9.429599888260872 2.143283580031071E-4
9.429599888260872 2.143283580031071E-4
9.429599888260872 2.143283580031071E-4
9.429599888260872 2.143283580031071E-4
9.429599888260872 2.143283580031071E-4
9.429599888260872 2.143283580031071E-4
9.429599888260872 2.143283580031071E-4
9.429599888260872 2.143283580031071E-4
9.429599888260872 2.143283580031071E-4
9.429599888260872 2.143283580031071E-4
9.429599888260872 2.143283580031071E-4
9.429599888260872 2.143283580031071E-4
9.429599888260872 2.143283580031071E-4
9.429599888260872 2.143283580031071E-4
9.429599888260872 2.143283580031071E-4
9.429599888260872 3.6619906873012185E-4
9.429599888260872 3.6619906873012185E-4
9.429599888260872 1.5187071072701472E-4
9.429599888260872 0.0
9.429599888260872 0.0
9.429599888260872 0.0
9.429599888260872 0.0
9.429599888260872 0.0
9.429599888260872 0.0
9.429599888260872 0.0
9.429599888260872 0.0
9.429599888260872 0.0
9.429599888260872 0.0
9.429599888260872 0.0
9.429599888260872 0.0
9.429599888260872 0.0
9.429599888260872 0.0
9.429599888260872 0.0
9.429599888260872 0.0
9.429599888260872 0.0
9.429599888260872 0.0
9.429599888260872 0.0
9.429599888260872 0.0
9.429599888260872 0.0
9.429599888260872 0.0
9.429599888260872 0.0
9.429599888260872 0.0
9.429599888260872 0.0
9.429599888260872 0.0
9.429599888260872 0.0
9.429599888260872 0.0
9.429599888260872 0.0
9.429599888260872 0.0
9.429599888260872 0.0
9.429599888260872 0.0
9.429599888260872 0.0
9.429599888260872 0.0
9.429599888260872 0.0
9.429599888260872 0.0
9.429599888260872 0.0
9.429599888260872 0.0
9.429599888260872 0.0
9.429599888260872 0.0
9.429599888260872 0.0
9.429599888260872 0.0
9.429599888260872 0.0
9.429599888260872 0.0
9.429599888260872 0.0
9.429599888260872 0.0
9.429599888260872 0.0
9.429599888260872 0.0
9.429599888260872 0.0
9.429599888260872 0.0
9.429599888260872 0.0
9.429599888260872 0.0
9.429599888260872 0.0
9.429599888260872 0.0
9.429599888260872 0.0
9.429599888260872 0.0
9.429599888260872 0.0
9.429599888260872 0.0
9.429599888260872 0.0
9.429599888260872 0.0
9.429599888260872 0.0
9.429599888260872 0.0
9.429599888260872 0.0
9.429599888260872 0.0
9.429599888260872 0.0
9.429599888260872 0.0
9.429599888260872 0.0
9.429599888260872 0.0
9.429599888260872 0.0
9.429599888260872 0.0
9.429599888260872 0.0
9.429599888260872 0.0
9.429599888260872 0.0
9.429599888260872 0.0
9.429599888260872 0.0
9.429599888260872 0.0
9.429599888260872 0.0
9.429599888260872 0.0
9.429599888260872 0.0
9.429599888260872 0.0
9.429599888260872 0.0
9.429599888260872 0.0
9.429599888260872 0.0
9.429599888260872 0.0
9.429599888260872 0.0
9.429599888260872 0.0
9.429599888260872 0.0
9.429599888260872 0.0
9.429599888260872 0.0
9.429599888260872 0.0
9.429599888260872 0.0
9.429599888260872 0.0
9.429599888260872 0.0
9.429599888260872 0.0
9.429599888260872 0.0
9.429599888260872 0.0
9.429599888260872 0.0
9.429599888260872 0.0
9.429599888260872 0.0
9.429599888260872 0.0
9.429599888260872 0.0
9.429599888260872 0.0
9.429599888260872 0.0
9.429599888260872 0.0
9.429599888260872 0.0
9.429599888260872 0.0
9.429599888260872 0.0
9.429599888260872 0.0
9.429599888260872 0.0
9.429599888260872 0.0
9.429599888260872 0.0
9.429599888260872 0.0
9.429599888260872 0.0
9.429599888260872 0.0
9.429599888260872 0.0
9.429599888260872 0.0
9.429599888260872 0.0
9.429599888260872 0.0
9.429599888260872 0.0
9.429599888260872 0.0
9.429599888260872 0.0
9.429599888260872 0.0
9.429599888260872 0.0
9.429599888260872 0.0
9.429599888260872 0.0
9.429599888260872 0.0
9.429599888260872 0.0
9.429599888260872 0.0
9.429599888260872 0.0
9.429599888260872 0.0
9.429599888260872 0.0
9.429599888260872 0.0
9.429599888260872 0.0
9.429599888260872 0.0
9.429599888260872 0.0
9.429599888260872 0.0
9.429599888260872 0.0
9.429599888260872 0.0
9.429599888260872 0.0
9.429599888260872 0.0
9.429599888260872 0.0
9.429599888260872 0.0
9.429599888260872 0.0
9.429599888260872 0.0
9.429599888260872 0.0
9.429599888260872 0.0
9.429599888260872 0.0
9.429599888260872 0.0
9.429599888260872 0.0
9.429599888260872 0.0
9.429599888260872 0.0
9.429599888260872 0.0
9.429599888260872 0.0
9.429599888260872 0.0
9.429599888260872 0.0
9.429599888260872 0.0
9.429599888260872 0.0
9.429599888260872 0.0
9.429599888260872 0.0
9.429599888260872 0.0
9.429599888260872 0.0
9.429599888260872 0.0
9.429599888260872 0.0
9.429599888260872 0.0
9.429599888260872 0.0
9.429599888260872 0.0
9.429599888260872 0.0
9.429599888260872 0.0
9.429599888260872 0.0
9.429599888260872 0.0
9.429599888260872 0.0
9.429599888260872 0.0
9.429599888260872 0.0
9.429599888260872 0.0
9.429599888260872 0.0
9.429599888260872 0.0
9.429599888260872 0.0
9.429599888260872 0.0
9.429599888260872 0.0
9.429599888260872 0.0
9.429599888260872 0.0
9.429599888260872 0.0
9.429599888260872 0.0
9.429599888260872 0.0
9.429599888260872 0.0
9.429599888260872 0.0
9.429599888260872 0.0
9.429599888260872 0.0
9.429599888260872 0.0
9.429599888260872 0.0
9.429599888260872 0.0
9.429599888260872 0.0
9.429599888260872 0.0
9.429599888260872 0.0
9.429599888260872 0.0
9.462794305232281 2.3049249732517627E-4
9.462794305232281 2.3049249732517627E-4
9.462794305232281 2.3049249732517627E-4
9.462794305232281 2.3049249732517627E-4
9.462794305232281 2.3049249732517627E-4
9.462794305232281 2.3049249732517627E-4
9.462794305232281 2.3049249732517627E-4
9.462794305232281 2.3049249732517627E-4
9.462794305232281 2.3049249732517627E-4
9.462794305232281 2.3049249732517627E-4
9.462794305232281 2.3049249732517627E-4
9.462794305232281 2.3049249732517627E-4
9.462794305232281 2.3049249732517627E-4
9.462794305232281 2.3049249732517627E-4
9.462794305232281 2.3049249732517627E-4
9.462794305232281 2.3049249732517627E-4
9.462794305232281 0.0
9.462794305232281 0.0
9.462794305232281 0.0
9.462794305232281 0.0
9.462794305232281 0.0
9.462794305232281 0.0
9.462794305232281 0.0
9.462794305232281 0.0
9.462794305232281 0.0
9.462794305232281 0.0
9.462794305232281 0.0
9.462794305232281 0.0
9.462794305232281 0.0
9.462794305232281 0.0
9.462794305232281 0.0
9.462794305232281 0.0
9.462794305232281 0.0
9.462794305232281 0.0
9.462794305232281 0.0
9.462794305232281 0.0
9.462794305232281 0.0
9.462794305232281 0.0
9.462794305232281 0.0
9.462794305232281 0.0
9.462794305232281 0.0
9.462794305232281 0.0
9.462794305232281 0.0
9.462794305232281 0.0
9.462794305232281 0.0
9.462794305232281 0.0
9.462794305232281 0.0
9.462794305232281 0.0
9.462794305232281 0.0
9.462794305232281 0.0
9.462794305232281 0.0
9.462794305232281 0.0
9.462794305232281 0.0
9.462794305232281 0.0
9.462794305232281 0.0
9.462794305232281 0.0
9.462794305232281 0.0
9.462794305232281 0.0
9.462794305232281 0.0
9.462794305232281 0.0
9.462794305232281 0.0
9.462794305232281 0.0
9.462794305232281 0.0
9.462794305232281 0.0
9.462794305232281 0.0
9.462794305232281 0.0
9.462794305232281 0.0
9.462794305232281 0.0
9.462794305232281 0.0
9.462794305232281 0.0
9.462794305232281 0.0
9.462794305232281 0.0
9.462794305232281 0.0
9.462794305232281 0.0
9.462794305232281 0.0
9.462794305232281 0.0
9.462794305232281 0.0
9.462794305232281 0.0
9.462794305232281 0.0
9.462794305232281 0.0
9.462794305232281 0.0
9.462794305232281 0.0
9.462794305232281 0.0
9.462794305232281 0.0
9.462794305232281 0.0
9.462794305232281 0.0
9.462794305232281 0.0
9.462794305232281 0.0
9.462794305232281 0.0
9.462794305232281 0.0
9.462794305232281 0.0
9.462794305232281 0.0
9.462794305232281 0.0
9.462794305232281 0.0
9.462794305232281 0.0
9.462794305232281 0.0
9.462794305232281 0.0
9.462794305232281 0.0
9.462794305232281 0.0
9.462794305232281 0.0
9.462794305232281 0.0
9.462794305232281 0.0
9.462794305232281 0.0
9.462794305232281 2.3049249732517627E-4
9.462794305232281 0.0
9.462794305232281 0.0
9.462794305232281 0.0
9.462794305232281 0.0
9.462794305232281 0.0
9.462794305232281 0.0
9.462794305232281 0.0
9.462794305232281 0.0
9.462794305232281 0.0
9.462794305232281 0.0
9.462794305232281 0.0
9.462794305232281 0.0
9.462794305232281 0.0
9.462794305232281 0.0
9.462794305232281 0.0
9.462794305232281 0.0
9.462794305232281 0.0
9.462794305232281 0.0
9.462794305232281 0.0
9.462794305232281 0.0
9.462794305232281 0.0
9.462794305232281 0.0
9.462794305232281 0.0
9.462794305232281 0.0
9.462794305232281 0.0
9.462794305232281 0.0
9.462794305232281 0.0
9.462794305232281 0.0
9.462794305232281 0.0
9.462794305232281 0.0
9.462794305232281 0.0
9.462794305232281 0.0
9.462794305232281 0.0
9.462794305232281 0.0
9.462794305232281 0.0
9.462794305232281 0.0
9.462794305232281 0.0
9.462794305232281 0.0
9.462794305232281 0.0
9.462794305232281 0.0
9.462794305232281 0.0
9.462794305232281 0.0
9.462794305232281 0.0
9.462794305232281 0.0
9.462794305232281 0.0
9.462794305232281 0.0
9.462794305232281 0.0
9.462794305232281 0.0
9.462794305232281 0.0
9.462794305232281 0.0
9.462794305232281 0.0
9.462794305232281 0.0
9.462794305232281 0.0
9.462794305232281 0.0
9.462794305232281 0.0
9.462794305232281 0.0
9.462794305232281 0.0
9.462794305232281 0.0
9.462794305232281 0.0
9.462794305232281 0.0
9.462794305232281 0.0
9.462794305232281 0.0
9.462794305232281 0.0
9.462794305232281 0.0
9.462794305232281 0.0
9.462794305232281 0.0
9.462794305232281 0.0
9.462794305232281 0.0
9.462794305232281 0.0
9.462794305232281 0.0
9.462794305232281 0.0
9.462794305232281 0.0
9.462794305232281 0.0
9.462794305232281 0.0
9.464681305319811 6.0313166216924735E-5
9.464681305319811 6.0313166216924735E-5
9.464681305319811 6.0313166216924735E-5
9.464681305319811 6.0313166216924735E-5
9.464681305319811 0.0
9.464681305319811 0.0
9.464681305319811 0.0
9.464681305319811 0.0
9.464681305319811 0.0
9.464681305319811 0.0
9.464681305319811 0.0
9.464681305319811 0.0
9.464681305319811 0.0
9.464681305319811 0.0
9.464681305319811 0.0
9.464681305319811 0.0
9.464681305319811 0.0
9.464681305319811 0.0
9.464681305319811 0.0
9.464681305319811 0.0
9.464681305319811 0.0
9.464681305319811 0.0
9.464681305319811 0.0
9.464681305319811 0.0
9.464681305319811 0.0
9.464681305319811 0.0
9.464681305319811 0.0
9.464681305319811 0.0
9.464681305319811 0.0
9.464681305319811 0.0
9.464681305319811 0.0
9.464681305319811 0.0
9.464681305319811 0.0
9.464681305319811 0.0
9.464681305319811 0.0
9.464681305319811 0.0
9.464681305319811 0.0
9.464681305319811 0.0
9.464681305319811 0.0
9.464681305319811 0.0
9.464681305319811 0.0
9.464681305319811 0.0
9.464681305319811 0.0
9.464681305319811 0.0
9.464681305319811 0.0
9.464681305319811 0.0
9.464681305319811 0.0
9.464681305319811 0.0
9.464681305319811 0.0
9.464681305319811 0.0
9.464681305319811 0.0
9.464681305319811 0.0
9.464681305319811 0.0
9.464681305319811 0.0
9.464681305319811 0.0
9.464681305319811 0.0
9.464681305319811 0.0
9.464681305319811 0.0
9.464681305319811 0.0
9.464681305319811 0.0
9.464681305319811 0.0
9.464681305319811 0.0
9.464681305319811 0.0
9.464681305319811 0.0
9.464681305319811 0.0
9.464681305319811 0.0
9.464681305319811 0.0
9.464681305319811 0.0
9.464681305319811 0.0
9.464681305319811 0.0
9.464681305319811 0.0
9.464681305319811 0.0
9.464681305319811 0.0
9.464681305319811 0.0
9.464681305319811 0.0
9.464681305319811 0.0
9.464681305319811 0.0
9.464681305319811 0.0
9.464681305319811 0.0
9.464681305319811 0.0
9.464681305319811 0.0
9.464681305319811 0.0
9.464681305319811 0.0
9.464681305319811 0.0
9.464681305319811 0.0
9.464681305319811 0.0
9.464681305319811 0.0
9.464681305319811 0.0
9.464681305319811 0.0
9.464681305319811 0.0
9.464681305319811 0.0
9.464681305319811 0.0
9.464681305319811 0.0
9.464681305319811 0.0
9.481402130651531 8.454048160269997E-5
9.481402130651531 8.454048160269997E-5
9.481402130651531 8.454048160269997E-5
9.481402130651531 8.454048160269997E-5
9.481402130651531 8.454048160269997E-5
9.481402130651531 8.454048160269997E-5
9.481402130651531 8.454048160269997E-5
9.481402130651531 8.454048160269997E-5
9.481402130651531 8.454048160269997E-5
9.481402130651531 8.454048160269997E-5
9.481402130651531 0.0
9.481402130651531 0.0
9.481402130651531 0.0
9.481402130651531 0.0
9.481402130651531 0.0
9.481402130651531 0.0
9.481402130651531 0.0
9.481402130651531 0.0
9.481402130651531 6.234287811791293E-5
9.481402130651531 6.234287811791293E-5
9.481402130651531 6.234287811791293E-5
9.481402130651531 1.2265604433483765E-4
9.481402130651531 1.2265604433483765E-4
9.481402130651531 1.2265604433483765E-4
9.481402130651531 1.2265604433483765E-4
9.481402130651531 1.2265604433483765E-4
9.481402130651531 1.2265604433483765E-4
9.481402130651531 1.2265604433483765E-4
9.481402130651531 6.234287811791293E-5
9.481402130651531 6.234287811791293E-5
9.481402130651531 6.234287811791293E-5
9.481402130651531 6.234287811791293E-5
9.481402130651531 6.234287811791293E-5
9.481402130651531 6.234287811791293E-5
9.481402130651531 6.234287811791293E-5
9.481402130651531 6.234287811791293E-5
9.481402130651531 6.234287811791293E-5
9.481402130651531 6.234287811791293E-5
9.481402130651531 6.234287811791293E-5
9.481402130651531 0.0
9.481402130651531 0.0
9.482296791070114 5.6924395700261544E-5
9.482296791070114 5.6924395700261544E-5
9.482296791070114 5.6924395700261544E-5
9.482296791070114 5.6924395700261544E-5
9.482296791070114 2.0008847570866196E-4
9.482296791070114 2.0008847570866196E-4
9.482296791070114 2.0008847570866196E-4
9.482296791070114 2.0008847570866196E-4
9.482296791070114 1.431640800084004E-4
9.482296791070114 1.431640800084004E-4
9.482296791070114 1.431640800084004E-4
9.482296791070114 1.431640800084004E-4
9.482296791070114 1.431640800084004E-4
9.482296791070114 1.431640800084004E-4
9.482296791070114 1.431640800084004E-4
9.482296791070114 1.431640800084004E-4
9.482296791070114 1.431640800084004E-4
9.482296791070114 1.431640800084004E-4
9.482296791070114 1.431640800084004E-4
9.482296791070114 1.431640800084004E-4
9.482296791070114 1.431640800084004E-4
9.482296791070114 1.431640800084004E-4
9.482296791070114 1.431640800084004E-4
9.482296791070114 1.431640800084004E-4
9.488443206647514 1.6838749937556226E-4
9.488443206647514 1.6838749937556226E-4
9.488443206647514 1.6838749937556226E-4
9.488443206647514 1.6838749937556226E-4
9.488443206647514 1.6838749937556226E-4
9.490971668313998 2.4603175298752527E-4
9.490971668313998 3.443234333502049E-4
9.490971668313998 2.4603175298752527E-4
9.490971668313998 2.4603175298752527E-4
9.49197150352341 2.7911107070746047E-4
9.49197150352341 2.0651668686357303E-4
9.49197150352341 2.0651668686357303E-4
9.49197150352341 2.0651668686357303E-4
9.530579553978722 2.087311606368019E-4
9.530579553978722 1.413235337603784E-4
9.530579553978722 2.1220313418447625E-4
9.530579553978722 2.890517038460641E-4
9.530579553978722 1.642604954195483E-4
9.530579553978722 1.642604954195483E-4
9.530579553978722 1.642604954195483E-4
9.530579553978722 1.642604954195483E-4
9.530579553978722 1.642604954195483E-4
9.530579553978722 2.1000622296457613E-4
9.530579553978722 2.1000622296457608E-4
9.530579553978722 3.16374896949662E-4
9.530579553978722 3.16374896949662E-4
9.530579553978722 3.16374896949662E-4
9.530579553978722 3.16374896949662E-4
9.559193489796145 3.5162947001078984E-4
9.559193489796145 3.06488805099624E-4
9.559193489796145 3.06488805099624E-4
9.559193489796145 3.0648880509962406E-4
9.559193489796145 3.724548531316241E-4
9.559193489796145 3.7245485313162414E-4
9.559193489796145 3.724548531316241E-4
9.559193489796145 3.7245485313162414E-4
9.559193489796145 4.7002255319897356E-4
9.559193489796145 4.7002255319897367E-4
9.559193489796145 4.7002255319897356E-4
9.559193489796145 4.7002255319897367E-4
9.559193489796145 4.7002255319897356E-4
9.559193489796145 4.7002255319897367E-4
9.559193489796145 4.216226589338997E-4
9.559193489796145 3.833729338956842E-4
9.559193489796145 3.833729338956842E-4
9.559193489796145 4.4111822235285217E-4
9.559193489796145 3.7520516882744365E-4
9.559193489796145 3.2102782077894783E-4
9.559193489796145 2.3695580138402987E-4
9.559193489796145 3.113658786375963E-4
9.559193489796145 2.4236954674380944E-4
9.559193489796145 2.2791228287082817E-4
9.559193489796145 2.22510938138765E-4
9.559193489796145 2.6313881708879495E-4
9.559193489796145 2.63138817088795E-4
9.559193489796145 3.129362821754487E-4
9.559193489796145 3.1293628217544874E-4
9.559193489796145 3.129362821754487E-4
9.559193489796145 2.63138817088795E-4
9.559193489796145 2.63138817088795E-4
9.559193489796145 2.443711990709434E-4
9.559193489796145 2.7397608587447083E-4
9.559193489796145 2.7397608587447083E-4
9.559193489796145 2.7397608587447083E-4
9.559193489796145 2.7397608587447083E-4
9.559193489796145 2.8090799074165966E-4
9.559193489796145 3.131743302110563E-4
9.559193489796145 2.96574890396382E-4
9.559193489796145 3.55362147419864E-4
9.559193489796145 3.55362147419864E-4
9.559193489796145 2.919237052541297E-4
9.559193489796145 2.3129231054290193E-4
9.559193489796145 2.3129231054290193E-4
9.559193489796145 1.8063988381135637E-4
9.559193489796145 1.2185262678787431E-4
9.559193489796145 1.2185262678787431E-4
9.559193489796145 1.2185262678787431E-4
9.559193489796145 1.4049107044244164E-4
9.559193489796145 1.0667119941349933E-4
9.559193489796145 1.2530964306806667E-4
9.559193489796145 1.2530964306806667E-4
9.559193489796145 1.2001836051469685E-4
9.559193489796145 1.2001836051469685E-4
9.559193489796145 8.086483903677477E-5
9.559193489796145 8.086483903677477E-5
9.559193489796145 8.086483903677477E-5
9.559193489796145 8.086483903677477E-5
9.559193489796145 3.727688730913465E-5
9.559193489796145 3.727688730913465E-5
9.559193489796145 3.727688730913465E-5
9.559193489796145 3.727688730913465E-5
9.559193489796145 3.727688730913465E-5
9.559193489796145 3.727688730913465E-5
9.559193489796145 6.844899000547226E-5
9.559193489796145 6.844899000547226E-5
9.559193489796145 6.844899000547226E-5
9.559193489796145 6.844899000547226E-5
9.559193489796145 6.844899000547226E-5
9.559193489796145 6.844899000547226E-5
9.559193489796145 9.962109270180987E-5
9.559193489796145 9.962109270180987E-5
9.559193489796145 9.962109270180987E-5
9.559193489796145 9.962109270180987E-5
9.564578128743081 1.5433626808289207E-4
9.564578128743081 1.5433626808289207E-4
9.564578128743081 1.5433626808289207E-4
9.564578128743081 1.7159889266961812E-4
9.564578128743081 1.7159889266961812E-4
9.564578128743081 1.7159889266961812E-4
9.564578128743081 1.7159889266961812E-4
9.564578128743081 1.7159889266961812E-4
9.564578128743081 1.7159889266961812E-4
9.564578128743081 2.682037914551432E-4
9.564578128743081 1.7159889266961812E-4
9.564578128743081 1.7159889266961812E-4
9.564578128743081 1.7159889266961812E-4
9.564578128743081 1.7159889266961812E-4
9.564578128743081 1.7159889266961812E-4
9.564578128743081 1.7159889266961812E-4
9.564578128743081 7.806932304150201E-5
9.564578128743081 7.806932304150201E-5
9.564578128743081 7.806932304150201E-5
9.564578128743081 7.806932304150201E-5
9.564578128743081 7.806932304150201E-5
9.564578128743081 7.806932304150201E-5
9.564578128743081 7.806932304150201E-5
9.564578128743081 7.806932304150201E-5
9.564578128743081 7.806932304150201E-5
9.564578128743081 7.806932304150201E-5
9.564578128743081 7.806932304150201E-5
9.564578128743081 7.806932304150201E-5
9.564578128743081 7.806932304150201E-5
9.564578128743081 7.806932304150201E-5
9.564578128743081 7.806932304150201E-5
9.564578128743081 7.806932304150201E-5
9.564578128743081 7.806932304150201E-5
9.564578128743081 7.806932304150201E-5
9.564578128743081 7.806932304150201E-5
9.564578128743081 7.806932304150201E-5
9.564578128743081 7.806932304150201E-5
9.564578128743081 7.806932304150201E-5
9.564578128743081 7.806932304150201E-5
9.564578128743081 7.806932304150201E-5
9.564578128743081 7.806932304150201E-5
9.564578128743081 7.806932304150201E-5
9.564578128743081 7.806932304150201E-5
9.564578128743081 7.806932304150201E-5
9.564578128743081 7.806932304150201E-5
9.564578128743081 7.806932304150201E-5
9.564578128743081 7.806932304150201E-5
9.564578128743081 7.806932304150201E-5
9.564578128743081 7.806932304150201E-5
9.564578128743081 7.806932304150201E-5
9.564578128743081 7.806932304150201E-5
9.564578128743081 7.806932304150201E-5
9.564578128743081 7.806932304150201E-5
9.564578128743081 7.806932304150201E-5
9.564578128743081 7.806932304150201E-5
9.564578128743081 7.806932304150201E-5
9.564578128743081 7.806932304150201E-5
9.564578128743081 7.806932304150201E-5
9.564578128743081 7.806932304150201E-5
9.564578128743081 7.806932304150201E-5
9.564578128743081 0.0
9.564578128743081 0.0
9.564578128743081 0.0
9.564578128743081 0.0
9.564578128743081 0.0
9.564578128743081 0.0
9.564578128743081 0.0
9.564578128743081 0.0
9.564578128743081 0.0
9.564578128743081 0.0
9.564578128743081 0.0
9.564578128743081 0.0
9.564578128743081 0.0
9.564578128743081 0.0
9.564578128743081 0.0
9.564578128743081 0.0
9.564578128743081 0.0
9.564578128743081 0.0
9.564578128743081 0.0
9.564578128743081 0.0
9.564578128743081 0.0
9.564578128743081 0.0
9.564578128743081 0.0
9.564578128743081 0.0
9.564578128743081 0.0
9.564578128743081 0.0
9.564578128743081 0.0
9.564578128743081 0.0
9.564578128743081 0.0
9.564578128743081 0.0
9.564578128743081 0.0
9.564578128743081 0.0
9.564578128743081 0.0
9.564578128743081 0.0
9.564578128743081 0.0
9.564578128743081 0.0
9.564578128743081 0.0
9.564578128743081 0.0
9.564578128743081 0.0
9.564578128743081 0.0
9.564578128743081 0.0
9.564578128743081 0.0
9.564578128743081 0.0
9.564578128743081 0.0
9.564578128743081 0.0
9.564578128743081 0.0
9.564578128743081 7.804875639962999E-5
9.564578128743081 7.804875639962999E-5
9.564578128743081 7.804875639962999E-5
9.564578128743081 7.804875639962999E-5
9.564578128743081 7.804875639962999E-5
9.564578128743081 0.0
9.564578128743081 0.0
9.564578128743081 0.0
9.564578128743081 0.0
9.564578128743081 0.0
9.564578128743081 0.0
9.564578128743081 0.0
9.564578128743081 0.0
9.564578128743081 0.0
9.564578128743081 0.0
9.564578128743081 0.0
9.564578128743081 0.0
9.564578128743081 0.0
9.564578128743081 0.0
9.564578128743081 0.0
9.564578128743081 0.0
9.564578128743081 0.0
9.564578128743081 0.0
9.564578128743081 0.0
9.564578128743081 0.0
9.564578128743081 0.0
9.564578128743081 0.0
9.564578128743081 0.0
9.564578128743081 0.0
9.564578128743081 0.0
9.564578128743081 0.0
9.564578128743081 0.0
9.564578128743081 0.0
9.564578128743081 0.0
9.564578128743081 0.0
9.564578128743081 0.0
9.564578128743081 0.0
9.564578128743081 0.0
9.564578128743081 0.0
9.564578128743081 0.0
9.564578128743081 0.0
9.564578128743081 0.0
9.564578128743081 0.0
9.564578128743081 0.0
9.564578128743081 0.0
9.564578128743081 0.0
9.564578128743081 0.0
9.564578128743081 0.0
9.564578128743081 0.0
9.564578128743081 0.0
9.564578128743081 0.0
9.564578128743081 0.0
9.564578128743081 0.0
9.564578128743081 0.0
9.564578128743081 0.0
9.564578128743081 0.0
9.564578128743081 0.0
9.564578128743081 0.0
9.564578128743081 0.0
9.564578128743081 0.0
9.564578128743081 0.0
9.564578128743081 0.0
9.564578128743081 0.0
9.564578128743081 0.0
9.564578128743081 0.0
9.564578128743081 0.0
9.564578128743081 0.0
9.564578128743081 0.0
9.564578128743081 0.0
9.564578128743081 0.0
9.564578128743081 0.0
9.564578128743081 0.0
9.564578128743081 0.0
9.564578128743081 0.0
9.564578128743081 0.0
9.564578128743081 0.0
9.564578128743081 0.0
9.564578128743081 0.0
9.564578128743081 0.0
9.564578128743081 0.0
9.564578128743081 0.0
9.564578128743081 0.0
9.564578128743081 0.0
9.564578128743081 0.0
9.564578128743081 0.0
9.564578128743081 0.0
9.564578128743081 0.0
9.564578128743081 0.0
9.564578128743081 0.0
9.564578128743081 0.0
9.564578128743081 0.0
9.564578128743081 0.0
9.564578128743081 0.0
9.564578128743081 0.0
9.564578128743081 0.0
9.564578128743081 0.0
9.564578128743081 0.0
9.564578128743081 0.0
9.564578128743081 0.0
9.564578128743081 0.0
9.564578128743081 0.0
9.564578128743081 0.0
9.564578128743081 0.0
9.564578128743081 0.0
9.564578128743081 0.0
9.564578128743081 0.0
9.564578128743081 0.0
9.564578128743081 0.0
9.564578128743081 0.0
9.564578128743081 0.0
9.564578128743081 0.0
9.564578128743081 0.0
9.564578128743081 0.0
9.564578128743081 0.0
9.564578128743081 0.0
9.564578128743081 0.0
9.564578128743081 0.0
9.564578128743081 0.0
9.564578128743081 0.0
9.564578128743081 0.0
9.564578128743081 0.0
9.564578128743081 0.0
9.564578128743081 0.0
9.564578128743081 0.0
9.564578128743081 0.0
9.564578128743081 0.0
9.564578128743081 0.0
9.564578128743081 0.0
9.564578128743081 0.0
9.564578128743081 0.0
9.564578128743081 0.0
9.564578128743081 0.0
9.564578128743081 0.0
9.564578128743081 0.0
9.564578128743081 0.0
9.564578128743081 0.0
9.564578128743081 0.0
9.564578128743081 0.0
9.564578128743081 0.0
9.564578128743081 0.0
9.564578128743081 0.0
9.564578128743081 0.0
9.564578128743081 0.0
9.564578128743081 0.0
9.564578128743081 0.0
9.564578128743081 0.0
9.564578128743081 0.0
9.564578128743081 0.0
9.564578128743081 0.0
9.564578128743081 0.0
9.564578128743081 0.0
9.564578128743081 0.0
9.564578128743081 0.0
9.564578128743081 0.0
9.564578128743081 0.0
9.564578128743081 0.0
9.564578128743081 0.0
9.564578128743081 0.0
9.564578128743081 0.0
9.564578128743081 0.0
9.564578128743081 0.0
9.564578128743081 0.0
9.564578128743081 0.0
9.564578128743081 0.0
9.564578128743081 0.0
9.564578128743081 0.0
9.564578128743081 0.0
9.564578128743081 0.0
9.564578128743081 0.0
9.564578128743081 0.0
9.564578128743081 0.0
9.564578128743081 0.0
9.564578128743081 0.0
9.564578128743081 0.0
9.564578128743081 0.0
9.564578128743081 0.0
9.564578128743081 0.0
9.564578128743081 0.0
9.564578128743081 0.0
9.564578128743081 0.0
9.564578128743081 0.0
9.564578128743081 0.0
9.564578128743081 0.0
9.564578128743081 0.0
9.564578128743081 0.0
9.564578128743081 0.0
9.564578128743081 0.0
9.564578128743081 0.0
9.564578128743081 0.0
9.564578128743081 0.0
9.564578128743081 0.0
9.564578128743081 0.0
9.564578128743081 0.0
9.564578128743081 0.0
9.564578128743081 0.0
9.564578128743081 0.0
9.564578128743081 0.0
9.564578128743081 0.0
9.564578128743081 0.0
9.564578128743081 0.0
9.564578128743081 0.0
9.564578128743081 0.0
9.564578128743081 0.0
9.564578128743081 0.0
9.564578128743081 0.0
9.564578128743081 0.0
9.564578128743081 0.0
9.564578128743081 0.0
9.564578128743081 0.0
9.564578128743081 0.0
9.564578128743081 0.0
9.564578128743081 0.0
9.564578128743081 0.0
9.564578128743081 0.0
9.564578128743081 0.0
9.564578128743081 0.0
9.564578128743081 0.0
9.564578128743081 0.0
9.564578128743081 0.0
9.564578128743081 0.0
9.564578128743081 0.0
9.564578128743081 0.0
9.564578128743081 0.0
9.564578128743081 0.0
9.564578128743081 0.0
9.564578128743081 0.0
9.564578128743081 0.0
9.564578128743081 0.0
9.564578128743081 0.0
9.564578128743081 0.0
9.564578128743081 0.0
9.564578128743081 0.0
9.564578128743081 0.0
9.564578128743081 0.0
9.564578128743081 0.0
9.564578128743081 0.0
9.564578128743081 0.0
9.564578128743081 0.0
9.564578128743081 0.0
9.564578128743081 0.0
9.564578128743081 0.0
9.564578128743081 0.0
9.564578128743081 0.0
9.564578128743081 0.0
9.564578128743081 0.0
9.564578128743081 0.0
9.564578128743081 0.0
9.564578128743081 0.0
9.564578128743081 0.0
9.564578128743081 0.0
9.564578128743081 0.0
9.564578128743081 0.0
9.564578128743081 0.0
9.564578128743081 0.0
9.564578128743081 0.0
9.564578128743081 0.0
9.564578128743081 0.0
9.564578128743081 0.0
9.564578128743081 0.0
9.564578128743081 0.0
9.564578128743081 0.0
9.564578128743081 0.0
9.564578128743081 0.0
9.564578128743081 0.0
9.564578128743081 0.0
9.564578128743081 0.0
9.564578128743081 0.0
9.564578128743081 0.0
9.564578128743081 0.0
9.564578128743081 0.0
9.564578128743081 0.0
9.564578128743081 0.0
9.564578128743081 0.0
9.564578128743081 0.0
9.564578128743081 0.0
9.564578128743081 0.0
9.564578128743081 0.0
9.564578128743081 0.0
9.564578128743081 0.0
9.564578128743081 0.0
9.564578128743081 0.0
9.564578128743081 0.0
9.564578128743081 0.0
9.564578128743081 0.0
9.564578128743081 0.0
9.564578128743081 0.0
9.564578128743081 0.0
9.564578128743081 0.0
9.564578128743081 0.0
9.564578128743081 0.0
9.564578128743081 0.0
9.564578128743081 0.0
9.564578128743081 0.0
9.564578128743081 0.0
9.564578128743081 0.0
9.564578128743081 0.0
9.564578128743081 0.0
9.564578128743081 0.0
9.564578128743081 0.0
9.564578128743081 0.0
9.564578128743081 0.0
9.564578128743081 0.0
9.564578128743081 0.0
9.564578128743081 0.0
9.564578128743081 0.0
9.564578128743081 0.0
9.564578128743081 0.0
9.564578128743081 0.0
9.564578128743081 0.0
9.564578128743081 0.0
9.564578128743081 0.0
9.564578128743081 0.0
9.564578128743081 0.0
9.564578128743081 0.0
9.564578128743081 0.0
9.564578128743081 0.0
9.564578128743081 0.0
9.564578128743081 0.0
9.564578128743081 0.0
9.564578128743081 0.0
9.564578128743081 0.0
9.564578128743081 0.0
9.564578128743081 0.0
9.564578128743081 0.0
9.564578128743081 0.0
9.564578128743081 0.0
9.564578128743081 0.0
9.564578128743081 0.0
9.564578128743081 0.0
9.564578128743081 0.0
9.564578128743081 0.0
9.564578128743081 0.0
9.564578128743081 0.0
9.564578128743081 0.0
9.564578128743081 0.0
9.564578128743081 0.0
9.564578128743081 0.0
9.564578128743081 0.0
9.564578128743081 0.0
9.564578128743081 0.0
9.564578128743081 0.0
9.564578128743081 0.0
9.564578128743081 0.0
9.564578128743081 0.0
9.564578128743081 0.0
9.564578128743081 0.0
9.564578128743081 0.0
9.564578128743081 0.0
9.564578128743081 0.0
9.564578128743081 0.0
9.564578128743081 0.0
9.564578128743081 0.0
9.564578128743081 0.0
9.564578128743081 0.0
9.564578128743081 0.0
9.564578128743081 0.0
9.564578128743081 0.0
9.564578128743081 0.0
9.564578128743081 0.0
9.564578128743081 0.0
9.564578128743081 0.0
9.564578128743081 0.0
9.564578128743081 0.0
9.564578128743081 0.0
9.564578128743081 0.0
9.564578128743081 0.0
9.564578128743081 0.0
9.564578128743081 0.0
9.564578128743081 0.0
9.564578128743081 0.0
9.564578128743081 0.0
9.564578128743081 0.0
9.564578128743081 0.0
9.564578128743081 0.0
9.564578128743081 0.0
9.564578128743081 0.0
9.564578128743081 0.0
9.564578128743081 0.0
9.564578128743081 0.0
9.564578128743081 0.0
9.564578128743081 0.0
9.564578128743081 0.0
9.564578128743081 0.0
9.564578128743081 0.0
9.564578128743081 0.0
9.564578128743081 0.0
9.564578128743081 0.0
9.564578128743081 0.0
9.564578128743081 0.0
9.564578128743081 0.0
9.564578128743081 0.0
9.564578128743081 0.0
9.564578128743081 0.0
9.564578128743081 0.0
9.564578128743081 0.0
9.564578128743081 0.0
9.564578128743081 0.0
9.564578128743081 0.0
9.564578128743081 0.0
9.564578128743081 0.0
9.564578128743081 0.0
9.564578128743081 0.0
9.564578128743081 0.0
9.564578128743081 0.0
9.564578128743081 0.0
9.564578128743081 0.0
9.564578128743081 0.0
9.564578128743081 0.0
9.564578128743081 0.0
9.564578128743081 0.0
9.564578128743081 0.0
9.564578128743081 0.0
9.564578128743081 0.0
9.564578128743081 0.0
9.564578128743081 0.0
9.564578128743081 0.0
9.564578128743081 0.0
9.564578128743081 0.0
9.564578128743081 0.0
9.564578128743081 0.0
9.564578128743081 0.0
9.564578128743081 0.0
9.564578128743081 0.0
9.564578128743081 0.0
9.564578128743081 0.0
9.564578128743081 0.0
9.564578128743081 0.0
9.564578128743081 0.0
9.564578128743081 0.0
9.564578128743081 0.0
9.564578128743081 0.0
9.564578128743081 0.0
9.564578128743081 0.0
9.564578128743081 0.0
9.564578128743081 0.0
9.564578128743081 0.0
9.564578128743081 0.0
9.564578128743081 0.0
9.564578128743081 0.0
9.564578128743081 0.0
9.564578128743081 0.0
9.564578128743081 0.0
9.564578128743081 0.0
9.564578128743081 0.0
9.564578128743081 0.0
9.564578128743081 0.0
9.564578128743081 0.0
9.564578128743081 0.0
9.564578128743081 0.0
9.564578128743081 0.0
9.564578128743081 0.0
9.564578128743081 0.0
9.564578128743081 0.0
9.564578128743081 0.0
9.564578128743081 0.0
9.564578128743081 0.0
9.564578128743081 0.0
9.564578128743081 0.0
9.564578128743081 0.0
9.564578128743081 0.0
9.564578128743081 0.0
9.564578128743081 0.0
9.564578128743081 0.0
9.564578128743081 0.0
9.564578128743081 0.0
9.564578128743081 0.0
9.564578128743081 0.0
9.564578128743081 0.0
9.564578128743081 0.0
9.564578128743081 0.0
9.564578128743081 0.0
9.564578128743081 0.0
9.564578128743081 0.0
9.564578128743081 0.0
9.564578128743081 0.0
9.564578128743081 0.0
9.564578128743081 0.0
9.564578128743081 0.0
9.564578128743081 0.0
9.564578128743081 0.0
9.564578128743081 0.0
9.564578128743081 0.0
9.564578128743081 0.0
9.564578128743081 0.0
9.564578128743081 0.0
9.564578128743081 0.0
9.564578128743081 0.0
9.564578128743081 0.0
9.564578128743081 0.0
9.564578128743081 0.0
9.564578128743081 0.0
9.564578128743081 0.0
9.564578128743081 0.0
9.564578128743081 0.0
9.564578128743081 0.0
9.564578128743081 0.0
9.564578128743081 0.0
9.564578128743081 0.0
9.564578128743081 0.0
9.564578128743081 0.0
9.564578128743081 0.0
9.564578128743081 0.0
9.564578128743081 0.0
9.564578128743081 0.0
9.564578128743081 0.0
9.564578128743081 0.0
9.564578128743081 0.0
9.564578128743081 0.0
9.564578128743081 0.0
9.564578128743081 0.0
9.564578128743081 0.0
9.564578128743081 0.0
9.564578128743081 0.0
9.564578128743081 0.0
9.564578128743081 0.0
9.564578128743081 0.0
9.564578128743081 0.0
9.564578128743081 0.0
9.564578128743081 0.0
9.564578128743081 0.0
9.564578128743081 0.0
9.564578128743081 0.0
9.564578128743081 0.0
9.564578128743081 0.0
9.564578128743081 0.0
9.564578128743081 0.0
9.564578128743081 0.0
9.564578128743081 0.0
9.564578128743081 0.0
9.564578128743081 0.0
9.564578128743081 0.0
9.564578128743081 0.0
9.564578128743081 0.0
9.564578128743081 0.0
9.564578128743081 0.0
9.564578128743081 0.0
9.564578128743081 0.0
9.564578128743081 0.0
9.564578128743081 0.0
9.564578128743081 0.0
9.564578128743081 0.0
9.564578128743081 0.0
9.564578128743081 0.0
9.564578128743081 0.0
9.564578128743081 0.0
9.564578128743081 0.0
9.564578128743081 0.0
9.564578128743081 0.0
9.564578128743081 0.0
9.564578128743081 0.0
9.564578128743081 0.0
9.564578128743081 0.0
9.564578128743081 0.0
9.564578128743081 0.0
9.564578128743081 0.0
9.564578128743081 0.0
9.564578128743081 0.0
9.564578128743081 0.0
9.564578128743081 0.0
9.564578128743081 0.0
9.564578128743081 0.0
9.564578128743081 0.0
9.564578128743081 0.0
9.564578128743081 0.0
9.564578128743081 0.0
9.564578128743081 0.0
9.564578128743081 0.0
9.564578128743081 0.0
9.564578128743081 0.0
9.564578128743081 0.0
9.564578128743081 0.0
9.564578128743081 0.0
9.564578128743081 0.0
9.564578128743081 0.0
9.564578128743081 0.0
9.564578128743081 0.0
9.564578128743081 0.0
9.564578128743081 0.0
9.564578128743081 0.0
9.564578128743081 0.0
9.564578128743081 0.0
9.564578128743081 0.0
9.564578128743081 0.0
9.564578128743081 0.0
9.564578128743081 0.0
9.564578128743081 0.0
9.564578128743081 0.0
9.564578128743081 0.0
9.564578128743081 0.0
9.564578128743081 0.0
9.564578128743081 0.0
Score: 9.564578128743081
Runtime: 831ms
