3.9225273973386894E-7 6.480287075744656
3.9225273973386894E-7 5.95172622413163
3.9225273973386894E-7 5.445558906475521
3.9225273973386894E-7 5.223139742606399
7.087631076476673E-7 4.848780578497975
7.087631076476673E-7 4.7870644286144195
1.2790843020647564E-5 4.470610081010673
4.658849676067009E-5 4.357511664210226
0.0022463138110832624 4.3423030197804335
0.0022463138110832624 3.7603099795543398
0.0022463138110832624 3.7719971944750927
0.0022463138110832624 3.678484280514295
0.0022463138110832624 3.438335994699569
0.0022463138110832624 3.4134112400997503
0.008659243236564428 3.2616204288691306
0.008659243236564428 3.0161062473032816
0.008659243236564428 3.1253047922520882
0.008659243236564428 3.1144174945325283
0.008659243236564428 3.2169060902604825
0.008659243236564428 2.9562652102476834
0.008659243236564428 2.956771596725965
0.008659243236564428 2.73194455431293
0.008659243236564428 2.6629379884963003
0.008659243236564428 2.549417377705259
0.02402517277223933 2.4603520517426043
0.02402517277223933 2.4727497733238746
0.02402517277223933 2.218599474771377
0.07098714984022202 2.1193617224574375
0.07098714984022202 2.136426825763118
0.07098714984022202 2.134569437200738
0.10098944195165419 1.952883402778558
0.10098944195165419 1.899067173084332
0.10098944195165419 1.833780673969993
0.10098944195165419 1.7895729139758678
0.10098944195165419 1.6813993039632857
0.10098944195165419 1.6621680116427273
0.19311457105054355 1.4957701514285742
0.19311457105054355 1.3893075205428465
0.19311457105054355 1.250416178962894
0.19311457105054355 1.1047693247812003
0.19311457105054355 1.1667571057783819
0.2220656022582301 1.3989090929334285
0.2220656022582301 1.3846723825638736
0.2220656022582301 1.3846723825638736
0.2220656022582301 1.2960744653329954
0.2220656022582301 1.2895472563453558
0.2220656022582301 1.277357244916486
0.2220656022582301 1.2219663462870296
0.2220656022582301 1.2580263444139836
0.28036042881203305 1.2145206349439768
0.28036042881203305 1.1687548221443973
0.3999026420318057 1.1159881438750505
0.3999026420318057 1.0504932453698683
0.3999026420318057 1.1644799114729292
0.3999026420318057 1.1794808956463205
0.3999026420318057 1.0933171867939722
0.3999026420318057 1.0859841442650946
1.1680591063941372 1.1300318377584941
1.1680591063941372 1.107679492872031
1.1680591063941372 1.1314052428630523
1.1680591063941372 1.0957200311507709
1.1680591063941372 1.116409523942536
1.1680591063941372 1.0396959428367294
1.1680591063941372 0.9991736608029413
1.1680591063941372 0.9442403369496492
1.1680591063941372 0.8888897920294567
1.1680591063941372 0.8469223518740289
1.1680591063941372 0.8713452596083536
1.1680591063941372 0.873188814433775
1.1680591063941372 0.873188814433775
1.1680591063941372 0.8346730506462022
1.1680591063941372 0.8729877995960986
1.1680591063941372 0.8481286134794886
1.1680591063941372 0.8125012091921144
1.1680591063941372 0.7297287346186876
1.1680591063941372 0.6820760005113281
1.1680591063941372 0.6717797971949072
1.1680591063941372 0.6028182414572253
1.1680591063941372 0.4896149523716911
1.1680591063941372 0.44131127001596065
1.1680591063941372 0.4018858830921641
1.1680591063941372 0.40783241201281795
1.1680591063941372 0.4379967014784259
1.1680591063941372 0.4743756404153931
1.1680591063941372 0.5139957499308979
1.2665655403739826 0.6173663421709
1.2665655403739826 0.5226490191351195
1.2665655403739826 0.45981117960961954
2.262353088236886 0.5344364468846698
2.5273862184338447 0.536542585901403
2.5273862184338447 0.5157699980498114
2.5273862184338447 0.4927172505732236
2.5273862184338447 0.4927172505732236
2.5273862184338447 0.448734846930192
2.5273862184338447 0.40982007883218
2.5273862184338447 0.40982007883217997
2.5273862184338447 0.3794361719935802
2.5273862184338447 0.36418666158976115
2.5273862184338447 0.422879802359791
2.5273862184338447 0.4120069940604632
2.5273862184338447 0.39513718890877847
3.219848877988108 0.44106123415166265
3.219848877988108 0.4410612341516626
3.219848877988108 0.44284371745013545
3.219848877988108 0.42788752426862203
3.5474897003520764 0.3663934910201405
3.5474897003520764 0.3663934910201405
3.5474897003520764 0.36014204473569356
3.5474897003520764 0.3645619646934757
3.5474897003520764 0.38377955301317107
3.5474897003520764 0.36063770048500055
3.919119449625194 0.41802136645164434
4.337451983351698 0.389472152933941
4.337451983351698 0.3873927759982802
5.567302561272554 0.35630365163980904
5.567302561272554 0.3269833895825169
5.567302561272554 0.27948898070368333
5.567302561272554 0.25694692423467136
5.567302561272554 0.21699126977609398
5.567302561272554 0.17077838943813567
5.567302561272554 0.21457354703949785
6.1863787904725145 0.1885000548834754
6.1863787904725145 0.16764887554505908
6.1863787904725145 0.18505919706165647
6.1863787904725145 0.13733789810032632
6.1863787904725145 0.14023477699620726
6.1863787904725145 0.09439638005532881
7.140300039034752 0.14585259324520894
7.140300039034752 0.13378723754360572
7.140300039034752 0.13378723754360572
7.140300039034752 0.17027139437613528
7.140300039034752 0.19258111952839227
7.140300039034752 0.17027139437613528
7.140300039034752 0.12612318256036445
7.140300039034752 0.11666017197047551
7.140300039034752 0.11234824740659377
7.140300039034752 0.11883740300451347
7.26324051062564 0.14083787369699707
7.26324051062564 0.1373144260914356
7.26324051062564 0.11361901965037896
7.26324051062564 0.11361901965037896
7.26324051062564 0.091439133172733
7.26324051062564 0.0987079235935613
7.26324051062564 0.08991197235038044
7.26324051062564 0.08197116323566184
7.26324051062564 0.09234103243554433
7.26324051062564 0.082176504211828
7.26324051062564 0.08217650421182801
7.493043446749786 0.08530983507762237
7.493043446749786 0.07540189851961071
7.493043446749786 0.07540189851961071
7.493043446749786 0.06100773267855034
7.657025323510078 0.0833258743235694
7.848203156131453 0.10183166890987781
8.199113365926715 0.08829485683666714
8.199113365926715 0.09025414590097101
8.199113365926715 0.08551637960530448
8.199113365926715 0.09598877761818997
8.199113365926715 0.08219778241307531
8.199113365926715 0.07092398998792815
8.199113365926715 0.07092398998792815
8.199113365926715 0.07448391088479292
8.199113365926715 0.07448391088479292
8.199113365926715 0.07448391088479292
8.199113365926715 0.07100148516341971
8.199113365926715 0.07297548213467904
8.486820812591008 0.07671055874098379
8.486820812591008 0.06689806272310336
8.486820812591008 0.04944755999151347
8.486820812591008 0.04944755999151347
8.486820812591008 0.05956278939791016
8.486820812591008 0.05804350200885981
8.486820812591008 0.05804350200885981
8.486820812591008 0.04788063019213533
8.566455096732966 0.053379714839844494
8.566455096732966 0.05569254617924255
8.566455096732966 0.0555297009995629
8.566455096732966 0.053048842855677215
8.566455096732966 0.05498316667600233
8.566455096732966 0.047825311763763236
8.566455096732966 0.04452808155267614
8.566455096732966 0.03939905232034903
8.566455096732966 0.0306665649196015
8.566455096732966 0.024541262633020887
8.566455096732966 0.030617013901398784
8.566455096732966 0.028302626913094348
8.842786734733266 0.033104508319370424
8.842786734733266 0.03252381621638279
8.842786734733266 0.03252381621638279
8.842786734733266 0.03009055992106994
8.842786734733266 0.024022887574589542
8.842786734733266 0.023949455487318833
8.842786734733266 0.023810293269545563
8.842786734733266 0.02396100506765271
8.842786734733266 0.020081720522429302
8.842786734733266 0.018368916080089673
8.842786734733266 0.02023023948787847
8.842786734733266 0.018685524204962216
8.842786734733266 0.017630637960401385
8.884592625811012 0.02046459189283772
8.884592625811012 0.020407362788672924
8.884881114539613 0.02245822519095388
8.884881114539613 0.024543248449115426
8.884881114539613 0.022172437577697747
8.884881114539613 0.019402385311474552
8.884881114539613 0.019170793408940755
8.884881114539613 0.0184647975964356
8.884881114539613 0.015866218189907556
8.884881114539613 0.014949256528754156
8.884881114539613 0.016192078395092412
8.884881114539613 0.015047954865125817
8.884881114539613 0.015047954865125817
8.884881114539613 0.015047954865125817
8.99162503985288 0.014761379599453516
8.99162503985288 0.01448010408546226
8.99162503985288 0.014480104085462263
8.99162503985288 0.014480104085462263
8.99162503985288 0.011337184298912948
8.999661090505839 0.008948838107758504
9.128888165805265 0.010005724143195747
9.128888165805265 0.007243975916562234
9.128888165805265 0.006969381009787228
9.128888165805265 0.006969381009787228
9.128888165805265 0.0070413104713146725
9.128888165805265 0.006740030746511166
9.128888165805265 0.007313370014824092
9.128888165805265 0.005925375608912628
9.128888165805265 0.005332579995308863
9.128888165805265 0.005332579995308863
9.128888165805265 0.005332579995308863
9.128888165805265 0.006420216311903068
9.128888165805265 0.005274735328423232
9.128888165805265 0.004963534315887051
9.128888165805265 0.0029211633742148896
9.128888165805265 0.004665982652150531
9.128888165805265 0.003942624966320007
9.128888165805265 0.004328729848991894
9.128888165805265 0.004328729848991894
9.128888165805265 0.004328729848991894
9.128888165805265 0.004328729848991894
9.128888165805265 0.004567998298332726
9.128888165805265 0.005067598765377207
9.128888165805265 0.005378799777913387
9.128888165805265 0.00459012069228284
9.128888165805265 0.0034234502664977993
9.128888165805265 0.0034234502664977993
9.128888165805265 0.004116562979677572
9.128888165805265 0.003368290993781905
9.128888165805265 0.003368290993781905
9.128888165805265 0.004478024955488446
9.133269467870713 0.0023012704354707135
9.133269467870713 8.850672776114878E-4
9.133269467870713 0.0021648173717029287
9.133269467870713 8.850672776114878E-4
9.133269467870713 8.850672776114878E-4
9.159004532317551 0.0012634856495778884
9.159004532317551 0.0012634856495778884
9.159004532317551 8.850672776114878E-4
9.159004532317551 8.850672776114878E-4
9.159004532317551 8.850672776114878E-4
9.159004532317551 8.850672776114878E-4
9.159004532317551 0.00327197204570243
9.159004532317551 0.0042409557109752945
9.159004532317551 0.0042409557109752945
9.159004532317551 0.0042409557109752945
9.159004532317551 0.003978472492223319
9.159004532317551 0.0016186957498924381
9.159004532317551 0.0016186957498924381
9.159004532317551 0.0016186957498924381
9.159004532317551 0.0030063458109285102
9.159004532317551 0.003894737801452185
9.159004532317551 0.0043291059694517365
9.166005953250027 0.0043344026191117985
9.189880675502163 0.0043041326206299324
9.189880675502163 0.0037461179480165726
9.190343192655051 0.004074505392274268
9.190343192655051 0.00452521672430034
9.190343192655051 0.004079683732670636
9.190343192655051 0.0032985808020060898
9.190343192655051 0.002348806552700801
9.190343192655051 0.002348806552700801
9.190343192655051 0.002685127246640949
9.190343192655051 0.0024564982839884865
9.190343192655051 0.0024564982839884865
9.190343192655051 0.0026287163430981563
9.190343192655051 0.002217090042198361
9.190343192655051 0.002217090042198361
9.191393031421525 0.0020674125218826606
9.191393031421525 0.0020674125218826606
9.191393031421525 0.0020674125218826606
9.229015793244765 0.0021646488613409087
9.229015793244765 0.0023173689012645888
9.229015793244765 0.0023173689012645888
9.229015793244765 0.0023173689012645888
9.229015793244765 0.0023173689012645888
9.229015793244765 0.0023173689012645888
9.229015793244765 0.0023173689012645888
9.229015793244765 0.0021317617027437957
9.229015793244765 0.0021317617027437957
9.273092895262934 0.0020799871407594754
9.273092895262934 0.0020799871407594754
9.273092895262934 0.0022803421370784444
9.273092895262934 0.0018415435862952794
9.273092895262934 0.0018415435862952794
9.367528131315595 0.0017948450579348518
9.367528131315595 9.914994350328627E-4
9.367528131315595 7.520910468635497E-4
9.367528131315595 4.82636648295632E-4
9.367528131315595 7.451854668586277E-4
9.367528131315595 5.44830470539659E-4
9.367528131315595 6.976209436789862E-4
9.367528131315595 6.976209436789862E-4
9.367528131315595 6.976209436789862E-4
9.367528131315595 6.976209436789862E-4
9.367528131315595 4.3507212511599054E-4
9.367528131315595 5.332117756916961E-4
9.367528131315595 0.0012896348402000263
9.367528131315595 0.0011914951896243207
9.367528131315595 0.0012255862550349177
9.367528131315595 0.0012255862550349177
9.367528131315595 0.001225586255034918
9.367528131315595 0.0012129755166756448
9.367528131315595 0.0014718592759480815
9.367528131315595 0.0015675197425039048
9.41721782447725 0.0016873741950961438
9.41721782447725 0.00208954591458959
9.41721782447725 0.001988721954908491
9.41721782447725 0.0024485701671095347
9.41721782447725 0.0024485701671095347
9.41721782447725 0.0020770664473362564
9.41721782447725 0.0019245698424055489
9.41721782447725 0.001605803390584042
9.41721782447725 0.0014086035705977362
9.41721782447725 0.0014086035705977362
9.41721782447725 0.0012651876387239464
9.41721782447725 0.0012651876387239464
9.41721782447725 0.0012651876387239464
9.41721782447725 0.0013633272892996518
9.41721782447725 0.0013633272892996518
9.41721782447725 0.0013633272892996518
9.41721782447725 0.002217112577450347
9.41721782447725 0.0023152522280260527
9.41721782447725 0.0025590988659291813
9.41721782447725 0.0025590988659291813
9.41721782447725 0.002313957089084163
9.41721782447725 0.0020918011054145156
9.41721782447725 0.0020918011054145156
9.41721782447725 0.0023729633987633557
9.41721782447725 0.0023729633987633557
9.41721782447725 0.0020720280066100164
9.41721782447725 0.0023133142230619213
9.41721782447725 0.0017878644761598916
9.41721782447725 0.0017878644761598916
9.41721782447725 0.0016587350174888061
9.41721782447725 0.001844184429953432
9.41721782447725 0.001844184429953432
9.41721782447725 0.001844184429953432
9.41721782447725 0.0014170150449689567
9.41721782447725 0.0017866729251233195
9.41721782447725 0.002027959141575225
9.41721782447725 0.0020279591415752244
9.41721782447725 0.001673763639343643
9.41721782447725 0.001475984181054774
9.421530506735936 7.436123310840994E-4
9.421530506735936 7.436123310840994E-4
9.421530506735936 5.968401846301474E-4
9.421530506735936 5.968401846301474E-4
9.421530506735936 5.968401846301474E-4
9.421530506735936 3.327176419925316E-4
9.421530506735936 3.327176419925316E-4
9.421530506735936 6.384160040520822E-4
9.421530506735936 6.384160040520822E-4
9.421530506735936 6.384160040520822E-4
9.421530506735936 6.384160040520822E-4
9.421530506735936 3.327176419925316E-4
9.421530506735936 3.327176419925316E-4
9.421530506735936 3.327176419925316E-4
9.43402268579877 4.225430646750787E-4
9.43402268579877 4.225430646750787E-4
9.439849476227288 5.096271746008113E-4
9.439849476227288 5.096271746008113E-4
9.439849476227288 5.096271746008113E-4
9.439849476227288 5.096271746008113E-4
9.439849476227288 5.096271746008113E-4
9.439849476227288 7.845446635878078E-4
9.439849476227288 9.797298042057202E-4
9.439849476227288 9.797298042057202E-4
9.439849476227288 9.797298042057202E-4
9.439849476227288 8.811015868696884E-4
9.439849476227288 8.811015868696883E-4
9.439849476227288 8.811015868696884E-4
9.439849476227288 8.611298832652147E-4
9.439849476227288 7.635320387783462E-4
9.439849476227288 7.00111054325188E-4
9.439849476227288 5.433087034515295E-4
9.439849476227288 5.433087034515295E-4
9.439849476227288 5.433087034515295E-4
9.439849476227288 5.433087034515295E-4
9.455653265640965 6.030651519829286E-4
9.455653265640965 6.030651519829286E-4
9.455653265640965 6.030651519829286E-4
9.455653265640965 6.307856829724096E-4
9.455653265640965 4.493291499020147E-4
9.455653265640965 4.493291499020147E-4
9.499825721712003 4.928538423668716E-4
9.499825721712003 4.928538423668716E-4
9.499825721712003 4.928538423668716E-4
9.499825721712003 3.7210046630769644E-4
9.499825721712003 3.7210046630769644E-4
9.499825721712003 3.7210046630769644E-4
9.499825721712003 5.525042414878593E-4
9.499825721712003 4.549169453568154E-4
9.499825721712003 4.504781743705007E-4
9.499825721712003 4.069534819056439E-4
9.499825721712003 4.069534819056439E-4
9.499825721712003 5.837059095388509E-4
9.499825721712003 4.831722926850904E-4
9.499825721712003 3.737611218430283E-4
9.499825721712003 3.997480685038074E-4
9.499825721712003 3.561492184834796E-4
9.499825721712003 1.5311779101057736E-4
9.499825721712003 1.5311779101057736E-4
9.515697601538394 3.8426277538675135E-4
9.515697601538394 3.193288116591879E-4
9.520761786951754 3.1398304279135476E-4
9.520761786951754 3.139830427913548E-4
9.520761786951754 3.442139040346539E-4
9.520761786951754 3.4421390403465384E-4
9.520761786951754 2.9955476921649687E-4
9.520761786951754 2.995547692164968E-4
9.520761786951754 2.9955476921649687E-4
9.520761786951754 2.995547692164968E-4
9.520761786951754 2.9955476921649687E-4
9.520761786951754 2.995547692164968E-4
9.520761786951754 4.1314097804819033E-4
9.520761786951754 4.131409780481904E-4
9.520761786951754 3.9931891555605774E-4
9.520761786951754 4.818363969485745E-4
9.520761786951754 4.818363969485745E-4
9.520761786951754 4.818363969485745E-4
9.520761786951754 4.818363969485745E-4
9.526808908610718 6.883637629317379E-4
9.526808908610718 6.884002577800079E-4
9.526808908610718 7.611767970884958E-4
9.555093671642496 8.951186077976107E-4
9.555093671642496 7.886049415745637E-4
9.555093671642496 7.886049415745637E-4
9.555093671642496 8.313310659210267E-4
9.555093671642496 7.772072619970301E-4
9.555093671642496 7.266045080971329E-4
9.555093671642496 7.203548672973407E-4
9.561119483677267 7.580173604210929E-4
9.561119483677267 8.390765840079053E-4
9.56886200507428 8.312965829861205E-4
9.56886200507428 8.777486374478507E-4
9.56886200507428 8.229846559607923E-4
9.56886200507428 5.766763738411996E-4
9.56886200507428 5.000421146290987E-4
9.56886200507428 5.688930877224811E-4
9.56886200507428 4.398059732688465E-4
9.56886200507428 4.398059732688464E-4
9.56886200507428 4.1933874410705993E-4
9.56886200507428 4.44885900126851E-4
9.56886200507428 3.2760186171350265E-4
9.56886200507428 4.249985513700633E-4
9.56886200507428 4.2499855137006327E-4
9.56886200507428 4.2499855137006327E-4
9.56886200507428 3.816734012582057E-4
9.56886200507428 3.78337131456276E-4
9.56886200507428 3.4541504052102866E-4
9.56886200507428 3.2753742103136025E-4
9.56886200507428 3.2205429922943285E-4
9.56886200507428 3.243732376144438E-4
9.56886200507428 3.5709155686373945E-4
9.56886200507428 3.2875791049351885E-4
9.56886200507428 3.0984693914215983E-4
9.56886200507428 2.643126972773605E-4
9.56886200507428 2.4717675629538417E-4
9.56886200507428 2.6273289553355563E-4
9.56886200507428 2.4493080778239406E-4
9.56886200507428 3.1243625572238367E-4
9.56886200507428 3.1243625572238367E-4
9.56886200507428 2.8317235433913984E-4
9.56886200507428 3.1948598989932326E-4
9.56886200507428 3.1948598989932326E-4
9.56886200507428 3.1948598989932326E-4
9.56886200507428 3.430022884937923E-4
9.56886200507428 3.7325070154489834E-4
9.56886200507428 3.7325070154489834E-4
9.586756166617208 3.593881134812419E-4
9.586756166617208 3.2854972985498344E-4
9.586756166617208 2.413475192028255E-4
9.586756166617208 2.0399594308231897E-4
9.586756166617208 1.7591650137302017E-4
9.586756166617208 1.7591650137302017E-4
9.586756166617208 1.7591650137302017E-4
9.586756166617208 1.7591650137302017E-4
9.586756166617208 1.3960286581283677E-4
9.586756166617208 1.6719471808012535E-4
9.586756166617208 1.3631977349862532E-4
9.586756166617208 1.183738972082285E-4
9.586756166617208 1.418901958026975E-4
9.586756166617208 1.418901958026975E-4
9.586756166617208 1.2041950391067126E-4
9.586756166617208 8.427042543311836E-5
9.586756166617208 8.427042543311836E-5
9.586756166617208 8.427042543311836E-5
9.586756166617208 4.703259718893799E-5
9.586756166617208 4.703259718893799E-5
9.586756166617208 4.703259718893799E-5
9.586756166617208 4.703259718893799E-5
9.586756166617208 4.703259718893799E-5
9.586756166617208 4.1130785195023923E-5
9.586756166617208 4.1130785195023923E-5
9.586756166617208 4.1130785195023923E-5
9.586756166617208 0.0
9.586756166617208 1.6461261099126847E-5
9.586756166617208 1.6461261099126847E-5
9.586756166617208 1.6461261099126847E-5
9.586756166617208 1.6461261099126847E-5
9.586756166617208 1.6461261099126847E-5
9.586756166617208 1.6461261099126847E-5
9.586756166617208 1.6461261099126847E-5
9.586756166617208 1.6461261099126847E-5
9.586756166617208 1.6461261099126847E-5
9.586756166617208 1.6461261099126847E-5
9.586756166617208 1.6461261099126847E-5
9.586756166617208 1.6461261099126847E-5
9.586756166617208 1.6461261099126847E-5
9.586756166617208 1.6461261099126847E-5
9.586756166617208 1.6461261099126847E-5
9.586756166617208 1.6461261099126847E-5
9.586756166617208 1.6461261099126847E-5
9.586756166617208 1.6461261099126847E-5
9.586756166617208 1.6461261099126847E-5
9.586756166617208 1.6461261099126847E-5
9.586756166617208 1.6461261099126847E-5
9.586756166617208 1.6461261099126847E-5
9.586756166617208 1.6461261099126847E-5
9.586756166617208 1.6461261099126847E-5
9.586756166617208 3.1904935736998444E-5
9.586756166617208 3.1904935736998444E-5
9.586756166617208 3.1904935736998444E-5
9.586756166617208 3.1904935736998444E-5
9.586756166617208 3.1904935736998444E-5
9.586756166617208 3.1904935736998444E-5
9.586756166617208 3.1904935736998444E-5
9.586756166617208 3.1904935736998444E-5
9.586756166617208 3.1904935736998444E-5
9.586756166617208 3.1904935736998444E-5
9.586756166617208 3.1904935736998444E-5
9.586756166617208 3.1904935736998444E-5
9.586756166617208 3.1904935736998444E-5
9.586756166617208 1.5443674637871596E-5
9.586756166617208 1.5443674637871596E-5
9.586756166617208 1.5443674637871596E-5
9.586756166617208 1.5443674637871596E-5
9.586756166617208 1.5443674637871596E-5
9.586756166617208 1.5443674637871596E-5
9.586756166617208 1.5443674637871596E-5
9.586756166617208 1.5443674637871596E-5
9.586756166617208 0.0
9.586756166617208 0.0
9.586756166617208 0.0
9.586756166617208 0.0
9.586756166617208 0.0
9.586756166617208 0.0
9.586756166617208 0.0
9.586756166617208 0.0
9.586756166617208 0.0
9.586756166617208 0.0
9.586756166617208 0.0
9.586756166617208 0.0
9.586756166617208 0.0
9.586756166617208 2.5353731549012793E-5
9.586756166617208 2.5353731549012793E-5
9.586756166617208 2.5353731549012793E-5
9.586756166617208 2.5353731549012793E-5
9.586756166617208 2.5353731549012793E-5
9.586756166617208 2.5353731549012793E-5
9.586756166617208 2.5353731549012793E-5
9.586756166617208 2.5353731549012793E-5
9.586756166617208 2.5353731549012793E-5
9.586756166617208 2.5353731549012793E-5
9.586756166617208 2.5353731549012793E-5
9.586756166617208 2.5353731549012793E-5
9.586756166617208 2.5353731549012793E-5
9.586756166617208 2.5353731549012793E-5
9.586756166617208 2.5353731549012793E-5
9.586756166617208 2.5353731549012793E-5
9.586756166617208 2.5353731549012793E-5
9.586756166617208 2.5353731549012793E-5
9.586756166617208 0.0
9.586756166617208 0.0
9.586756166617208 0.0
9.586756166617208 0.0
9.586756166617208 0.0
9.586756166617208 0.0
9.586756166617208 0.0
9.586756166617208 0.0
9.586756166617208 0.0
9.586756166617208 0.0
9.586756166617208 0.0
9.586756166617208 0.0
9.586756166617208 0.0
9.586756166617208 0.0
9.586756166617208 0.0
9.586756166617208 0.0
9.586756166617208 0.0
9.586756166617208 0.0
9.586756166617208 0.0
9.586756166617208 0.0
9.586756166617208 0.0
9.586756166617208 0.0
9.586756166617208 0.0
9.586756166617208 0.0
9.586756166617208 0.0
9.586756166617208 0.0
9.586756166617208 0.0
9.586756166617208 0.0
9.586756166617208 0.0
9.586756166617208 0.0
9.586756166617208 0.0
9.586756166617208 0.0
9.586756166617208 0.0
9.586756166617208 0.0
9.586756166617208 0.0
9.586756166617208 0.0
9.586756166617208 0.0
9.586756166617208 0.0
9.586756166617208 0.0
9.586756166617208 0.0
9.586756166617208 0.0
9.586756166617208 0.0
9.586756166617208 0.0
9.586756166617208 0.0
9.586756166617208 0.0
9.586756166617208 0.0
9.586756166617208 0.0
9.586756166617208 0.0
9.586756166617208 0.0
9.586756166617208 0.0
9.586756166617208 0.0
9.586756166617208 0.0
9.586756166617208 0.0
9.586756166617208 0.0
9.586756166617208 0.0
9.586756166617208 0.0
9.586756166617208 0.0
9.586756166617208 0.0
9.586756166617208 0.0
9.586756166617208 0.0
9.586756166617208 0.0
9.586756166617208 0.0
9.586756166617208 0.0
9.586756166617208 0.0
9.586756166617208 0.0
9.586756166617208 0.0
9.586756166617208 0.0
9.586756166617208 0.0
9.586756166617208 0.0
9.586756166617208 0.0
9.586756166617208 0.0
9.586756166617208 0.0
9.586756166617208 0.0
9.586756166617208 0.0
9.586756166617208 0.0
9.586756166617208 0.0
9.586756166617208 0.0
9.586756166617208 0.0
9.586756166617208 0.0
9.586756166617208 0.0
9.586756166617208 0.0
9.586756166617208 0.0
9.586756166617208 0.0
9.586756166617208 0.0
9.586756166617208 0.0
9.586756166617208 0.0
9.586756166617208 0.0
9.586756166617208 0.0
9.586756166617208 0.0
9.586756166617208 0.0
9.586756166617208 0.0
9.586756166617208 0.0
9.586756166617208 0.0
9.586756166617208 0.0
9.586756166617208 0.0
9.586756166617208 0.0
9.586756166617208 0.0
9.586756166617208 0.0
9.586756166617208 0.0
9.586756166617208 0.0
9.586756166617208 0.0
9.586756166617208 0.0
9.586756166617208 0.0
9.586756166617208 0.0
9.586756166617208 0.0
9.586756166617208 0.0
9.586756166617208 0.0
9.586756166617208 0.0
9.586756166617208 0.0
9.586756166617208 0.0
9.586756166617208 0.0
9.586756166617208 0.0
9.586756166617208 0.0
9.586756166617208 0.0
9.586756166617208 0.0
9.586756166617208 0.0
9.586756166617208 0.0
9.586756166617208 0.0
9.586756166617208 0.0
9.586756166617208 0.0
9.586756166617208 0.0
9.586756166617208 0.0
9.586756166617208 0.0
9.586756166617208 0.0
9.586756166617208 0.0
9.586756166617208 0.0
9.59843578948217 1.9772913375661295E-5
9.59843578948217 1.9772913375661295E-5
9.59843578948217 1.9772913375661295E-5
9.59843578948217 1.9772913375661295E-5
9.59843578948217 1.9772913375661295E-5
9.59843578948217 1.9772913375661295E-5
9.59843578948217 1.9772913375661295E-5
9.59843578948217 1.9772913375661295E-5
9.59843578948217 1.9772913375661295E-5
9.59843578948217 0.0
9.59843578948217 0.0
9.59843578948217 0.0
9.59843578948217 0.0
9.59843578948217 0.0
9.59843578948217 0.0
9.59843578948217 0.0
9.59843578948217 0.0
9.59843578948217 0.0
9.59843578948217 0.0
9.59843578948217 0.0
9.59843578948217 0.0
9.59843578948217 0.0
9.59843578948217 0.0
9.59843578948217 0.0
9.59843578948217 0.0
9.59843578948217 0.0
9.59843578948217 0.0
9.59843578948217 0.0
9.59843578948217 0.0
9.59843578948217 0.0
9.59843578948217 0.0
9.59843578948217 0.0
9.59843578948217 0.0
9.59843578948217 0.0
9.59843578948217 0.0
9.59843578948217 0.0
9.59843578948217 0.0
9.59843578948217 0.0
9.59843578948217 0.0
9.59843578948217 0.0
9.59843578948217 0.0
9.59843578948217 0.0
9.59843578948217 0.0
9.59843578948217 0.0
9.59843578948217 0.0
9.59843578948217 0.0
9.59843578948217 0.0
9.59843578948217 0.0
9.59843578948217 0.0
9.59843578948217 0.0
9.59843578948217 0.0
9.600111162157406 6.636894678991098E-6
9.600111162157406 6.636894678991098E-6
9.600111162157406 6.636894678991098E-6
9.600111162157406 0.0
9.600111162157406 0.0
9.600111162157406 0.0
9.600111162157406 0.0
9.600111162157406 0.0
9.600111162157406 0.0
9.600111162157406 0.0
9.600111162157406 0.0
9.600111162157406 0.0
9.600111162157406 0.0
9.600111162157406 1.832464360559779E-5
9.600111162157406 1.832464360559779E-5
9.603496381225412 2.1721115947205414E-5
9.603496381225412 2.1721115947205414E-5
9.603496381225412 2.1721115947205414E-5
9.603496381225412 2.1721115947205414E-5
9.603496381225412 2.1721115947205414E-5
9.603496381225412 2.1721115947205414E-5
9.603496381225412 2.1721115947205414E-5
9.603496381225412 2.1721115947205414E-5
9.603496381225412 2.1721115947205414E-5
9.603496381225412 2.1721115947205414E-5
9.603496381225412 2.1721115947205414E-5
9.603496381225412 2.1721115947205414E-5
9.603496381225412 2.1721115947205414E-5
9.603496381225412 2.1721115947205414E-5
9.603496381225412 2.1721115947205414E-5
9.603496381225412 2.1721115947205414E-5
9.603496381225412 2.1721115947205414E-5
9.603496381225412 2.1721115947205414E-5
9.603496381225412 2.1721115947205414E-5
9.603496381225412 2.1721115947205414E-5
9.603496381225412 2.1721115947205414E-5
9.603496381225412 2.789160026948667E-5
9.603496381225412 2.789160026948667E-5
9.603496381225412 2.789160026948667E-5
9.603496381225412 2.5180912660941677E-5
9.603496381225412 2.5180912660941677E-5
9.603496381225412 2.8977600501432827E-5
9.603496381225412 2.38750996320176E-5
9.603496381225412 2.38750996320176E-5
9.603496381225412 2.38750996320176E-5
9.603496381225412 2.38750996320176E-5
9.603496381225412 2.38750996320176E-5
9.603496381225412 2.38750996320176E-5
9.603496381225412 2.38750996320176E-5
9.603496381225412 3.168818447005609E-5
9.603496381225412 3.168818447005609E-5
9.603496381225412 3.168818447005609E-5
9.603496381225412 3.168818447005609E-5
9.603496381225412 3.168818447005609E-5
9.603496381225412 3.426596498801802E-5
9.607100587214113 2.2778294903871835E-5
9.607100587214113 3.74846263633411E-5
9.607100587214113 3.74846263633411E-5
9.607100587214113 3.3721061116883145E-5
9.607100587214113 3.0549735424801415E-5
9.607100587214113 2.650040508174713E-5
9.607100587214113 2.2602438459976166E-5
9.607100587214113 1.7609963971312326E-5
9.607100587214113 1.7609963971312326E-5
9.607100587214113 1.6798995259411103E-5
9.607100587214113 1.6798995259411103E-5
9.608184628811987 2.5509424463494053E-5
9.608184628811987 3.167574401323373E-5
9.61090426077607 3.5518210061705234E-5
9.61090426077607 3.5518210061705234E-5
9.61090426077607 3.5518210061705234E-5
9.61090426077607 3.914418639072243E-5
9.61090426077607 3.914418639072243E-5
9.61090426077607 3.914418639072243E-5
9.61090426077607 4.245567733672477E-5
9.61090426077607 4.9814358611874186E-5
9.61090426077607 6.0283462949782376E-5
9.61090426077607 7.023973580411622E-5
9.61090426077607 6.557863694308755E-5
9.61090426077607 6.557863694308755E-5
9.61090426077607 6.997785824945252E-5
9.61090426077607 6.997785824945252E-5
9.61090426077607 6.854037376092608E-5
9.61090426077607 6.854037376092609E-5
9.616868822185268 7.563609656903496E-5
9.616868822185268 7.857607392362982E-5
9.616868822185268 6.802806878370809E-5
9.616868822185268 6.868352489505564E-5
9.616868822185268 6.449914267682208E-5
9.616868822185268 6.625195365836975E-5
9.616868822185268 6.316076234888301E-5
9.616868822185268 5.665360558318095E-5
9.616868822185268 4.673613805315405E-5
9.616868822185268 4.999623671891852E-5
9.618002740023334 4.835399405088044E-5
9.618002740023334 5.779072594845334E-5
9.618002740023334 5.9475849411121486E-5
9.618002740023334 5.936893356887486E-5
9.618002740023334 6.078739747840313E-5
9.618002740023334 5.9918478372007816E-5
9.627043813249134 5.547845606106143E-5
9.627043813249134 5.1093763880256873E-5
9.627043813249134 5.1093763880256873E-5
9.627043813249134 5.218419781399169E-5
9.627043813249134 5.342439811352336E-5
9.627043813249134 4.471872311145627E-5
9.627043813249134 4.925232798106336E-5
9.627043813249134 5.248612916605328E-5
9.627043813249134 5.622919964958672E-5
9.627043813249134 5.453448658885749E-5
9.627043813249134 4.946890640816715E-5
9.627043813249134 4.946890640816715E-5
9.627043813249134 4.4265507544759154E-5
9.627043813249134 3.961499739737022E-5
9.630563303005188 3.910350434506167E-5
9.630563303005188 4.452750442718278E-5
9.630563303005188 4.452750442718278E-5
9.630563303005188 4.546490006504874E-5
9.630563303005188 4.3781009675865936E-5
9.630563303005188 4.6546286251144266E-5
9.630563303005188 4.23146173939409E-5
9.630563303005188 4.1759497836962746E-5
9.630563303005188 4.175949783696275E-5
9.630563303005188 4.740805669250473E-5
9.630563303005188 4.643091006020378E-5
9.630563303005188 5.2305595539611964E-5
9.630563303005188 5.246649020333383E-5
9.630563303005188 5.246649020333383E-5
9.630563303005188 4.891345865449645E-5
9.630563303005188 4.891345865449645E-5
9.630563303005188 4.355326229152515E-5
9.630563303005188 4.290738964058156E-5
9.630563303005188 3.837668454190145E-5
9.630563303005188 2.9736666576933815E-5
9.630563303005188 3.2425521879610655E-5
9.630563303005188 2.6389941736480597E-5
9.630563303005188 2.6389941736480597E-5
9.630563303005188 2.6389941736480597E-5
9.630563303005188 2.6389941736480597E-5
9.63244416136262 2.7762250228163063E-5
9.63244416136262 3.2527426693293615E-5
9.63244416136262 3.2527426693293615E-5
9.63244416136262 3.2527426693293615E-5
9.63244416136262 2.4995999336961843E-5
9.63244416136262 2.4995999336961836E-5
9.63244416136262 2.610954239675024E-5
9.63244416136262 2.1521386707502994E-5
9.63244416136262 2.304963693420904E-5
9.63244416136262 2.304963693420904E-5
9.63244416136262 2.304963693420904E-5
9.63244416136262 2.304963693420904E-5
9.63244416136262 2.304963693420904E-5
9.63244416136262 2.304963693420904E-5
9.63244416136262 2.304963693420904E-5
9.632525728789611 2.4568910128226723E-5
9.632525728789611 2.643146415441739E-5
9.632525728789611 2.8206631035725976E-5
9.632525728789611 2.636300293293968E-5
9.632525728789611 2.636300293293968E-5
9.632525728789611 2.09638420606546E-5
9.632525728789611 2.5614352208043542E-5
9.632525728789611 2.626634165673737E-5
9.632525728789611 2.437599814448595E-5
9.632525728789611 1.9725487997097015E-5
9.632525728789611 8.891415095512213E-6
9.632525728789611 8.891415095512213E-6
9.632525728789611 8.891415095512213E-6
9.632525728789611 8.891415095512213E-6
9.632525728789611 9.829370226722262E-6
9.632525728789611 1.0359155048565699E-5
9.632525728789611 1.0359155048565699E-5
9.632525728789611 9.447896038625321E-6
9.632525728789611 9.447896038625321E-6
9.632525728789611 9.447896038625321E-6
9.632525728789611 1.168024102514562E-5
9.632525728789611 1.297463088045587E-5
9.632525728789611 1.2771703875639076E-5
9.632525728789611 1.2321400257704486E-5
9.632991432948064 1.3220785728291899E-5
9.632991432948064 1.570632259651632E-5
9.635856062110252 1.6667351551260526E-5
9.635856062110252 1.6667351551260526E-5
9.635856062110252 1.951108806906675E-5
9.635860968344506 2.124051280559388E-5
9.635860968344506 2.0617430558465677E-5
9.635860968344506 2.0617430558465677E-5
9.635860968344506 2.1885791370181328E-5
9.635860968344506 2.0072250441682526E-5
9.637260973840217 1.4977576197606683E-5
9.637260973840217 1.4977576197606683E-5
9.637260973840217 1.3592893596002195E-5
9.637260973840217 1.35928935960022E-5
9.637260973840217 1.0688149579940404E-5
9.637260973840217 1.0688149579940404E-5
9.637260973840217 8.482385114495001E-6
9.637260973840217 9.266688683935794E-6
9.637260973840217 8.996205417720985E-6
9.637260973840217 8.956266675678871E-6
9.637260973840217 9.38012470087894E-6
9.637260973840217 6.213260654415226E-6
9.637260973840217 7.0465203214302365E-6
9.637260973840217 6.118601498614439E-6
9.637847618855991 5.6931605499725665E-6
9.637847618855991 5.6931605499725665E-6
9.637847618855991 6.502083642098849E-6
9.637847618855991 5.794772386017787E-6
9.637847618855991 7.753898675789572E-6
9.637847618855991 8.326852788991187E-6
9.637847618855991 7.498170006032383E-6
9.637847618855991 8.205864062423318E-6
9.637878891625714 8.54901166986652E-6
9.637878891625714 7.351186447481634E-6
9.637878891625714 8.74739011721545E-6
9.637878891625714 8.74739011721545E-6
9.637878891625714 8.478931865803385E-6
9.638108697737936 8.297920959010983E-6
9.638108697737936 8.297920959010983E-6
9.638108697737936 9.999385429061695E-6
9.638108697737936 9.736299925189969E-6
9.638295624903346 1.0543264411095777E-5
9.638295624903346 1.0461045316790414E-5
9.638295624903346 5.90292713694838E-6
9.638461225401139 7.538452284624392E-6
9.638461225401139 7.538452284624392E-6
9.638461225401139 8.401494315442548E-6
9.638461225401139 8.15572998546717E-6
9.638461225401139 7.5429781688487304E-6
9.638461225401139 5.939910686041012E-6
9.638461225401139 5.939910686041012E-6
9.638461225401139 6.86570555689926E-6
9.638461225401139 6.000118233722043E-6
9.638461225401139 6.000118233722043E-6
9.638461225401139 5.3516173900196295E-6
9.638461225401139 5.795227690827916E-6
9.638461225401139 4.851117838157278E-6
9.638461225401139 4.204816344640264E-6
9.638461225401139 3.4769318127695636E-6
9.638461225401139 1.8971281366439236E-6
9.639764312083122 2.730504267889416E-6
9.639764312083122 1.940102435346134E-6
9.639764312083122 1.940102435346134E-6
9.640213963535079 3.127413709994447E-6
9.640213963535079 3.823416960245446E-6
9.640213963535079 3.2297613229212903E-6
9.640213963535079 3.2297613229212903E-6
9.640213963535079 3.2297613229212894E-6
9.640213963535079 3.2297613229212903E-6
9.640213963535079 3.2297613229212894E-6
9.640213963535079 2.4794757681380167E-6
9.640213963535079 2.4794757681380167E-6
9.640213963535079 2.4794757681380167E-6
9.640213963535079 2.4794757681380167E-6
9.640213963535079 1.8858201308138606E-6
9.640213963535079 1.8858201308138606E-6
9.640213963535079 1.8858201308138606E-6
9.640213963535079 1.8858201308138606E-6
9.640213963535079 1.8858201308138606E-6
9.640213963535079 1.8858201308138606E-6
9.640213963535079 1.8858201308138606E-6
9.640213963535079 1.2564025782247312E-6
9.640213963535079 1.2564025782247312E-6
9.640213963535079 2.115897158478397E-6
9.640213963535079 2.6762964864521287E-6
9.640213963535079 2.6762964864521287E-6
9.640213963535079 2.6762964864521287E-6
9.640213963535079 2.2999028216449023E-6
9.640213963535079 2.2999028216449023E-6
9.640213963535079 2.2999028216449023E-6
9.640213963535079 2.9216067232792215E-6
9.640213963535079 2.9216067232792215E-6
9.640213963535079 2.9216067232792215E-6
9.640213963535079 2.9216067232792215E-6
9.640213963535079 2.9216067232792215E-6
9.640213963535079 2.528838219913544E-6
9.640213963535079 2.6884823124692333E-6
9.640213963535079 2.6884823124692333E-6
9.640271914345137 2.742008704843879E-6
9.640271914345137 2.742008704843879E-6
9.640720233938175 3.0278082064225097E-6
9.640720233938175 3.2190275754509305E-6
9.640720233938175 3.2190275754509305E-6
9.640720233938175 3.933085289751935E-6
9.640720233938175 3.3261374968485363E-6
9.640720233938175 3.8092384122949766E-6
9.640720233938175 3.809238412294976E-6
9.640720233938175 4.577487458593963E-6
9.640720233938175 4.577487458593963E-6
9.640720233938175 4.577487458593963E-6
9.640720233938175 3.863429744292959E-6
9.640720233938175 3.863429744292959E-6
9.640720233938175 3.863429744292959E-6
9.640720233938175 3.863429744292959E-6
9.640720233938175 3.863429744292959E-6
9.640720233938175 3.7528752562067685E-6
9.640720233938175 3.7528752562067685E-6
9.640720233938175 3.4405735274999594E-6
9.640720233938175 3.4405735274999594E-6
9.640720233938175 3.4405735274999594E-6
9.640720233938175 3.4405735274999594E-6
9.640720233938175 3.4405735274999594E-6
9.640720233938175 3.4405735274999594E-6
9.640720233938175 3.4405735274999594E-6
9.640720233938175 3.4405735274999594E-6
9.640720233938175 3.4405735274999594E-6
9.640720233938175 3.4405735274999594E-6
9.640720233938175 3.4405735274999594E-6
9.640720233938175 3.4405735274999594E-6
9.640720233938175 3.4405735274999594E-6
9.640720233938175 3.0344651357041836E-6
9.640720233938175 3.0344651357041836E-6
9.640720233938175 3.0344651357041836E-6
9.640720233938175 3.0344651357041836E-6
9.640720233938175 3.0344651357041836E-6
9.64100670950264 3.3575773673355436E-6
9.64100670950264 3.3575773673355445E-6
9.64100670950264 3.833676980788182E-6
9.64100670950264 3.833676980788182E-6
9.64100670950264 3.833676980788182E-6
9.64100670950264 2.6704487169952802E-6
9.64100670950264 2.6704487169952802E-6
9.64100670950264 3.7515047684727095E-6
9.64100670950264 2.6704487169952802E-6
9.64100670950264 2.1043981389015983E-6
9.64100670950264 2.1043981389015983E-6
9.64100670950264 2.1043981389015983E-6
9.64100670950264 2.1043981389015983E-6
9.64100670950264 2.1043981389015983E-6
9.64100670950264 2.1043981389015983E-6
9.64100670950264 2.1043981389015983E-6
9.64100670950264 2.1043981389015983E-6
9.64100670950264 0.0
9.64100670950264 0.0
9.64100670950264 0.0
9.64100670950264 0.0
9.64100670950264 0.0
9.64100670950264 0.0
9.64100670950264 0.0
9.64100670950264 0.0
9.64100670950264 0.0
9.64100670950264 0.0
9.64100670950264 0.0
9.64100670950264 0.0
9.64100670950264 0.0
9.64100670950264 0.0
9.64100670950264 0.0
9.64100670950264 0.0
9.64100670950264 3.997753253077744E-7
9.64100670950264 7.995506506155488E-7
9.64100670950264 4.5960352822221263E-7
9.64100670950264 4.5960352822221263E-7
9.64100670950264 4.5960352822221263E-7
9.64100670950264 4.5960352822221263E-7
9.64100670950264 4.5960352822221263E-7
9.64100670950264 4.5960352822221263E-7
9.64100670950264 4.5960352822221263E-7
9.64100670950264 4.5960352822221263E-7
9.64100670950264 4.5960352822221263E-7
9.64100670950264 4.5960352822221263E-7
9.64100670950264 4.5960352822221263E-7
9.64100670950264 4.5960352822221263E-7
9.64100670950264 4.5960352822221263E-7
9.64100670950264 4.5960352822221263E-7
9.64100670950264 1.0256541063158945E-6
9.64100670950264 1.0256541063158945E-6
9.64100670950264 1.0256541063158945E-6
9.64100670950264 5.66050578093682E-7
9.64100670950264 5.66050578093682E-7
9.64100670950264 5.66050578093682E-7
9.64100670950264 5.66050578093682E-7
9.64100670950264 5.66050578093682E-7
9.64100670950264 5.66050578093682E-7
9.64100670950264 5.66050578093682E-7
9.64100670950264 5.66050578093682E-7
9.64100670950264 5.66050578093682E-7
9.64100670950264 8.891628097250424E-7
9.64100670950264 8.891628097250424E-7
9.64100670950264 8.891628097250424E-7
9.64100670950264 8.891628097250424E-7
9.64100670950264 8.891628097250424E-7
9.64100670950264 8.891628097250424E-7
9.64100670950264 8.891628097250424E-7
9.64100670950264 8.891628097250424E-7
9.64100670950264 8.891628097250424E-7
9.64100670950264 8.891628097250424E-7
9.64100670950264 8.891628097250424E-7
9.64100670950264 5.66050578093682E-7
9.64100670950264 5.66050578093682E-7
9.64100670950264 5.66050578093682E-7
9.64100670950264 5.66050578093682E-7
9.64100670950264 5.66050578093682E-7
9.64100670950264 5.66050578093682E-7
9.64100670950264 5.66050578093682E-7
9.64100670950264 0.0
9.64100670950264 0.0
9.64100670950264 0.0
9.64100670950264 0.0
9.64100670950264 0.0
9.64100670950264 0.0
9.64100670950264 0.0
9.64100670950264 4.3853780590426706E-7
9.64100670950264 4.3853780590426706E-7
9.64100670950264 4.3853780590426706E-7
9.64100670950264 4.3853780590426706E-7
9.64100670950264 4.3853780590426706E-7
9.64100670950264 4.3853780590426706E-7
9.64100670950264 4.3853780590426706E-7
9.64100670950264 4.3853780590426706E-7
9.64100670950264 4.3853780590426706E-7
9.64100670950264 4.3853780590426706E-7
9.64100670950264 4.3853780590426706E-7
9.64100670950264 4.3853780590426706E-7
9.64100670950264 4.3853780590426706E-7
9.64100670950264 4.3853780590426706E-7
9.64100670950264 0.0
9.64100670950264 0.0
9.64100670950264 0.0
9.64100670950264 0.0
9.64100670950264 0.0
9.64100670950264 0.0
9.64100670950264 0.0
9.64100670950264 0.0
9.64100670950264 0.0
9.64100670950264 0.0
9.64100670950264 0.0
9.64100670950264 0.0
9.64100670950264 0.0
9.64100670950264 0.0
9.64100670950264 0.0
9.64100670950264 0.0
9.64100670950264 0.0
9.64100670950264 0.0
9.64100670950264 0.0
9.64100670950264 0.0
9.64100670950264 0.0
9.64100670950264 0.0
9.64100670950264 0.0
9.64100670950264 0.0
9.64100670950264 0.0
9.64100670950264 0.0
9.64100670950264 0.0
9.64100670950264 0.0
9.64100670950264 0.0
9.64100670950264 0.0
9.64100670950264 0.0
9.64100670950264 0.0
9.64100670950264 0.0
9.64100670950264 0.0
9.64100670950264 0.0
9.64100670950264 0.0
9.64100670950264 0.0
9.64100670950264 0.0
9.64100670950264 0.0
9.64100670950264 0.0
9.64100670950264 0.0
9.64100670950264 0.0
9.64100670950264 0.0
9.64100670950264 0.0
9.64100670950264 0.0
9.64100670950264 0.0
9.64100670950264 0.0
9.64100670950264 0.0
9.64100670950264 0.0
9.64100670950264 0.0
9.64100670950264 0.0
9.64100670950264 0.0
9.64100670950264 0.0
9.64100670950264 0.0
9.64100670950264 0.0
9.64100670950264 0.0
9.64100670950264 0.0
9.64100670950264 0.0
9.64100670950264 0.0
9.64100670950264 0.0
9.64100670950264 0.0
9.64100670950264 0.0
9.64100670950264 0.0
9.64100670950264 0.0
9.64100670950264 0.0
9.64100670950264 0.0
9.64100670950264 0.0
9.64100670950264 0.0
9.64100670950264 0.0
9.64100670950264 0.0
9.64100670950264 0.0
9.64100670950264 0.0
9.64100670950264 0.0
9.64100670950264 0.0
9.64100670950264 0.0
9.64100670950264 0.0
9.64100670950264 0.0
9.64100670950264 0.0
9.64100670950264 0.0
9.64100670950264 0.0
9.64100670950264 0.0
9.64100670950264 0.0
9.64100670950264 0.0
9.64100670950264 0.0
9.64100670950264 0.0
9.64100670950264 0.0
9.64100670950264 0.0
9.64100670950264 0.0
9.64100670950264 0.0
9.64100670950264 0.0
9.64100670950264 0.0
9.64100670950264 0.0
9.64100670950264 0.0
9.64100670950264 0.0
9.64100670950264 0.0
9.64100670950264 0.0
9.64100670950264 0.0
9.64100670950264 0.0
9.64100670950264 0.0
9.64100670950264 0.0
9.64100670950264 0.0
9.64100670950264 0.0
9.64100670950264 0.0
9.64100670950264 0.0
9.64100670950264 0.0
9.64100670950264 0.0
9.64100670950264 0.0
9.64100670950264 0.0
9.64100670950264 0.0
9.64100670950264 0.0
9.64100670950264 0.0
9.64100670950264 0.0
9.64100670950264 0.0
9.64100670950264 0.0
9.64100670950264 0.0
9.64100670950264 0.0
9.64100670950264 0.0
9.64100670950264 0.0
9.64100670950264 0.0
9.64100670950264 0.0
9.64100670950264 0.0
9.64100670950264 0.0
9.64100670950264 0.0
9.64100670950264 0.0
9.64100670950264 0.0
9.64100670950264 0.0
9.64100670950264 0.0
9.64100670950264 0.0
9.64100670950264 0.0
9.64100670950264 0.0
9.64100670950264 0.0
9.64100670950264 0.0
9.64100670950264 0.0
9.64100670950264 0.0
9.64100670950264 0.0
9.64100670950264 0.0
9.64100670950264 0.0
9.64100670950264 0.0
9.64100670950264 0.0
9.64100670950264 0.0
9.64100670950264 0.0
9.64100670950264 0.0
9.64100670950264 0.0
9.64100670950264 0.0
9.64100670950264 0.0
9.642398664019915 2.298298565421809E-7
9.642398664019915 2.298298565421809E-7
9.642398664019915 2.298298565421809E-7
9.642398664019915 2.298298565421809E-7
9.642398664019915 2.298298565421809E-7
9.642398664019915 2.298298565421809E-7
9.642398664019915 2.298298565421809E-7
9.642398664019915 2.298298565421809E-7
9.642398664019915 2.298298565421809E-7
9.642398664019915 2.298298565421809E-7
9.642398664019915 2.298298565421809E-7
9.642398664019915 2.298298565421809E-7
9.642398664019915 2.298298565421809E-7
9.642398664019915 2.298298565421809E-7
9.642398664019915 2.298298565421809E-7
9.642398664019915 2.298298565421809E-7
9.642398664019915 2.298298565421809E-7
9.642398664019915 2.298298565421809E-7
9.642398664019915 2.298298565421809E-7
9.642398664019915 2.298298565421809E-7
9.642398664019915 2.298298565421809E-7
9.642398664019915 2.298298565421809E-7
9.642398664019915 2.298298565421809E-7
9.642398664019915 2.298298565421809E-7
9.642398664019915 2.298298565421809E-7
9.642398664019915 2.298298565421809E-7
9.642398664019915 2.298298565421809E-7
9.642398664019915 2.298298565421809E-7
9.642398664019915 2.298298565421809E-7
9.642398664019915 2.298298565421809E-7
9.642398664019915 2.298298565421809E-7
9.642398664019915 2.298298565421809E-7
9.642398664019915 2.298298565421809E-7
9.642398664019915 2.298298565421809E-7
9.642398664019915 0.0
9.642398664019915 0.0
9.642398664019915 0.0
9.642398664019915 0.0
9.642398664019915 0.0
9.642398664019915 0.0
9.642398664019915 0.0
9.642398664019915 0.0
9.642398664019915 0.0
9.642398664019915 0.0
9.642398664019915 0.0
9.642398664019915 0.0
9.642398664019915 0.0
9.642398664019915 0.0
9.642398664019915 0.0
9.642398664019915 0.0
9.642728185167838 3.7072935256207716E-7
9.642728185167838 3.7072935256207716E-7
9.642728185167838 3.7072935256207716E-7
9.642728185167838 3.7072935256207716E-7
9.642728185167838 3.7072935256207716E-7
9.642728185167838 0.0
9.642728185167838 0.0
9.642728185167838 0.0
9.642728185167838 0.0
9.642728185167838 0.0
9.642728185167838 0.0
9.642728185167838 0.0
9.642728185167838 0.0
9.642728185167838 0.0
9.642728185167838 0.0
9.642728185167838 0.0
9.642728185167838 0.0
9.642728185167838 0.0
9.642728185167838 0.0
9.642728185167838 0.0
9.642728185167838 0.0
9.642728185167838 0.0
9.642728185167838 0.0
9.642728185167838 0.0
9.642728185167838 0.0
9.642728185167838 0.0
9.642728185167838 0.0
9.642728185167838 0.0
9.642728185167838 0.0
9.642728185167838 0.0
9.642728185167838 0.0
9.642728185167838 0.0
9.642728185167838 0.0
9.642728185167838 0.0
9.642728185167838 0.0
9.642728185167838 0.0
9.642728185167838 0.0
9.642728185167838 0.0
9.642728185167838 0.0
9.642728185167838 0.0
9.642728185167838 0.0
9.642728185167838 0.0
9.642728185167838 0.0
9.642728185167838 0.0
9.642728185167838 0.0
9.642728185167838 0.0
9.642728185167838 0.0
9.642728185167838 0.0
9.642728185167838 0.0
9.642925343333037 2.0176840836839812E-7
9.642925343333037 2.0176840836839812E-7
9.642925343333037 2.0176840836839812E-7
9.642925343333037 2.0176840836839812E-7
9.642925343333037 2.0176840836839812E-7
9.642925343333037 2.0176840836839812E-7
9.642925343333037 4.3159826491057903E-7
9.642925343333037 4.3159826491057903E-7
9.642925343333037 4.3159826491057903E-7
9.642925343333037 4.3159826491057903E-7
9.642925343333037 4.3159826491057903E-7
9.642925343333037 4.3159826491057903E-7
9.642925343333037 4.596597130843618E-7
9.642925343333037 4.596597130843618E-7
9.642925343333037 4.596597130843618E-7
9.642925343333037 3.0216778028719124E-7
9.642925343333037 3.0216778028719124E-7
9.642925343333037 0.0
9.642925343333037 0.0
9.642925343333037 0.0
9.642925343333037 0.0
9.642925343333037 0.0
9.642925343333037 0.0
9.642925343333037 0.0
9.642925343333037 0.0
9.642925343333037 0.0
9.642925343333037 0.0
9.642925343333037 0.0
9.642925343333037 0.0
9.642925343333037 0.0
9.642925343333037 0.0
9.642925343333037 0.0
9.642925343333037 0.0
9.642925343333037 0.0
9.642925343333037 0.0
9.642925343333037 0.0
9.642925343333037 0.0
9.642925343333037 0.0
9.642925343333037 0.0
9.642925343333037 0.0
9.642925343333037 0.0
9.642925343333037 0.0
9.642925343333037 0.0
9.642925343333037 0.0
9.642925343333037 0.0
9.642925343333037 0.0
9.642925343333037 0.0
9.642925343333037 0.0
9.642925343333037 0.0
9.643462201209246 1.5399151218110668E-7
9.643462201209246 1.5399151218110668E-7
9.643462201209246 1.5399151218110668E-7
9.643462201209246 1.5399151218110668E-7
9.643462201209246 1.5399151218110668E-7
9.643462201209246 0.0
9.643462201209246 0.0
9.643462201209246 0.0
9.643462201209246 0.0
9.643462201209246 0.0
9.644773753663262 3.7348915780237785E-7
9.644773753663262 3.7348915780237785E-7
9.644773753663262 3.7348915780237785E-7
9.644773753663262 3.7348915780237785E-7
9.644773753663262 3.7348915780237785E-7
9.644773753663262 3.7348915780237785E-7
9.644773753663262 3.7348915780237785E-7
9.644773753663262 0.0
9.644773753663262 0.0
9.644773753663262 0.0
9.644773753663262 0.0
9.644773753663262 0.0
9.644773753663262 0.0
9.644773753663262 0.0
9.644773753663262 0.0
9.644773753663262 0.0
9.644773753663262 0.0
9.644773753663262 0.0
9.644773753663262 0.0
9.644773753663262 0.0
9.644773753663262 1.5177984976637702E-7
9.644773753663262 0.0
9.644773753663262 0.0
9.644773753663262 0.0
9.644773753663262 2.0176840836839812E-7
9.644773753663262 2.7673901829364325E-7
9.644773753663262 2.7673901829364325E-7
9.644773753663262 7.497060992524513E-8
9.644773753663262 7.497060992524513E-8
9.644773753663262 7.497060992524513E-8
9.644773753663262 7.497060992524513E-8
9.644773753663262 7.497060992524513E-8
9.644773753663262 7.497060992524513E-8
9.644773753663262 7.497060992524513E-8
9.644773753663262 7.497060992524513E-8
9.644773753663262 0.0
9.644773753663262 1.4271598155002434E-7
9.644773753663262 1.4271598155002434E-7
9.644773753663262 1.4271598155002434E-7
9.644773753663262 1.4271598155002434E-7
9.644773753663262 1.4271598155002434E-7
9.644773753663262 1.4271598155002434E-7
9.644773753663262 1.4271598155002434E-7
9.644773753663262 1.4271598155002434E-7
9.644773753663262 1.4271598155002434E-7
9.644773753663262 1.4271598155002434E-7
9.644773753663262 1.4271598155002434E-7
9.644773753663262 1.4271598155002434E-7
9.644773753663262 1.4271598155002434E-7
9.644773753663262 1.4271598155002434E-7
9.644773753663262 1.4271598155002434E-7
9.644773753663262 1.4271598155002434E-7
9.644773753663262 1.4271598155002434E-7
9.644773753663262 1.4271598155002434E-7
9.644773753663262 1.4271598155002434E-7
9.644773753663262 2.9449583131640134E-7
9.644773753663262 2.9449583131640134E-7
9.644773753663262 3.0355969953275404E-7
9.644773753663262 2.0053978569631872E-7
9.644773753663262 2.0053978569631872E-7
9.644773753663262 2.0053978569631872E-7
9.644773753663262 2.0053978569631872E-7
9.644773753663262 2.755103956215638E-7
9.644773753663262 2.755103956215638E-7
9.644773753663262 2.755103956215638E-7
9.644773753663262 2.0053978569631872E-7
9.644773753663262 2.0053978569631872E-7
9.644773753663262 2.0053978569631872E-7
9.644773753663262 2.0053978569631872E-7
9.644773753663262 2.0053978569631872E-7
9.644773753663262 2.0053978569631872E-7
9.644773753663262 2.0053978569631872E-7
9.644773753663262 2.0053978569631872E-7
9.644773753663262 2.0053978569631872E-7
9.644773753663262 2.0053978569631872E-7
9.644773753663262 0.0
9.644773753663262 0.0
9.644773753663262 0.0
9.644773753663262 0.0
9.644773753663262 0.0
9.644773753663262 0.0
9.644773753663262 0.0
9.644773753663262 0.0
9.644773753663262 0.0
9.644773753663262 0.0
9.644773753663262 0.0
9.644773753663262 0.0
9.644773753663262 0.0
9.644773753663262 0.0
9.644773753663262 0.0
9.644773753663262 0.0
9.644773753663262 0.0
9.644773753663262 0.0
9.644773753663262 0.0
9.644773753663262 4.6876812601294374E-7
9.644773753663262 4.6876812601294374E-7
9.644773753663262 4.6876812601294374E-7
9.644773753663262 4.6876812601294374E-7
9.644773753663262 4.6876812601294374E-7
9.644773753663262 4.6876812601294374E-7
9.644773753663262 4.6876812601294374E-7
9.644773753663262 4.6876812601294374E-7
9.644773753663262 4.6876812601294374E-7
9.644773753663262 4.6876812601294374E-7
9.644773753663262 4.6876812601294374E-7
9.644773753663262 4.6876812601294374E-7
9.644773753663262 4.6876812601294374E-7
9.644773753663262 4.6876812601294374E-7
9.644773753663262 4.6876812601294374E-7
9.644773753663262 0.0
9.644773753663262 0.0
9.644773753663262 0.0
9.644773753663262 0.0
9.644773753663262 0.0
9.644773753663262 0.0
9.644773753663262 0.0
9.644773753663262 0.0
9.644773753663262 0.0
9.644773753663262 0.0
9.644773753663262 0.0
9.644773753663262 0.0
9.644773753663262 0.0
9.644773753663262 0.0
9.644773753663262 0.0
9.644773753663262 0.0
9.644773753663262 0.0
9.644773753663262 0.0
9.644773753663262 0.0
9.644773753663262 0.0
9.644773753663262 0.0
9.644773753663262 0.0
9.644773753663262 0.0
9.644773753663262 0.0
9.644773753663262 0.0
9.644773753663262 0.0
9.644773753663262 0.0
9.644773753663262 0.0
9.644773753663262 0.0
9.644773753663262 0.0
9.644773753663262 0.0
9.644773753663262 0.0
9.644773753663262 0.0
9.644773753663262 0.0
9.644773753663262 0.0
9.644773753663262 0.0
9.644773753663262 0.0
9.644773753663262 0.0
9.644773753663262 0.0
9.644773753663262 0.0
9.644773753663262 0.0
9.644773753663262 0.0
9.644773753663262 0.0
9.644773753663262 0.0
9.644773753663262 0.0
9.644773753663262 0.0
9.644773753663262 0.0
9.644773753663262 0.0
9.644773753663262 0.0
9.644773753663262 0.0
9.644773753663262 0.0
9.644773753663262 0.0
9.644773753663262 0.0
9.644773753663262 0.0
9.644773753663262 0.0
9.644773753663262 0.0
9.644773753663262 0.0
9.644773753663262 0.0
9.644773753663262 0.0
9.644773753663262 0.0
9.644773753663262 0.0
9.644773753663262 0.0
9.644773753663262 0.0
9.644773753663262 0.0
9.644773753663262 0.0
9.644773753663262 0.0
9.644773753663262 0.0
9.644773753663262 0.0
9.644773753663262 0.0
9.644773753663262 0.0
9.644773753663262 0.0
9.644773753663262 0.0
9.644773753663262 0.0
9.644773753663262 0.0
9.644773753663262 0.0
9.644773753663262 0.0
9.644773753663262 0.0
9.644773753663262 0.0
9.644773753663262 0.0
9.644773753663262 0.0
9.644773753663262 0.0
9.644773753663262 0.0
9.644773753663262 0.0
9.644773753663262 0.0
9.644773753663262 0.0
9.644773753663262 0.0
9.644773753663262 0.0
9.644773753663262 0.0
9.644773753663262 0.0
9.644773753663262 0.0
9.644773753663262 0.0
9.644773753663262 0.0
9.644773753663262 0.0
9.644773753663262 0.0
9.644773753663262 0.0
9.644773753663262 0.0
9.644773753663262 0.0
9.644773753663262 0.0
9.644773753663262 0.0
9.644773753663262 0.0
9.644773753663262 0.0
9.644773753663262 0.0
9.644773753663262 0.0
9.644773753663262 0.0
9.644773753663262 0.0
9.644773753663262 0.0
9.644773753663262 0.0
9.644773753663262 0.0
9.644773753663262 0.0
9.644773753663262 0.0
9.644773753663262 0.0
9.644773753663262 0.0
9.644773753663262 0.0
9.644773753663262 0.0
9.644773753663262 0.0
9.644773753663262 0.0
9.644773753663262 0.0
9.644773753663262 0.0
9.646444700578842 3.7701581902461504E-7
9.646444700578842 3.7701581902461504E-7
9.646444700578842 0.0
9.646444700578842 0.0
9.646444700578842 3.43680966891612E-7
9.646444700578842 3.43680966891612E-7
9.646444700578842 3.43680966891612E-7
9.646444700578842 3.43680966891612E-7
9.646444700578842 3.43680966891612E-7
9.646444700578842 3.43680966891612E-7
9.646444700578842 3.43680966891612E-7
9.646444700578842 3.43680966891612E-7
9.646444700578842 3.43680966891612E-7
9.646444700578842 3.43680966891612E-7
9.646444700578842 3.43680966891612E-7
9.646444700578842 3.43680966891612E-7
9.646444700578842 3.43680966891612E-7
9.646444700578842 3.43680966891612E-7
9.646444700578842 3.43680966891612E-7
9.646444700578842 3.43680966891612E-7
9.646444700578842 3.43680966891612E-7
9.646444700578842 3.43680966891612E-7
9.646444700578842 3.43680966891612E-7
9.646444700578842 3.43680966891612E-7
9.646444700578842 3.43680966891612E-7
9.646444700578842 3.43680966891612E-7
9.646444700578842 3.43680966891612E-7
9.646444700578842 3.43680966891612E-7
9.646444700578842 3.43680966891612E-7
9.646444700578842 3.43680966891612E-7
9.646444700578842 3.43680966891612E-7
9.646444700578842 3.43680966891612E-7
9.646444700578842 3.43680966891612E-7
9.646444700578842 3.43680966891612E-7
9.646444700578842 3.43680966891612E-7
9.646444700578842 3.43680966891612E-7
9.646444700578842 3.43680966891612E-7
9.646444700578842 3.43680966891612E-7
9.646444700578842 3.43680966891612E-7
9.646444700578842 3.43680966891612E-7
9.646444700578842 3.43680966891612E-7
9.646444700578842 3.43680966891612E-7
9.646444700578842 3.43680966891612E-7
9.646444700578842 3.43680966891612E-7
9.646444700578842 3.43680966891612E-7
9.646444700578842 3.43680966891612E-7
9.646444700578842 3.43680966891612E-7
9.646444700578842 0.0
9.646444700578842 0.0
9.646444700578842 0.0
9.646444700578842 0.0
9.646444700578842 0.0
9.646444700578842 0.0
9.646444700578842 0.0
9.646444700578842 0.0
9.646444700578842 0.0
9.646444700578842 0.0
9.646444700578842 0.0
9.646444700578842 0.0
9.646444700578842 0.0
9.646444700578842 0.0
9.646444700578842 0.0
9.646444700578842 3.7701581902461504E-7
9.646444700578842 3.7701581902461504E-7
9.646444700578842 3.7701581902461504E-7
9.646444700578842 3.7701581902461504E-7
9.646595759589324 4.790682201180439E-7
9.646595759589324 4.790682201180439E-7
9.646595759589324 4.790682201180439E-7
9.646595759589324 0.0
9.646595759589324 0.0
9.646595759589324 0.0
9.646595759589324 0.0
9.646595759589324 0.0
9.646595759589324 0.0
9.646595759589324 0.0
9.646595759589324 0.0
9.646595759589324 0.0
9.646595759589324 0.0
9.646595759589324 0.0
9.646595759589324 0.0
9.646595759589324 0.0
9.646595759589324 0.0
9.646595759589324 0.0
9.646595759589324 0.0
9.646595759589324 0.0
9.646595759589324 0.0
9.646595759589324 0.0
9.646595759589324 0.0
9.646595759589324 0.0
9.646595759589324 0.0
9.646595759589324 0.0
9.646595759589324 0.0
9.646595759589324 0.0
9.646595759589324 0.0
9.646595759589324 0.0
9.646595759589324 0.0
9.646595759589324 0.0
9.646595759589324 0.0
9.646595759589324 0.0
9.646595759589324 0.0
9.646595759589324 0.0
9.646595759589324 0.0
9.646595759589324 0.0
9.646595759589324 0.0
9.646595759589324 0.0
9.646595759589324 0.0
9.646595759589324 0.0
9.646595759589324 0.0
9.646595759589324 0.0
9.646595759589324 0.0
9.646595759589324 0.0
9.646595759589324 0.0
9.646595759589324 0.0
9.646595759589324 0.0
9.646595759589324 0.0
9.646595759589324 0.0
9.646595759589324 0.0
9.646595759589324 0.0
9.646595759589324 0.0
9.646595759589324 0.0
9.646595759589324 0.0
9.646595759589324 0.0
9.646595759589324 0.0
9.646595759589324 0.0
9.646595759589324 0.0
9.646595759589324 0.0
9.646595759589324 0.0
9.646595759589324 0.0
9.646595759589324 0.0
9.646595759589324 0.0
9.646595759589324 0.0
9.647160211228982 1.341998601304627E-7
9.647160211228982 1.341998601304627E-7
9.647160211228982 1.341998601304627E-7
9.647160211228982 1.341998601304627E-7
9.647160211228982 1.341998601304627E-7
9.647160211228982 0.0
9.647160211228982 0.0
9.647160211228982 0.0
9.647160211228982 0.0
9.647160211228982 0.0
9.647160211228982 0.0
9.647160211228982 0.0
9.648478083702313 8.348136359797015E-8
9.648478083702313 8.348136359797015E-8
9.648478083702313 8.348136359797015E-8
9.648478083702313 8.348136359797015E-8
9.648478083702313 8.348136359797015E-8
9.648478083702313 1.4452854366732516E-7
9.648478083702313 1.2681823468374481E-7
9.648478083702313 1.2681823468374481E-7
9.648478083702313 6.340911734187241E-8
9.648478083702313 1.3150272263092565E-7
9.648478083702313 1.3150272263092565E-7
9.648478083702313 1.3150272263092565E-7
9.648478083702313 1.3150272263092565E-7
9.648478083702313 1.3150272263092565E-7
9.648478083702313 1.3150272263092565E-7
9.648478083702313 6.809360528905325E-8
9.648703525991001 1.8689869648181888E-7
9.648703525991001 1.8689869648181888E-7
9.648703525991001 1.8689869648181888E-7
9.648703525991001 1.8689869648181888E-7
9.648703525991001 1.8689869648181888E-7
9.648703525991001 3.226954283853169E-7
9.648703525991001 3.226954283853169E-7
9.648703525991001 2.3726522748365418E-7
9.648703525991001 2.372652274836542E-7
9.648703525991001 2.372652274836542E-7
9.648703525991001 2.372652274836542E-7
9.648703525991001 2.372652274836542E-7
9.648703525991001 2.372652274836542E-7
9.648703525991001 2.3726522748365418E-7
9.648703525991001 2.3726522748365418E-7
9.649207587667444 3.8351286795512276E-7
9.649207587667444 3.8351286795512276E-7
9.649207587667444 3.8351286795512276E-7
9.649207587667444 4.489111258684664E-7
9.649207587667444 4.489111258684664E-7
9.649207587667444 4.489111258684664E-7
9.649207587667444 4.489111258684664E-7
9.649207587667444 4.489111258684664E-7
9.649207587667444 4.489111258684664E-7
9.649207587667444 4.489111258684664E-7
9.649207587667444 4.489111258684664E-7
9.649207587667444 4.158811904792406E-7
9.649207587667444 4.1588119047924067E-7
9.649207587667444 4.158811904792406E-7
9.649207587667444 3.5052418825460025E-7
9.649207587667444 3.5052418825460025E-7
9.649207587667444 3.5052418825460025E-7
9.649207587667444 2.6963355000777203E-7
9.649207587667444 2.6963355000777203E-7
9.649207587667444 2.6963355000777203E-7
9.649207587667444 2.6963355000777203E-7
9.649207587667444 2.6963355000777203E-7
9.649207587667444 2.9681474037800345E-7
9.649207587667444 2.9681474037800345E-7
9.649207587667444 2.9681474037800345E-7
9.649207587667444 2.1138453947634063E-7
9.649207587667444 2.1138453947634063E-7
9.649207587667444 2.1138453947634063E-7
9.649207587667444 2.1138453947634063E-7
9.649207587667444 2.1138453947634063E-7
9.649207587667444 2.1138453947634063E-7
9.649207587667444 2.1138453947634063E-7
9.649207587667444 2.1138453947634063E-7
9.649207587667444 1.8420334910610924E-7
9.649207587667444 2.9769670900121766E-7
9.649207587667444 2.9769670900121766E-7
9.649207587667444 1.7889161780845202E-7
9.649207587667444 1.7889161780845202E-7
9.649207587667444 1.7889161780845202E-7
9.649207587667444 1.7889161780845202E-7
9.649207587667444 1.7889161780845202E-7
9.649207587667444 1.7889161780845202E-7
9.649207587667444 1.7889161780845202E-7
9.649207587667444 1.7889161780845202E-7
9.649207587667444 1.7889161780845202E-7
9.649207587667444 1.1349335989510842E-7
9.649207587667444 1.1349335989510842E-7
9.649207587667444 1.7885036211974879E-7
9.649207587667444 1.7885036211974879E-7
9.649207587667444 1.7885036211974879E-7
9.649207587667444 1.7885036211974879E-7
9.649207587667444 1.7885036211974879E-7
9.649207587667444 1.7885036211974879E-7
9.649207587667444 1.7885036211974879E-7
9.649207587667444 6.535700222464037E-8
9.649207587667444 6.535700222464037E-8
9.649207587667444 6.535700222464037E-8
9.649207587667444 6.535700222464037E-8
9.649207587667444 6.535700222464037E-8
9.649207587667444 6.535700222464037E-8
9.649207587667444 6.535700222464037E-8
9.649207587667444 6.535700222464037E-8
9.649207587667444 6.535700222464037E-8
9.649804223131381 1.3693573886066936E-7
9.649804223131381 1.3693573886066936E-7
9.649804223131381 1.3693573886066936E-7
9.649804223131381 1.3693573886066936E-7
9.649804223131381 2.022617497819788E-7
9.649804223131381 1.3693573886066936E-7
9.649804223131381 1.3693573886066936E-7
9.650270544249201 1.7711413397095812E-7
9.650270544249201 1.7711413397095812E-7
9.650270544249201 1.7711413397095812E-7
9.650270544249201 1.7711413397095812E-7
9.650270544249201 1.7711413397095812E-7
9.650270544249201 1.7711413397095812E-7
9.650270544249201 1.0553539733492913E-7
9.650270544249201 1.0553539733492913E-7
9.650270544249201 1.0553539733492913E-7
9.650270544249201 1.4881077625419065E-7
9.650270544249201 1.4881077625419065E-7
9.650270544249201 1.4881077625419065E-7
9.650270544249201 1.4881077625419065E-7
9.650270544249201 1.4881077625419065E-7
9.650270544249201 1.4881077625419065E-7
9.650367455564957 1.999528896291402E-7
9.650367455564957 1.999528896291402E-7
9.650367455564957 2.3434915069519098E-7
9.650367455564957 1.941707555849022E-7
9.650367455564957 1.941707555849022E-7
9.650367455564957 2.328374923545504E-7
9.650367455564957 3.1329718021770665E-7
9.650367455564957 2.725792182226325E-7
9.650367455564957 4.2053528994684095E-7
9.650458651827737 3.9946937423637E-7
9.650458651827737 3.9946937423637E-7
9.650458651827737 3.9946937423637E-7
9.650458651827737 3.9946937423637E-7
9.650458651827737 3.9946937423637E-7
9.650458651827737 3.9946937423637E-7
9.650458651827737 2.1656483948912972E-7
9.650458651827737 2.1656483948912972E-7
9.650458651827737 2.0471281038735316E-7
9.650458651827737 2.0471281038735316E-7
9.650458651827737 2.0471281038735316E-7
9.650458651827737 2.0471281038735316E-7
9.650458651827737 1.594387145206222E-7
9.650458651827737 1.594387145206222E-7
9.650458651827737 2.015518534296286E-7
9.650458651827737 2.015518534296286E-7
9.650458651827737 2.0918825495951453E-7
Score: 9.650458651827737
Runtime: 777ms
