7.217120811826526E-9 6.420808871656939
2.902206146770956E-6 5.818598145932803
2.902206146770956E-6 5.164749549578258
2.902206146770956E-6 5.0488558820360785
3.311353991685338E-6 5.193231607350672
2.58582388743286E-4 5.051541561563404
0.0014497308927241828 4.576516401850581
0.0014497308927241828 4.6211734293663485
0.004949610486695626 4.437273135108972
0.004949610486695626 4.243950771341038
0.004949610486695626 4.329679952936094
0.004949610486695626 4.1535744917211455
0.004949610486695626 4.227275209324929
0.004949610486695626 4.068535498983771
0.06282418248190691 3.6009322549856795
0.06282418248190691 3.455403179281638
0.06282418248190691 3.237581842236301
0.06282418248190691 3.2401231727696724
0.06282418248190691 3.261097693260083
0.06282418248190691 2.9926022060343715
0.06282418248190691 2.985561368605257
0.44222060737089147 2.9843839467213824
0.44222060737089147 2.723584489033284
0.44222060737089147 2.6429988088282914
0.44222060737089147 2.6024925487519925
0.44222060737089147 2.6186496834772504
0.44222060737089147 2.331830873548109
0.44222060737089147 2.108619755705365
0.44222060737089147 2.164912709258989
0.44222060737089147 2.0744926520305302
0.5084343850529196 1.868150678055808
0.5084343850529196 1.8158343001425572
0.5084343850529196 1.8348999000668922
0.5084343850529196 1.7556004000535395
0.5084343850529196 1.6432697249697619
0.5084343850529196 1.5868414437480742
0.6019643356600665 1.4979717627031015
0.6019643356600665 1.5681819592130513
0.6019643356600665 1.447904333643466
0.6019643356600665 1.5014011864955086
0.6019643356600665 1.4675113182173376
0.7629237470717244 1.448719947466762
0.7629237470717244 1.4683125635194545
0.7629237470717244 1.33663466352745
0.7629237470717244 1.2660176058623052
0.7629237470717244 1.2056320668640748
0.7629237470717244 1.2341134961057232
1.1105755007699756 1.2850242441472286
1.1105755007699756 1.2539908061472753
1.8566605184841043 1.1419121496288194
1.8566605184841043 1.1177050067929615
1.8566605184841043 1.0553284274363264
1.8566605184841043 0.9589648425226965
1.8566605184841043 0.9011277965872669
1.9935344777822848 0.8277911056046621
1.9935344777822848 0.7925613003595628
1.9935344777822848 0.7637400282423941
2.406699139167608 0.7915132479491934
2.406699139167608 0.8164432845514807
3.5548629836222734 0.8484767389026519
3.5548629836222734 0.8773558705450086
3.5548629836222734 0.8720001612068988
3.5548629836222734 0.7310613099637855
3.5548629836222734 0.6986460386745518
3.5548629836222734 0.7130623529271307
3.5548629836222734 0.7130623529271307
4.7042817567236765 0.7261241543668436
4.7042817567236765 0.6109723903620619
4.7042817567236765 0.5526045863715897
4.7042817567236765 0.5531640361885605
4.7042817567236765 0.6258658521507762
4.7042817567236765 0.6053420225960255
4.7042817567236765 0.5880730422894325
4.7042817567236765 0.571848354751075
4.7042817567236765 0.5915202793843115
4.7042817567236765 0.6447727963569672
6.408714541906026 0.6377031117398085
6.408714541906026 0.5719935426897073
6.408714541906026 0.4593465051828936
6.408714541906026 0.4375180045327312
6.408714541906026 0.40443310760433193
6.408714541906026 0.40021896098247356
6.408714541906026 0.349739808092101
6.408714541906026 0.349739808092101
6.408714541906026 0.3589566893870035
6.408714541906026 0.32417442313688566
6.408714541906026 0.2721474660875858
6.408714541906026 0.2558123218566216
6.408714541906026 0.2458954731051512
6.408714541906026 0.21816286762460738
6.408714541906026 0.20259722415155704
6.408714541906026 0.19626445422166636
6.408714541906026 0.19626445422166638
6.408714541906026 0.14776209602790163
6.408714541906026 0.136494307028322
6.408714541906026 0.14605639280582383
6.408714541906026 0.14308160656103516
6.408714541906026 0.13227862939634702
6.408714541906026 0.132278629396347
6.408714541906026 0.1212137896172545
6.408714541906026 0.1212137896172545
6.408714541906026 0.1345397715767268
6.408714541906026 0.13960669748605978
6.408714541906026 0.12669465385283793
6.408714541906026 0.12114656921210668
6.408714541906026 0.11469798746085137
6.408714541906026 0.11778846274421528
6.446329108399834 0.12732228802218792
6.446329108399834 0.12689650204512112
6.446329108399834 0.10948098749463828
6.446329108399834 0.08688223310720257
6.446329108399834 0.09975443397310425
6.446329108399834 0.10844051260524083
6.446329108399834 0.14752135456399532
6.446329108399834 0.1434854024525873
6.446329108399834 0.13496018828388778
6.446329108399834 0.11535048486102266
6.446329108399834 0.1306277670932748
6.446329108399834 0.13126528547021932
6.446329108399834 0.1313850084957925
6.446329108399834 0.11202263330131909
6.446329108399834 0.09842455229968033
6.446329108399834 0.09842455229968033
6.446329108399834 0.0713162194859891
6.446329108399834 0.03603815194705166
6.446329108399834 0.040647110702527266
6.446329108399834 0.0339972510922434
6.446329108399834 0.016194573073689628
6.446329108399834 0.016194573073689628
6.446329108399834 0.016194573073689628
6.446329108399834 0.03246932343199926
6.446329108399834 0.038450128014632295
6.446329108399834 0.03266159954187821
6.446329108399834 0.03266159954187821
6.446329108399834 0.0457224438356157
6.446329108399834 0.0457224438356157
6.446329108399834 0.03579742324754374
6.446329108399834 0.03579742324754374
6.446329108399834 0.04438645483237327
6.446329108399834 0.03821656800725953
6.446329108399834 0.03821656800725953
6.446329108399834 0.02132714569527898
6.446329108399834 0.02132714569527898
6.446329108399834 0.02132714569527898
6.446329108399834 0.02132714569527898
6.446329108399834 0.02132714569527898
6.446329108399834 0.02132714569527898
6.446329108399834 0.02132714569527898
6.446329108399834 0.02132714569527898
6.446329108399834 0.02132714569527898
6.446329108399834 0.02132714569527898
6.446329108399834 0.02132714569527898
6.446329108399834 0.02132714569527898
6.446329108399834 0.0
6.446329108399834 0.0
6.446329108399834 0.0
6.446329108399834 0.0
6.446329108399834 0.0
6.446329108399834 0.006248089696857632
6.446329108399834 0.009004629930056214
6.446329108399834 0.009004629930056214
6.446329108399834 0.009004629930056214
6.446329108399834 0.009004629930056214
6.446329108399834 0.009004629930056214
6.446329108399834 0.009004629930056214
6.446329108399834 0.009004629930056214
6.446329108399834 0.009004629930056214
6.446329108399834 0.006248089696857632
6.446329108399834 0.006248089696857632
6.446329108399834 0.006248089696857632
6.446329108399834 0.012496179393715263
6.446329108399834 0.012496179393715263
6.446329108399834 0.012496179393715263
6.446329108399834 0.0141197802814102
6.446329108399834 0.0141197802814102
6.446329108399834 0.0141197802814102
6.446329108399834 0.0141197802814102
6.446329108399834 0.0141197802814102
6.446329108399834 0.0141197802814102
6.446329108399834 0.0141197802814102
6.446329108399834 0.0141197802814102
6.446329108399834 0.0141197802814102
6.446329108399834 0.0
6.446329108399834 0.0
6.446329108399834 0.0
6.446329108399834 0.0
6.446329108399834 0.0
6.446329108399834 0.0
6.446329108399834 0.0
6.446329108399834 0.0
6.446329108399834 0.0
6.446329108399834 0.0
6.446329108399834 0.0
6.446329108399834 0.0
6.446329108399834 0.0
6.446329108399834 0.0
6.446329108399834 0.0
6.446329108399834 0.0
6.446329108399834 0.0
6.446329108399834 0.0
6.446329108399834 0.0
6.446329108399834 0.0
6.446329108399834 0.0
6.446329108399834 0.0
6.446329108399834 0.0
6.446329108399834 0.0
6.446329108399834 0.0
6.446329108399834 0.0
6.446329108399834 0.0
6.446329108399834 0.0
6.446329108399834 0.0
6.446329108399834 0.0
6.446329108399834 0.0
6.446329108399834 0.0
6.446329108399834 0.0
6.446329108399834 0.0
6.446329108399834 0.0
6.446329108399834 0.0
6.446329108399834 0.0
6.446329108399834 0.0
6.446329108399834 0.0
6.446329108399834 0.0
6.446329108399834 0.0
6.446329108399834 0.0
6.446329108399834 0.0
6.446329108399834 0.0
6.446329108399834 0.0
6.446329108399834 0.0
6.446329108399834 0.0
6.446329108399834 0.0
6.446329108399834 0.0
6.446329108399834 0.0
6.446329108399834 0.0
6.446329108399834 0.0
6.446329108399834 0.0
6.446329108399834 0.0
6.446329108399834 0.0
6.446329108399834 0.0
6.446329108399834 0.0
6.446329108399834 0.0
6.446329108399834 0.0
6.446329108399834 0.0
6.446329108399834 0.0
6.446329108399834 0.0
6.446329108399834 0.0
6.446329108399834 0.0
6.446329108399834 0.0
6.446329108399834 0.0
6.446329108399834 0.0
6.446329108399834 0.0
6.446329108399834 0.0
6.446329108399834 0.0
6.446329108399834 0.0
6.446329108399834 0.0
6.446329108399834 0.0
6.446329108399834 0.0
6.446329108399834 0.0
6.446329108399834 0.0
6.446329108399834 0.0
6.446329108399834 0.0
6.446329108399834 0.0
6.446329108399834 0.0
6.446329108399834 0.0
6.446329108399834 0.0
6.446329108399834 0.0
6.446329108399834 0.0
6.446329108399834 0.0
6.446329108399834 0.0
6.446329108399834 0.0
6.446329108399834 0.0
6.446329108399834 0.0
6.446329108399834 0.0
6.446329108399834 0.0
6.446329108399834 0.0
6.446329108399834 0.0
6.446329108399834 0.0
6.446329108399834 0.0
6.446329108399834 0.0
6.446329108399834 0.0
6.446329108399834 0.0
6.446329108399834 0.0
6.446329108399834 0.0
6.446329108399834 0.0
6.446329108399834 0.0
6.446329108399834 0.0
6.446329108399834 0.0
6.446329108399834 0.0
6.446329108399834 0.0
6.446329108399834 0.0
6.446329108399834 0.0
6.446329108399834 0.0
6.446329108399834 0.0
6.446329108399834 0.0
6.446329108399834 0.0
6.446329108399834 0.0
6.446329108399834 0.0
6.446329108399834 0.0
6.446329108399834 0.0
6.446329108399834 0.0
6.446329108399834 0.0
6.446329108399834 0.0
6.446329108399834 0.0
6.446329108399834 0.0
6.446329108399834 0.0
6.446329108399834 0.0
6.446329108399834 0.0
6.446329108399834 0.0
6.446329108399834 0.0
6.446329108399834 0.0
6.446329108399834 0.0
6.446329108399834 0.0
6.446329108399834 0.0
6.446329108399834 0.0
6.446329108399834 0.0
6.446329108399834 0.0
6.446329108399834 0.0
6.446329108399834 0.0
6.446329108399834 0.0
6.446329108399834 0.0
6.446329108399834 0.0
6.446329108399834 0.0
6.446329108399834 0.0
6.446329108399834 0.0
6.446329108399834 0.0
6.446329108399834 0.0
6.446329108399834 0.0
6.446329108399834 0.0
6.446329108399834 0.0
6.446329108399834 0.0
6.446329108399834 0.0
6.446329108399834 0.0
6.446329108399834 0.0
6.446329108399834 0.0
6.446329108399834 0.0
6.446329108399834 0.0
6.446329108399834 0.0
6.446329108399834 0.0
6.446329108399834 0.0
6.446329108399834 0.0
6.446329108399834 0.0
6.446329108399834 0.0
6.446329108399834 0.0
6.446329108399834 0.0
6.446329108399834 0.0
6.446329108399834 0.0
6.446329108399834 0.0
6.446329108399834 0.0
6.446329108399834 0.0
6.446329108399834 0.0
6.446329108399834 0.0
6.446329108399834 0.0
6.446329108399834 0.0
6.446329108399834 0.0
6.446329108399834 0.0
6.446329108399834 0.0
6.446329108399834 0.0
6.446329108399834 0.0
6.446329108399834 0.0
6.446329108399834 0.0
6.446329108399834 0.0
6.446329108399834 0.0
6.446329108399834 0.0
6.446329108399834 0.0
6.446329108399834 0.0
6.446329108399834 0.0
6.446329108399834 0.0
6.446329108399834 0.0
6.446329108399834 0.0
6.446329108399834 0.0
6.446329108399834 0.0
6.446329108399834 0.0
6.446329108399834 0.0
6.446329108399834 0.0
6.446329108399834 0.0
6.446329108399834 0.0
6.446329108399834 0.0
6.446329108399834 0.0
6.446329108399834 0.0
6.446329108399834 0.0
6.446329108399834 0.0
6.446329108399834 0.0
6.446329108399834 0.0
6.446329108399834 0.0
6.446329108399834 0.0
6.446329108399834 0.0
6.446329108399834 0.0
6.446329108399834 0.0
6.446329108399834 0.0
6.446329108399834 0.0
6.446329108399834 0.0
6.446329108399834 0.0
6.446329108399834 0.0
6.446329108399834 0.0
6.446329108399834 0.0
6.446329108399834 0.0
6.446329108399834 0.0
6.446329108399834 0.0
6.446329108399834 0.0
6.446329108399834 0.0
6.446329108399834 0.0
6.446329108399834 0.0
6.446329108399834 0.0
6.446329108399834 0.0
6.446329108399834 0.0
6.446329108399834 0.0
6.446329108399834 0.0
6.446329108399834 0.0
6.446329108399834 0.0
6.446329108399834 0.0
6.446329108399834 0.0
6.446329108399834 0.0
6.446329108399834 0.0
6.446329108399834 0.0
6.446329108399834 0.0
6.446329108399834 0.0
6.446329108399834 0.0
6.446329108399834 0.0
6.446329108399834 0.0
6.446329108399834 0.0
6.446329108399834 0.0
6.446329108399834 0.0
6.446329108399834 0.0
6.446329108399834 0.0
6.446329108399834 0.0
6.446329108399834 0.0
6.446329108399834 0.0
6.446329108399834 0.0
6.446329108399834 0.0
6.446329108399834 0.0
6.446329108399834 0.0
6.446329108399834 0.0
6.446329108399834 0.0
6.446329108399834 0.0
6.446329108399834 0.0
6.446329108399834 0.0
6.446329108399834 0.0
6.446329108399834 0.0
6.446329108399834 0.0
6.446329108399834 0.0
6.446329108399834 0.0
6.446329108399834 0.0
6.446329108399834 0.0
6.446329108399834 0.0
6.446329108399834 0.0
6.446329108399834 0.0
6.446329108399834 0.0
6.446329108399834 0.0
6.446329108399834 0.0
6.446329108399834 0.0
6.446329108399834 0.0
6.446329108399834 0.0
6.446329108399834 0.0
6.446329108399834 0.0
6.446329108399834 0.0
6.446329108399834 0.0
6.446329108399834 0.0
6.446329108399834 0.0
6.446329108399834 0.0
6.446329108399834 0.0
6.446329108399834 0.0
6.446329108399834 0.0
6.446329108399834 0.0
6.446329108399834 0.0
6.446329108399834 0.0
6.446329108399834 0.0
6.446329108399834 0.0
6.446329108399834 0.0
6.446329108399834 0.0
6.446329108399834 0.0
6.446329108399834 0.0
6.446329108399834 0.0
6.446329108399834 0.0
6.446329108399834 0.0
6.446329108399834 0.0
6.446329108399834 0.0
6.446329108399834 0.0
6.446329108399834 0.0
6.820017944423665 0.005836147535139818
6.820017944423665 0.005836147535139818
6.820017944423665 0.005836147535139818
6.820017944423665 0.0
6.820017944423665 0.0
6.820017944423665 0.0
6.820017944423665 0.0
6.820017944423665 0.0
6.820017944423665 0.0
6.820017944423665 0.0
6.820017944423665 0.0
6.820017944423665 0.0
6.820017944423665 0.0
6.820017944423665 0.0
6.820017944423665 0.0
6.820017944423665 0.0
6.820017944423665 0.0
6.820017944423665 0.0
6.820017944423665 0.0
6.820017944423665 0.0
6.820017944423665 0.0
6.820017944423665 0.0
6.820017944423665 0.0
6.820017944423665 0.0
6.820017944423665 0.0
6.820017944423665 0.0
6.820017944423665 0.0
6.820017944423665 0.0
6.820017944423665 0.0
6.820017944423665 0.0
6.820017944423665 0.0
6.820017944423665 0.0
6.820017944423665 0.0
6.820017944423665 0.0
6.820017944423665 0.0
6.820017944423665 0.0
6.820017944423665 0.0
6.955725561065819 0.005603654213656184
6.955725561065819 0.0
6.955725561065819 0.0
6.955725561065819 0.0
6.955725561065819 0.0
7.476069520569996 0.008461281726940129
7.476069520569996 0.008461281726940129
7.476069520569996 0.008461281726940129
7.476069520569996 0.008461281726940129
7.914421775472402 0.009949645481497776
7.914421775472402 0.009949645481497776
7.914421775472402 0.009949645481497776
7.914421775472402 0.009949645481497776
7.914421775472402 0.009949645481497776
7.914421775472402 0.009949645481497776
7.914421775472402 0.009949645481497776
7.914421775472402 0.009949645481497776
7.914421775472402 0.004974822740748888
7.914421775472402 0.004974822740748888
7.914421775472402 0.004974822740748888
7.914421775472402 0.004974822740748888
7.914421775472402 0.004974822740748888
7.914421775472402 0.004974822740748888
7.914421775472402 0.004974822740748888
7.914421775472402 0.0
7.914421775472402 0.0
7.914421775472402 0.0
7.914421775472402 0.0
7.914421775472402 0.0
7.914421775472402 0.0
7.914421775472402 0.0
7.914421775472402 0.0
7.914421775472402 0.0
7.914421775472402 0.005836147535139818
7.914421775472402 0.005836147535139818
7.914421775472402 0.005836147535139818
7.914421775472402 0.005836147535139818
7.914421775472402 0.005836147535139818
7.914421775472402 0.005836147535139818
7.914421775472402 0.005836147535139818
7.914421775472402 0.005836147535139818
7.914421775472402 0.005836147535139818
7.914421775472402 0.005836147535139818
7.914421775472402 0.005836147535139818
7.914421775472402 0.005836147535139818
7.914421775472402 0.005836147535139818
7.914421775472402 0.005836147535139818
7.914421775472402 0.005836147535139818
7.914421775472402 0.005836147535139818
7.914421775472402 0.0
7.914421775472402 0.0
7.914421775472402 0.0
7.914421775472402 0.0
7.914421775472402 0.0
7.914421775472402 0.0
7.914421775472402 0.0
7.914421775472402 0.0
7.914421775472402 0.0
7.914421775472402 0.0
8.003754977011434 0.0031339261076614947
8.003754977011434 0.0
8.003754977011434 0.0
8.003754977011434 0.0
8.003754977011434 0.0
8.003754977011434 0.0
8.003754977011434 0.0
8.003754977011434 0.0
8.003754977011434 0.0
8.003754977011434 0.0
8.003754977011434 0.0
8.003754977011434 0.0
8.003754977011434 0.0
8.003754977011434 0.0
8.003754977011434 0.0
8.003754977011434 0.0
8.003754977011434 0.0
8.003754977011434 0.0
8.003754977011434 0.0
8.003754977011434 0.005603654213656184
8.003754977011434 0.005603654213656184
8.003754977011434 0.005603654213656184
8.003754977011434 0.005603654213656184
8.003754977011434 0.0
8.003754977011434 0.0
8.003754977011434 0.0
8.003754977011434 0.0
8.003754977011434 0.004813486567672269
8.003754977011434 0.004813486567672269
8.003754977011434 0.004813486567672269
8.003754977011434 0.004813486567672269
8.003754977011434 0.004813486567672269
8.003754977011434 0.004813486567672269
8.003754977011434 0.004813486567672269
8.003754977011434 0.004813486567672269
8.003754977011434 0.004813486567672269
8.003754977011434 0.004813486567672269
8.003754977011434 0.004813486567672269
8.003754977011434 0.004813486567672269
8.003754977011434 0.004813486567672269
8.003754977011434 0.004813486567672269
8.003754977011434 0.004813486567672269
8.003754977011434 0.004813486567672269
8.003754977011434 0.004813486567672269
8.003754977011434 0.004813486567672269
8.003754977011434 0.004813486567672269
8.003754977011434 0.004813486567672269
8.003754977011434 0.0
8.003754977011434 0.0
8.003754977011434 0.0
8.003754977011434 0.0
8.003754977011434 0.0
8.044098242513982 0.0010615681385028868
8.044098242513982 0.0010615681385028868
8.044098242513982 0.0010615681385028868
8.044098242513982 0.0010615681385028868
8.044098242513982 0.0010615681385028868
8.044098242513982 0.0010615681385028868
8.044098242513982 0.0010615681385028868
8.044098242513982 0.0010615681385028868
8.044098242513982 0.0010615681385028868
8.044098242513982 0.0010615681385028868
8.044098242513982 0.0010615681385028868
8.044098242513982 0.0010615681385028868
8.044098242513982 0.0010615681385028868
8.044098242513982 0.0010615681385028868
8.044098242513982 0.0010615681385028868
8.044098242513982 0.0010615681385028868
8.044098242513982 0.0010615681385028868
8.044098242513982 0.0010615681385028868
8.044098242513982 0.0010615681385028868
8.044098242513982 0.0010615681385028868
8.044098242513982 0.0
8.044098242513982 0.0
8.044098242513982 0.0
8.044098242513982 0.0
8.044098242513982 0.0
8.044098242513982 0.0
8.044098242513982 0.0
8.044098242513982 0.0
8.044098242513982 0.0
8.044098242513982 0.0
8.044213643722456 0.0017540863153506245
8.044213643722456 0.0017540863153506245
8.044213643722456 0.0017540863153506245
8.044213643722456 0.0017540863153506245
8.044213643722456 0.0017540863153506245
8.044213643722456 0.0017540863153506245
8.044213643722456 0.0017540863153506245
8.044213643722456 0.0017540863153506245
8.044213643722456 0.0
8.044213643722456 0.0
8.044213643722456 0.002472005011339931
8.044213643722456 0.0
8.044213643722456 0.0
8.044213643722456 0.0
8.044213643722456 0.0
8.044213643722456 0.0
8.044213643722456 0.0
8.044213643722456 0.0
8.044213643722456 0.0
8.044213643722456 0.0
8.044213643722456 0.0
8.044213643722456 0.0
8.044213643722456 0.0
8.044213643722456 0.0
8.044213643722456 0.0
8.044213643722456 0.0
8.044213643722456 0.0
8.103403309253721 0.0019368957622947311
8.103403309253721 0.0019368957622947311
8.103403309253721 0.0019368957622947311
8.103403309253721 0.0019368957622947311
8.103403309253721 0.0019368957622947311
8.103403309253721 0.0019368957622947311
8.103403309253721 0.0019368957622947311
8.103403309253721 0.0
8.103403309253721 0.0
8.103403309253721 0.0
8.103403309253721 0.0
8.103403309253721 0.0
8.103403309253721 0.0
8.103403309253721 0.0
8.103403309253721 0.0
8.103403309253721 0.0
8.103403309253721 0.0
8.103403309253721 0.0
8.103403309253721 0.0
8.103403309253721 0.0
8.306637061771058 0.0025914348215030024
8.306637061771058 0.0025914348215030024
8.306637061771058 0.0016196548375869318
8.306637061771058 0.0016196548375869318
8.306637061771058 0.002813871877272657
8.306637061771058 0.002813871877272658
8.306637061771058 0.002813871877272658
8.306637061771058 0.003547589449906149
8.306637061771058 0.002532797109480733
8.306637061771058 0.002532797109480733
8.306637061771058 0.002532797109480733
8.306637061771058 0.001744412083520719
8.306637061771058 0.001744412083520719
8.306637061771058 0.001744412083520719
8.306637061771058 0.001744412083520719
8.306637061771058 0.001744412083520719
8.306637061771058 0.001744412083520719
8.306637061771058 0.0015231340144563827
8.306637061771058 0.0015231340144563827
8.306637061771058 8.722060417603595E-4
8.443652612460259 0.0028761628748359054
8.443652612460259 0.0028761628748359054
8.443652612460259 0.0028761628748359054
8.443652612460259 0.0035884307255064285
8.443652612460259 0.0035884307255064285
8.443652612460259 0.003324080442428813
8.443652612460259 0.003324080442428813
8.443652612460259 0.005830525691402253
8.443652612460259 0.0042804411979509155
8.443652612460259 0.0042804411979509155
8.443652612460259 0.003972526117667014
8.443652612460259 0.003727281878800254
8.443652612460259 0.003040344049050473
8.443652612460259 0.003040344049050473
8.443652612460259 0.00363127026918312
8.443652612460259 0.002919002418512597
8.443652612460259 0.002919002418512597
8.443652612460259 0.0036867360431976194
8.443652612460259 0.0036867360431976194
8.443652612460259 0.0036867360431976194
8.443652612460259 0.0036867360431976194
8.443652612460259 0.0036867360431976194
8.443652612460259 0.0036867360431976194
8.518217172699938 0.004967180865048671
8.518217172699938 0.004376254644916023
8.518217172699938 0.00406563202759718
8.518217172699938 0.00406563202759718
8.518217172699938 0.0037343821112519092
8.518217172699938 0.0037343821112519084
8.518217172699938 0.005381137901906572
8.518217172699938 0.004479135751216156
8.518217172699938 0.004102199305942769
8.518217172699938 0.004102199305942769
8.518217172699938 0.002030897422916554
8.518217172699938 0.0032199348524414744
8.7672673767379 0.00435450749538078
8.7672673767379 0.005904591988832118
8.7672673767379 0.007158412892283215
8.7672673767379 0.0075790572385036345
8.7672673767379 0.0075790572385036345
8.7672673767379 0.0075790572385036345
8.7672673767379 0.006598459477474053
8.7672673767379 0.006598459477474053
8.7672673767379 0.007184449136043409
8.7672673767379 0.007139849620462111
8.7672673767379 0.007139849620462111
8.7672673767379 0.0069857324859134
8.7672673767379 0.005946605930533857
8.7672673767379 0.005852009529966914
8.7672673767379 0.00325673292624672
8.7672673767379 0.0018880773915104143
8.7672673767379 0.0017575409254407385
8.7672673767379 0.003130424224505302
8.7672673767379 0.0025529100914598226
8.7672673767379 0.0025529100914598226
8.7672673767379 0.004659026266700704
8.7672673767379 0.005189912063291027
8.7672673767379 0.005189912063291027
8.7672673767379 0.004192335002372119
8.7672673767379 0.004192335002372119
8.7672673767379 0.005324460241791273
8.7672673767379 0.005773358165414894
8.7672673767379 0.005773358165414894
8.7672673767379 0.005498955113968431
8.7672673767379 0.005498955113968431
8.7672673767379 0.005498955113968431
8.7672673767379 0.005498955113968431
8.7672673767379 0.005498955113968431
8.7672673767379 0.0054285249109657365
8.7672673767379 0.0054285249109657365
8.7672673767379 0.005428524910965737
8.7672673767379 0.0049728450693364065
8.7672673767379 0.0049728450693364065
8.7672673767379 0.004905145031384505
8.7672673767379 0.005384394191265324
8.7672673767379 0.0049206933667903015
8.7672673767379 0.0049206933667903015
8.7672673767379 0.0049206933667903015
8.7672673767379 0.0049206933667903015
8.7672673767379 0.0049206933667903015
8.836711277180155 0.0046448545135006555
8.836711277180155 0.0040096889050191915
8.836711277180155 0.003947632468211221
8.836711277180155 0.003947632468211221
8.836711277180155 0.004625435316917237
8.836711277180155 0.004625435316917237
8.836711277180155 0.004625435316917237
8.836711277180155 0.0052471593332460075
8.836711277180155 0.005643577395960002
8.836711277180155 0.005172448619932254
8.836711277180155 0.004606803435980728
8.836711277180155 0.004606803435980728
8.836711277180155 0.00526322329755278
8.836711277180155 0.0049726910407759525
8.836711277180155 0.0049726910407759525
8.836711277180155 0.0049726910407759525
8.836711277180155 0.005678128824294117
8.836711277180155 0.005786885973517441
8.836711277180155 0.005786885973517441
8.836711277180155 0.005786885973517441
8.836711277180155 0.005786885973517441
8.836711277180155 0.006658983220860594
8.836711277180155 0.00424081056554559
8.836711277180155 0.00424081056554559
8.836711277180155 0.00424081056554559
8.836711277180155 0.002827210242104425
8.836711277180155 0.002827210242104425
8.836711277180155 0.002827210242104425
8.836711277180155 0.002121772458586262
8.836711277180155 0.002121772458586262
8.836711277180155 0.0012496752112431094
8.836711277180155 7.037685979428518E-4
8.836711277180155 7.037685979428518E-4
8.836711277180155 7.037685979428518E-4
8.836711277180155 7.037685979428518E-4
8.929339448536869 9.111751797123402E-4
8.96879824491613 0.0010529261257125856
8.96879824491613 0.0010529261257125856
8.96879824491613 0.0013057098266467248
8.96879824491613 0.0018142835285715286
8.96879824491613 0.0018142835285715286
8.96879824491613 0.0018142835285715286
8.96879824491613 0.0018142835285715286
8.96879824491613 0.0020480475148913413
8.96879824491613 0.0020480475148913413
8.96879824491613 0.002014314153443779
8.96879824491613 0.002014314153443779
8.96879824491613 0.002014314153443779
8.96879824491613 0.002014314153443779
8.96879824491613 0.0017154705608671745
8.96879824491613 0.0018182598058104154
8.96879824491613 0.0018182598058104154
8.96879824491613 0.0018182598058104154
8.96879824491613 0.001486860741023731
8.96879824491613 0.001486860741023731
8.96879824491613 0.0018297005797840615
8.96879824491613 0.0018297005797840615
8.96879824491613 0.002090595468328973
8.96879824491613 0.002090595468328973
8.96879824491613 0.0014151282990455371
8.96879824491613 0.0014151282990455371
9.022677984569656 0.0015761932878276819
9.022677984569656 0.0015761932878276819
9.022677984569656 0.0015761932878276819
9.022677984569656 0.0015761932878276819
9.022677984569656 0.0015761932878276819
9.022677984569656 0.0015761932878276819
9.022677984569656 0.001709377639797817
9.022677984569656 0.001709377639797817
9.022677984569656 0.001709377639797817
9.022677984569656 0.001709377639797817
9.022677984569656 0.002192492926492588
9.022677984569656 0.002192492926492588
9.022677984569656 0.0023052304439815357
9.022677984569656 0.0023052304439815353
9.022677984569656 0.0020532780302102978
9.022677984569656 0.0020532780302102978
9.022677984569656 0.0020532780302102978
9.022677984569656 0.0020532780302102978
9.022677984569656 0.002094833734302214
9.022677984569656 0.0020869765577748575
9.022677984569656 0.002086976557774857
9.022677984569656 0.002266966335410186
9.022677984569656 0.002058824017048556
9.022677984569656 0.002058824017048556
9.027403263834863 0.002388631172077453
9.027403263834863 0.002388631172077453
9.027403263834863 0.002388631172077453
9.027403263834863 0.0026697589565027767
9.027403263834863 0.0026697589565027767
9.027403263834863 0.002877607525124303
9.027403263834863 0.002311611301174613
9.027403263834863 0.002311611301174613
9.027403263834863 0.002097045926720063
9.027403263834863 0.002097045926720063
9.027403263834863 0.0019491024942648743
9.027403263834863 0.0014361295883588137
9.027403263834863 0.0015778805343590588
9.027403263834863 0.0015623357072024411
9.027403263834863 0.001781087998815539
9.027403263834863 0.002012889126046302
9.054965764347125 0.0019659938876088355
9.054965764347125 0.0022530947927742553
9.054965764347125 0.002053112151468581
9.054965764347125 0.0021719877445537748
9.054965764347125 0.0021719877445537748
9.054965764347125 0.0019834291659501695
9.054965764347125 0.0018520442400550745
9.101484335596751 0.002020485035832387
9.101484335596751 0.0020926350910811745
9.101484335596751 0.0016315738040031899
9.101484335596751 0.0016315738040031899
9.135250837440823 0.0016897442320021301
9.135250837440823 0.0016897442320021301
9.135250837440823 0.0018462663025546667
9.135250837440823 0.0020592058370982875
9.135250837440823 0.0017750493475928075
9.151057239097275 0.0018154603082104223
9.151057239097275 0.0020312907225830622
9.199426617414632 0.0021333325363235562
9.199426617414632 0.0021333325363235567
9.199426617414632 0.0021107895066458378
9.199426617414632 0.0022395978399313925
9.199426617414632 0.002157262566523362
9.199426617414632 0.0018880514337724793
9.199426617414632 0.001951228532277743
9.199426617414632 0.0014998209669117612
9.199426617414632 0.001337339408388635
9.199426617414632 0.001517828453762805
9.199426617414632 0.0019086294763395787
9.199426617414632 0.0021060310849588247
9.199426617414632 0.0018893870404737031
9.199426617414632 0.0018893870404737031
9.199426617414632 0.0017844690140740623
9.199426617414632 0.0020470734297678692
9.218096832825267 0.0023472090951275975
9.218096832825267 0.002276917420899714
9.218096832825267 0.002079515812280468
9.218096832825267 0.0019094465395059353
9.246588534979024 0.0017686797969505169
9.246588534979024 0.0016111589037736366
9.246588534979024 0.0017282971765134084
9.257670768077318 0.0017454956611949288
9.257670768077318 0.0019201035200886898
9.257670768077318 0.0018385233334310223
9.257670768077318 0.0019990216113428484
9.257670768077318 0.0018892645843643925
9.257670768077318 0.0018371985734861051
9.257670768077318 0.00196638650702028
9.257670768077318 0.0019718638871111973
9.257670768077318 0.0016019796019043939
9.257670768077318 0.0018671001621498365
9.257670768077318 0.0019171175832048387
9.257670768077318 0.001844948844362126
9.257670768077318 0.0017448189699895331
9.257670768077318 0.0015892868457151686
9.257670768077318 0.0016347123961182317
9.257670768077318 0.00178221510960303
9.257670768077318 0.0017822151096030297
9.257670768077318 0.001717629791662173
9.257670768077318 0.0016173407626546572
9.257670768077318 0.0016473737397761652
9.257670768077318 0.001214190460055354
9.257670768077318 9.876722281272103E-4
9.257670768077318 0.0011839318375000188
9.257670768077318 0.0012828115627303658
9.257670768077318 0.001178228075126238
9.257670768077318 0.0013091808338035705
9.257670768077318 0.0012194390231831608
9.262075279701381 0.0013239810064401155
9.279125488263624 0.0011100767636425056
9.279125488263624 0.0010754719101512052
9.279125488263624 8.03319455609515E-4
9.279125488263624 7.996921801654077E-4
9.279125488263624 8.000049843278864E-4
9.279125488263624 6.520655471460447E-4
9.279125488263624 6.960136251021576E-4
9.279125488263624 6.496762057075029E-4
9.279125488263624 5.353312161027562E-4
9.279125488263624 4.841358624507491E-4
9.279125488263624 5.348377972274251E-4
9.279125488263624 5.573259964005303E-4
9.279125488263624 4.988886642508681E-4
9.279125488263624 4.662353372230259E-4
9.279125488263624 4.228782478846013E-4
9.279125488263624 3.925324730597602E-4
9.279125488263624 3.416331099067785E-4
9.279125488263624 3.416331099067785E-4
9.279125488263624 2.5982583358252753E-4
9.279125488263624 2.598258335825276E-4
9.279125488263624 3.3845362197727145E-4
9.279125488263624 4.0734221355575873E-4
9.279125488263624 4.0734221355575873E-4
9.279125488263624 4.052457585891453E-4
9.279125488263624 3.961402820028379E-4
9.279125488263624 3.7465332110529743E-4
9.279125488263624 2.8311940034661526E-4
9.2808123763637 2.3918010243578335E-4
9.28133883799588 2.5489450462047814E-4
9.282713384562529 2.5086025352861937E-4
9.282713384562529 2.1435630764554456E-4
9.282713384562529 1.8129907587489E-4
9.282713384562529 1.8129907587489E-4
9.282713384562529 2.1572024552484172E-4
9.282713384562529 1.931440980509302E-4
9.282713384562529 1.931440980509302E-4
9.282713384562529 1.5872292840097844E-4
9.296603456586874 1.2904512806683537E-4
9.296603456586874 1.2904512806683537E-4
9.296603456586874 8.818642808869169E-5
9.296603456586874 6.199211981826388E-5
9.296603456586874 6.199211981826388E-5
9.297247285040637 1.1559255371435194E-4
9.297247285040637 1.3776088946019084E-4
9.297247285040637 9.543646714625844E-5
9.297247285040637 7.633207138482874E-5
9.297247285040637 6.463859570606297E-5
9.297247285040637 8.023391996772867E-5
9.297247285040637 9.44491839390002E-5
9.303229325831847 8.875499210631026E-5
9.303229325831847 8.174607864909489E-5
9.303229325831847 1.0423427782220007E-4
9.305205422934172 9.872249776857258E-5
9.305205422934172 1.1856333498928666E-4
9.305205422934172 1.2980684769812531E-4
9.305205422934172 1.328444207542758E-4
9.305205422934172 1.328444207542758E-4
9.305205422934172 1.6995118151799836E-4
9.305205422934172 1.4746298234489315E-4
9.305205422934172 1.4746298234489315E-4
9.305205422934172 1.4746298234489315E-4
9.305205422934172 1.2913975301801457E-4
9.305205422934172 1.4467662763682383E-4
9.305205422934172 1.4422811073465044E-4
9.305205422934172 1.4422811073465044E-4
9.305205422934172 1.4422811073465044E-4
9.305205422934172 1.5686619346431198E-4
9.305205422934172 1.721678562929588E-4
9.305205422934172 1.787872201449809E-4
9.305205422934172 2.2131580902354169E-4
9.305205422934172 2.1225197635892966E-4
9.305205422934172 1.748994422421254E-4
9.305205422934172 1.6982603394472004E-4
9.305205422934172 1.5329011307294705E-4
9.305205422934172 1.6453947647400435E-4
9.305205422934172 1.5674957432790929E-4
9.305205422934172 1.567495743279093E-4
9.305205422934172 1.5674957432790929E-4
9.305205422934172 1.2648321446522462E-4
9.305205422934172 1.3027118008888686E-4
9.305205422934172 1.2546297511894245E-4
9.305205422934172 1.159456202840389E-4
9.305205422934172 1.2504423920820467E-4
9.307896442424981 1.5900938012239932E-4
9.307896442424981 1.5900938012239932E-4
9.307896442424981 1.5203846281622082E-4
9.307896442424981 1.5203846281622082E-4
9.307896442424981 1.512332419183923E-4
9.307896442424981 1.4840808341196317E-4
9.307896442424981 1.4840808341196317E-4
9.307896442424981 1.3565998377934238E-4
9.307896442424981 1.3565998377934238E-4
9.307896442424981 1.3565998377934238E-4
9.307896442424981 1.3026577916679466E-4
9.307896442424981 1.344599987617817E-4
9.307896442424981 1.3445999876178166E-4
9.307896442424981 1.344599987617817E-4
9.307896442424981 1.344599987617817E-4
9.307896442424981 1.344599987617817E-4
9.307896442424981 1.344599987617817E-4
9.31034043853688 1.436737944708757E-4
9.31034043853688 1.6514662063260395E-4
9.31034043853688 1.6514662063260395E-4
9.31034043853688 1.6514662063260395E-4
9.31034043853688 1.6514662063260395E-4
9.31034043853688 1.6285563649996417E-4
9.31034043853688 1.6285563649996417E-4
9.31034043853688 1.4626098533655058E-4
9.31034043853688 1.4048436717013652E-4
9.31034043853688 1.106933275323939E-4
9.31034043853688 1.106933275323939E-4
9.31034043853688 1.106933275323939E-4
9.31034043853688 1.1017891022793472E-4
9.31724069971279 1.2272696946058888E-4
9.330981931250303 1.1591797251432865E-4
9.330981931250303 1.1739216099005977E-4
9.330981931250303 1.1739216099005977E-4
9.330981931250303 1.0397355027346745E-4
9.330981931250303 1.0058783116475285E-4
9.330981931250303 9.186971092856725E-5
9.330981931250303 9.186971092856725E-5
9.330981931250303 9.876214434541579E-5
9.330981931250303 8.240583015472131E-5
9.330981931250303 7.71631597057454E-5
9.330981931250303 7.71631597057454E-5
9.330981931250303 7.71631597057454E-5
9.330981931250303 7.71631597057454E-5
9.330981931250303 2.5230158351878364E-5
9.330981931250303 2.5230158351878364E-5
9.330981931250303 2.5230158351878364E-5
9.330981931250303 4.65444378061243E-5
9.330981931250303 6.549179112814145E-5
9.330981931250303 5.85993577112929E-5
9.330981931250303 5.859935771129289E-5
9.330981931250303 5.85993577112929E-5
9.330981931250303 5.859935771129289E-5
9.330981931250303 6.522143241002591E-5
9.330981931250303 4.996723942552423E-5
9.330981931250303 4.996723942552423E-5
9.330981931250303 5.4449993637617566E-5
9.330981931250303 5.4449993637617566E-5
9.330981931250303 4.7738699184755824E-5
9.330981931250303 5.395633729580947E-5
9.330981931250303 5.3956337295809484E-5
9.330981931250303 4.592973844943087E-5
9.330981931250303 4.592973844943087E-5
9.330981931250303 5.767793446435407E-5
9.330981931250303 5.767793446435407E-5
9.330981931250303 5.2605369877081487E-5
9.330981931250303 5.2605369877081487E-5
9.330981931250303 4.9347291942979245E-5
9.330981931250303 5.507205743204282E-5
9.330981931250303 5.507205743204282E-5
9.330981931250303 5.043666503787335E-5
9.330981931250303 5.043666503787335E-5
9.330981931250303 3.868846902295015E-5
9.330981931250303 3.872470505804991E-5
9.330981931250303 3.872470505804991E-5
9.330981931250303 4.68635189181316E-5
9.330981931250303 5.55769802382796E-5
9.330981931250303 5.030054432668415E-5
9.330981931250303 5.030054432668416E-5
9.330981931250303 4.1668426040915486E-5
9.330981931250303 3.2666681581629056E-5
9.330981931250303 3.2666681581629056E-5
9.330981931250303 3.2666681581629056E-5
9.330981931250303 3.2666681581629056E-5
9.330981931250303 3.2666681581629056E-5
9.330981931250303 3.2666681581629056E-5
9.330981931250303 3.2666681581629056E-5
9.330981931250303 3.2666681581629056E-5
9.330981931250303 2.5102515181613696E-5
9.330981931250303 2.5102515181613696E-5
9.330981931250303 2.5102515181613696E-5
9.330981931250303 2.5102515181613696E-5
9.330981931250303 2.5102515181613696E-5
9.330981931250303 2.5102515181613696E-5
9.330981931250303 2.5102515181613696E-5
9.330981931250303 1.742692264029601E-5
9.330981931250303 1.742692264029601E-5
9.330981931250303 1.742692264029601E-5
9.330981931250303 1.742692264029601E-5
9.330981931250303 1.4200617829405318E-5
9.330981931250303 1.4200617829405318E-5
9.330981931250303 1.4200617829405318E-5
9.330981931250303 1.4200617829405318E-5
9.330981931250303 1.4200617829405318E-5
9.330981931250303 1.4200617829405318E-5
9.330981931250303 1.4200617829405318E-5
9.330981931250303 0.0
9.330981931250303 0.0
9.330981931250303 0.0
9.330981931250303 0.0
9.330981931250303 0.0
9.330981931250303 0.0
9.330981931250303 0.0
9.330981931250303 6.89370111021615E-6
9.330981931250303 6.89370111021615E-6
9.330981931250303 6.89370111021615E-6
9.330981931250303 6.89370111021615E-6
9.330981931250303 6.89370111021615E-6
9.330981931250303 6.89370111021615E-6
9.330981931250303 6.89370111021615E-6
9.330981931250303 6.89370111021615E-6
9.330981931250303 6.89370111021615E-6
9.330981931250303 6.89370111021615E-6
9.330981931250303 6.89370111021615E-6
9.330981931250303 6.89370111021615E-6
9.330981931250303 6.89370111021615E-6
9.330981931250303 6.89370111021615E-6
9.330981931250303 0.0
9.330981931250303 0.0
9.330981931250303 0.0
9.330981931250303 0.0
9.330981931250303 0.0
9.330981931250303 0.0
9.330981931250303 0.0
9.330981931250303 0.0
9.330981931250303 0.0
9.330981931250303 0.0
9.330981931250303 0.0
9.330981931250303 0.0
9.330981931250303 0.0
9.330981931250303 0.0
9.330981931250303 0.0
9.330981931250303 0.0
9.330981931250303 0.0
9.330981931250303 0.0
9.330981931250303 0.0
9.330981931250303 0.0
9.330981931250303 0.0
9.330981931250303 0.0
9.330981931250303 0.0
9.330981931250303 0.0
9.330981931250303 0.0
9.330981931250303 0.0
9.330981931250303 0.0
9.330981931250303 0.0
9.330981931250303 0.0
9.330981931250303 0.0
9.330981931250303 0.0
9.330981931250303 0.0
9.330981931250303 0.0
9.330981931250303 0.0
9.330981931250303 0.0
9.330981931250303 0.0
9.330981931250303 0.0
9.330981931250303 0.0
9.330981931250303 0.0
9.330981931250303 0.0
9.330981931250303 0.0
9.330981931250303 0.0
9.330981931250303 0.0
9.330981931250303 0.0
9.330981931250303 0.0
9.330981931250303 0.0
9.330981931250303 0.0
9.330981931250303 0.0
9.330981931250303 0.0
9.330981931250303 0.0
9.330981931250303 0.0
9.330981931250303 0.0
9.330981931250303 0.0
9.330981931250303 0.0
9.330981931250303 0.0
9.330981931250303 0.0
9.330981931250303 0.0
9.330981931250303 0.0
9.330981931250303 0.0
9.330981931250303 0.0
9.330981931250303 0.0
9.330981931250303 0.0
9.330981931250303 0.0
9.330981931250303 0.0
9.330981931250303 0.0
9.330981931250303 0.0
9.330981931250303 0.0
9.330981931250303 0.0
9.330981931250303 0.0
9.330981931250303 0.0
9.330981931250303 0.0
9.330981931250303 0.0
9.330981931250303 0.0
9.330981931250303 0.0
9.330981931250303 0.0
9.330981931250303 0.0
9.330981931250303 0.0
9.330981931250303 0.0
9.330981931250303 0.0
9.330981931250303 0.0
9.330981931250303 0.0
9.330981931250303 0.0
9.330981931250303 0.0
9.330981931250303 0.0
9.330981931250303 0.0
9.330981931250303 0.0
9.330981931250303 0.0
9.330981931250303 0.0
9.330981931250303 0.0
9.330981931250303 0.0
9.330981931250303 0.0
9.330981931250303 0.0
9.330981931250303 0.0
9.330981931250303 0.0
9.330981931250303 0.0
9.330981931250303 0.0
9.330981931250303 0.0
9.330981931250303 0.0
9.330981931250303 0.0
9.330981931250303 0.0
9.330981931250303 0.0
9.330981931250303 0.0
9.330981931250303 0.0
9.330981931250303 0.0
9.330981931250303 0.0
9.330981931250303 0.0
9.330981931250303 0.0
9.330981931250303 0.0
9.330981931250303 0.0
9.330981931250303 0.0
9.33688092623406 5.694699229923242E-6
9.33688092623406 5.694699229923242E-6
9.33688092623406 5.694699229923242E-6
9.33688092623406 5.694699229923242E-6
9.33688092623406 5.694699229923242E-6
9.33688092623406 5.694699229923242E-6
9.33688092623406 5.694699229923242E-6
9.33688092623406 5.694699229923242E-6
9.33688092623406 5.694699229923242E-6
9.33688092623406 5.694699229923242E-6
9.33688092623406 5.694699229923242E-6
9.33688092623406 5.694699229923242E-6
9.33688092623406 5.694699229923242E-6
9.33688092623406 5.694699229923242E-6
9.33688092623406 5.694699229923242E-6
9.33688092623406 5.694699229923242E-6
9.33688092623406 5.694699229923242E-6
9.33688092623406 5.694699229923242E-6
9.33688092623406 5.694699229923242E-6
9.33688092623406 5.694699229923242E-6
9.33688092623406 5.694699229923242E-6
9.33688092623406 5.694699229923242E-6
9.33688092623406 5.694699229923242E-6
9.33688092623406 5.694699229923242E-6
9.33688092623406 5.694699229923242E-6
9.33688092623406 0.0
9.33688092623406 0.0
9.33688092623406 0.0
9.33688092623406 0.0
9.33688092623406 0.0
9.33688092623406 0.0
9.33688092623406 0.0
9.33688092623406 0.0
9.33688092623406 0.0
9.33688092623406 0.0
9.33688092623406 0.0
9.33688092623406 0.0
9.33688092623406 0.0
9.33688092623406 0.0
9.33688092623406 0.0
9.33688092623406 0.0
9.33688092623406 0.0
9.33688092623406 0.0
9.33688092623406 0.0
9.33688092623406 0.0
9.33688092623406 0.0
9.33688092623406 0.0
9.33688092623406 0.0
9.33688092623406 0.0
9.33688092623406 0.0
9.33688092623406 0.0
9.33688092623406 0.0
9.33688092623406 0.0
9.33688092623406 0.0
9.33688092623406 0.0
9.33688092623406 0.0
9.33688092623406 0.0
9.33688092623406 0.0
9.33688092623406 0.0
9.33688092623406 0.0
9.33688092623406 0.0
9.33688092623406 0.0
9.33688092623406 0.0
9.33688092623406 0.0
9.33688092623406 0.0
9.33688092623406 0.0
9.33688092623406 0.0
9.33688092623406 0.0
9.33688092623406 0.0
9.33688092623406 0.0
9.33688092623406 0.0
9.33688092623406 0.0
9.33688092623406 0.0
9.33688092623406 0.0
9.33688092623406 0.0
9.33688092623406 0.0
9.33688092623406 0.0
9.33688092623406 0.0
9.33688092623406 0.0
9.33688092623406 0.0
9.33688092623406 0.0
9.33688092623406 0.0
9.33688092623406 0.0
9.33688092623406 0.0
9.33688092623406 0.0
9.33688092623406 0.0
9.33688092623406 0.0
9.33688092623406 0.0
9.33688092623406 0.0
9.33688092623406 0.0
9.33688092623406 0.0
9.33688092623406 0.0
9.33688092623406 0.0
9.33688092623406 0.0
9.33688092623406 0.0
9.33688092623406 0.0
9.33688092623406 0.0
9.33688092623406 0.0
9.33688092623406 0.0
9.33688092623406 0.0
9.33688092623406 0.0
9.33688092623406 0.0
9.33688092623406 0.0
9.33688092623406 0.0
9.33688092623406 0.0
9.33688092623406 0.0
9.33688092623406 0.0
9.33688092623406 0.0
9.33688092623406 0.0
9.33688092623406 0.0
9.33688092623406 0.0
9.33688092623406 0.0
9.33688092623406 0.0
9.33688092623406 0.0
9.33688092623406 0.0
9.33688092623406 5.694699229923242E-6
9.33688092623406 5.694699229923242E-6
9.33688092623406 5.694699229923242E-6
9.33688092623406 5.694699229923242E-6
9.33688092623406 5.694699229923242E-6
9.33688092623406 0.0
9.33688092623406 0.0
9.33688092623406 0.0
9.33688092623406 0.0
9.33688092623406 0.0
9.33688092623406 0.0
9.33688092623406 0.0
9.33688092623406 0.0
9.33688092623406 0.0
9.33688092623406 0.0
9.33688092623406 0.0
9.33688092623406 0.0
9.33688092623406 0.0
9.33688092623406 0.0
9.33688092623406 0.0
9.33688092623406 0.0
9.33688092623406 0.0
9.33688092623406 0.0
9.33688092623406 0.0
9.33688092623406 0.0
9.33688092623406 0.0
9.33688092623406 0.0
9.33688092623406 0.0
9.33688092623406 0.0
9.33688092623406 0.0
9.33688092623406 0.0
9.33688092623406 0.0
9.33688092623406 0.0
9.33688092623406 0.0
9.33688092623406 0.0
9.33688092623406 0.0
9.33688092623406 0.0
9.33688092623406 0.0
9.33688092623406 0.0
9.33688092623406 0.0
9.33688092623406 0.0
9.33688092623406 0.0
9.33688092623406 0.0
9.33688092623406 0.0
9.33688092623406 0.0
9.33688092623406 0.0
9.33688092623406 0.0
9.33688092623406 0.0
9.33688092623406 0.0
9.33688092623406 0.0
9.33688092623406 0.0
9.33688092623406 0.0
9.33688092623406 0.0
9.33688092623406 0.0
9.33688092623406 0.0
9.33688092623406 0.0
9.33688092623406 0.0
9.33688092623406 0.0
9.33688092623406 0.0
9.33688092623406 0.0
9.33688092623406 0.0
9.33688092623406 0.0
9.33688092623406 0.0
9.33688092623406 0.0
9.33688092623406 0.0
9.33688092623406 0.0
9.33688092623406 0.0
9.33688092623406 0.0
9.33688092623406 0.0
9.33688092623406 0.0
9.33688092623406 0.0
9.33688092623406 0.0
9.33688092623406 0.0
9.33688092623406 0.0
9.33688092623406 0.0
9.33688092623406 0.0
9.33688092623406 0.0
9.33688092623406 0.0
9.33688092623406 0.0
9.33688092623406 0.0
9.33688092623406 0.0
9.33688092623406 0.0
9.33688092623406 0.0
9.33688092623406 0.0
9.33688092623406 0.0
9.33688092623406 0.0
9.33688092623406 0.0
9.33688092623406 0.0
9.33688092623406 0.0
9.33688092623406 0.0
9.33688092623406 0.0
9.33688092623406 0.0
9.33688092623406 0.0
9.33688092623406 0.0
9.33688092623406 0.0
9.33688092623406 0.0
9.33688092623406 0.0
9.33688092623406 0.0
9.33688092623406 0.0
9.33688092623406 0.0
9.33688092623406 0.0
9.33688092623406 0.0
9.33688092623406 0.0
9.33688092623406 0.0
9.33688092623406 0.0
9.33688092623406 0.0
9.33688092623406 0.0
9.33688092623406 0.0
9.33688092623406 0.0
9.33688092623406 0.0
9.33688092623406 0.0
9.33688092623406 0.0
9.33688092623406 0.0
9.33688092623406 0.0
9.33688092623406 0.0
9.33688092623406 0.0
9.33688092623406 0.0
9.33688092623406 0.0
9.33688092623406 0.0
9.33688092623406 0.0
9.33688092623406 0.0
9.33688092623406 0.0
9.33688092623406 0.0
9.33688092623406 0.0
9.33688092623406 0.0
9.33688092623406 0.0
9.33688092623406 0.0
9.33688092623406 0.0
9.33688092623406 0.0
9.33688092623406 0.0
9.33688092623406 0.0
9.33688092623406 0.0
9.33688092623406 0.0
9.33688092623406 0.0
9.33688092623406 0.0
9.33688092623406 0.0
9.33688092623406 0.0
9.33688092623406 0.0
9.33688092623406 0.0
9.33688092623406 0.0
9.33688092623406 0.0
9.33688092623406 0.0
9.33688092623406 0.0
9.33688092623406 0.0
9.33688092623406 0.0
9.33688092623406 0.0
9.33688092623406 0.0
9.33688092623406 0.0
9.33688092623406 0.0
9.33688092623406 0.0
9.33688092623406 0.0
9.33688092623406 0.0
9.33688092623406 0.0
9.33688092623406 0.0
9.33688092623406 0.0
9.33688092623406 0.0
9.33688092623406 0.0
9.33688092623406 0.0
9.33688092623406 0.0
9.33688092623406 0.0
9.33688092623406 0.0
9.33688092623406 0.0
9.33688092623406 0.0
9.33688092623406 0.0
9.33688092623406 0.0
9.33688092623406 0.0
9.33688092623406 0.0
9.33688092623406 0.0
9.33688092623406 0.0
9.33688092623406 0.0
9.33688092623406 0.0
9.33688092623406 0.0
9.33688092623406 0.0
9.33688092623406 0.0
9.33688092623406 0.0
9.33688092623406 0.0
9.33688092623406 0.0
9.33688092623406 0.0
9.33688092623406 0.0
9.33688092623406 0.0
9.33688092623406 0.0
9.33688092623406 0.0
9.33688092623406 0.0
9.33688092623406 0.0
9.33688092623406 0.0
9.33688092623406 0.0
9.33688092623406 0.0
9.33688092623406 0.0
9.33688092623406 0.0
9.33688092623406 0.0
9.33688092623406 0.0
9.33688092623406 0.0
9.33688092623406 0.0
9.33688092623406 0.0
9.33688092623406 0.0
9.33688092623406 0.0
9.33688092623406 0.0
9.33688092623406 0.0
9.33688092623406 0.0
9.33688092623406 0.0
9.33688092623406 0.0
9.33688092623406 0.0
9.33688092623406 0.0
9.33688092623406 0.0
9.33688092623406 0.0
9.33688092623406 0.0
9.33688092623406 0.0
9.33688092623406 0.0
9.33688092623406 0.0
9.33688092623406 0.0
9.33688092623406 0.0
9.33688092623406 0.0
9.33688092623406 0.0
9.33688092623406 0.0
9.33688092623406 0.0
9.33688092623406 0.0
9.33688092623406 0.0
9.33688092623406 0.0
9.33688092623406 0.0
9.33688092623406 0.0
9.33688092623406 0.0
9.33688092623406 0.0
9.33688092623406 0.0
9.33688092623406 0.0
9.33688092623406 0.0
9.33688092623406 0.0
9.33688092623406 0.0
9.33688092623406 0.0
9.33688092623406 0.0
9.33688092623406 0.0
9.33688092623406 0.0
9.33688092623406 0.0
9.33688092623406 0.0
9.33688092623406 0.0
9.33688092623406 0.0
9.33688092623406 0.0
9.33688092623406 0.0
9.33688092623406 0.0
9.33688092623406 0.0
9.33688092623406 0.0
9.33688092623406 0.0
9.33688092623406 0.0
9.33688092623406 0.0
9.33688092623406 0.0
9.33688092623406 0.0
9.33688092623406 0.0
9.33688092623406 0.0
9.33688092623406 0.0
9.33688092623406 0.0
9.33688092623406 0.0
9.33688092623406 0.0
9.33688092623406 0.0
9.33688092623406 0.0
9.33688092623406 0.0
9.33688092623406 0.0
9.33688092623406 0.0
9.33688092623406 0.0
9.33688092623406 0.0
9.33688092623406 0.0
9.33688092623406 0.0
9.33688092623406 0.0
9.33688092623406 0.0
9.33688092623406 0.0
9.33688092623406 0.0
9.33688092623406 0.0
9.33688092623406 0.0
9.33688092623406 0.0
9.33688092623406 0.0
9.33688092623406 0.0
9.33688092623406 0.0
9.33688092623406 0.0
9.33688092623406 0.0
9.33688092623406 0.0
9.33688092623406 0.0
9.33688092623406 0.0
9.33688092623406 0.0
9.33688092623406 0.0
9.33688092623406 0.0
9.33688092623406 0.0
9.33688092623406 0.0
9.33688092623406 0.0
9.33688092623406 0.0
9.33688092623406 0.0
9.33688092623406 0.0
9.33688092623406 0.0
9.33688092623406 0.0
9.33688092623406 0.0
9.33688092623406 0.0
9.33688092623406 0.0
9.33688092623406 0.0
9.33688092623406 0.0
9.33688092623406 0.0
9.33688092623406 0.0
9.33688092623406 0.0
9.33688092623406 0.0
9.33688092623406 0.0
9.33688092623406 0.0
9.33688092623406 0.0
9.33688092623406 0.0
9.33688092623406 0.0
9.33688092623406 0.0
9.33688092623406 0.0
9.33688092623406 0.0
9.33688092623406 0.0
9.33688092623406 0.0
9.33688092623406 0.0
9.33688092623406 0.0
9.33688092623406 0.0
9.33688092623406 0.0
9.33688092623406 0.0
9.33688092623406 0.0
9.33688092623406 0.0
9.33688092623406 0.0
9.33688092623406 0.0
9.33688092623406 0.0
9.33688092623406 0.0
9.33688092623406 0.0
9.33688092623406 0.0
9.33688092623406 0.0
9.33688092623406 0.0
9.33688092623406 0.0
9.33688092623406 0.0
9.33688092623406 0.0
9.33688092623406 0.0
9.33688092623406 0.0
9.33688092623406 0.0
9.33688092623406 0.0
9.33688092623406 0.0
9.33688092623406 0.0
9.336948119114325 6.4011531374734105E-6
9.336948119114325 6.4011531374734105E-6
9.336948119114325 6.4011531374734105E-6
9.336948119114325 6.4011531374734105E-6
9.336948119114325 6.4011531374734105E-6
9.336948119114325 6.4011531374734105E-6
9.336948119114325 6.4011531374734105E-6
9.336948119114325 0.0
9.336948119114325 0.0
9.336948119114325 0.0
9.336948119114325 0.0
9.336948119114325 0.0
9.336948119114325 0.0
9.336948119114325 0.0
9.336948119114325 0.0
9.336948119114325 0.0
9.336948119114325 0.0
9.336948119114325 0.0
9.336948119114325 0.0
9.336948119114325 0.0
9.336948119114325 0.0
9.336948119114325 0.0
9.336948119114325 0.0
9.336948119114325 0.0
9.336948119114325 0.0
9.336948119114325 0.0
9.336948119114325 0.0
9.336948119114325 0.0
9.336948119114325 0.0
9.336948119114325 0.0
9.336948119114325 0.0
9.336948119114325 0.0
9.336948119114325 0.0
9.336948119114325 0.0
9.336948119114325 0.0
9.336948119114325 0.0
9.336948119114325 0.0
9.336948119114325 0.0
9.336948119114325 0.0
9.336948119114325 0.0
9.336948119114325 0.0
9.336948119114325 0.0
9.336948119114325 0.0
9.336948119114325 0.0
9.336948119114325 0.0
9.336948119114325 0.0
9.336948119114325 0.0
9.336948119114325 0.0
9.336948119114325 0.0
9.336948119114325 0.0
9.336948119114325 0.0
9.336948119114325 0.0
9.336948119114325 0.0
9.336948119114325 0.0
9.336948119114325 0.0
9.336948119114325 0.0
9.336948119114325 0.0
9.336948119114325 0.0
9.336948119114325 0.0
9.336948119114325 0.0
9.336948119114325 0.0
9.336948119114325 0.0
9.336948119114325 0.0
9.336948119114325 0.0
9.336948119114325 0.0
9.336948119114325 0.0
9.336948119114325 0.0
9.336948119114325 0.0
9.336948119114325 0.0
9.336948119114325 0.0
9.336948119114325 0.0
9.336948119114325 0.0
9.336948119114325 0.0
9.336948119114325 0.0
9.336948119114325 0.0
9.336948119114325 0.0
9.336948119114325 0.0
9.336948119114325 0.0
9.336948119114325 0.0
9.336948119114325 0.0
9.336948119114325 0.0
9.336948119114325 0.0
9.336948119114325 0.0
9.336948119114325 0.0
9.336948119114325 0.0
9.336948119114325 0.0
9.336948119114325 0.0
9.336948119114325 0.0
9.336948119114325 6.4011531374734105E-6
9.336948119114325 6.4011531374734105E-6
9.336948119114325 6.4011531374734105E-6
9.336948119114325 6.4011531374734105E-6
9.336948119114325 0.0
9.336948119114325 0.0
9.336948119114325 0.0
9.336948119114325 0.0
9.336948119114325 0.0
9.336948119114325 0.0
9.336948119114325 0.0
9.336948119114325 0.0
9.336948119114325 0.0
9.336948119114325 0.0
9.336948119114325 0.0
9.336948119114325 0.0
9.336948119114325 0.0
9.336948119114325 0.0
9.336948119114325 0.0
9.336948119114325 0.0
9.336948119114325 0.0
9.336948119114325 0.0
9.336948119114325 0.0
9.336948119114325 0.0
9.336948119114325 0.0
9.336948119114325 0.0
9.336948119114325 0.0
9.336948119114325 0.0
9.336948119114325 0.0
9.336948119114325 0.0
9.336948119114325 0.0
9.336948119114325 0.0
9.336948119114325 0.0
9.336948119114325 0.0
9.336948119114325 0.0
9.336948119114325 0.0
9.336948119114325 0.0
9.336948119114325 0.0
9.336948119114325 0.0
9.336948119114325 0.0
9.336948119114325 0.0
9.336948119114325 0.0
9.336948119114325 0.0
9.336948119114325 0.0
9.336948119114325 0.0
9.336948119114325 0.0
9.336948119114325 0.0
9.336948119114325 0.0
9.336948119114325 0.0
9.336948119114325 0.0
9.336948119114325 0.0
9.336948119114325 0.0
9.336948119114325 0.0
9.336948119114325 0.0
9.336948119114325 0.0
9.336948119114325 0.0
9.336948119114325 0.0
9.336948119114325 0.0
9.336948119114325 0.0
9.336948119114325 0.0
9.336948119114325 0.0
9.336948119114325 0.0
9.336948119114325 0.0
9.336948119114325 0.0
9.336948119114325 0.0
9.336948119114325 0.0
9.336948119114325 0.0
9.336948119114325 0.0
9.336948119114325 0.0
9.336948119114325 0.0
9.336948119114325 0.0
9.336948119114325 0.0
9.336948119114325 0.0
9.336948119114325 0.0
9.336948119114325 0.0
9.336948119114325 0.0
9.336948119114325 0.0
9.336948119114325 0.0
9.336948119114325 0.0
9.336948119114325 0.0
9.336948119114325 0.0
9.336948119114325 0.0
9.336948119114325 0.0
9.336948119114325 0.0
9.336948119114325 0.0
9.336948119114325 0.0
9.336948119114325 0.0
9.336948119114325 0.0
9.336948119114325 0.0
9.336948119114325 0.0
9.336948119114325 0.0
9.336948119114325 0.0
9.336948119114325 0.0
9.336948119114325 0.0
9.336948119114325 0.0
9.336948119114325 0.0
9.336948119114325 0.0
9.336948119114325 0.0
9.336948119114325 0.0
9.336948119114325 0.0
9.336948119114325 0.0
9.336948119114325 0.0
9.336948119114325 0.0
9.336948119114325 0.0
9.336948119114325 0.0
9.336948119114325 0.0
9.336948119114325 0.0
9.336948119114325 0.0
9.336948119114325 0.0
9.336948119114325 0.0
9.336948119114325 0.0
9.336948119114325 0.0
9.336948119114325 0.0
9.336948119114325 0.0
9.336948119114325 0.0
9.336948119114325 0.0
9.336948119114325 0.0
9.336948119114325 0.0
9.336948119114325 0.0
9.336948119114325 0.0
9.336948119114325 0.0
9.336948119114325 0.0
9.336948119114325 0.0
9.336948119114325 0.0
9.336948119114325 0.0
9.336948119114325 0.0
9.336948119114325 0.0
9.336948119114325 0.0
9.336948119114325 0.0
9.338838330671377 7.709010779163397E-6
9.338838330671377 7.709010779163397E-6
9.338838330671377 7.709010779163397E-6
9.338838330671377 7.709010779163397E-6
9.338838330671377 7.709010779163397E-6
9.338838330671377 7.709010779163397E-6
9.338838330671377 7.709010779163397E-6
9.338838330671377 7.709010779163397E-6
9.338838330671377 7.709010779163397E-6
9.338838330671377 7.709010779163397E-6
9.338838330671377 7.709010779163397E-6
9.338838330671377 7.709010779163397E-6
9.338838330671377 7.709010779163397E-6
9.338838330671377 7.709010779163397E-6
9.338838330671377 7.709010779163397E-6
9.338838330671377 7.709010779163397E-6
9.338838330671377 7.709010779163397E-6
9.338838330671377 7.709010779163397E-6
9.338838330671377 7.709010779163397E-6
9.338838330671377 7.709010779163397E-6
9.338838330671377 7.709010779163397E-6
9.338838330671377 7.709010779163397E-6
9.338838330671377 7.709010779163397E-6
9.338838330671377 7.709010779163397E-6
9.338838330671377 7.709010779163397E-6
9.338838330671377 7.709010779163397E-6
9.338838330671377 7.709010779163397E-6
9.338838330671377 7.709010779163397E-6
9.338838330671377 7.709010779163397E-6
9.338838330671377 7.709010779163397E-6
9.338838330671377 7.709010779163397E-6
9.338838330671377 7.709010779163397E-6
9.338838330671377 7.709010779163397E-6
9.338838330671377 7.709010779163397E-6
9.338838330671377 7.709010779163397E-6
9.338838330671377 7.709010779163397E-6
9.338838330671377 7.709010779163397E-6
9.338838330671377 7.709010779163397E-6
9.338838330671377 7.709010779163397E-6
9.338838330671377 7.709010779163397E-6
9.338838330671377 0.0
9.338838330671377 0.0
9.338838330671377 0.0
9.338838330671377 0.0
9.338838330671377 0.0
Score: 9.338838330671377
Runtime: 753ms
