1.0430602612589325E-5 5.304417690295219
1.0430602612589325E-5 4.649546266579731
0.001419977881748327 4.163666015386031
0.001419977881748327 3.752181277294384
0.005331360141569691 3.540643136722075
0.008022891944089863 3.34323612706178
0.011228467532009404 3.1637166824545924
0.011228467532009404 2.8964777363300285
0.06373605381945191 2.7592808798398973
0.06373605381945191 2.684017668318694
0.06373605381945191 2.5810038443851266
0.19492050977852793 2.471386713241232
0.19492050977852793 2.4164326970433314
0.19492050977852793 2.3697595368741045
0.5285201092636556 2.3228670167157093
0.5285201092636556 2.265635575071065
0.5285201092636556 2.178176004765765
0.5285201092636556 2.074005789075641
0.5285201092636556 2.0709619087762086
0.5285201092636556 2.103473428514327
0.5285201092636556 2.0041584716312304
0.5285201092636556 1.9893367562326763
0.5702376719158448 1.9092162560141268
0.7064122292115395 1.8742136473095425
0.7064122292115395 1.8446650318606967
0.7064122292115395 1.7856383306830776
0.7064122292115395 1.7519565836457824
0.7064122292115395 1.652661549230165
1.400643521107614 1.585292594122917
1.400643521107614 1.5925288432245046
1.400643521107614 1.511783878224895
1.400643521107614 1.461894415231163
1.400643521107614 1.4086811691030527
1.400643521107614 1.4381839092440485
1.400643521107614 1.3561798752253924
1.400643521107614 1.334500912010858
1.400643521107614 1.2793897598754602
1.400643521107614 1.2880100994857449
1.400643521107614 1.2688306376759284
1.731974950351294 1.246681806103139
1.731974950351294 1.1692000710947454
1.731974950351294 1.1030710003209963
4.00661544158792 1.0272150032996639
4.00661544158792 0.9972506837053641
4.00661544158792 0.9665723577618136
4.00661544158792 0.912689725131865
4.00661544158792 0.8705176395816955
4.00661544158792 0.8565383929840772
4.00661544158792 0.8748615745677273
4.00661544158792 0.8658331748359357
4.00661544158792 0.836824148777055
4.00661544158792 0.7896012486856577
4.00661544158792 0.7301373468582589
4.057848182774965 0.7233771974561183
4.057848182774965 0.6791161021250615
4.057848182774965 0.6363592385746936
4.057848182774965 0.6156129714090942
4.057848182774965 0.5998274056010144
4.057848182774965 0.586983118673551
4.057848182774965 0.5691410585990416
4.057848182774965 0.5850195132174442
4.057848182774965 0.5930626265081975
4.057848182774965 0.5709300169493456
4.057848182774965 0.5646276960411297
4.057848182774965 0.5512434619847407
4.057848182774965 0.5443282585148773
4.057848182774965 0.5364826504073198
4.057848182774965 0.5312790861721319
4.057848182774965 0.5358518141581703
4.057848182774965 0.5261982865889979
4.057848182774965 0.5219391611082637
4.057848182774965 0.49355020351148815
4.057848182774965 0.4757326680254686
4.057848182774965 0.4540132532625186
4.057848182774965 0.454191052152457
4.057848182774965 0.4817550679689475
4.161273638623749 0.4699394055773068
4.161273638623749 0.442392392072029
4.23068965027013 0.4453559623030129
4.23068965027013 0.43955027394544144
4.237961338279304 0.44234273526438167
4.462984055855098 0.42369501861558767
4.462984055855098 0.419106714510387
4.462984055855098 0.3917956877085543
4.608764877719392 0.3769529984736875
4.889368079065443 0.36549773992611273
4.889368079065443 0.3620881090338343
4.889368079065443 0.32308422897364064
4.889368079065443 0.31211141173261947
4.889368079065443 0.28144188542035214
4.889368079065443 0.2579984334259074
4.889368079065443 0.24871830294604932
4.889368079065443 0.2281593516149979
4.889368079065443 0.21351014956767353
6.503102944856693 0.21653120251790814
6.503102944856693 0.20740290146537177
6.503102944856693 0.19585080826981605
6.503102944856693 0.18548680646430465
7.5668191860094725 0.19486582521625764
7.5668191860094725 0.1772605041206188
7.5668191860094725 0.16218406108230846
7.5668191860094725 0.15756754908157056
7.5668191860094725 0.14116430566030091
7.5668191860094725 0.15128735864018739
7.5668191860094725 0.14043174358953234
7.5668191860094725 0.13790043668766683
7.5668191860094725 0.13099283690033495
7.5668191860094725 0.12772052401608916
7.5668191860094725 0.12044352544372948
7.5668191860094725 0.11934192896329078
7.5668191860094725 0.11256000434608268
7.5668191860094725 0.11395141528291236
7.5668191860094725 0.10798403041802933
7.5668191860094725 0.1074020874065078
7.5668191860094725 0.10750710756754332
7.5668191860094725 0.11029666819532587
7.5668191860094725 0.09861647929221176
7.5668191860094725 0.0890213470528332
7.5668191860094725 0.08047545816436001
7.5668191860094725 0.09026511925371981
7.5668191860094725 0.0853932659370261
7.5668191860094725 0.08779343767641885
7.5668191860094725 0.08795332307003703
7.5668191860094725 0.08353176348918101
7.5668191860094725 0.0868617306035504
7.941107909695613 0.0888194925049742
7.941107909695613 0.08849206965723969
7.941107909695613 0.08761630301386648
7.941107909695613 0.09203428564002653
7.941107909695613 0.0948674599066508
7.941107909695613 0.0912583028081114
7.941107909695613 0.0907081190217923
7.941107909695613 0.0882508524865462
7.941107909695613 0.08660316016996496
7.941107909695613 0.0877487298622098
7.941107909695613 0.08939905842539123
7.941107909695613 0.09243643454156251
7.941107909695613 0.08815148288003155
7.941107909695613 0.08913642117763587
7.941107909695613 0.0818194092427538
8.46513160574878 0.08729806478145087
8.46513160574878 0.07457197627634408
8.46513160574878 0.06934192251821623
8.46513160574878 0.057509192093715716
8.46513160574878 0.05983097354304441
8.46513160574878 0.056462652346445916
8.46513160574878 0.05564828403671777
8.46513160574878 0.05244433425284338
8.46513160574878 0.04645265069375101
8.46513160574878 0.043114265250476166
8.46513160574878 0.03912845809179834
8.46513160574878 0.03402450959200211
8.46513160574878 0.03723912557103017
8.46513160574878 0.03283325670393551
8.46513160574878 0.034166397289705414
8.46513160574878 0.03630512983458191
8.46513160574878 0.03528497909692136
8.46513160574878 0.03270698523815807
8.46513160574878 0.03167138341672513
8.46513160574878 0.031008746673287235
8.46513160574878 0.031141207353569657
8.46513160574878 0.02704551121943022
8.46513160574878 0.027815604843162756
8.46513160574878 0.025556532508008472
8.46513160574878 0.025407304782429908
8.46513160574878 0.02364262583416209
8.46513160574878 0.02364262583416209
8.46513160574878 0.021893173365408258
8.46513160574878 0.018631223106762494
8.708322817777065 0.021869195952414548
8.708322817777065 0.02258576617705074
8.708322817777065 0.02030316631663403
8.708322817777065 0.02054821794001287
8.858128563433462 0.018781964784375837
8.858128563433462 0.017950697406101168
8.858128563433462 0.016741283199728563
8.858128563433462 0.016059413365112272
8.858128563433462 0.015257352767887993
8.858128563433462 0.013629002109838211
8.858128563433462 0.014412518239323713
8.858128563433462 0.014412518239323713
8.858128563433462 0.015041453053856551
8.858128563433462 0.012459993851565505
8.858128563433462 0.012283866115506392
8.858128563433462 0.013891984746233132
8.858128563433462 0.013317848535873481
8.858128563433462 0.013317848535873483
8.858128563433462 0.010974072483806427
8.858128563433462 0.012533965280489364
8.858128563433462 0.012533965280489364
8.858128563433462 0.013163723627870137
8.858128563433462 0.013163723627870135
8.858128563433462 0.01287167283791277
8.858128563433462 0.013651609498482398
8.858128563433462 0.015614517069855092
8.858128563433462 0.015294397006122219
8.868613597195404 0.013842337770716473
8.868613597195404 0.009065734873868657
8.868613597195404 0.0089483761765052
8.868613597195404 0.009518492019845583
8.868613597195404 0.009315123891864657
8.868613597195404 0.011687953161812563
8.963053350172343 0.01071701167988115
8.963053350172343 0.011962593160991354
8.963053350172343 0.011553829004285905
8.963053350172343 0.013613132115500554
8.963053350172343 0.013028662913095958
8.963053350172343 0.011503722890974228
9.152819208818325 0.011146622517085219
9.152819208818325 0.010677872744005239
9.152819208818325 0.01153963099662708
9.152819208818325 0.010006572131113887
9.152819208818325 0.011737765072769683
9.152819208818325 0.012517734191446205
9.152819208818325 0.012517734191446205
9.152819208818325 0.010866501666868433
9.152819208818325 0.010866501666868434
9.152819208818325 0.01099171659056118
9.152819208818325 0.01099171659056118
9.152819208818325 0.011330299954974808
9.152819208818325 0.011480750293444838
9.152819208818325 0.01070215829860766
9.152819208818325 0.010644116498972775
9.152819208818325 0.011008634676793652
9.152819208818325 0.011008634676793652
9.152819208818325 0.011008634676793652
9.152819208818325 0.009184272467257625
9.152819208818325 0.008555200484147275
9.152819208818325 0.007585282678509882
9.15979062658632 0.008436790160448068
9.15979062658632 0.00799070729244784
9.15979062658632 0.00846970457516719
9.15979062658632 0.00900612598661415
9.15979062658632 0.008313156113457364
9.15979062658632 0.007590750533503276
9.15979062658632 0.008169389929465087
9.192293011810458 0.009390972117856718
9.192293011810458 0.008767767653933355
9.192293011810458 0.009035333344112334
9.299661001369214 0.009772617502498603
9.299661001369214 0.009583087231967895
9.299661001369214 0.009949471366731579
9.299661001369214 0.00919486143604231
9.299661001369214 0.008141837719891964
9.299661001369214 0.007856918012250427
9.299661001369214 0.007979862279103129
9.299661001369214 0.004934626557467714
9.416030949707748 0.005279234628116122
9.416030949707748 0.003704925659805376
9.416030949707748 0.003300368488990376
9.416030949707748 0.004150198775994294
9.427285576411213 0.005327974276624592
9.427285576411213 0.005328302280689128
9.427285576411213 0.0051900079620679825
9.427285576411213 0.0048258909877817455
9.427285576411213 0.005042795275440485
9.427285576411213 0.005042795275440485
9.427285576411213 0.005410339154418367
9.427285576411213 0.004923553927714193
9.427285576411213 0.005058722789715205
9.427285576411213 0.005280072506671065
9.427285576411213 0.004548641443340731
9.427285576411213 0.005371455865207413
9.427285576411213 0.006082934414634648
9.427285576411213 0.0064126799849376775
9.427285576411213 0.005930711132669728
9.449433883803986 0.00637842931625331
9.642649340448573 0.0066646464107513095
9.642649340448573 0.005664110982594645
9.642649340448573 0.004524922677555563
9.642649340448573 0.004765198146324288
9.642649340448573 0.004765198146324288
9.642649340448573 0.005340806315554137
9.642649340448573 0.005156154793672674
9.642649340448573 0.0043138078435219955
9.642649340448573 0.005154667228539842
9.642649340448573 0.004422236511618713
9.642649340448573 0.005197031638945905
9.642649340448573 0.005499796768726193
9.642649340448573 0.005788040089144375
9.642649340448573 0.005829006461868375
9.642649340448573 0.005976743783458088
9.642649340448573 0.005634171082253337
9.642649340448573 0.005627030770055005
9.642649340448573 0.005391109306198394
9.642649340448573 0.005678183238434571
9.642649340448573 0.006128278980643588
9.642649340448573 0.006128278980643588
9.642649340448573 0.006440787281330121
9.642649340448573 0.006306603669544162
9.642649340448573 0.0063343309871878506
9.642649340448573 0.006513526807428262
9.642649340448573 0.006271729705819849
9.642649340448573 0.006414244641501845
9.642649340448573 0.006414244641501845
9.642649340448573 0.006414244641501845
9.642649340448573 0.006220509379606359
9.642649340448573 0.005996944102167573
9.642649340448573 0.005283886654522109
9.642649340448573 0.004993323886229208
9.642649340448573 0.004713744439183259
9.642649340448573 0.0038703643726586768
9.642649340448573 0.0038641102003814003
9.642649340448573 0.0038641102003814003
9.642649340448573 0.0031890383448772344
9.642649340448573 0.002966333764084884
9.642649340448573 0.0022375191090887236
9.642649340448573 0.0029208211415154444
9.642649340448573 0.002510688000023017
9.642649340448573 0.00288217163415006
9.642649340448573 0.0026431812321765615
9.642649340448573 0.0024099384857924457
9.642649340448573 0.0024099384857924457
9.642649340448573 0.0022342223224467994
9.642649340448573 0.001982946978429526
9.642649340448573 0.0022020819664724934
9.642649340448573 0.0022020819664724934
9.642649340448573 0.0019195715561863677
9.642649340448573 0.0019195715561863677
9.642649340448573 0.0021083994135657797
9.642649340448573 0.002304099501349789
9.642649340448573 0.002085062010439617
9.642649340448573 0.0016214637029266714
9.642649340448573 0.0016214637029266714
9.642649340448573 0.0016214637029266714
9.642649340448573 0.0016214637029266714
9.642649340448573 0.0016214637029266714
9.642649340448573 0.0019057659506994836
9.642649340448573 0.0024488261826417735
9.642649340448573 0.0023279286165250237
9.642649340448573 0.0018026955637864292
9.642649340448573 0.0015777971440312899
9.642649340448573 0.0015777971440312894
9.642649340448573 0.0013404174357055125
9.642649340448573 0.0013404174357055125
9.642649340448573 0.0015947010707381135
9.64469902585295 0.0016823132583990833
9.64469902585295 0.0016823132583990833
9.64469902585295 0.0020146500045521497
9.64469902585295 0.0016823132583990833
9.64469902585295 0.0014582839192623046
9.64469902585295 0.0018429472279714943
9.64469902585295 0.0020748363333977994
9.64469902585295 0.0020289769267731426
9.64469902585295 0.0018785011048055886
9.64469902585295 0.0018785011048055886
9.64469902585295 0.0018785011048055886
9.64469902585295 0.0018785011048055886
9.6995534574844 0.0015355321583254641
9.6995534574844 0.0012732409748996039
9.6995534574844 0.0011308376102129294
9.6995534574844 0.0011308376102129294
9.6995534574844 0.0011308376102129294
9.6995534574844 0.0011308376102129294
9.6995534574844 0.0011308376102129294
9.6995534574844 0.0011858031758499369
9.6995534574844 0.0011858031758499366
9.6995534574844 0.0011858031758499366
9.6995534574844 0.0011858031758499366
9.6995534574844 0.0011378075145075709
9.6995534574844 0.0011378075145075709
9.6995534574844 6.578714462067912E-4
9.6995534574844 5.403802125939944E-4
9.6995534574844 6.886906067111709E-4
9.6995534574844 6.886906067111709E-4
9.6995534574844 7.515090522330727E-4
9.6995534574844 7.515090522330727E-4
9.6995534574844 7.515090522330727E-4
9.6995534574844 7.515090522330727E-4
9.6995534574844 4.07253146416382E-4
9.6995534574844 2.7223938399960806E-4
9.6995534574844 2.7223938399960806E-4
9.6995534574844 2.7223938399960806E-4
9.6995534574844 2.7223938399960806E-4
9.6995534574844 2.7223938399960806E-4
9.6995534574844 2.7223938399960806E-4
9.6995534574844 7.611507722230446E-5
9.6995534574844 7.611507722230446E-5
9.6995534574844 0.0
9.6995534574844 0.0
9.6995534574844 0.0
9.6995534574844 0.0
9.6995534574844 0.0
9.6995534574844 1.0138933458913773E-4
9.6995534574844 0.0
9.6995534574844 0.0
9.6995534574844 3.835740016517288E-5
9.6995534574844 3.835740016517288E-5
9.751127755351826 1.8049009012706673E-4
9.751127755351826 1.8049009012706673E-4
9.751127755351826 2.1993893697200853E-4
9.751127755351826 1.9929269777950304E-4
9.751127755351826 1.9929269777950304E-4
9.751127755351826 1.9929269777950304E-4
9.751127755351826 1.9929269777950304E-4
9.751127755351826 1.9929269777950304E-4
9.751127755351826 1.9929269777950304E-4
9.751127755351826 1.9929269777950304E-4
9.751127755351826 1.9929269777950304E-4
9.751127755351826 2.8459980865404137E-4
9.751127755351826 2.2419763182905003E-4
9.751127755351826 2.2419763182905003E-4
9.751127755351826 2.2419763182905003E-4
9.776763634002675 2.9033166997960864E-4
9.776763634002675 3.260848220207607E-4
9.776763634002675 3.2608482202076074E-4
9.776763634002675 3.260848220207607E-4
9.776763634002675 2.5995078387020204E-4
9.776763634002675 2.2419763182905003E-4
9.776763634002675 2.2419763182905003E-4
9.776763634002675 2.2419763182905003E-4
9.776763634002675 2.2419763182905003E-4
9.776763634002675 2.2419763182905003E-4
9.776763634002675 2.2419763182905003E-4
9.776763634002675 2.2419763182905003E-4
9.776763634002675 2.8459980865404137E-4
9.776763634002675 2.8459980865404137E-4
9.776763634002675 2.8459980865404137E-4
9.776763634002675 1.840666878647026E-4
9.776763634002675 1.840666878647026E-4
9.776763634002675 1.840666878647026E-4
9.776763634002675 1.2366451103971123E-4
9.776763634002675 1.2366451103971123E-4
9.776763634002675 1.2366451103971123E-4
9.776763634002675 1.2366451103971123E-4
9.776763634002675 2.516494525858048E-4
9.776763634002675 2.516494525858048E-4
9.776763634002675 2.516494525858048E-4
9.776763634002675 2.516494525858048E-4
9.776763634002675 2.516494525858048E-4
9.776763634002675 2.516494525858048E-4
9.776763634002675 2.516494525858048E-4
9.776763634002675 3.6954064633292876E-4
9.776763634002675 5.045544087497026E-4
9.776763634002675 5.806694859720071E-4
9.776763634002675 5.806694859720071E-4
9.776763634002675 5.01135692390056E-4
9.776763634002675 6.755049085874594E-4
9.776763634002675 6.755049085874594E-4
9.776763634002675 6.154961112939405E-4
9.776763634002675 6.827069808547939E-4
9.82331298372221 6.752332915032257E-4
9.82331298372221 6.924026135281815E-4
9.82331298372221 5.744568386650592E-4
9.82331298372221 7.581881259432392E-4
9.82331298372221 8.373255097323081E-4
9.82331298372221 8.724335772310337E-4
9.82331298372221 8.724335772310337E-4
9.82331298372221 8.724335772310337E-4
9.82331298372221 8.330554301989079E-4
9.82331298372221 9.192123640657647E-4
9.82331298372221 9.192123640657647E-4
9.82331298372221 9.192123640657647E-4
9.82331298372221 8.330554301989079E-4
9.82331298372221 8.330554301989079E-4
9.82331298372221 7.034276024700041E-4
9.82331298372221 7.034276024700039E-4
9.82331298372221 7.034276024700039E-4
9.82331298372221 7.034276024700041E-4
9.826204693907933 7.470162642987532E-4
9.826204693907933 6.858584129213191E-4
9.826204693907933 7.900626530918693E-4
9.826204693907933 6.063313658136893E-4
9.826204693907933 6.063313658136893E-4
9.826204693907933 6.063313658136893E-4
9.826204693907933 5.271939820246204E-4
9.826204693907933 5.271939820246204E-4
9.826204693907933 3.6126500639610206E-4
9.826204693907933 3.6126500639610206E-4
9.826204693907933 3.6126500639610206E-4
9.826204693907933 2.940541368352488E-4
9.826204693907933 2.685717116862311E-4
9.826204693907933 2.685717116862311E-4
9.826204693907933 3.313822050750801E-4
9.826204693907933 3.313822050750801E-4
9.826204693907933 3.313822050750801E-4
9.826204693907933 3.9223177842553485E-4
9.826204693907933 3.9223177842553485E-4
9.826204693907933 3.9223177842553485E-4
9.826204693907933 3.9223177842553485E-4
9.831952574890831 3.7190361890601545E-4
9.831952574890831 3.7190361890601545E-4
9.831952574890831 3.1502563632140884E-4
9.831952574890831 1.8834661778952702E-4
9.831952574890831 1.8834661778952702E-4
9.831952574890831 1.1011113187904542E-4
9.831952574890831 1.1011113187904542E-4
9.831952574890831 1.1011113187904542E-4
9.831952574890831 1.5937269040763608E-4
9.831952574890831 1.5937269040763608E-4
9.831952574890831 9.852311705718136E-5
9.831952574890831 1.0117847763557524E-4
9.831952574890831 1.6233632901300926E-4
9.831952574890831 1.6233632901300926E-4
9.831952574890831 1.6233632901300926E-4
9.831952574890831 1.6233632901300926E-4
9.831952574890831 1.0117847763557524E-4
9.831952574890831 1.0117847763557524E-4
9.831952574890831 1.0117847763557524E-4
9.831952574890831 1.0117847763557524E-4
9.831952574890831 1.0117847763557524E-4
9.831952574890831 1.0117847763557524E-4
9.831952574890831 1.0117847763557524E-4
9.831952574890831 1.0117847763557524E-4
9.831952574890831 1.0117847763557524E-4
9.831952574890831 1.0117847763557524E-4
9.831952574890831 1.0117847763557524E-4
9.831952574890831 1.0117847763557524E-4
9.831952574890831 1.0117847763557524E-4
9.831952574890831 1.0117847763557524E-4
9.831952574890831 1.0117847763557524E-4
9.831952574890831 1.0117847763557524E-4
9.88496040097685 1.881283714343356E-4
9.88496040097685 1.881283714343356E-4
9.88496040097685 4.186651105717314E-5
9.88496040097685 1.1788106709634314E-4
9.88496040097685 1.1788106709634314E-4
9.88496040097685 7.601455603917E-5
9.88496040097685 7.601455603917E-5
9.88496040097685 1.5818443868624032E-4
9.88496040097685 2.8486345721812214E-4
9.88496040097685 3.56379785330089E-4
9.88496040097685 3.56379785330089E-4
9.88496040097685 3.56379785330089E-4
9.88496040097685 2.8486345721812214E-4
9.88496040097685 3.658448908196149E-4
9.88496040097685 3.658448908196149E-4
9.88496040097685 3.954162094493126E-4
9.88496040097685 3.1169714705976784E-4
9.88496040097685 3.773382904405359E-4
9.88496040097685 4.246756364341466E-4
9.88496040097685 4.246756364341466E-4
9.88496040097685 4.246756364341466E-4
9.88496040097685 4.246756364341466E-4
9.88496040097685 5.716589190334852E-4
9.88496040097685 5.344181406837521E-4
9.88496040097685 4.570568556529378E-4
9.88496040097685 4.0072178609246373E-4
9.88496040097685 4.007217860924636E-4
9.88496040097685 4.0072178609246373E-4
9.88496040097685 4.0072178609246373E-4
9.88496040097685 3.368929610371386E-4
9.88496040097685 3.719306316457052E-4
9.88496040097685 2.3190705332548137E-4
9.88496040097685 1.841442416208412E-4
9.88496040097685 1.841442416208412E-4
9.929478969701146 1.6352570701257504E-4
9.929478969701146 1.6352570701257504E-4
9.929478969701146 1.63525707012575E-4
9.929478969701146 2.627568997930602E-4
9.929478969701146 3.060813101067194E-4
9.929478969701146 3.060813101067195E-4
9.929478969701146 3.060813101067195E-4
9.929478969701146 3.060813101067195E-4
9.929478969701146 3.060813101067195E-4
9.929478969701146 3.060813101067195E-4
9.929478969701146 3.060813101067195E-4
9.929478969701146 3.067662823137769E-4
9.929478969701146 3.067662823137769E-4
9.929478969701146 3.067662823137769E-4
9.929478969701146 3.6348593350375046E-4
9.929478969701146 4.380752490545913E-4
9.929478969701146 4.380752490545913E-4
9.929478969701146 4.5626674212953376E-4
9.929478969701146 4.5626674212953376E-4
9.929478969701146 4.5626674212953376E-4
9.929478969701146 5.404484907919638E-4
9.929478969701146 4.8752905108825006E-4
9.929478969701146 5.638905021325034E-4
9.929478969701146 5.27459455470453E-4
9.929478969701146 5.198993188692262E-4
9.929478969701146 5.198993188692262E-4
9.929478969701146 4.6972405806064324E-4
9.929478969701146 4.2988680826600587E-4
9.929478969701146 3.929544847680688E-4
9.929478969701146 3.929544847680687E-4
9.929478969701146 4.4162565512652693E-4
9.929478969701146 4.150224619137323E-4
9.929478969701146 4.600359289470731E-4
9.929478969701146 3.7491840753640286E-4
9.929478969701146 3.671442288861864E-4
9.929478969701146 3.671442288861864E-4
9.929478969701146 4.3924857414306343E-4
9.929478969701146 3.671442288861864E-4
9.929478969701146 4.2511281662169074E-4
9.929478969701146 3.615477122290434E-4
9.929478969701146 4.7491607596602696E-4
9.929478969701146 5.105871542236294E-4
9.929478969701146 4.7758745112724414E-4
9.929478969701146 4.7758745112724403E-4
9.929478969701146 4.7758745112724414E-4
9.929478969701146 4.7758745112724403E-4
9.929478969701146 4.555143945897569E-4
9.929478969701146 4.555143945897569E-4
9.931866687279093 3.6123875995827475E-4
9.931866687279093 3.6123875995827475E-4
9.931866687279093 3.2446191844246125E-4
9.931866687279093 3.2446191844246125E-4
9.931866687279093 2.978587252296666E-4
9.935289609708102 3.397788815395866E-4
9.935289609708102 4.372451653745149E-4
9.935289609708102 4.372451653745149E-4
9.935289609708102 4.090509229694613E-4
9.935289609708102 3.785815319989299E-4
9.935289609708102 3.7858153199892984E-4
9.935289609708102 3.408154521411651E-4
9.935289609708102 2.920309756182264E-4
9.935289609708102 2.7363519786977215E-4
9.935289609708102 2.201677370830157E-4
9.935289609708102 2.6669927340529316E-4
9.935289609708102 2.6669927340529316E-4
9.935289609708102 2.201677370830157E-4
9.935289609708102 2.2016773708301572E-4
9.935289609708102 2.7232327028103024E-4
9.935289609708102 2.7232327028103024E-4
9.935289609708102 2.723232702810303E-4
9.935289609708102 2.333456386137948E-4
9.935289609708102 2.0178034720066645E-4
9.935289609708102 1.4962481400265185E-4
9.935289609708102 1.4962481400265185E-4
9.935289609708102 9.194544762810097E-5
9.935289609708102 4.868180731198962E-5
9.935289609708102 4.868180731198962E-5
9.935289609708102 4.868180731198962E-5
9.935289609708102 4.868180731198962E-5
9.935289609708102 4.868180731198962E-5
9.935289609708102 7.267883301918962E-5
9.935289609708102 7.267883301918962E-5
9.935289609708102 7.267883301918962E-5
9.935289609708102 7.267883301918962E-5
9.935289609708102 7.267883301918962E-5
9.935289609708102 7.267883301918962E-5
9.935289609708102 2.3997025707200007E-5
9.935289609708102 2.3997025707200007E-5
9.935289609708102 2.3997025707200007E-5
9.935289609708102 7.862187405019067E-5
9.935289609708102 7.862187405019067E-5
9.935289609708102 7.862187405019067E-5
9.935289609708102 7.862187405019067E-5
9.935289609708102 7.862187405019067E-5
9.935289609708102 7.862187405019067E-5
9.935289609708102 2.3997025707200007E-5
9.935289609708102 2.3997025707200007E-5
9.935289609708102 2.3997025707200007E-5
9.935289609708102 2.3997025707200007E-5
9.935289609708102 2.3997025707200007E-5
9.935289609708102 2.3997025707200007E-5
9.935289609708102 2.3997025707200007E-5
9.935289609708102 2.3997025707200007E-5
9.935289609708102 2.3997025707200007E-5
9.935289609708102 2.3997025707200007E-5
9.935289609708102 2.3997025707200007E-5
9.935289609708102 2.3997025707200007E-5
9.935289609708102 2.3997025707200007E-5
9.935289609708102 2.3997025707200007E-5
9.935289609708102 2.3997025707200007E-5
9.935289609708102 2.3997025707200007E-5
9.935289609708102 2.3997025707200007E-5
9.935289609708102 2.3997025707200007E-5
9.935289609708102 2.3997025707200007E-5
9.935289609708102 0.0
9.935289609708102 0.0
9.935289609708102 0.0
9.935289609708102 0.0
9.935289609708102 0.0
Score: 9.935289609708102
Runtime: 763ms
