2.1221370508355246E-6 5.353512459800657
0.0011123315436286753 4.6401089247822735
0.0011123315436286753 4.032339789143789
0.0011123315436286753 3.640721817038299
0.004264223978668516 3.4139864033657834
0.010938024179820954 3.260766573525691
0.013424597946723679 2.944319857741326
0.014323869440664437 2.84359351149176
0.024821215631648765 2.6379154676200454
0.040516647507838774 2.4334452592583684
0.040516647507838774 2.3566636220422916
0.09579180053927186 2.3409374376354126
0.19885871688146092 2.3039239176724213
0.8195917389637577 2.2583536297652462
0.8195917389637577 2.2389953042424393
0.8195917389637577 2.1801123730663763
0.8195917389637577 2.116988414989371
0.8195917389637577 2.176895568121912
0.8195917389637577 2.187272844866696
1.7095048557816785 2.0380077706079964
1.7095048557816785 2.0349343896844214
1.7095048557816785 1.9610109666789652
1.7095048557816785 1.846350879676425
1.7095048557816785 1.757794115334655
2.0026565208738494 1.712744061373896
2.0026565208738494 1.6312081503682692
2.0026565208738494 1.6015401588850087
2.328140882890487 1.471128475091186
2.328140882890487 1.4404019874455523
2.328140882890487 1.449699543323466
2.328140882890487 1.3821606137217677
2.328140882890487 1.335596843311261
2.328140882890487 1.2869928752160276
2.4729839431145235 1.2884771502805326
2.4729839431145235 1.2347027822758327
2.4729839431145235 1.2301892425804068
2.4729839431145235 1.1704036436828464
2.4729839431145235 1.125079079499941
2.4729839431145235 1.1343452055980983
2.4729839431145235 1.1077752344206342
2.4729839431145235 1.0846007822390493
2.4729839431145235 1.009988308086641
2.4729839431145235 0.9699961739135483
2.4729839431145235 0.9555526896185588
2.4729839431145235 0.895028916128634
2.4729839431145235 0.8912694114145538
2.4729839431145235 0.8386568810222965
2.863998628755992 0.811212513390747
2.863998628755992 0.7683518425174767
2.863998628755992 0.7291936609180512
3.611648648019195 0.6984763720003004
3.611648648019195 0.6844687939210875
3.611648648019195 0.679511833657038
3.611648648019195 0.652245252570306
3.611648648019195 0.6015030061507906
3.611648648019195 0.5989313584136917
3.611648648019195 0.57080556946881
3.779885382896788 0.5484884375920195
3.779885382896788 0.5272541423294999
3.779885382896788 0.5316350467810231
4.6594277876543995 0.535363443800107
4.6594277876543995 0.5262349308406425
4.993475588489691 0.5067327069416758
4.993475588489691 0.49403071543166005
4.993475588489691 0.4727000878782058
4.993475588489691 0.45041964940378043
5.163218153884824 0.44284011660279515
5.163218153884824 0.42371216568148007
5.163218153884824 0.408111456345043
5.163218153884824 0.39471496019153685
5.163218153884824 0.3874817825884531
5.163218153884824 0.3708515378415909
5.163218153884824 0.3468432429394558
5.163218153884824 0.3349423428571133
5.163218153884824 0.32875706663797855
5.163218153884824 0.3170542504957743
5.419415157860483 0.3016234860307249
5.419415157860483 0.2804960774518332
5.419415157860483 0.2701633778806259
5.419415157860483 0.26632843129797934
5.419415157860483 0.2540864643253043
5.419415157860483 0.2454513761774077
5.551496730056337 0.24624729499495476
5.551496730056337 0.2545572805154093
6.625151018331623 0.2355296242811975
6.625151018331623 0.22762966614851446
6.625151018331623 0.22598744900875323
6.625151018331623 0.1931180459292112
6.97046217434965 0.1971917695330288
6.97046217434965 0.18112055483847975
6.97046217434965 0.17274272598221233
6.97046217434965 0.1615061943101278
6.97046217434965 0.15114104762997133
6.97046217434965 0.13446398008796875
6.97046217434965 0.1334632635257445
6.97046217434965 0.13416977132367744
6.97046217434965 0.13119921244113958
6.97046217434965 0.11616953986565448
6.97046217434965 0.11917511688528466
6.97046217434965 0.10345619748169849
6.97046217434965 0.09533446290776193
6.97046217434965 0.10643764602705408
6.97046217434965 0.10547334697766589
6.97046217434965 0.1071685919884018
6.97046217434965 0.10124378227700774
6.97046217434965 0.10257809791820592
6.97046217434965 0.10618868905055015
6.97046217434965 0.11546987221603064
6.97046217434965 0.12036122754037881
6.97046217434965 0.1126642008907916
6.97046217434965 0.11144157696053386
6.97046217434965 0.11358215659034542
6.97046217434965 0.11383751146328452
6.97046217434965 0.11384374526575473
7.1398834858783715 0.11950396697335021
7.1398834858783715 0.11849536734896397
7.1398834858783715 0.10539248530736435
7.1398834858783715 0.10001601987564725
7.1398834858783715 0.1004085737553421
7.1398834858783715 0.09332089679007902
7.1398834858783715 0.0901056230859047
7.1398834858783715 0.08430405307921097
7.1398834858783715 0.08248857666996892
7.1398834858783715 0.08434496096134911
7.1398834858783715 0.07802917895633779
7.1398834858783715 0.08168444501851663
7.1398834858783715 0.07568207229825638
7.1398834858783715 0.06982205188090466
7.1398834858783715 0.06944853526270857
7.1398834858783715 0.0694485352627086
7.1398834858783715 0.06496800262060809
7.1398834858783715 0.0591595802489708
7.1398834858783715 0.053287038285766544
7.1398834858783715 0.05096124678734584
7.1398834858783715 0.05096124678734584
7.1398834858783715 0.0477693017061377
7.1398834858783715 0.04677897392561747
7.1398834858783715 0.0466377596884845
7.1398834858783715 0.04413811419982568
7.1398834858783715 0.05258618296263997
7.1398834858783715 0.047510376105482845
7.1398834858783715 0.04653403660854403
7.1398834858783715 0.04431804014995965
7.1398834858783715 0.04097380745458948
7.1398834858783715 0.03603989791226914
7.1398834858783715 0.032392301513595526
7.1398834858783715 0.032392301513595526
7.1398834858783715 0.03342439360545033
7.1398834858783715 0.030687344972593754
7.1398834858783715 0.030687344972593754
7.1398834858783715 0.031031916653135455
7.1398834858783715 0.031031916653135455
7.1398834858783715 0.031031916653135455
7.1398834858783715 0.02925577879555621
7.1398834858783715 0.023942703781847853
7.515936774116558 0.020084959363746394
7.515936774116558 0.020084959363746394
7.515936774116558 0.015984565115775288
7.515936774116558 0.015984565115775288
8.729498691760988 0.017026578583642593
8.729498691760988 0.017026578583642593
8.729498691760988 0.010260681662102332
8.729498691760988 0.010260681662102332
8.729498691760988 0.013252808317311515
8.729498691760988 0.013102335934620452
8.729498691760988 0.013102335934620452
8.729498691760988 0.013102335934620452
8.729498691760988 0.011649555468595781
8.729498691760988 0.008807901196077661
8.729498691760988 0.008807901196077661
8.729498691760988 0.004951207139829735
8.729498691760988 0.004951207139829735
8.729498691760988 0.0028627322434799174
8.729498691760988 0.0028627322434799174
8.729498691760988 0.0028627322434799174
8.729498691760988 0.0028627322434799174
8.729498691760988 0.0028627322434799174
8.729498691760988 0.0028627322434799174
8.729498691760988 0.0028627322434799174
8.729498691760988 0.0028627322434799174
8.729498691760988 0.0028627322434799174
8.729498691760988 0.0028627322434799174
8.729498691760988 0.0
8.729498691760988 0.0
8.729498691760988 0.0
8.729498691760988 0.0
8.729498691760988 0.0
8.729498691760988 0.0
8.729498691760988 0.0
8.729498691760988 0.0
8.729498691760988 0.0
8.729498691760988 0.0
8.729498691760988 0.0014729595541480307
8.729498691760988 0.0014729595541480307
8.729498691760988 0.0014729595541480307
8.729498691760988 0.0014729595541480307
8.729498691760988 0.0014729595541480307
8.729498691760988 0.003359820675145521
8.729498691760988 0.003359820675145521
8.729498691760988 0.0018868611209974901
8.729498691760988 0.0018868611209974901
8.729498691760988 0.0018868611209974901
8.729498691760988 0.003752890520904253
8.729498691760988 0.003752890520904253
8.729498691760988 0.003752890520904253
8.753829638493324 0.008923095252862752
8.753829638493324 0.008923095252862752
8.753829638493324 0.008923095252862752
8.753829638493324 0.004459980528612593
8.753829638493324 0.004459980528612593
8.753829638493324 0.004459980528612593
8.753829638493324 0.0018337099843448793
8.806616115805966 0.0025809930404781115
8.806616115805966 0.0025809930404781115
8.806616115805966 0.0025809930404781115
8.806616115805966 0.004597636836066206
8.806616115805966 0.004597636836066206
8.806616115805966 0.004597636836066206
8.806616115805966 0.004597636836066206
8.806616115805966 0.004597636836066206
8.806616115805966 0.004597636836066206
8.806616115805966 0.004597636836066206
8.806616115805966 0.003850353779932974
8.806616115805966 0.003850353779932974
8.806616115805966 0.002016643795588095
8.806616115805966 0.002016643795588095
8.806616115805966 0.002016643795588095
8.806616115805966 0.002016643795588095
8.806616115805966 0.0
8.806616115805966 0.0012916873106600549
8.806616115805966 0.0012916873106600549
8.806616115805966 0.0012916873106600549
8.806616115805966 0.0012916873106600549
8.806616115805966 0.0012916873106600549
8.806616115805966 0.0012916873106600549
8.806616115805966 0.0012916873106600549
8.921202190172616 4.5141279132426474E-4
9.090119586039101 0.001396268303109611
9.090119586039101 0.001396268303109611
9.090119586039101 0.001396268303109611
9.090119586039101 0.001396268303109611
9.090119586039101 0.001396268303109611
9.090119586039101 9.448555117853463E-4
9.090119586039101 0.0011267131925217662
9.090119586039101 0.0011267131925217662
9.090119586039101 0.0011267131925217662
9.090119586039101 7.499431254017542E-4
9.090119586039101 7.499431254017542E-4
9.090119586039101 0.0011299613191017492
9.090119586039101 7.499431254017542E-4
9.090119586039101 0.0013980208170292063
9.090119586039101 0.0032883290908985036
9.090119586039101 0.0032883290908985036
9.090119586039101 0.0032883290908985036
9.090119586039101 0.003088418900729128
9.090119586039101 0.0033341228265175602
9.090119586039101 0.0035673709228869845
9.108265305317389 0.0037275648953438135
9.108265305317389 0.0014782878559776668
9.108265305317389 0.001478287855977667
9.108265305317389 0.0021865865630814846
9.108265305317389 0.0021865865630814846
9.108265305317389 0.002672289300872374
9.108265305317389 0.0028098142553780367
9.108265305317389 0.0025469479886825355
9.108265305317389 0.0025469479886825355
9.108265305317389 0.0025469479886825355
9.108265305317389 0.0023012440628941027
9.108265305317389 0.0028992107762985317
9.255874457239827 0.0032065439207074912
9.255874457239827 0.0025764170372266984
9.255874457239827 0.0029315163205169315
9.255874457239827 0.0030190341507536395
9.255874457239827 0.0027320545966288525
9.255874457239827 0.0030029568871138747
9.36663346999165 0.00406952083330193
9.36663346999165 0.004039985767481993
9.36663346999165 0.004427460933419224
9.382527109876676 0.005219646011641783
9.382527109876676 0.0050286308400394044
9.382527109876676 0.0050286308400394044
9.382527109876676 0.004893392018968333
9.382527109876676 0.004848641848066211
9.382527109876676 0.004848641848066211
9.382527109876676 0.0051086432460496385
9.382527109876676 0.005600212330901934
9.382527109876676 0.006012770646917077
9.382527109876676 0.005862190460607129
9.382527109876676 0.006046455219997055
9.382527109876676 0.005916315611085064
9.382527109876676 0.006162114847489162
9.382527109876676 0.004896426303815495
9.382527109876676 0.004595304947137172
9.382527109876676 0.004857355925387291
9.382527109876676 0.004452036241352181
9.382527109876676 0.00510722203174375
9.389900622396212 0.004929067751164504
9.389900622396212 0.004986034195082306
9.389900622396212 0.004986034195082306
9.389900622396212 0.0053063121295701225
9.389900622396212 0.005266970834006623
9.389900622396212 0.005073947067919555
9.389900622396212 0.005556773863949411
9.389900622396212 0.005556773863949411
9.389900622396212 0.00539913056219476
9.389900622396212 0.005509501870407527
9.389900622396212 0.005534771426772222
9.389900622396212 0.005559983713230348
9.40609832543404 0.005578072053360208
9.40609832543404 0.005578072053360208
9.40609832543404 0.005502311065467309
9.40609832543404 0.006262499164948907
9.407429210304116 0.005821423736772873
9.407429210304116 0.005571859454949351
9.407429210304116 0.005342973863019165
9.407429210304116 0.005538312805398539
9.448179263022652 0.0063034657043839855
9.448179263022652 0.005657979760210953
9.448179263022652 0.0055279970119932135
9.448179263022652 0.004730676151896721
9.448179263022652 0.004431343453071335
9.448179263022652 0.004154929245310053
9.448179263022652 0.004353354154563067
9.450226785394936 0.004375143943810173
9.48301436086362 0.0048480002832945535
9.48301436086362 0.0051271195011742664
9.48301436086362 0.0049514993977593895
9.48301436086362 0.004924735287339516
9.48301436086362 0.004702770385065351
9.48301436086362 0.004512856626723897
9.48301436086362 0.004119680943779006
9.48301436086362 0.004204732864562127
9.48301436086362 0.003922502904156582
9.48301436086362 0.00390063868039426
9.505472132318225 0.0037057497771644547
9.505472132318225 0.003453103932358712
9.521679444679172 0.0038798893083410234
9.521679444679172 0.003920703746597
9.536628827368874 0.004252261001149551
9.546209602102934 0.004048930555526022
9.546209602102934 0.004048930555526022
9.546209602102934 0.0036478766956957176
9.546209602102934 0.0031638275761433107
9.546209602102934 0.003828948670920776
9.546209602102934 0.004109209888815569
9.546209602102934 0.004077891995012555
9.546209602102934 0.0036317674559054286
9.546209602102934 0.003871372081899223
9.546209602102934 0.003619877705791662
9.546209602102934 0.003646120165052791
9.546209602102934 0.0035132807050303424
9.546209602102934 0.0036543926904918
9.599340708785412 0.003745959569778346
9.599340708785412 0.0039725953274425555
9.599340708785412 0.0038659504016095125
9.599340708785412 0.0034414878775724904
9.599340708785412 0.0035924122948517464
9.599340708785412 0.0035759042034803896
9.599595507954048 0.0036202643021390683
9.599595507954048 0.004523782962008432
9.618440340371908 0.004317668038780458
9.618440340371908 0.0038644154366923905
9.623171745097874 0.00368895220641545
9.623171745097874 0.003478364626194859
9.623171745097874 0.003317353022227058
9.623171745097874 0.003347383022761147
9.623171745097874 0.0034131134463410095
9.623171745097874 0.0030868200617647236
9.623171745097874 0.0033204200075971015
9.623171745097874 0.0032780083043907437
9.623171745097874 0.0030047026680814423
9.705172109456099 0.0031155148368485226
9.705172109456099 0.0027187664543371977
9.705172109456099 0.0029485513629586985
9.705172109456099 0.003289454182144373
9.705172109456099 0.0036759773278110795
9.705172109456099 0.003733847379797558
9.705172109456099 0.003402910360122605
9.705172109456099 0.0036180147869138545
9.705172109456099 0.003657588357727232
9.705172109456099 0.0037747876349580513
9.705172109456099 0.0038011493774917898
9.705172109456099 0.0033999915258113213
9.705172109456099 0.003442414377722798
9.705172109456099 0.0033313038101099226
9.705172109456099 0.003278511197851784
9.728194194527232 0.003646382961374895
9.728194194527232 0.0034490637661119625
9.754335957299645 0.0035093655093161556
9.754335957299645 0.0033691005549257073
9.754335957299645 0.0035774572846678674
9.754335957299645 0.002927237166124459
9.754335957299645 0.003004350855537479
9.754335957299645 0.0030805554898865506
9.754335957299645 0.0030214533165325752
9.754335957299645 0.003011306696998851
9.754335957299645 0.002884132845323585
9.759458745096909 0.002834615799748245
9.759458745096909 0.0028374815580041075
9.759458745096909 0.0027726795161068605
9.759458745096909 0.00278667711591579
9.759458745096909 0.0024881613060939215
9.809384046255346 0.0025245908964274914
9.809384046255346 0.002600829418746274
9.809384046255346 0.0023638134800511353
9.809384046255346 0.0023681770093279624
9.809384046255346 0.0023732598828968225
9.809384046255346 0.00208152337898452
9.809384046255346 0.0018943605221515766
9.809384046255346 0.001949116810740983
9.809384046255346 0.002062724444172072
9.809384046255346 0.002224823632769618
9.809384046255346 0.002077375920571737
9.809384046255346 0.0020515406904366208
9.809384046255346 0.0021188018461787876
9.809384046255346 0.0018963674910843806
9.809384046255346 0.001889019179392178
9.809384046255346 0.0017408275135505935
9.809384046255346 0.0018841112384399314
9.809384046255346 0.0018412639950728682
9.809384046255346 0.0021154204096658
9.809384046255346 0.0019521550686859232
9.809384046255346 0.0018714087506481092
9.809384046255346 0.0019014733996559556
9.809384046255346 0.0021673876807702026
9.809384046255346 0.0022208115891399057
9.809384046255346 0.002165676073213506
9.809384046255346 0.0023808049665580925
9.809384046255346 0.002189830948260205
9.809384046255346 0.002065551769970663
9.809384046255346 0.0019031309291137161
9.809384046255346 0.001921514283660119
9.809384046255346 0.0020351192653658206
9.809384046255346 0.0020623599264645654
9.809384046255346 0.0022183018935493727
9.809384046255346 0.0021092241467469165
9.809384046255346 0.0022335728091058236
9.809384046255346 0.0020568704177197643
9.809384046255346 0.0019953027371846987
9.809384046255346 0.0019516069478093048
9.809384046255346 0.001910498522833756
9.809384046255346 0.001752815670948989
9.809384046255346 0.0017620763491317689
9.809384046255346 0.0014472431086469978
9.809384046255346 0.0013981395643576755
9.809384046255346 0.0013855300144126077
9.809384046255346 0.0015410364873627823
9.809384046255346 0.0015231779903769876
9.825786977429365 0.0015615539547469731
9.825786977429365 0.0014124198822130108
9.825786977429365 0.0013939040837483059
9.825786977429365 0.0013872587398179347
9.825786977429365 0.0015034196055703159
9.825786977429365 0.0013228228759791345
9.825786977429365 0.0014103841047047852
9.825786977429365 0.0012392828446233445
9.828146188638316 0.0012871685109058764
9.828146188638316 0.001264021940586478
9.833724620952628 0.0012009505201231196
9.833724620952628 0.0011455681133098715
9.833724620952628 0.0011381043188135528
9.833724620952628 0.0011409071082142243
9.833724620952628 0.0010459761408391577
9.833724620952628 9.062709414696873E-4
9.833724620952628 8.751110270895529E-4
9.833724620952628 8.026190230942706E-4
9.833724620952628 7.872266800316155E-4
9.833724620952628 7.898658514974377E-4
9.844282249470353 8.247851408820044E-4
9.844282249470353 8.299988056404223E-4
9.844282249470353 6.838491505994161E-4
9.853560156892273 5.273555992129668E-4
9.853560156892273 4.463748374434274E-4
9.853560156892273 3.249470884867149E-4
9.853560156892273 3.490324428674779E-4
9.853560156892273 3.2367989521274156E-4
9.853560156892273 3.245518879902909E-4
9.853560156892273 3.245518879902909E-4
9.853560156892273 3.245518879902909E-4
9.853560156892273 3.690009157845738E-4
9.853560156892273 2.399305880711016E-4
9.853560156892273 2.399305880711016E-4
9.877411822306993 2.5965604380322156E-4
9.877411822306993 2.879600248205528E-4
9.877411822306993 3.084057646987066E-4
9.877411822306993 3.4519781650247245E-4
9.877411822306993 3.4519781650247245E-4
9.877411822306993 4.388979449004644E-4
9.877411822306993 4.2897553877632103E-4
9.889005200644949 4.050872327227996E-4
9.889005200644949 4.4793388986013704E-4
9.889005200644949 3.916595285063723E-4
9.889005200644949 4.726970145008331E-4
9.897325337216824 4.7573912983904564E-4
9.897325337216824 4.92705692156632E-4
9.897325337216824 4.92705692156632E-4
9.897325337216824 4.168096557788978E-4
9.897325337216824 4.3715163173404896E-4
9.897325337216824 4.067880597911137E-4
9.897325337216824 4.172398682694134E-4
9.897325337216824 4.488332259416618E-4
9.897325337216824 4.375650386104459E-4
9.897325337216824 4.83787300669533E-4
9.897325337216824 5.047436933266098E-4
9.897325337216824 5.31556424782893E-4
9.897325337216824 5.59360375295313E-4
9.897325337216824 5.017082906690309E-4
9.897325337216824 4.9749425161815E-4
9.897325337216824 5.236752595849723E-4
9.897325337216824 5.148815850435748E-4
9.897325337216824 5.449360452921394E-4
9.897325337216824 5.731870731697378E-4
9.897325337216824 5.88587776260308E-4
9.897325337216824 5.94468992624524E-4
9.897325337216824 5.793998024235075E-4
9.897325337216824 5.623701635491836E-4
9.897325337216824 5.425614957608636E-4
9.897325337216824 5.619304388698226E-4
9.897325337216824 5.233332307949375E-4
9.897325337216824 5.295547189772718E-4
9.897325337216824 4.786234027694163E-4
9.897325337216824 4.874003718716179E-4
9.897325337216824 4.888875627240771E-4
9.897325337216824 4.6801808904624515E-4
9.897325337216824 4.725603135712108E-4
9.897325337216824 4.2888004067297673E-4
9.897325337216824 3.6509483648760775E-4
9.897325337216824 3.581543053423484E-4
9.903197073585885 3.6778996923306624E-4
9.903197073585885 3.571443781971869E-4
9.903197073585885 3.6931854086016323E-4
9.903197073585885 3.783942030073921E-4
9.903197073585885 3.64068544146954E-4
9.903197073585885 3.924131574171051E-4
9.903197073585885 3.6467944038683005E-4
9.903197073585885 3.7928386850525253E-4
9.903197073585885 3.4223126529437184E-4
9.903197073585885 3.139319751559353E-4
9.903197073585885 3.0332669959058834E-4
9.903197073585885 3.3409650141095945E-4
9.903197073585885 3.375439195207741E-4
9.903197073585885 3.2704441810597445E-4
9.903197073585885 2.9739566777925897E-4
9.903197073585885 2.445722633531881E-4
9.903197073585885 2.3101378199926457E-4
9.903197073585885 2.1523063387370283E-4
9.903197073585885 2.0935759777824682E-4
9.903197073585885 2.1764501890727105E-4
9.903197073585885 1.9434418400012253E-4
9.903197073585885 1.7116416971981613E-4
9.903197073585885 1.727306535442646E-4
9.903197073585885 1.7273065354426464E-4
9.903197073585885 1.7383638903834873E-4
9.903197073585885 1.3538713562333783E-4
9.903197073585885 1.272864113901042E-4
9.903197073585885 1.1205605889365274E-4
9.903197073585885 1.0604338486483092E-4
9.903197073585885 1.0196256835723725E-4
9.903197073585885 9.72721562041248E-5
9.903197073585885 1.0700541346844679E-4
9.903197073585885 7.694440441486102E-5
9.903197073585885 1.3623877131538055E-4
9.904033530282359 1.3811150852438E-4
9.904033530282359 1.3811150852438003E-4
9.904033530282359 1.309290048463285E-4
9.904033530282359 1.272736889737256E-4
9.904033530282359 1.3243727573148626E-4
9.904033530282359 1.3747239338004151E-4
9.904033530282359 1.3747239338004151E-4
9.904033530282359 1.3747239338004151E-4
9.904033530282359 1.3362429331439943E-4
9.90976345746967 1.276674022852038E-4
9.90976345746967 1.1817408313383194E-4
9.90976345746967 1.2413141527595483E-4
9.90976345746967 1.1214121763947856E-4
9.90976345746967 1.1214121763947856E-4
9.90976345746967 1.1214121763947856E-4
9.90976345746967 1.1824212595614812E-4
9.90976345746967 1.1270228671396762E-4
9.90976345746967 9.421077495912086E-5
9.90976345746967 9.469257153562346E-5
9.90976345746967 8.859166321895388E-5
9.90976345746967 8.85916632189539E-5
9.90976345746967 9.391857432767593E-5
9.90976345746967 9.391857432767593E-5
9.90976345746967 9.391857432767593E-5
9.90976345746967 9.391857432767592E-5
9.90976345746967 9.776565917345699E-5
9.90976345746967 9.776565917345699E-5
9.90976345746967 9.776565917345699E-5
9.90976345746967 9.776565917345699E-5
9.90976345746967 9.776565917345699E-5
9.90976345746967 9.776565917345699E-5
9.90976345746967 9.776565917345699E-5
9.90976345746967 3.2079830955523264E-5
9.90976345746967 3.2079830955523264E-5
9.90976345746967 3.2079830955523264E-5
9.90976345746967 3.2079830955523264E-5
9.90976345746967 2.857127016583509E-5
9.90976345746967 2.4724185320054023E-5
9.90976345746967 2.4724185320054023E-5
9.90976345746967 2.4724185320054023E-5
9.90976345746967 2.4724185320054023E-5
9.90976345746967 2.4724185320054023E-5
9.90976345746967 2.4724185320054023E-5
9.90976345746967 5.326911108722039E-6
9.90976345746967 5.326911108722039E-6
9.90976345746967 5.326911108722039E-6
9.90976345746967 0.0
9.90976345746967 0.0
9.90976345746967 8.770318932711533E-6
9.909945905668039 1.3814190603879424E-5
9.909945905668039 1.3814190603879424E-5
9.909945905668039 1.3814190603879424E-5
9.909945905668039 1.3814190603879424E-5
9.909945905668039 5.043871671167891E-6
9.909945905668039 5.043871671167891E-6
9.909945905668039 5.043871671167891E-6
9.909945905668039 5.043871671167891E-6
9.909945905668039 5.043871671167891E-6
9.909945905668039 5.043871671167891E-6
9.909945905668039 5.043871671167891E-6
9.909945905668039 5.043871671167891E-6
9.909945905668039 5.043871671167891E-6
9.909945905668039 5.043871671167891E-6
9.909945905668039 5.043871671167891E-6
9.909945905668039 5.043871671167891E-6
9.909945905668039 5.043871671167891E-6
9.909945905668039 5.043871671167891E-6
9.909945905668039 5.043871671167891E-6
9.909945905668039 5.043871671167891E-6
9.909945905668039 5.043871671167891E-6
9.910430759547793 7.508011949196964E-6
9.910430759547793 7.508011949196964E-6
9.910430759547793 7.508011949196964E-6
9.910430759547793 1.0088940210859767E-5
9.910430759547793 1.599003042850201E-5
9.910430759547793 1.599003042850201E-5
9.910430759547793 1.0088940210859767E-5
9.910430759547793 1.0088940210859767E-5
9.910430759547793 1.0088940210859767E-5
9.910430759547793 5.043871671167891E-6
9.910430759547793 5.043871671167891E-6
9.910430759547793 5.043871671167891E-6
9.910430759547793 5.043871671167891E-6
9.910430759547793 5.043871671167891E-6
9.910430759547793 5.043871671167891E-6
9.910430759547793 8.84934460889018E-6
9.910430759547793 3.8054729377222894E-6
9.910430759547793 3.8054729377222894E-6
9.910430759547793 3.8054729377222894E-6
9.910430759547793 3.8054729377222894E-6
9.910430759547793 1.3208530533076468E-5
9.910430759547793 1.3208530533076468E-5
9.910430759547793 1.3208530533076468E-5
9.910430759547793 1.3208530533076468E-5
9.910430759547793 1.3208530533076468E-5
9.910430759547793 1.9106814040824338E-5
9.910430759547793 1.9106814040824338E-5
9.910430759547793 1.9106814040824338E-5
9.910430759547793 1.9106814040824338E-5
9.910989064346689 2.089421868683411E-5
9.910989064346689 1.4995935179086239E-5
9.910989064346689 1.4995935179086239E-5
9.910989064346689 1.7284864747926778E-5
Score: 9.910989064346689
Runtime: 861ms
