3.623909660621148E-5 5.36405380605777
8.251790596527574E-4 4.620278796597357
8.251790596527574E-4 4.282952513698504
0.0013565092909106728 3.952052725273209
0.003158261760967519 3.703453843679653
0.003158261760967519 3.4719650734385072
0.08142151002052461 3.284020094576471
0.08142151002052461 3.1376914216666667
0.08142151002052461 2.960717916456563
0.6496404867258445 2.7379052906247723
0.6496404867258445 2.612631917284935
0.6496404867258445 2.5623894067295665
0.6496404867258445 2.416756325656212
0.6496404867258445 2.2892999253108726
1.4249468041935223 2.2262201016637007
1.4249468041935223 2.0856443683161197
1.6260677637549168 2.0886965902945054
1.6260677637549168 2.016693973435317
1.6260677637549168 1.999438913430782
3.572132687681106 1.9356897738067986
3.572132687681106 1.8942561292591442
3.572132687681106 1.8301345649855205
3.572132687681106 1.7114226859777113
3.572132687681106 1.6677708105300988
3.572132687681106 1.582667202039959
3.572132687681106 1.512735997378076
3.572132687681106 1.5047101868858415
3.572132687681106 1.440246065410581
3.572132687681106 1.4222517567932855
3.572132687681106 1.367897088677287
3.572132687681106 1.3599414704344193
3.572132687681106 1.3436200910425813
3.572132687681106 1.3176411188425619
3.572132687681106 1.2996990744032664
3.572132687681106 1.2859579495207185
3.572132687681106 1.2510004210430947
3.572132687681106 1.214935819663993
3.572132687681106 1.19125616708344
3.572132687681106 1.187174725127324
3.572132687681106 1.1492197634850507
3.572132687681106 1.1186055580743146
3.572132687681106 1.0153951886897161
3.572132687681106 0.9781279490504251
3.572132687681106 0.9326147970271464
3.572132687681106 0.8851035296782406
3.572132687681106 0.8504059118661211
3.572132687681106 0.7958548353186415
3.572132687681106 0.8363552609275845
3.572132687681106 0.8296384900250043
3.572132687681106 0.7652449586602794
3.572132687681106 0.7335142647330879
3.572132687681106 0.6914888738246465
3.572132687681106 0.6983702088158525
3.572132687681106 0.6893980812636009
3.572132687681106 0.6707299949486472
3.572132687681106 0.6679154507102163
3.9993141231703992 0.6361973201373898
3.9993141231703992 0.5991268544745114
3.9993141231703992 0.5811234423682846
3.9993141231703992 0.5347908765424633
3.9993141231703992 0.5270823909000537
3.9993141231703992 0.5152266855619658
3.9993141231703992 0.4815889856784938
3.9993141231703992 0.4491539769528374
3.9993141231703992 0.4401635837125691
3.9993141231703992 0.42981050908017127
4.338255733018854 0.4170801680571233
4.338255733018854 0.4289819235035703
4.338255733018854 0.40481244657863413
4.338255733018854 0.3992738673661415
4.338255733018854 0.414479736725783
4.338255733018854 0.39351664741282033
5.002024511572833 0.36723759042808407
5.002024511572833 0.3457361789032828
5.002024511572833 0.336685313756941
5.002024511572833 0.364687717968357
5.002024511572833 0.36359870391313687
5.002024511572833 0.36546059481409593
5.002024511572833 0.35543841773353146
5.002024511572833 0.36050286885096783
5.002024511572833 0.3488149298885615
5.002024511572833 0.3329581470052656
5.002024511572833 0.3214097374290915
5.002024511572833 0.30784909672659877
5.002024511572833 0.29968575422148075
5.002024511572833 0.2917117855378677
5.002024511572833 0.27904451799775476
5.18547718264781 0.26640806855801585
5.18547718264781 0.2582765806140679
5.239742233151713 0.21593193323044904
5.239742233151713 0.20152511649946384
5.239742233151713 0.20062705454615715
5.239742233151713 0.18030140952121357
5.239742233151713 0.165765219397046
5.239742233151713 0.15531173377405202
5.239742233151713 0.15110341913946002
5.239742233151713 0.1338386210942485
5.445647169833628 0.1367350446271348
5.463854142610015 0.14601645142409425
5.463854142610015 0.13497029417672904
5.819694357838476 0.12667703824288692
5.819694357838476 0.11739686186545092
5.819694357838476 0.11167752230302305
5.819694357838476 0.10247410049185135
5.819694357838476 0.09770865882560403
5.819694357838476 0.10343206587710387
5.819694357838476 0.10385828821659882
5.886023822198001 0.09700900040255303
5.886023822198001 0.10478966218194763
5.886023822198001 0.11248172031797743
5.886023822198001 0.11191217003944433
5.886023822198001 0.1102882726016666
5.886023822198001 0.1107777128704902
5.886023822198001 0.11004631751300889
5.886023822198001 0.10745290851196847
5.886023822198001 0.113554753116891
5.886023822198001 0.09826807090535872
5.886023822198001 0.0921232057862252
5.886023822198001 0.0880128405841783
5.886023822198001 0.08400146064659125
6.1167043659902465 0.08734642495410323
6.1167043659902465 0.0907193262056493
6.1167043659902465 0.09815642742659011
6.1167043659902465 0.09031930803597654
6.350205331202248 0.08977634855514459
6.350205331202248 0.08717736975880402
6.350205331202248 0.08403112999368487
6.453748749388149 0.0810428698597393
6.869153915382675 0.08409397384019245
6.869153915382675 0.08242998080404107
6.869153915382675 0.08396093505796026
6.956477100644383 0.08684062847069841
7.277341094409606 0.09090248799428818
7.277341094409606 0.08452490651083261
7.277341094409606 0.08731540431457882
7.277341094409606 0.08455695968315287
7.277341094409606 0.07765101231948557
7.277341094409606 0.0711055385838088
7.277341094409606 0.07972421534496085
7.277341094409606 0.07822190578591365
7.277341094409606 0.08308804116313186
7.277341094409606 0.08533748017945954
7.277341094409606 0.08442778820964174
7.277341094409606 0.08173358724879061
7.277341094409606 0.08090933970850014
7.277341094409606 0.08544304159479763
7.277341094409606 0.0879854590417668
7.277341094409606 0.08288595066244038
7.456038775036892 0.08455626179841488
7.456038775036892 0.08384998444155256
7.456038775036892 0.07837924036909322
7.456038775036892 0.07775803860055434
7.878621270042906 0.07878436560320826
7.878621270042906 0.07689213570296083
7.878621270042906 0.06803671231636507
8.555744641309932 0.07229745643451702
8.555744641309932 0.07078217824130345
8.555744641309932 0.06620317814821779
8.555744641309932 0.06521936825368385
8.555744641309932 0.06297321438515248
8.555744641309932 0.0631543133652057
8.555744641309932 0.05878642813382841
8.555744641309932 0.0572644009675439
8.555744641309932 0.05947396394796745
8.555744641309932 0.0641218885630767
8.555744641309932 0.06052576394552783
8.555744641309932 0.059912124494653406
8.555744641309932 0.05306183400763731
8.555744641309932 0.05707090081552124
8.555744641309932 0.054278595394487206
8.555744641309932 0.06024699972225191
8.555744641309932 0.06387251015162367
8.555744641309932 0.05867213386112231
8.555744641309932 0.06112339028505456
8.555744641309932 0.061639918216230216
8.555744641309932 0.05776673829060266
8.555744641309932 0.05554419825915109
8.555744641309932 0.05738617977642381
8.555744641309932 0.05320089402705714
8.555744641309932 0.050525896568029256
8.555744641309932 0.04832540807549152
8.869358389061624 0.04622209444318501
8.869358389061624 0.03994866354534648
8.869358389061624 0.03776888269577368
8.869358389061624 0.03906639314336857
8.869358389061624 0.03858058699025193
8.869358389061624 0.03709855989096505
8.869358389061624 0.033154981314314
8.869358389061624 0.03108957630606937
8.869358389061624 0.03016233415933859
8.869358389061624 0.03155268902478671
8.869358389061624 0.03197702427778494
8.869358389061624 0.031821936265658636
8.869358389061624 0.032670396576336844
8.869358389061624 0.03224298162197432
8.869358389061624 0.03149144018030054
8.869358389061624 0.030933778645280678
8.869358389061624 0.025934002096457607
8.869358389061624 0.026192652376335036
8.869358389061624 0.027236767361079776
8.869358389061624 0.02618086638683717
8.869358389061624 0.023204510005331882
8.869358389061624 0.0246344051429503
8.869358389061624 0.023426697823348733
8.869358389061624 0.024031686160288068
8.87992575736218 0.023554752814137953
8.87992575736218 0.022918680234399195
8.87992575736218 0.023749879987601925
8.87992575736218 0.022035028170501278
8.87992575736218 0.022035028170501278
8.87992575736218 0.021936964297743913
8.87992575736218 0.018427806626442167
8.87992575736218 0.02043103219103336
8.87992575736218 0.01854431297167187
8.981169981709364 0.020631934449142488
8.981169981709364 0.01824935219846646
8.981169981709364 0.01752493104841786
8.981169981709364 0.017276458929206658
9.092631774536557 0.01483929802722602
9.092631774536557 0.013542948955777531
9.092631774536557 0.014417201733524383
9.092631774536557 0.012338966294807015
9.092631774536557 0.010692362409183845
9.092631774536557 0.010692362409183843
9.092631774536557 0.010419298426005533
9.092631774536557 0.010026723988240905
9.092631774536557 0.012286966886638096
9.092631774536557 0.012969235494682093
9.092631774536557 0.011618624908097619
9.092631774536557 0.01108291204069081
9.092631774536557 0.010662349893589258
9.092631774536557 0.011414046881438183
9.092631774536557 0.011086147036513368
9.092631774536557 0.011086147036513368
9.092631774536557 0.011707525902498263
9.092631774536557 0.012255639081420477
9.092631774536557 0.010394382372562067
9.092631774536557 0.00922991805067371
9.092631774536557 0.007872046947436701
9.092631774536557 0.008441223697889693
9.092631774536557 0.00859129362439871
9.092631774536557 0.008276552548457902
9.092631774536557 0.007671714852554621
9.092631774536557 0.00724017459859159
9.092631774536557 0.00724017459859159
9.092631774536557 0.00724017459859159
9.092631774536557 0.006524468744773678
9.092631774536557 0.0065158220631228855
9.092631774536557 0.006087148528846928
9.092631774536557 0.006087148528846928
9.092631774536557 0.006484127378399134
9.092631774536557 0.0056945253721231905
9.092631774536557 0.005694525372123191
9.092631774536557 0.005307671065931024
9.092631774536557 0.004836158127129409
9.092631774536557 0.004630241667878987
9.092631774536557 0.004282133072547755
9.092631774536557 0.004282133072547755
9.092631774536557 0.0028549376585119174
9.092631774536557 0.002285760908058925
9.092631774536557 0.002796234914923312
9.092631774536557 0.003412296522772896
9.092631774536557 0.002656181159935707
9.092631774536557 0.002656181159935707
9.092631774536557 0.0030462870437109645
9.092631774536557 0.002535813036846577
9.092631774536557 0.0018606724017474726
9.092631774536557 0.0018606724017474726
9.129782689885582 0.002819615217364431
9.129782689885582 0.0021136121502461414
9.129782689885582 0.0024551942608567238
9.129782689885582 0.0024551942608567238
9.129782689885582 0.0028500104072631174
9.129782689885582 0.0028500104072631174
9.170958880295228 0.003244219586722002
9.170958880295228 0.004341238747029023
9.170958880295228 0.004473028999504516
9.170958880295228 0.004889349599810841
9.215164592666497 0.005151097626106559
9.215164592666497 0.005017476531761974
9.32716143386988 0.004215996111363559
9.32716143386988 0.004215996111363559
9.32716143386988 0.004215996111363559
9.32716143386988 0.003564524218075585
9.32716143386988 0.0037323685891176377
9.32716143386988 0.003041865337526044
9.32716143386988 0.002725675224395087
9.32716143386988 0.0039044645274808687
9.32716143386988 0.0036153147048779847
9.32716143386988 0.0041823973160104826
9.32716143386988 0.003449566082986354
9.32716143386988 0.0037466724094535717
9.32716143386988 0.0037540833731294354
9.32716143386988 0.003974963929523883
9.32716143386988 0.003974963929523883
9.32716143386988 0.004325062314361187
9.32716143386988 0.004283841073254698
9.32716143386988 0.004505930523146371
9.32716143386988 0.005303704088284595
9.334096667260113 0.0056843218304658966
9.334096667260113 0.006042144994365709
9.334096667260113 0.005909779108824635
9.334096667260113 0.005925064910431261
9.334096667260113 0.0056941281394225695
9.334096667260113 0.005706524807809923
9.334096667260113 0.005706524807809923
9.334096667260113 0.005706524807809923
9.334096667260113 0.005706524807809923
9.334096667260113 0.005706524807809923
9.334096667260113 0.00547755308559181
9.334096667260113 0.005449778271267538
9.334096667260113 0.004755499870555712
9.334096667260113 0.004526528148337599
9.334096667260113 0.0038649759867820754
9.334096667260113 0.0038649759867820754
9.47282595767231 0.0041405917949715815
9.47282595767231 0.00428949757683514
9.556853749446951 0.004351802757995524
9.556853749446951 0.004528220748635133
9.556853749446951 0.004807744982129263
9.556853749446951 0.004740746091417086
9.556853749446951 0.004064404731783223
9.556853749446951 0.003920031884820104
9.556853749446951 0.0035271562549581423
9.556853749446951 0.003852974921414667
9.556853749446951 0.003852974921414667
9.556853749446951 0.0036927688039775338
9.556853749446951 0.0036927688039775338
9.556853749446951 0.003426675384326436
9.556853749446951 0.0037178569392617425
9.556853749446951 0.004283099779849711
9.556853749446951 0.004303462662853438
9.556853749446951 0.004089545547954363
9.556853749446951 0.004451707351524726
9.556853749446951 0.0035545828244306086
9.556853749446951 0.003263401269495301
9.556853749446951 0.0035263972216077553
9.556853749446951 0.003956617566556299
9.556853749446951 0.0038596603538656733
9.556853749446951 0.004129586442451508
9.556853749446951 0.004010671038572099
9.556853749446951 0.004168546465528391
9.556853749446951 0.0043222132364476515
9.556853749446951 0.003999001576731443
9.556853749446951 0.004008860252364989
9.556853749446951 0.003951742060433227
9.556853749446951 0.0038811123643508433
9.556853749446951 0.0041601700133732
9.556853749446951 0.00391732142648602
9.556853749446951 0.0038374152181445045
9.556853749446951 0.004084371750094721
9.556853749446951 0.0042370088694372475
9.556853749446951 0.003938817741954953
9.556853749446951 0.003576655938384588
9.556853749446951 0.0036863706997731895
9.556853749446951 0.003163575029876585
9.556853749446951 0.0034744893246853505
9.556853749446951 0.003136474326411795
9.556853749446951 0.003052810429773113
9.556853749446951 0.002760915959994724
9.556853749446951 0.002464645282154367
9.556853749446951 0.002468162010493751
9.556853749446951 0.002223977118320768
9.556853749446951 0.0022867829765087326
9.556853749446951 0.002442654350093678
9.556853749446951 0.002266165442492826
9.556853749446951 0.002278768289636401
9.556853749446951 0.0021480351776279297
9.556853749446951 0.0021480351776279297
9.556853749446951 0.002503275306183632
9.556853749446951 0.0028210064528890254
9.556853749446951 0.002891226982532565
9.556853749446951 0.002891226982532565
9.556853749446951 0.0026011549971727958
9.556853749446951 0.0030301693067996114
9.556853749446951 0.0031645749236529313
9.556853749446951 0.003186270485768562
9.556853749446951 0.0027337217840323726
9.556853749446951 0.0028892650291953256
9.556853749446951 0.0032247202237788127
9.556853749446951 0.003382595650735104
9.556853749446951 0.0033136942120846184
9.556853749446951 0.0028719685329209616
9.556853749446951 0.002556552249012714
9.556853749446951 0.00242312588710182
9.556853749446951 0.0025289209872435938
9.556853749446951 0.0023512608588285807
9.556853749446951 0.0023512608588285807
9.556853749446951 0.0023638804330622697
9.556853749446951 0.00236388043306227
9.556853749446951 0.00240669352209148
9.556853749446951 0.0019701234999937854
9.56899647657792 0.0025370902901526928
9.56899647657792 0.0021678218608490772
9.56899647657792 0.002167821860849077
9.56899647657792 0.0021678218608490772
9.56899647657792 0.002089099563075303
9.56899647657792 0.002365013507564461
9.56899647657792 0.0021938270816060754
9.56899647657792 0.0021938270816060754
9.56899647657792 0.0021938270816060754
9.56899647657792 0.0019193039358071232
9.56899647657792 0.0019193039358071232
9.56899647657792 0.0019193039358071232
9.56899647657792 0.0019193039358071232
9.56899647657792 0.0019193039358071232
9.619623506438433 0.0017564698915855318
9.619623506438433 0.0014359916640061072
9.619623506438433 0.001528455156715436
9.619623506438433 0.001528455156715436
9.619623506438433 0.0016171384635741111
9.619623506438433 0.0016750139188824295
9.619623506438433 0.0013791850324150043
9.619623506438433 0.0013791850324150043
9.619623506438433 0.0013791850324150043
9.619623506438433 0.0013791850324150043
9.619623506438433 0.0016015910679929694
9.619623506438433 0.0015261397241855435
9.696019998776963 0.0015755720121928603
9.696019998776963 0.0017262640849520883
9.696019998776963 0.0015536875305804964
9.696019998776963 0.0016237387377777046
9.696019998776963 0.0012603287490768297
9.696019998776963 0.0012603287490768297
9.696019998776963 0.0011780414358751707
9.696019998776963 9.858267013798968E-4
9.696019998776963 9.858267013798968E-4
9.696019998776963 0.001157449496504787
9.696019998776963 0.001279920304077992
9.696019998776963 0.0012186849002913894
9.696019998776963 9.350434609268218E-4
9.73399843127449 9.424189484491344E-4
9.73399843127449 7.894081944478596E-4
9.73399843127449 7.894081944478596E-4
9.73399843127449 9.59765762831545E-4
9.73399843127449 8.066907055609614E-4
9.73399843127449 8.350112874844221E-4
9.73399843127449 0.001151016527523629
9.73399843127449 0.0011041904747418742
9.73399843127449 0.0012391180257515112
9.73399843127449 0.0012745030768593851
9.73399843127449 0.0019146338947510359
9.73399843127449 0.0019146338947510359
9.73399843127449 0.0013106234156348938
9.74255750284004 0.0016878499440063414
9.74255750284004 0.0017463529810141931
9.74255750284004 0.0017207023180190032
9.74255750284004 0.0017657840196915575
9.74255750284004 0.0018282006146187993
9.74255750284004 0.0018182562401562595
9.74255750284004 0.0017608392870351378
9.749208462347786 0.001909342396732465
9.762108357552389 0.00193584950010309
9.762108357552389 0.0019378766080016636
9.762108357552389 0.002022494085739809
9.762108357552389 0.0017667169469874715
9.762108357552389 0.0018342312016225867
9.762108357552389 0.0017262236070249408
9.793706439020628 0.0017555410510079557
9.793706439020628 0.0018599616565990876
9.793706439020628 0.001873168972239951
9.793706439020628 0.001900632878050084
9.793706439020628 0.0016624218421064148
9.793706439020628 0.0016707008535313838
9.795619098469956 0.0018164942629604523
9.795619098469956 0.0017534211973105995
9.795619098469956 0.0016153167649513459
9.795619098469956 0.0012642884923224232
9.795619098469956 0.001181256157713966
9.795619098469956 0.0011654583128895373
9.82037373515896 0.0012601765510962344
9.82037373515896 0.001152472977397574
9.82037373515896 0.0012117297477775505
9.82037373515896 0.0016079980177583929
9.82037373515896 0.0017490756419834452
9.82037373515896 0.0016664852090672228
9.82037373515896 0.0018797992334912814
9.82037373515896 0.002015172267527996
9.82037373515896 0.0020446655648828746
9.82037373515896 0.002002849567969209
9.82037373515896 0.0018327007139804145
9.82037373515896 0.0017320603845684057
9.82037373515896 0.00148016390886728
9.82037373515896 0.001520533625025422
9.823343942539463 0.001757063492826127
9.823343942539463 0.001687647850461518
9.827195081397596 0.0017954557137994675
9.827195081397596 0.001671554110021281
9.827195081397596 0.0018916101776721118
9.827195081397596 0.0019210030396051884
9.831197858312313 0.0016828905574512124
9.831197858312313 0.0015899042413987754
9.836625696084818 0.0017956816133001027
9.836625696084818 0.001890959758704757
9.836625696084818 0.0019231171011186777
9.836625696084818 0.0017913328698170783
9.836625696084818 0.0015161683867450774
9.836625696084818 0.0016680806470406033
9.836625696084818 0.0015945132297358843
9.836625696084818 0.0014996380168750554
9.836625696084818 0.0014722429979721907
9.842473734413284 0.001542903191131319
9.842473734413284 0.0015577237223468206
9.842473734413284 0.0015960383241157895
9.842610021704196 0.0014811762390991778
9.842610021704196 0.0014101031726342936
9.85313857423341 0.0013967969137636236
9.85313857423341 0.0013320752910004688
9.85313857423341 0.001287100207710576
9.85313857423341 0.0011765952094541568
9.85313857423341 0.0011607416820940992
9.85313857423341 0.001251263993837591
9.85641194012731 0.0011778190892099002
9.86367654024303 0.0010832620414757532
9.86367654024303 0.0010236026266420126
9.86367654024303 9.090342103512019E-4
9.86367654024303 9.084355730354025E-4
9.86367654024303 7.274423640268123E-4
9.86367654024303 6.424802544666634E-4
9.885515391150593 6.285914548693266E-4
9.885515391150593 7.618683573447628E-4
9.885515391150593 8.030904887847859E-4
9.885515391150593 7.525595607342896E-4
9.885515391150593 6.729030223812717E-4
9.885515391150593 6.816868924055104E-4
9.887041945111347 6.407245515025211E-4
9.887041945111347 6.557668503205569E-4
9.887041945111347 6.55481331792278E-4
9.887041945111347 6.39783012339231E-4
9.887041945111347 5.136816152604036E-4
9.887041945111347 4.418334067045623E-4
9.887041945111347 4.4846196334972176E-4
9.887041945111347 4.6578714458793283E-4
9.887041945111347 4.887326049670736E-4
9.887041945111347 5.412276436897303E-4
9.887041945111347 5.700156381599992E-4
9.887041945111347 5.257816050754641E-4
9.887041945111347 5.082470462934991E-4
9.887041945111347 4.872551773282462E-4
9.887041945111347 4.660396023405215E-4
9.887041945111347 5.269628884081329E-4
9.887041945111347 5.559194305686085E-4
9.887041945111347 5.618793341728424E-4
9.887041945111347 5.559591760367036E-4
9.887041945111347 5.844130991669278E-4
9.887060270176619 6.239180004742795E-4
9.887060270176619 6.3867004158002E-4
9.887060270176619 6.806452105687787E-4
9.887060270176619 6.616635717511426E-4
9.887060270176619 5.860408642051617E-4
9.887060270176619 6.139703690091925E-4
9.888357697385816 6.433824502541218E-4
9.888357697385816 6.622228037715238E-4
9.888357697385816 6.115095238979372E-4
9.888357697385816 5.696768167088081E-4
9.888357697385816 5.68771573688898E-4
9.888357697385816 5.6641347567026E-4
9.888357697385816 5.441412512862823E-4
9.888357697385816 5.079716895246243E-4
9.888357697385816 4.7896523562569135E-4
9.888357697385816 5.087226853413879E-4
9.888357697385816 4.710086069790685E-4
9.888357697385816 4.7245515853091527E-4
9.891140345485725 4.6133350002946496E-4
9.891140345485725 4.4736757402918963E-4
9.891140345485725 4.140724372104927E-4
9.891140345485725 3.8542991418778885E-4
9.891140345485725 3.3474661017832597E-4
9.891140345485725 3.2060757922334907E-4
9.891140345485725 3.007995563549787E-4
9.891140345485725 3.091094770820223E-4
9.891140345485725 3.147909263495604E-4
9.891140345485725 3.0362381165909664E-4
9.893631684210465 3.1652078609253334E-4
9.893631684210465 2.995571535998356E-4
9.893631684210465 2.840504717409815E-4
9.893631684210465 2.899794587223801E-4
9.893631684210465 2.7734934385052014E-4
9.893631684210465 2.5641576276592753E-4
9.893631684210465 2.2599421860153545E-4
9.893631684210465 2.2339480816847075E-4
9.893631684210465 2.051655249858341E-4
9.893631684210465 2.0676268688790735E-4
9.893631684210465 1.8564561151291728E-4
9.893631684210465 1.820574941238734E-4
9.893631684210465 1.7860192662410462E-4
9.893631684210465 1.9321752939044669E-4
9.894114825639948 1.9550291221991325E-4
9.894114825639948 1.9715172852976983E-4
9.894494664736449 2.0355262254186134E-4
9.894494664736449 2.0333493509503453E-4
9.894494664736449 1.9213120776884033E-4
9.894541785328478 2.0040773582727896E-4
9.895752015666826 2.1285463708769E-4
9.895923407509281 1.745930828939132E-4
9.895923407509281 1.8144007094295366E-4
9.895923407509281 1.7981342225844102E-4
9.897133890452396 1.7380051990291938E-4
9.897133890452396 1.7889749003858324E-4
9.897133890452396 1.7421010466042735E-4
9.897133890452396 1.8443339064848642E-4
9.897133890452396 1.7159058947160093E-4
9.897133890452396 1.7515516383590478E-4
9.897133890452396 1.79651724284631E-4
9.897133890452396 1.6446980335295175E-4
9.897133890452396 1.6029949189709343E-4
9.897133890452396 1.6632077075254192E-4
9.897133890452396 1.6656151364674067E-4
9.897133890452396 1.3564229305267333E-4
9.897133890452396 1.3705107090727215E-4
9.89772680329889 1.3213027841770737E-4
9.89772680329889 1.244406198736372E-4
9.89772680329889 1.2985304938285973E-4
9.89772680329889 1.2810767826201404E-4
9.89772680329889 1.3097900974220255E-4
9.89772680329889 1.305530823371928E-4
9.89772680329889 1.316971693097024E-4
9.89772680329889 1.3349125697947198E-4
9.89772680329889 1.383474790676502E-4
9.89772680329889 1.3871086041122586E-4
9.89772680329889 1.3382782782963177E-4
9.898519604067967 1.322809988541402E-4
9.898519604067967 1.3359567123362288E-4
9.898519604067967 1.3414841268867078E-4
9.900013170554383 1.417242082349494E-4
9.900013170554383 1.3696074419650977E-4
9.900013170554383 1.41087823364505E-4
9.90030013309433 1.3997313402509711E-4
9.90030013309433 1.3525312263855732E-4
9.90030013309433 1.3816752491664302E-4
9.90030013309433 1.3331921037663204E-4
9.90030013309433 1.2721490512359189E-4
9.90030013309433 1.2244213440858903E-4
9.90030013309433 1.1878211000797933E-4
9.90030013309433 1.1819373839610206E-4
9.90030013309433 1.0253624208602012E-4
9.90030013309433 1.0450751407688808E-4
9.900343819832829 1.0458887491520544E-4
9.900343819832829 1.0819717232747066E-4
9.900343819832829 1.1148097346900832E-4
9.900343819832829 1.0411458130210018E-4
9.90059611241901 9.482618886371971E-5
9.90059611241901 9.365243432242015E-5
9.90059611241901 1.0380788324489933E-4
9.90059611241901 9.15809807930582E-5
9.90059611241901 8.679711987501629E-5
9.90059611241901 8.725525121424835E-5
9.90059611241901 8.302094936421764E-5
9.90059611241901 8.586654591500605E-5
9.90059611241901 8.708801576605401E-5
9.90059611241901 8.531068099882251E-5
9.90059611241901 8.460620494750589E-5
9.902310701272858 8.586701407265142E-5
9.902310701272858 8.256985490918191E-5
9.902310701272858 8.269645218301209E-5
9.902310701272858 8.396272873912305E-5
9.902310701272858 9.382657041162784E-5
9.906576329965015 9.967656205327968E-5
9.906576329965015 9.881855583679593E-5
9.906576329965015 8.776254686632253E-5
9.906576329965015 8.456448869854224E-5
9.906576329965015 8.110747628808485E-5
9.907521034267555 8.54189756785551E-5
9.907521034267555 9.613894194808655E-5
9.908421707814105 9.232970551524615E-5
Score: 9.908421707814105
Runtime: 1833ms
