2.1221370508355246E-6 5.298049129655239
1.634197777428443E-5 4.622057412344573
1.634197777428443E-5 4.1263439985461945
2.5603579481742845E-4 3.744274040978646
7.630163237433131E-4 3.245251662566557
0.0013459327153670674 3.063768595785247
0.004128893820716251 2.8662433804165723
0.06935862144971086 2.7110045227659585
0.06935862144971086 2.651756454252018
0.06935862144971086 2.543894898394698
0.06935862144971086 2.4112050267742187
0.10324228850413604 2.315478684457078
0.10324228850413604 2.2150652103724555
0.2430944468007259 2.171058970597113
0.2430944468007259 2.082269642226068
0.45142213876289944 2.0817312608197693
0.6558081355948513 2.074497246309906
0.6558081355948513 2.002550544574661
0.6558081355948513 1.9086929669738215
0.6558081355948513 1.8350425890506945
0.6558081355948513 1.743902151449431
0.6881131025481867 1.7105539123429614
0.6881131025481867 1.635087500550562
0.6881131025481867 1.5286467916866142
1.230789783256638 1.493235281284557
1.230789783256638 1.4338009342632918
1.230789783256638 1.409376385659117
1.230789783256638 1.3847563168137647
1.2586297224846796 1.334057114660344
1.2586297224846796 1.2878835172827625
1.2586297224846796 1.202015045300778
1.3504125459359138 1.1807222606310608
1.3504125459359138 1.164980169080376
1.3504125459359138 1.123500188229135
1.7565340418001243 1.1022085678995466
1.7565340418001243 1.0793180723386235
1.7565340418001243 1.0270810142214115
1.7565340418001243 0.9727982972367861
1.7565340418001243 0.9543759480242916
1.7565340418001243 0.9430687936637605
1.7565340418001243 0.9610233327039321
1.7565340418001243 0.9627898203566857
1.7565340418001243 0.9343131127151966
1.7565340418001243 0.903036694911436
2.9293535915105746 0.8873457836023274
2.9293535915105746 0.8819371141328888
2.9293535915105746 0.9042028576146824
2.9293535915105746 0.878168511344345
2.9293535915105746 0.8354633630969702
2.9293535915105746 0.8006943133587718
2.9293535915105746 0.7860005223733633
2.9293535915105746 0.7473653323229199
2.9293535915105746 0.7270927419067199
2.9293535915105746 0.6976267235050198
2.9650467185810774 0.6764173256408346
2.984080841584122 0.698824875828893
3.469378314776033 0.6603480356458602
3.469378314776033 0.64771398083931
3.751437800956162 0.6632262149519684
3.751437800956162 0.6420434611591794
3.751437800956162 0.6497540409585644
3.751437800956162 0.6304555846814981
3.751437800956162 0.6005483687991225
3.869014356561043 0.6000083817921478
3.869014356561043 0.5929052709898736
3.869014356561043 0.5608984675174125
3.869014356561043 0.5550429231880701
3.869014356561043 0.5429338504674537
4.185590699558392 0.5348984502708874
4.185590699558392 0.5274461841431302
4.734610954089089 0.524177524616151
4.734610954089089 0.5100665892477698
5.237477932387449 0.4894371723720829
5.237477932387449 0.4634981510278201
5.237477932387449 0.4993341598297997
5.237477932387449 0.4820696028249618
5.237477932387449 0.46952180043490177
5.237477932387449 0.46386671636943294
5.257673802944414 0.43295892070360686
5.257673802944414 0.4260667474796922
5.278629713947074 0.4120281296551343
6.085564807815327 0.39949278273464905
6.085564807815327 0.38802372230962495
6.085564807815327 0.36298482839172425
6.906942154209656 0.35831537546832803
6.906942154209656 0.3578646670153057
6.906942154209656 0.3420921928856355
6.906942154209656 0.30268536016954994
6.906942154209656 0.31013640411620125
6.906942154209656 0.2865479338061672
7.74312176487469 0.27548093034696386
7.74312176487469 0.27024052203114307
7.74312176487469 0.2649324987694937
7.74312176487469 0.2455338693816232
7.74312176487469 0.2521861089995165
7.74312176487469 0.24839404840371812
7.74312176487469 0.24543409472891356
7.74312176487469 0.2384778614399718
7.74312176487469 0.228705905625512
7.74312176487469 0.21130391738537085
7.74312176487469 0.21177743640476437
7.74312176487469 0.21505454449419986
7.74312176487469 0.20095321436929817
7.74312176487469 0.1994238412408174
7.74312176487469 0.1902623440760969
7.74312176487469 0.1779767465054142
7.74312176487469 0.17196294786312824
7.74312176487469 0.17354109668200668
7.74312176487469 0.1652756610484423
7.74312176487469 0.15843671944658214
7.74312176487469 0.1517193597218332
7.74312176487469 0.14481849191358767
7.74312176487469 0.13566539551346238
7.74312176487469 0.133776555921605
7.74312176487469 0.1333185796861789
7.74312176487469 0.127329647225837
7.74312176487469 0.11998350453197579
7.74312176487469 0.11197936896534368
7.74312176487469 0.11078075396822344
7.74312176487469 0.1031825696502656
7.74312176487469 0.1048385751481022
7.889417398724289 0.09966208321675406
7.889417398724289 0.09632141103626872
7.889417398724289 0.08774484481660264
7.889417398724289 0.09238812559029902
7.889417398724289 0.09230896014951022
7.956934529680069 0.09835541834702675
8.022688155459683 0.10251457907403458
8.142889099422819 0.09890719483214776
8.453682276254487 0.09782291586332267
8.453682276254487 0.09186976952724722
8.453682276254487 0.08982234883935448
8.453682276254487 0.08475241159298606
8.453682276254487 0.08311554671605273
8.453682276254487 0.08221558453363617
8.453682276254487 0.07670973573649396
8.453682276254487 0.07580157629891843
8.453682276254487 0.07553876975695419
8.453682276254487 0.07758771831704704
8.453682276254487 0.07988616869471268
8.453682276254487 0.08292594417330906
8.453682276254487 0.07959323913608676
8.453682276254487 0.07725038011275315
8.685655188133216 0.06903703073531037
8.685655188133216 0.06355326953971349
8.685655188133216 0.05814829003740626
8.685655188133216 0.05742525838981037
8.685655188133216 0.059687647475590425
8.685655188133216 0.05542486634672688
8.685655188133216 0.054145923588241635
8.685655188133216 0.04765296278827172
8.685655188133216 0.0478224991285548
8.685655188133216 0.04777319394660763
8.685655188133216 0.04713920662845449
8.685655188133216 0.04071600966264383
8.685655188133216 0.03965337302747402
8.685655188133216 0.040277190414870094
8.767115496895656 0.04042946328974403
8.767115496895656 0.039617677920981746
8.767115496895656 0.04179621027166856
9.131897523189792 0.04409047375775381
9.131897523189792 0.0400650358816858
9.131897523189792 0.03733792277669093
9.131897523189792 0.036004319412223505
9.131897523189792 0.03336547371856105
9.131897523189792 0.03298591279045371
9.131897523189792 0.03086870146011585
9.131897523189792 0.02824541462442692
9.131897523189792 0.027631033031277077
9.131897523189792 0.027951005537360782
9.131897523189792 0.026923613398703618
9.131897523189792 0.025232860436772052
9.131897523189792 0.026146235545803653
9.131897523189792 0.026273206461914257
9.131897523189792 0.025284515547844267
9.131897523189792 0.02557711088862452
9.18414705931193 0.024283188237839794
9.18414705931193 0.024972122705486797
9.18414705931193 0.024303976210832568
9.18414705931193 0.024409929232916964
9.18414705931193 0.02352553777903672
9.18414705931193 0.02292376548441212
9.18414705931193 0.020494555986182307
9.18414705931193 0.019478289781163793
9.18414705931193 0.01894742414794678
9.18414705931193 0.02044785850430373
9.18414705931193 0.020881156522782725
9.18414705931193 0.01756532560438448
9.18414705931193 0.017643579306768024
9.18414705931193 0.017484239294682836
9.18414705931193 0.01699551140921207
9.18414705931193 0.01794380294498036
9.18414705931193 0.018223361126220493
9.275855765734732 0.01729945001703449
9.275855765734732 0.01754355819457794
9.275855765734732 0.01671322415151436
9.275855765734732 0.017935341000712455
9.306576011052524 0.016690329546863173
9.306576011052524 0.014401019112322831
9.306576011052524 0.012723595607065069
9.35453270391611 0.013482677824682382
9.35453270391611 0.01349111468872314
9.35453270391611 0.012711142219840203
9.35453270391611 0.011939294454630258
9.35453270391611 0.01152258984426778
9.35453270391611 0.010311924202612064
9.496461215534934 0.010524203843002204
9.496461215534934 0.010001668620826177
9.496461215534934 0.008796587417638592
9.496461215534934 0.008393017069238888
9.496461215534934 0.008330144885086307
9.496461215534934 0.008051298655357326
9.496461215534934 0.007772839641456293
9.496461215534934 0.008795808105796575
9.496461215534934 0.008796974974513481
9.527970158789715 0.008338121749493556
9.527970158789715 0.00888051929840566
9.527970158789715 0.008688594487528583
9.527970158789715 0.008951766323878512
9.527970158789715 0.008900372414401163
9.527970158789715 0.009592610558952688
9.527970158789715 0.010351055475480982
9.527970158789715 0.009708770549813684
9.527970158789715 0.009592263522891576
9.527970158789715 0.009212117570554113
9.527970158789715 0.00942314829718697
9.684779091429336 0.008943995432884903
9.684779091429336 0.00838277110640633
9.684779091429336 0.008681993980357858
9.684779091429336 0.008887904668013803
9.684779091429336 0.009114626140961582
9.684779091429336 0.009395709745232666
9.684779091429336 0.009492692731265228
9.684779091429336 0.009240989406357297
9.684779091429336 0.009550791929732296
9.684779091429336 0.008553376274319943
9.684779091429336 0.008308177152789524
9.684779091429336 0.00831149234472037
9.684779091429336 0.009172046854045834
9.684779091429336 0.009345686676550701
9.684779091429336 0.008834090661652569
9.73720861888966 0.009639590261455812
9.73720861888966 0.00848685174987705
9.73720861888966 0.008719008969344246
9.73720861888966 0.00884558294430397
9.73720861888966 0.009190479763619688
9.73720861888966 0.00884299189860902
9.73720861888966 0.008775297614415459
9.73720861888966 0.009082684218913237
9.73720861888966 0.008828145284637367
9.73720861888966 0.00885928752603681
9.73720861888966 0.008056957051564659
9.73720861888966 0.007437926842216882
9.73720861888966 0.007260675516550961
9.73720861888966 0.006836956379998761
9.73720861888966 0.007051937711621274
9.73720861888966 0.007418136340848653
9.73720861888966 0.007353002706516901
9.73720861888966 0.007252789308345401
9.73720861888966 0.007053159964341162
9.73720861888966 0.006776988320840962
9.73720861888966 0.006649088503007148
9.73720861888966 0.0068586121796875245
9.73720861888966 0.006657320057116627
9.73720861888966 0.0065175367167124715
9.73720861888966 0.006351654257018467
9.73720861888966 0.006086219779181074
9.73720861888966 0.005708348636271591
9.73720861888966 0.005742843242243066
9.73720861888966 0.005508744535023126
9.73720861888966 0.005389156555179235
9.73720861888966 0.005479434189896031
9.73720861888966 0.00477394992654216
9.73720861888966 0.00468128668539964
9.73720861888966 0.004539010209608002
9.75486042901907 0.004535902722096216
9.75486042901907 0.004315362046672145
9.823423509897546 0.004386251887078895
9.839577168073141 0.004158425292107713
9.839577168073141 0.0039742106148310035
9.839577168073141 0.003838262011086917
9.839577168073141 0.004040333292975987
9.839577168073141 0.004073135826433058
9.839577168073141 0.00402428287000106
9.839577168073141 0.003995188959303126
9.839577168073141 0.0039105200374620905
9.839577168073141 0.0037165955967508944
9.839577168073141 0.003468065118714534
9.839577168073141 0.003322798723804291
9.839577168073141 0.0032252321782978276
9.839577168073141 0.0029463700943950437
9.839577168073141 0.0029042365212661016
9.839577168073141 0.002647609188034711
9.839577168073141 0.0023407653856999514
9.839577168073141 0.0021204993508018325
9.839577168073141 0.0024102980230187245
9.839577168073141 0.0023732148079278065
9.839577168073141 0.002289946209388347
9.839577168073141 0.0022193449060689627
9.839577168073141 0.002169744790912529
9.839577168073141 0.002131100245425848
9.839577168073141 0.0020394465494615226
9.839577168073141 0.0021435851264263194
9.841440081999709 0.002335369102590714
9.841440081999709 0.0020642100726537688
9.841440081999709 0.0019244385461296913
9.841440081999709 0.001986085624579856
9.841440081999709 0.0019534348312947665
9.841440081999709 0.0020067394979356936
9.841440081999709 0.001934965233165253
9.841440081999709 0.0017438529179074273
9.841440081999709 0.0017763748665471325
9.841440081999709 0.0018370960973544518
9.841440081999709 0.0018500273145310804
9.851937584128072 0.001849513872376868
9.86854684522132 0.0018012407900800276
9.86854684522132 0.0018250481840716888
9.86854684522132 0.0017411763813044716
9.86854684522132 0.0017703374179487011
9.86854684522132 0.001758675643703781
9.86854684522132 0.0017275119205730246
9.86854684522132 0.0016497996713599212
9.86854684522132 0.0015310525321521223
9.86854684522132 0.001671254164929261
9.86854684522132 0.0017102736454274528
9.86854684522132 0.0017810924357639024
9.86854684522132 0.0017593962584907608
9.86854684522132 0.0017354923827597364
9.86854684522132 0.0016428135948680297
9.86854684522132 0.0015870057637516809
9.86854684522132 0.0015557970632089648
9.86854684522132 0.0014664830488126692
9.87177210025291 0.0014328706127114698
9.87177210025291 0.001366464589837262
9.87177210025291 0.001315034164783949
9.87177210025291 0.001273565098878863
9.87177210025291 0.0012571099105821385
9.87177210025291 0.001307896806591354
9.87177210025291 0.001466611634531005
9.87177210025291 0.0014563088049518484
9.87177210025291 0.0014756684884002739
9.87177210025291 0.0015261549910318053
9.87356319511929 0.0015354906541720768
9.87356319511929 0.0014744305875849216
9.87356319511929 0.0014784853995469562
9.87356319511929 0.001436129046944446
9.88764896861454 0.001376930467621686
9.88764896861454 0.0012854473610239541
9.88764896861454 0.0011901939430028845
9.88764896861454 0.00113184299565315
9.88764896861454 0.0011247167373907969
9.88764896861454 0.0011723310323010177
9.88764896861454 0.0010556706011732226
9.88764896861454 0.0010098488462816952
9.88764896861454 0.0011083064138940552
9.88764896861454 0.00100349784489241
9.88764896861454 9.858060971059549E-4
9.88764896861454 9.637352980546105E-4
9.88764896861454 0.001041050722308409
9.88764896861454 0.0010196282953259445
9.88764896861454 9.986508062109895E-4
9.88764896861454 8.034927515282028E-4
9.88764896861454 8.053917378786726E-4
9.88764896861454 7.772762425872392E-4
9.88764896861454 7.3961146512195E-4
9.88764896861454 7.16980430651144E-4
9.88764896861454 7.313584932689744E-4
9.88764896861454 7.371366216775506E-4
9.88764896861454 7.202363995657204E-4
9.88764896861454 6.52124586969536E-4
9.88764896861454 6.071016032285274E-4
9.88764896861454 5.582781465416464E-4
9.88764896861454 5.755219481556435E-4
9.88764896861454 5.723234562553307E-4
9.88764896861454 5.418271608291585E-4
9.88764896861454 5.663015838790037E-4
9.88764896861454 5.187128892115104E-4
9.88764896861454 5.034927858954542E-4
9.88764896861454 4.904217555713271E-4
9.88764896861454 4.834248688611468E-4
9.88764896861454 4.3244957324526935E-4
9.88764896861454 4.426388646634959E-4
9.88764896861454 4.1573802799387677E-4
9.88764896861454 3.9969891010987145E-4
9.88764896861454 3.78886617281097E-4
9.88764896861454 3.275595554053459E-4
9.88764896861454 3.037131573270609E-4
9.88764896861454 2.5532247061368343E-4
9.88764896861454 2.7098094388320113E-4
9.88764896861454 2.4857018711690003E-4
9.88764896861454 2.0793141661533247E-4
9.88764896861454 2.3253975355749795E-4
9.88764896861454 2.6562315596859024E-4
9.88764896861454 3.2122110011241375E-4
9.888032535161045 3.1559649457570533E-4
9.892084704295707 3.2942176570338523E-4
9.892084704295707 3.0609413593997035E-4
9.892084704295707 2.504961917961469E-4
9.892084704295707 3.068880305134297E-4
9.892084704295707 3.068880305134297E-4
9.892084704295707 3.224935409618832E-4
9.892084704295707 3.0733969598431495E-4
9.892084704295707 3.261934847322239E-4
9.892084704295707 2.623483195088738E-4
9.892084704295707 2.484759812203998E-4
9.892084704295707 2.484759812203998E-4
9.892084704295707 2.484759812203998E-4
9.893132501010518 1.837950012271168E-4
9.893132501010518 1.7011265637085688E-4
9.893132501010518 1.7011265637085688E-4
9.89489978832485 1.9070557381603378E-4
9.89489978832485 1.7185178506812484E-4
9.89489978832485 1.1310273461606561E-4
9.89489978832485 1.3846744604435564E-4
9.895176437714486 1.942857758430812E-4
9.895176437714486 1.9929816117208118E-4
9.895176437714486 1.9929816117208118E-4
9.895176437714486 1.8312352392425206E-4
9.895176437714486 1.5356769882326771E-4
9.895176437714486 1.7464627978975905E-4
9.895176437714486 1.6011935853634337E-4
9.897702078823508 1.4325502658394106E-4
9.897702078823508 1.5098087749514729E-4
9.897702078823508 1.5870672840635354E-4
9.897702078823508 1.5287305003483973E-4
9.897702078823508 1.2173754426784626E-4
9.897702078823508 1.2173754426784626E-4
9.897702078823508 1.2173754426784626E-4
9.897702078823508 1.2484491495821554E-4
9.900754912823192 1.6983774813042368E-4
9.900754912823192 1.4486523336303228E-4
9.908701770168861 1.4956164109135132E-4
9.91019862587877 1.5190736997274174E-4
9.91019862587877 1.5190736997274177E-4
9.91019862587877 2.128546233804337E-4
9.91019862587877 2.1641298487907727E-4
9.91019862587877 2.049478233007624E-4
9.91019862587877 2.0623859949903326E-4
9.91019862587877 2.1691127338341554E-4
9.91019862587877 2.4052670975268365E-4
9.91019862587877 2.405267097526836E-4
9.91019862587877 2.2836313908850542E-4
9.91019862587877 2.506471754539056E-4
9.91019862587877 2.1455494389178116E-4
9.91019862587877 2.466652359011706E-4
9.91019862587877 2.360004908697877E-4
9.912473150864008 2.494479668516828E-4
9.912473150864008 2.494479668516827E-4
9.912473150864008 2.494479668516828E-4
9.912473150864008 2.6011509520743736E-4
9.912473150864008 2.6011509520743736E-4
9.912473150864008 2.6011509520743736E-4
9.912473150864008 2.647838902978494E-4
9.912473150864008 2.852117680608686E-4
9.912473150864008 2.7008872076203944E-4
9.912473150864008 2.213016212294279E-4
9.912473150864008 2.304228808352139E-4
9.912473150864008 2.2288244378403565E-4
9.917578354730196 2.4125012509833301E-4
9.917578354730196 2.4853598732881927E-4
9.917578354730196 2.561037031182614E-4
9.917578354730196 2.742102133528417E-4
9.917578354730196 2.400219716176494E-4
9.917578354730196 2.2995809177968126E-4
9.923044706587987 2.359212201964865E-4
9.923044706587987 2.359212201964865E-4
9.923044706587987 2.359212201964865E-4
9.923044706587987 1.8302674652777198E-4
9.923044706587987 1.8462381269717596E-4
9.923044706587987 1.8250901296313008E-4
9.923044706587987 1.8102963432118263E-4
9.923044706587987 1.9844672868719708E-4
9.923044706587987 1.9844672868719705E-4
9.924628189126699 2.1540615942704732E-4
9.924628189126699 2.070192270692211E-4
9.924628189126699 1.986032969371096E-4
9.924628189126699 2.0368515960279956E-4
9.924628189126699 1.926378110020419E-4
9.924628189126699 1.926378110020419E-4
9.924628189126699 1.7998730225961694E-4
9.924628189126699 1.6474796268170527E-4
9.924628189126699 1.748106336142132E-4
9.924628189126699 1.8926029428138798E-4
9.924628189126699 1.8387475809764442E-4
9.924628189126699 1.7209501560242098E-4
9.924628189126699 1.841743032318693E-4
9.924628189126699 2.1755312788746776E-4
9.924628189126699 2.290025953071302E-4
9.924628189126699 2.1043180066663197E-4
9.924628189126699 2.347877245997825E-4
9.924628189126699 2.2399156969965834E-4
9.924628189126699 1.9539708122419866E-4
9.924628189126699 1.7586179182399193E-4
9.926997766866984 1.7254366373139357E-4
9.926997766866984 1.721152237314814E-4
9.926997766866984 1.8324929540610474E-4
9.926997766866984 1.6827200923745316E-4
9.928033002564911 2.0299768418820875E-4
9.93272549313903 2.1303258959350918E-4
9.93272549313903 2.06180043067691E-4
9.93272549313903 2.025720270417841E-4
9.93272549313903 2.0926792592555296E-4
9.93272549313903 2.043896298388309E-4
9.93272549313903 2.0597827563025828E-4
9.93272549313903 1.866612138579829E-4
9.93272549313903 2.0497393751279545E-4
9.93272549313903 2.1382829286052633E-4
9.93272549313903 1.9914413984716583E-4
9.93272549313903 1.9720989820198176E-4
9.93272549313903 2.866102123023245E-4
9.933656121137883 2.82622058686751E-4
9.933656121137883 2.643763494977349E-4
9.933656121137883 1.4130622196514405E-4
9.933656121137883 1.2170896477017931E-4
9.933656121137883 1.2330207907849445E-4
9.933656121137883 1.2244425266307472E-4
9.933656121137883 1.3259744719931694E-4
9.933656121137883 1.2117526189588794E-4
9.933656121137883 1.1227911685356755E-4
9.933656121137883 1.2101790937712416E-4
9.933656121137883 1.0211213495634876E-4
9.933656121137883 1.1004540277936817E-4
9.933656121137883 9.671989531239613E-5
9.933656121137883 1.032024864208132E-4
9.933656121137883 1.0660062306479663E-4
9.937662065529102 1.148206139884546E-4
9.937662065529102 1.1809258394137904E-4
9.937662065529102 1.1690618971598809E-4
9.937662065529102 1.1356030757533E-4
9.937662065529102 1.1102925890512441E-4
9.937662065529102 1.1102925890512441E-4
9.937662065529102 1.1271334237816272E-4
9.943805874157624 1.1524547425047724E-4
9.943805874157624 1.1958185302201149E-4
9.943805874157624 1.1662559057293625E-4
9.943805874157624 1.1662559057293622E-4
9.943805874157624 1.2972546758815724E-4
9.943805874157624 1.2631234780298577E-4
9.943805874157624 1.2830203559924472E-4
9.943805874157624 1.305369044107606E-4
9.943805874157624 1.369161657618794E-4
9.943805874157624 1.3309653230475092E-4
9.943805874157624 1.0330362857572037E-4
9.943805874157624 1.0258166613808368E-4
9.943805874157624 1.0346482558208651E-4
9.943805874157624 9.749721601341034E-5
9.943805874157624 9.560243660778086E-5
9.943805874157624 8.769207918044634E-5
9.943805874157624 1.0829083633341873E-4
9.943805874157624 1.0221244773959237E-4
9.949463036791588 9.773089015137224E-5
9.949463036791588 1.0729489054037914E-4
9.949463036791588 1.0868979127424937E-4
9.949463036791588 9.942668133111814E-5
9.949463036791588 8.966040175554586E-5
9.949463036791588 8.8993451553251E-5
9.949463036791588 8.866271678405836E-5
9.949463036791588 9.326376280562457E-5
9.949463036791588 9.570414952162905E-5
9.949463036791588 8.682101629578696E-5
9.949463036791588 7.601564865363141E-5
9.949463036791588 8.021085678601177E-5
9.949463036791588 8.065798439595553E-5
9.949463036791588 8.463616787282084E-5
9.949463036791588 1.0166173717855781E-4
9.949463036791588 9.411655578523511E-5
9.949463036791588 9.498563663598994E-5
9.949463036791588 9.964869970903945E-5
9.949463036791588 9.764619293383391E-5
9.949463036791588 9.854488385065848E-5
9.95160087372861 1.0787309087831017E-4
9.95160087372861 1.0498152779387562E-4
9.95160087372861 1.0192773262861357E-4
9.95160087372861 9.83481201531769E-5
9.95160087372861 9.253883731402058E-5
9.95160087372861 9.41456830426722E-5
9.955897027718024 9.769997266236698E-5
9.955897027718024 9.791017295914962E-5
9.958000306132579 1.1130284865963474E-4
9.958000306132579 1.0568115951160475E-4
9.958000306132579 1.0768580364839617E-4
9.958000306132579 1.0699214336734498E-4
9.958000306132579 1.1555176871440371E-4
9.958000306132579 1.0565312070992728E-4
9.958000306132579 1.0088526377280722E-4
9.958000306132579 9.375489272110445E-5
9.958000306132579 9.73521723155518E-5
9.958000306132579 1.0886644278444077E-4
9.958000306132579 1.1204554964394727E-4
9.958000306132579 1.1113887592399907E-4
9.958000306132579 1.1193884368964259E-4
9.958000306132579 1.1101224782029113E-4
9.958000306132579 1.1128760946372304E-4
9.958000306132579 1.2079703482609665E-4
9.958000306132579 1.2045075508466457E-4
9.958000306132579 1.1222889050561152E-4
9.958000306132579 1.175955971705505E-4
9.958000306132579 1.0280782911345184E-4
9.958000306132579 1.0949583803385425E-4
9.958000306132579 1.1134526835023054E-4
9.958000306132579 1.0909696541311095E-4
9.958000306132579 1.1353294785265288E-4
9.95835575915938 1.2276332102152814E-4
9.95835575915938 1.270485060871621E-4
9.95835575915938 1.1917238601813508E-4
9.95835575915938 1.210429724873148E-4
9.95835575915938 1.2204181874371334E-4
9.95835575915938 1.2332673619801967E-4
9.95835575915938 1.0833721049996113E-4
9.95835575915938 1.0970071421820268E-4
9.961283713483882 1.1368293317799457E-4
9.961283713483882 1.0981389181903395E-4
9.961283713483882 1.1070880114911584E-4
9.961283713483882 9.66401733991513E-5
9.961868453832283 1.0095946608754622E-4
9.962498791084574 9.408833280917648E-5
9.962498791084574 9.893356272066998E-5
9.962498791084574 8.738936458056006E-5
9.962498791084574 9.764988480241462E-5
9.962498791084574 9.879456024498474E-5
9.962498791084574 9.560596662423174E-5
9.962498791084574 9.561591581497968E-5
9.962498791084574 9.826333657764918E-5
9.962498791084574 8.784320271680408E-5
9.962498791084574 8.209054702638827E-5
9.962498791084574 7.739535944767547E-5
9.962498791084574 7.391823788309157E-5
9.962498791084574 6.984723585960876E-5
9.962498791084574 6.901548535255069E-5
9.962498791084574 7.036987269139898E-5
9.96264675029965 7.32378357714741E-5
9.96264675029965 6.790163959986154E-5
9.96264675029965 6.444037982329624E-5
9.96264675029965 6.51209312977698E-5
9.96264675029965 6.533995049835436E-5
9.96264675029965 5.785839311923116E-5
9.96264675029965 5.3432344834885296E-5
9.96264675029965 5.432858895384985E-5
9.96264675029965 5.201424824441589E-5
9.96264675029965 5.7614043472208954E-5
9.963888252171943 5.419413889244896E-5
9.963928644568616 5.418375298236391E-5
9.963928644568616 5.719778074557966E-5
9.963928644568616 5.773577125721375E-5
9.96469108402734 5.3280107989346027E-5
9.96469108402734 4.701441312791335E-5
9.96469108402734 4.5040819907034955E-5
9.96469108402734 4.464969263632533E-5
9.96469108402734 4.4888210553967004E-5
9.96469108402734 4.393722272624655E-5
9.96469108402734 4.882250015406303E-5
9.96469108402734 5.113872739196322E-5
9.96469108402734 5.4837244983056224E-5
9.96469108402734 5.1800470614391924E-5
9.96469108402734 5.4862595014797386E-5
9.96469108402734 5.010179479535136E-5
9.96469108402734 4.827189034985222E-5
9.96469108402734 4.903082327634464E-5
9.964921713155025 4.899261039476727E-5
9.964921713155025 4.376232876010189E-5
9.964921713155025 4.599509406700857E-5
9.964921713155025 4.46419934545007E-5
9.964921713155025 3.7845920626584834E-5
9.964921713155025 3.621000792126414E-5
9.964921713155025 3.8783956760723806E-5
Score: 9.964921713155025
Runtime: 957ms
