3.6038910889399E-5 5.353079107957129
3.6038910889399E-5 4.571685201544118
4.867477768156499E-4 4.129077263904654
4.867477768156499E-4 3.7764733537620985
7.706885955944607E-4 3.52919480454299
0.00990383128940699 3.2021208757901136
0.05018293811780899 2.9515531767625456
0.05018293811780899 2.884763575190409
0.05018293811780899 2.7197593500653428
0.10600644507314808 2.6593416237420926
0.1281919073537924 2.5939068087693276
0.1281919073537924 2.372654883224904
0.1281919073537924 2.223764264517509
0.1281919073537924 2.0947142167302055
0.2735385307117343 2.0618476844760742
0.2735385307117343 1.921819802858877
0.8220294774869621 1.9592223868698686
0.8220294774869621 1.900571200192659
0.8220294774869621 1.8596372003930155
0.8220294774869621 1.7904827452380752
0.8220294774869621 1.7715317323607163
0.8220294774869621 1.7309787224671682
0.8220294774869621 1.6855602945586854
0.8220294774869621 1.6200559302024475
1.1056646923604792 1.585910068898022
1.1056646923604792 1.5542632771855012
1.1056646923604792 1.5689053710776009
1.1107753125010469 1.5406549047412925
1.1107753125010469 1.4904513554461425
1.4426846402170532 1.4238635530115684
1.4426846402170532 1.3513766287925242
1.4426846402170532 1.317416412090538
1.4426846402170532 1.2957528412090324
1.4426846402170532 1.2341391747332249
1.4426846402170532 1.1579037793810243
1.5853065720177542 1.0860884637968655
1.5853065720177542 1.0235787868581119
1.5853065720177542 0.9764533025698499
1.5853065720177542 0.9109087958255488
1.5853065720177542 0.9012155651954277
1.5853065720177542 0.886264492245412
1.5853065720177542 0.8823824424524154
1.5853065720177542 0.8315135891622922
1.5853065720177542 0.7982789780930463
1.644415289064323 0.7579519983133521
1.644415289064323 0.7395959881175302
1.644415289064323 0.704364583890987
1.644415289064323 0.7227144971582411
2.0989490312116637 0.7469219534428841
2.0989490312116637 0.7179682277602275
2.0989490312116637 0.6898041003307287
2.0989490312116637 0.6708437968066295
2.0989490312116637 0.6526473174835362
2.2187761836482727 0.6536687637236812
2.2187761836482727 0.6101240808191778
2.2187761836482727 0.5792850811364799
2.2187761836482727 0.5440972731000517
2.2187761836482727 0.5176250367680614
2.2187761836482727 0.5193902499691506
2.311386481787615 0.5151451623233966
2.3428193844606287 0.5003351164284427
2.3428193844606287 0.517218039522239
2.7121877524213516 0.4968391265188454
2.7121877524213516 0.4985408377994467
2.7121877524213516 0.49870633373093765
2.7121877524213516 0.47594275863963875
2.7121877524213516 0.4602519432128648
2.7121877524213516 0.4561982802678624
2.7121877524213516 0.46685399448213616
2.7121877524213516 0.4786499381673835
2.7121877524213516 0.47876989070665976
3.914364881470598 0.44133525244223915
3.914364881470598 0.42880014707831776
3.914364881470598 0.4084447515552305
3.914364881470598 0.41253011485451435
3.914364881470598 0.4266215089076496
3.914364881470598 0.4194847577106087
3.914364881470598 0.41924588112101
3.914364881470598 0.40644539224588505
3.914364881470598 0.40045241067020976
3.914364881470598 0.41150951512848094
3.914364881470598 0.40902336682797047
3.914364881470598 0.4031685169670745
3.914364881470598 0.3942895912988209
3.914364881470598 0.38633303996244894
3.914364881470598 0.38064982501788425
4.862329052383449 0.3793300421882834
4.862329052383449 0.3743130809819899
4.862329052383449 0.3758338730003565
5.304384614854357 0.3549903798328223
5.304384614854357 0.3238618552869617
5.304384614854357 0.31266645180590874
5.304384614854357 0.2932948616488928
5.304384614854357 0.27334061598473186
5.304384614854357 0.2620109065452968
5.304384614854357 0.27162871174851594
5.730137758294881 0.2760878314763583
5.730137758294881 0.29431731027348773
5.730137758294881 0.28413676455080616
5.730137758294881 0.2550700805448135
5.730137758294881 0.25402890461489785
5.730137758294881 0.25259767008891076
5.730137758294881 0.2366505322767452
5.730137758294881 0.23296404614300945
5.730137758294881 0.20951181698423227
6.456039436545458 0.19546756165284465
6.456039436545458 0.20590089725758182
6.456039436545458 0.20184914498420775
6.456039436545458 0.207125060892965
6.456039436545458 0.19542704783667675
6.456039436545458 0.1998618341766747
6.456039436545458 0.19115222482566718
6.456039436545458 0.19378938359853287
6.456039436545458 0.19051318919479962
6.456039436545458 0.18833430012294425
6.500969683558538 0.18436271371127372
6.500969683558538 0.17174402967299532
6.500969683558538 0.16402039460527434
6.500969683558538 0.1522337488794085
6.500969683558538 0.16192615202018626
6.500969683558538 0.1546498868879563
6.500969683558538 0.13936715070861577
6.500969683558538 0.1256578210440891
7.177240732744003 0.11028549324809077
7.177240732744003 0.11281707818448071
7.177240732744003 0.11075376751008138
7.177240732744003 0.130765403910956
7.177240732744003 0.1250438970865486
7.177240732744003 0.12263977538158256
7.177240732744003 0.12360376234942384
7.177240732744003 0.11508348947842649
7.177240732744003 0.11058421153415293
7.177240732744003 0.10185476520406064
7.177240732744003 0.09737193902059098
7.177240732744003 0.08961134589185508
7.277845486280774 0.07922285843911461
7.277845486280774 0.07571905126891118
7.277845486280774 0.07112610364153542
7.277845486280774 0.07628257011581209
7.277845486280774 0.07189751268314326
7.277845486280774 0.07049094144199534
7.277845486280774 0.06736545060688814
7.277845486280774 0.06791988788919268
7.277845486280774 0.059601089280422466
7.277845486280774 0.07013317999995607
7.277845486280774 0.06431174292602913
7.414583953642806 0.06509700190254565
7.414583953642806 0.06526494994021977
7.414583953642806 0.06402225955592819
7.414583953642806 0.06266455304059945
7.414583953642806 0.06091962786429692
7.414583953642806 0.061973565274370125
7.414583953642806 0.061973565274370125
7.414583953642806 0.05905467175388963
7.414583953642806 0.05693904545812994
7.414583953642806 0.05577398109879488
7.414583953642806 0.05497248178806123
7.414583953642806 0.04938990327024635
7.414583953642806 0.047627073117107926
7.414583953642806 0.04710300489901161
7.414583953642806 0.04438631987728845
7.507097213257544 0.03967844609404217
7.507097213257544 0.03547895628359182
7.507097213257544 0.034944868649226524
7.507097213257544 0.03375332697350439
7.507097213257544 0.03264345686211705
7.507097213257544 0.0344225676014915
7.507097213257544 0.03274034200774951
7.507097213257544 0.03263857326079582
7.792884598813027 0.03092038602385293
7.792884598813027 0.029374971742182215
7.792884598813027 0.028316061511086836
7.792884598813027 0.025977771766689216
7.792884598813027 0.022923041824823097
7.792884598813027 0.023812500861785
7.792884598813027 0.026355371868503407
7.792884598813027 0.023920826061808606
7.792884598813027 0.022415890157522465
7.792884598813027 0.02195775162774952
7.792884598813027 0.022027624575407703
7.792884598813027 0.022268606719444375
7.792884598813027 0.022445418753953835
7.792884598813027 0.017209017899214696
7.792884598813027 0.013780494502310102
7.792884598813027 0.014047862617905131
7.835856193501752 0.013620803398928247
7.835856193501752 0.013309528470640581
8.11440781010034 0.011029174056750891
8.11440781010034 0.011983730570876433
8.11440781010034 0.010401757401449517
8.11440781010034 0.010894303018529833
8.11440781010034 0.011222869682002826
8.11440781010034 0.010979800248957786
8.11440781010034 0.010709799513120545
8.233458449522429 0.010863721586998672
8.233458449522429 0.010365371505004033
8.233458449522429 0.009592571010437537
8.233458449522429 0.01594018327629981
8.233458449522429 0.019480793546643546
8.233458449522429 0.018726110333630964
8.233458449522429 0.018228931903432142
8.233458449522429 0.017963150742312896
8.233458449522429 0.018978838395785406
8.233458449522429 0.019246274007134898
8.233458449522429 0.020524960916744214
8.233458449522429 0.022361275699097943
8.233458449522429 0.022223990219764664
8.233458449522429 0.022223990219764664
8.233458449522429 0.020406297954348247
8.233458449522429 0.020239696921517815
8.233458449522429 0.020872944199104123
8.233458449522429 0.015609010179640927
8.233458449522429 0.01466094453701808
8.233458449522429 0.014746578974151407
8.233458449522429 0.014181028689322268
8.233458449522429 0.01382411474968575
8.233458449522429 0.014612388326270638
8.233458449522429 0.014328707757027867
8.233458449522429 0.01451398819784842
8.233458449522429 0.013899686740913379
8.233458449522429 0.014484390815790444
8.233458449522429 0.014400947959045536
8.233458449522429 0.012542446531648675
8.233458449522429 0.011932807555574815
8.233458449522429 0.012023551832096663
8.233458449522429 0.010423464073653984
8.233458449522429 0.009459457906655094
8.233458449522429 0.009422379438000693
8.233458449522429 0.008468163878364642
8.233458449522429 0.008226520371057542
8.233458449522429 0.007842253527017461
8.233458449522429 0.007762142798289209
8.233458449522429 0.008330047394608776
8.233458449522429 0.007990497935469595
8.239751794359853 0.007662678517553347
8.239751794359853 0.00880746449144567
8.239751794359853 0.00863921664020431
8.239751794359853 0.008037645257164008
8.239751794359853 0.007927895390852514
8.239751794359853 0.008166768668757098
8.239751794359853 0.007488345077905961
8.296866310605882 0.00735003768175416
8.310807039799656 0.006450713485633994
8.310807039799656 0.006395330907537305
8.310807039799656 0.0065122290778718535
8.310807039799656 0.00649109230703347
8.310807039799656 0.004761769619895921
8.310807039799656 0.004530386244852219
8.310807039799656 0.005271862389397844
8.310807039799656 0.004966168140281974
8.324443023874466 0.005015593707062273
8.324443023874466 0.004728276971058012
8.324443023874466 0.004478693893905596
8.324443023874466 0.004400421879447909
8.324443023874466 0.0041699076565242755
8.324443023874466 0.004236311879566813
8.324443023874466 0.004353990735405235
8.324443023874466 0.0033965773950624108
8.324443023874466 0.002857255860194547
8.324443023874466 0.0027763320796216776
8.416633613199844 0.0035321734920911343
8.416633613199844 0.003899370761469727
8.416633613199844 0.004013403073440409
8.416633613199844 0.003813403483877499
8.437659990511252 0.002875573228576802
8.437659990511252 0.002773529415294574
8.437659990511252 0.0031553886364015997
8.437659990511252 0.0029752433345855106
8.437659990511252 0.002583904042242309
8.437659990511252 0.0021793613517878847
8.475588029640951 0.002158538908114091
8.475588029640951 0.0020233711119439692
8.475588029640951 0.0015436035381546124
8.475588029640951 0.0015436035381546124
8.478615059197146 0.0014585029515588614
8.478615059197146 0.0022150834644668062
8.55790214207196 0.001984678874989115
8.55790214207196 0.0018079357772733222
8.55790214207196 0.0018079357772733222
8.55790214207196 0.0019924146160856136
8.55790214207196 0.0021143797398545136
8.55790214207196 0.002228201702102141
8.55790214207196 0.002228201702102141
8.55790214207196 0.0021356044282116603
8.55790214207196 0.0014457720087272682
8.55790214207196 7.729744189574067E-4
8.55790214207196 7.729744189574067E-4
8.55790214207196 7.704903155766809E-4
8.55790214207196 8.512777344900208E-4
8.55790214207196 8.512777344900208E-4
8.55790214207196 7.627706489487681E-4
8.55790214207196 9.191179578851644E-4
8.55790214207196 9.495720961683366E-4
8.55790214207196 9.681302209751032E-4
8.613028426455136 0.0010210977065290665
8.613028426455136 0.001154842215667634
8.613028426455136 0.0010884326813378885
8.718165988059726 0.0010845091078564512
8.718165988059726 0.0014751708756359804
8.718165988059726 0.001469492357333107
8.718165988059726 0.001469492357333107
8.718165988059726 0.0014095719769376949
8.718165988059726 0.0013939069105951638
8.718165988059726 0.0014898486753949925
8.718165988059726 0.0014547790007669768
8.718165988059726 0.001439619170420048
8.718165988059726 0.0015209974781303134
8.718165988059726 0.002863388860562722
8.718165988059726 0.002320389634936865
8.718165988059726 0.0022159095146907816
8.718165988059726 0.0016342752689515055
8.718165988059726 0.001764491738612786
8.718165988059726 0.0017166113273261725
8.718165988059726 0.0015260842361346026
8.718165988059726 0.0016024872744567027
8.718165988059726 0.00161398164470943
8.718165988059726 0.0017619273529397436
8.718165988059726 0.0016012275664614671
8.718165988059726 0.0016046314995832706
8.718165988059726 0.0023627242500498663
8.718165988059726 0.0023003187415378433
8.718165988059726 0.0024579180437340115
8.718165988059726 0.0025178997324371544
8.718165988059726 0.0024620514148875425
8.718165988059726 0.0023726457999064506
8.718165988059726 0.0024595029794877207
8.718165988059726 0.0022024867339569404
8.718165988059726 0.002169028581853196
8.718165988059726 0.0029503390474864694
8.718165988059726 0.002911962876186684
8.718165988059726 0.002749890390282216
8.718165988059726 0.0026995280671220224
8.718165988059726 0.0027084485201914078
8.718165988059726 0.002674452631082768
8.718165988059726 0.0029249927122551324
8.718165988059726 0.002981703996001519
8.718165988059726 0.002876431934384607
8.718165988059726 0.0027533999079449954
8.718165988059726 0.0028227294436874665
8.718165988059726 0.0028370544546246278
8.718165988059726 0.002813934432746669
8.718165988059726 0.002913087713372652
8.718165988059726 0.0030417890914256063
8.718165988059726 0.0030168382537511915
8.718165988059726 0.0030138489138780192
8.718165988059726 0.003094156979355309
8.718165988059726 0.0032294510164222116
8.718165988059726 0.003221454186366335
8.718165988059726 0.003983315558043926
8.718165988059726 0.0038973134527845415
8.718165988059726 0.003913947920677166
8.73777011700859 0.003963743449919952
8.73777011700859 0.003929065980430347
8.73777011700859 0.003844708068545115
8.73777011700859 0.0037920832584306266
8.73777011700859 0.003736825347444319
8.73777011700859 0.003810817117707308
8.73777011700859 0.003858093086378782
8.73777011700859 0.003849891223863
8.750346923267674 0.0037356974353798373
8.750346923267674 0.0036815337420727044
8.750346923267674 0.0012499995161821594
8.750346923267674 0.001184465501447043
8.750346923267674 0.0011812132081874315
8.750346923267674 0.001209536387406144
8.750346923267674 0.001209157322058626
8.750346923267674 0.0012597324664752455
8.750346923267674 0.0013203412637842822
8.750346923267674 0.0013591897484617607
8.750346923267674 0.0011466389988533622
8.750346923267674 0.0011086096544936433
8.791325508229027 9.748408227099074E-4
8.791325508229027 9.665571473846261E-4
8.791325508229027 9.068305600563006E-4
8.791325508229027 8.383693309851024E-4
8.791325508229027 8.8937905564316E-4
8.796657098438791 8.917147376404044E-4
8.796657098438791 8.8825445055105E-4
8.796657098438791 8.79300867765683E-4
8.796657098438791 8.002691765498866E-4
8.796657098438791 6.976115375290664E-4
8.796657098438791 7.757720762267005E-4
8.796657098438791 6.464221711096161E-4
8.796657098438791 6.10193136157388E-4
8.796657098438791 6.522814484613704E-4
8.796657098438791 5.802095099520467E-4
8.796657098438791 5.297657411946822E-4
8.798742911215262 5.413560262340476E-4
8.798742911215262 6.224105545525677E-4
8.798742911215262 6.247297369104727E-4
8.798742911215262 6.003782713911005E-4
8.798742911215262 4.973239278321654E-4
8.798742911215262 4.7546982593185666E-4
8.798742911215262 4.824156376281158E-4
8.804990788840483 4.6388957718865607E-4
8.804990788840483 4.123589564907838E-4
8.809454811399798 3.8616777308041054E-4
8.809454811399798 3.879930278080274E-4
8.809454811399798 4.683682030622808E-4
8.809454811399798 5.042184728913749E-4
8.811420094424694 5.322870919955145E-4
8.811420094424694 3.732913228950558E-4
8.811420094424694 4.4466363101992515E-4
8.811576778569584 4.3462022194047575E-4
8.811576778569584 4.265192498481002E-4
8.811576778569584 4.421284152473536E-4
8.811576778569584 4.623417508068196E-4
8.811576778569584 4.464006225528458E-4
8.811576778569584 4.34254609123107E-4
8.811576778569584 4.2326804415136076E-4
8.816754430865188 4.3878645688941295E-4
8.816754430865188 4.661914635494043E-4
8.816754430865188 4.156825236203627E-4
8.816754430865188 4.5456207225754043E-4
8.816754430865188 4.7330284003696804E-4
8.816754430865188 4.5587110241480645E-4
8.816754430865188 4.734912613254592E-4
8.816754430865188 4.687632835973063E-4
8.829288583259135 4.8068319031593053E-4
8.829288583259135 4.6650742210633004E-4
8.829288583259135 4.70348253654299E-4
8.829288583259135 4.766089738269941E-4
8.829288583259135 4.086396345082478E-4
8.829288583259135 3.9971222711195564E-4
8.829288583259135 3.6387536488128555E-4
8.829288583259135 3.514384010359016E-4
8.829288583259135 3.689638997080381E-4
8.829288583259135 3.7107459096891437E-4
8.829288583259135 3.625562027155378E-4
8.829288583259135 3.625584947730569E-4
8.829288583259135 3.249255286061955E-4
8.829288583259135 3.248596997096329E-4
8.829288583259135 3.023923524240639E-4
8.829288583259135 3.2155999498116903E-4
8.829288583259135 3.300788574311547E-4
8.83690219220665 3.4247205268483867E-4
8.83690219220665 3.2532565493835095E-4
8.83690219220665 3.1191328288349493E-4
8.83690219220665 2.864796684477602E-4
8.839110956093045 2.787851645140575E-4
8.839110956093045 2.631650077427984E-4
8.839110956093045 2.6895612860113727E-4
8.839110956093045 2.434676085615436E-4
8.839110956093045 2.3816545153242233E-4
8.839110956093045 2.4332893335409208E-4
8.839110956093045 2.4397707421615952E-4
8.843398862248007 2.4045993027255525E-4
8.843398862248007 2.2647868303526776E-4
8.855484206350388 2.1250643768204328E-4
8.855484206350388 2.186433891784445E-4
8.855484206350388 2.1247370975892207E-4
8.855484206350388 2.0915279672219746E-4
8.855484206350388 2.0784311048479865E-4
8.855484206350388 1.9524173773275363E-4
8.855484206350388 1.8114030832670433E-4
8.855484206350388 1.4944378011676678E-4
8.855484206350388 1.377958739885149E-4
8.855484206350388 1.305432875620751E-4
8.855484206350388 1.4583621574749107E-4
8.855484206350388 1.3658906801265402E-4
8.855484206350388 1.4564248926907222E-4
8.855484206350388 1.3949216778995623E-4
8.855484206350388 1.4273416691853915E-4
8.855484206350388 1.4022338093837693E-4
8.855484206350388 1.4785601414004192E-4
8.855484206350388 1.4229913115156205E-4
8.855484206350388 1.4096815451905152E-4
8.855484206350388 1.3155387204982964E-4
8.855484206350388 1.3069641156888766E-4
8.855484206350388 1.3084699923649392E-4
8.855484206350388 1.3883276627881346E-4
8.855484206350388 1.2880247992630014E-4
8.855484206350388 1.288265649079433E-4
8.855484206350388 1.385981827980755E-4
8.855484206350388 1.2433283810501673E-4
8.855484206350388 1.269537527581983E-4
8.855484206350388 1.3179806391144406E-4
8.855484206350388 1.3251426503376005E-4
8.855484206350388 1.3021675190554765E-4
8.855484206350388 1.3018447977018456E-4
8.855484206350388 1.2045322598211943E-4
8.857428045361026 1.24168482893453E-4
8.857428045361026 1.1391884058546044E-4
8.857428045361026 1.0845688186687567E-4
8.857428045361026 1.0459655690722144E-4
8.857428045361026 1.0236994270436444E-4
8.857428045361026 1.0544115210789874E-4
8.857428045361026 1.048824614325318E-4
8.857428045361026 1.0625755481324284E-4
8.857428045361026 1.154145817792286E-4
8.857428045361026 1.0673977800166439E-4
8.857428045361026 9.698698957558568E-5
8.857428045361026 9.689547280095888E-5
8.857428045361026 9.387637956266207E-5
8.857428045361026 8.374658528559692E-5
8.857428045361026 7.899154483172634E-5
8.857428045361026 7.85965723103656E-5
8.857428045361026 7.6502926664129E-5
8.857428045361026 7.413967067453608E-5
8.857428045361026 7.700971712231342E-5
8.857428045361026 6.672577530637503E-5
8.86319187217219 6.59011161775491E-5
8.86319187217219 6.638560443512349E-5
8.86319187217219 6.707032912969682E-5
8.86319187217219 6.61819507051511E-5
8.86319187217219 5.5375475154435496E-5
8.86319187217219 5.551979585616706E-5
8.86319187217219 5.471376284220476E-5
8.86319187217219 5.0720343729179514E-5
8.86319187217219 4.65468579634841E-5
8.86319187217219 4.65468579634841E-5
8.86319187217219 4.392035689446745E-5
8.86319187217219 3.6093005426455355E-5
8.86319187217219 3.5631671612082115E-5
8.86319187217219 3.924148765202606E-5
8.86319187217219 3.8677482321329085E-5
8.86319187217219 3.5050597208985984E-5
8.86319187217219 3.4984209732612234E-5
8.86319187217219 3.126868066871316E-5
8.86319187217219 2.662218653315229E-5
8.86319187217219 2.3377914426630255E-5
8.86319187217219 1.7296712229052426E-5
8.86319187217219 1.9255537704051736E-5
8.86319187217219 1.3496271019568376E-5
8.86319187217219 1.3496271019568376E-5
8.86319187217219 1.3496271019568376E-5
8.86319187217219 1.23865931260949E-5
8.86319187217219 8.884941868527524E-6
8.86319187217219 4.687015875575574E-6
8.86319187217219 4.195712055852152E-6
8.86319187217219 8.861440275013824E-6
8.86319187217219 1.1956672578549319E-5
8.86319187217219 1.1956672578549319E-5
8.86319187217219 1.1956672578549319E-5
8.86319187217219 1.7860001708894485E-5
8.86319187217219 1.6960773168086077E-5
8.86319187217219 1.5645884879026274E-5
8.86319187217219 1.5645884879026274E-5
8.86319187217219 9.74255574868111E-6
8.86319187217219 9.74255574868111E-6
8.86319187217219 9.74255574868111E-6
8.86319187217219 9.74255574868111E-6
8.86319187217219 4.478201035905283E-6
8.86319187217219 5.984651953256243E-6
8.86319187217219 5.984651953256243E-6
8.86319187217219 5.984651953256243E-6
8.86319187217219 5.984651953256243E-6
8.86346349998728 6.484433854134605E-6
8.86346349998728 6.484433854134605E-6
8.86346349998728 0.0
8.86346349998728 0.0
8.86346349998728 0.0
8.86346349998728 0.0
8.86346349998728 0.0
8.86346349998728 0.0
8.86346349998728 0.0
8.86346349998728 0.0
8.86346349998728 0.0
8.86346349998728 0.0
8.86346349998728 0.0
8.86346349998728 0.0
8.86346349998728 0.0
8.863669926671008 6.763887298932383E-7
8.863669926671008 1.8510900776040097E-6
8.863669926671008 1.8510900776040097E-6
8.863669926671008 1.8510900776040097E-6
8.863669926671008 1.8510900776040097E-6
8.863669926671008 1.8510900776040097E-6
8.86577893539338 2.5131791133611717E-6
8.86577893539338 2.513179113361172E-6
8.86577893539338 2.513179113361172E-6
8.86577893539338 2.513179113361172E-6
8.86577893539338 2.513179113361172E-6
8.86577893539338 2.513179113361172E-6
8.86577893539338 1.3384777656504003E-6
8.86577893539338 1.3384777656504003E-6
8.86577893539338 1.3384777656504003E-6
8.86577893539338 1.3384777656504003E-6
8.86577893539338 2.2803624574883017E-6
8.86577893539338 1.2526288702848938E-5
8.866957324336335 1.3677557975025794E-5
8.866957324336335 1.3677557975025794E-5
8.866957324336335 1.3677557975025794E-5
8.866957324336335 1.3677557975025794E-5
8.866957324336335 1.3677557975025794E-5
8.866957324336335 1.3677557975025794E-5
8.866957324336335 1.3677557975025794E-5
8.866957324336335 1.3677557975025794E-5
8.866957324336335 1.3677557975025794E-5
8.866957324336335 1.3677557975025794E-5
8.866957324336335 1.451432635273595E-5
8.866957324336335 1.451432635273595E-5
8.866957324336335 1.451432635273595E-5
8.866957324336335 1.451432635273595E-5
8.866957324336335 2.224109192505861E-6
8.866957324336335 2.224109192505861E-6
8.866957324336335 1.3384777656504003E-6
8.866957324336335 1.3384777656504003E-6
8.866957324336335 1.3384777656504003E-6
8.866957324336335 1.3384777656504003E-6
8.866957324336335 1.3384777656504003E-6
8.866957324336335 1.3384777656504003E-6
8.866957324336335 1.3384777656504003E-6
8.866957324336335 6.763887298932383E-7
8.866957324336335 6.763887298932383E-7
8.866957324336335 4.38530498051425E-6
8.866957324336335 4.38530498051425E-6
8.866957324336335 4.38530498051425E-6
8.866957324336335 6.763887298932383E-7
8.866957324336335 6.763887298932383E-7
8.866957324336335 6.763887298932383E-7
8.866957324336335 6.763887298932383E-7
8.866957324336335 6.763887298932383E-7
8.866957324336335 6.763887298932383E-7
8.866957324336335 6.763887298932383E-7
8.866957324336335 6.763887298932383E-7
8.866957324336335 6.763887298932383E-7
8.866957324336335 0.0
8.866957324336335 0.0
8.866957324336335 0.0
8.866957324336335 0.0
8.866957324336335 0.0
8.866957324336335 0.0
8.866957324336335 0.0
8.866957324336335 0.0
8.866957324336335 0.0
8.866957324336335 0.0
8.866957324336335 0.0
8.866957324336335 0.0
8.866957324336335 0.0
8.866957324336335 0.0
8.866957324336335 1.1747013477107717E-6
8.866957324336335 1.1747013477107717E-6
8.867364024178471 2.403205461348895E-6
8.867364024178471 2.403205461348895E-6
8.867364024178471 2.090441159790092E-6
8.867364024178471 2.090441159790092E-6
8.867364024178471 2.090441159790092E-6
8.867714617356267 3.879597725539122E-6
8.867714617356267 3.879597725539122E-6
8.867714617356267 3.879597725539122E-6
8.86945158120027 3.813959910189932E-6
8.86945158120027 2.6392585624791607E-6
8.86945158120027 2.6392585624791607E-6
8.86945158120027 1.5848092845151837E-6
8.86945158120027 1.5848092845151837E-6
8.86945158120027 1.5848092845151837E-6
8.86945158120027 3.0126942319824095E-6
8.86945158120027 3.8108611828148785E-6
8.86945158120027 3.0450652711048154E-6
8.86945158120027 3.0450652711048154E-6
8.86945158120027 3.0450652711048154E-6
8.86945158120027 3.7778841887302048E-6
8.86945158120027 2.3150776058475137E-6
8.86945158120027 1.5169106550150444E-6
8.86945158120027 1.5169106550150444E-6
8.86945158120027 1.5169106550150444E-6
8.86945158120027 7.840917373896548E-7
8.86945158120027 7.840917373896548E-7
8.86945158120027 7.840917373896548E-7
8.86945158120027 7.840917373896548E-7
8.86945158120027 7.840917373896548E-7
8.86945158120027 0.0
8.86945158120027 0.0
8.86945158120027 0.0
Score: 8.86945158120027
Runtime: 834ms
