9.01826716737347E-5 5.358057179290169
4.668741347512303E-4 4.59027340921334
0.005527758587691681 4.199247946422114
0.01320619434788443 3.90250605569108
0.01320619434788443 3.76258402064347
0.014582932934835039 3.4445621106792395
0.05033966192927636 3.220596452703317
0.055528853082585525 3.002262759018948
0.055528853082585525 2.845857741874737
0.10780520858875882 2.653631328725824
0.30825360669596213 2.6552863782461023
0.30825360669596213 2.4674934846651095
0.4610403310345509 2.354464332322001
0.4610403310345509 2.2465463867622577
0.4610403310345509 2.22620780855917
0.4610403310345509 2.1553097095699436
0.4610403310345509 2.08812908680447
0.4943174152207041 1.9457015344767281
0.4943174152207041 1.8602509360755706
1.112407034252213 1.7526203055416212
1.112407034252213 1.7167816694371159
1.112407034252213 1.7097538244492234
1.112407034252213 1.6179331262982202
1.112407034252213 1.5246815132047595
1.112407034252213 1.4972141386041309
1.112407034252213 1.4691090190572795
1.112407034252213 1.4395783109060167
1.112407034252213 1.3609695758937237
1.112407034252213 1.3001182203187869
1.112407034252213 1.335660824781867
1.112407034252213 1.2622603876893062
1.112407034252213 1.220264013286548
1.112407034252213 1.2048354576329192
1.112407034252213 1.1640061078712278
1.112407034252213 1.1258237969836213
1.1783393262303483 1.082710922004362
1.1783393262303483 1.060352600077596
1.1783393262303483 1.0545009829522918
1.2623734300897822 1.0193712388741283
1.2623734300897822 1.010830440765508
2.7126147621503054 1.0036070968722293
2.7126147621503054 0.9664152948405617
2.7126147621503054 0.9579595977684385
2.7126147621503054 0.9069812404265087
2.7126147621503054 0.8346329943568332
2.8058913583366984 0.8243306995338445
2.8058913583366984 0.8033631347286709
2.8058913583366984 0.7900291388969174
4.226209538366243 0.7719987544603545
4.226209538366243 0.732132314077862
4.513950609602123 0.7241606889462409
4.513950609602123 0.7017338944288651
4.513950609602123 0.675503089272756
4.513950609602123 0.6664843117663366
4.513950609602123 0.6262754474219628
4.513950609602123 0.6070433725508408
4.513950609602123 0.5909182523511037
4.513950609602123 0.5567029488165276
4.560683829437088 0.5448863988172573
4.560683829437088 0.5217714353581435
4.560683829437088 0.4974630036152166
4.560683829437088 0.48837551671511553
4.560683829437088 0.5070872233881826
4.560683829437088 0.5097437149927536
4.560683829437088 0.5213212466492622
4.560683829437088 0.4991247969381421
4.560683829437088 0.49974177984996204
4.560683829437088 0.5113042200874093
4.560683829437088 0.5106397579525426
4.560683829437088 0.5331177510294861
4.890552028875915 0.5513676525390759
4.890552028875915 0.5447019773294731
4.890552028875915 0.5489432877196879
4.890552028875915 0.5096661020922083
4.890552028875915 0.5049823022603712
4.890552028875915 0.49312817352790567
5.813308916662658 0.4865331463456144
5.813308916662658 0.4640278358771625
5.813308916662658 0.44973326371089
5.813308916662658 0.44417475813108825
5.813308916662658 0.4354325405411498
5.813308916662658 0.42027764892135105
5.813308916662658 0.4110073656354138
5.813308916662658 0.3687934054738752
5.813308916662658 0.3620333690954613
5.813308916662658 0.3553554744406062
5.989740274768457 0.33884703450634895
5.989740274768457 0.3079461791073364
5.989740274768457 0.31540761320294325
5.989740274768457 0.2988836744051396
5.989740274768457 0.29147256372571106
5.989740274768457 0.28634637984732353
5.989740274768457 0.27583035376973347
6.129410411612556 0.26945896821885645
6.129410411612556 0.2550880797883148
6.129410411612556 0.25981123786432964
6.4031024272778305 0.25707124399570486
7.038575528065042 0.25634948871895086
7.038575528065042 0.2424855591172144
7.038575528065042 0.19540389433715077
7.038575528065042 0.18580272917061422
7.038575528065042 0.18316247093552843
7.038575528065042 0.19020174329002756
7.038575528065042 0.17403402398663043
7.038575528065042 0.163631535182272
7.038575528065042 0.15212070188195442
7.038575528065042 0.15737561532203953
7.038575528065042 0.14674532414954936
7.038575528065042 0.14536330620398227
7.038575528065042 0.13841394809298627
7.038575528065042 0.15487769395057807
7.038575528065042 0.1510020769762318
7.038575528065042 0.14277872686337906
7.038575528065042 0.15149385014282202
7.038575528065042 0.14691437324342826
7.038575528065042 0.14458268530160734
7.038575528065042 0.13632657347220253
7.038575528065042 0.11727982264301086
7.038575528065042 0.11379392491097375
7.038575528065042 0.10561292339615252
7.038575528065042 0.1074887654706892
7.038575528065042 0.09986438870957465
7.038575528065042 0.09431282342685555
7.038575528065042 0.08752803634290929
7.038575528065042 0.08886315003986647
7.069161458746635 0.08974067834249173
7.069161458746635 0.08424633271127457
7.069161458746635 0.08563556592290501
7.069161458746635 0.08295792291011608
7.069161458746635 0.08171354168249147
7.846652498516519 0.07927036114732668
7.846652498516519 0.08158149063484274
7.846652498516519 0.07268128711007496
7.846652498516519 0.06962945855882072
7.846652498516519 0.06919909293368134
7.846652498516519 0.0648616347145633
7.846652498516519 0.06127214362555045
7.9368297321637735 0.0606323249151617
7.9368297321637735 0.059860224622124605
7.9368297321637735 0.06770066756684551
7.9368297321637735 0.06667847558140469
7.9368297321637735 0.0628869926621241
7.9368297321637735 0.059399928822806924
7.9368297321637735 0.05546221510385114
7.9368297321637735 0.05772620956450953
7.9368297321637735 0.05484514686107981
7.9368297321637735 0.05484514686107981
7.9368297321637735 0.052549477795245284
7.9368297321637735 0.05278805414270239
7.959641588845918 0.05069221266483198
7.959641588845918 0.0493838005860846
7.959641588845918 0.04436878424361776
7.959641588845918 0.044527675429292445
8.182115791821822 0.05412642344235759
8.31407294807957 0.05434392966485277
8.31407294807957 0.054427675639100656
8.31407294807957 0.05175887553870964
8.31407294807957 0.049574931483969055
8.31407294807957 0.04967528924018631
8.31407294807957 0.04900758612201804
8.31407294807957 0.045313410436328236
8.31407294807957 0.04144227457750647
8.31407294807957 0.038920378089113396
8.31407294807957 0.039705520089207386
8.31407294807957 0.03716114316486231
8.31407294807957 0.03884349976219484
8.31407294807957 0.03932465479840846
8.31407294807957 0.03548064764837237
8.31407294807957 0.03658465584987019
8.31407294807957 0.033639448064630824
8.31407294807957 0.034462744957423
8.31407294807957 0.033212713137313846
8.31407294807957 0.03391857179397483
8.31407294807957 0.03163695924555539
8.348597832118365 0.03132473064566128
8.553743111388448 0.03155174639293739
8.553743111388448 0.030210022763805782
8.553743111388448 0.029417158886385863
8.737672230001849 0.029759817258076568
8.737672230001849 0.029745980829520822
8.737672230001849 0.032916223587627004
8.737672230001849 0.03092659349979906
8.737672230001849 0.028583543595538472
8.737672230001849 0.029097987906394042
8.737672230001849 0.030158979995390117
8.737672230001849 0.028029110622683432
8.737672230001849 0.0272129916239863
8.830601522940862 0.02472890027150527
8.830601522940862 0.025338779840898995
8.830601522940862 0.025226725796464212
8.830601522940862 0.030119855500205357
8.830601522940862 0.029251246706885094
8.830601522940862 0.027441446922767197
8.830601522940862 0.029865962834036825
8.942222759023746 0.028010459692603493
8.942222759023746 0.027688077532865455
8.942222759023746 0.028195578310305874
8.942222759023746 0.02677052883174183
8.942222759023746 0.02736070580857124
8.942222759023746 0.027209514611253784
8.942222759023746 0.026821581228617053
8.942222759023746 0.025530366219041208
8.942222759023746 0.023137023324321385
9.188843814450983 0.023337823322689025
9.188843814450983 0.020710639510735866
9.188843814450983 0.022752883910748735
9.188843814450983 0.023950111549367634
9.188843814450983 0.025799454884236933
9.188843814450983 0.024945434376464532
9.188843814450983 0.02473997316857391
9.25096906876724 0.02545793514433913
9.25096906876724 0.02280118214236909
9.25096906876724 0.022065900539610314
9.25096906876724 0.022272621797671952
9.25096906876724 0.021105229960369752
9.25096906876724 0.019507385745138942
9.25096906876724 0.01924190373646913
9.25096906876724 0.01928004638055209
9.25096906876724 0.01784131946752684
9.25096906876724 0.01780349991356222
9.25096906876724 0.019379917190085947
9.25096906876724 0.01734664628820252
9.25096906876724 0.016302650973945246
9.25096906876724 0.016981490021873134
9.30808400778053 0.016552483882513035
9.30808400778053 0.01589498030981651
9.30808400778053 0.015929738895064098
9.30808400778053 0.015968315824377036
9.30808400778053 0.015080280161141728
9.30808400778053 0.014819268088190828
9.30808400778053 0.015600158011884541
9.30808400778053 0.015405355059694488
9.30808400778053 0.015572811994599171
9.30808400778053 0.015749232589664788
9.30808400778053 0.01613802176069351
9.30808400778053 0.014571485295254441
9.30808400778053 0.013016901222222259
9.30808400778053 0.013826544260638623
9.30808400778053 0.013650697085168527
9.30808400778053 0.013644546351479757
9.30808400778053 0.012958871188232779
9.30808400778053 0.012536387355062304
9.30808400778053 0.012723620860057861
9.30808400778053 0.012341704106777705
9.458714825462277 0.01203160553698187
9.458714825462277 0.013466283561243802
9.458714825462277 0.011044272363691375
9.458714825462277 0.01047848137235444
9.51118670483855 0.01034525896482685
9.51118670483855 0.00927405077948044
9.51118670483855 0.009532736449993574
9.51118670483855 0.011681793621417382
9.51118670483855 0.011576324233378319
9.55244193651405 0.011874911170949166
9.55244193651405 0.011813088076426389
9.55244193651405 0.011769731412784756
9.55244193651405 0.011918550212539823
9.55244193651405 0.010898183963473326
9.622512168839389 0.00972106327909321
9.622512168839389 0.009733525572832323
9.622512168839389 0.010138434427350683
9.622512168839389 0.010328381607300843
9.622512168839389 0.009279914008932051
9.622512168839389 0.008782119867273206
9.622512168839389 0.007818625193314907
9.622512168839389 0.00837593057287981
9.622512168839389 0.008383819065774829
9.622512168839389 0.00812335523786938
9.622512168839389 0.008008473602842974
9.622512168839389 0.0053940120345746375
9.662905642022855 0.005518330355158943
9.662905642022855 0.0050091445165214455
9.662905642022855 0.004855727238918493
9.742960389351488 0.005792058581703371
9.742960389351488 0.005912629284653805
9.742960389351488 0.006709794034681676
9.742960389351488 0.006369629558589864
9.742960389351488 0.005967732224266873
9.742960389351488 0.005199261215878508
9.742960389351488 0.005199261215878509
9.742960389351488 0.005479466093976279
9.742960389351488 0.0054794660939762796
9.742960389351488 0.005654053926817583
9.742960389351488 0.0052958304908107155
9.742960389351488 0.0052958304908107155
9.745209520028272 0.004903030610333445
9.745209520028272 0.005400493092150288
9.790927794928624 0.005535301330583164
9.790927794928624 0.005370137564722672
9.790927794928624 0.005041799361466428
9.790927794928624 0.004873699377073636
9.790927794928624 0.005043274740005716
9.790927794928624 0.005476940529647822
9.790927794928624 0.005472378906297607
9.790927794928624 0.006126379969518735
9.790927794928624 0.005978702999881259
9.790927794928624 0.005601478954749599
9.790927794928624 0.005869785156906974
9.790927794928624 0.006052982625769031
9.790927794928624 0.0060532377396821
9.790927794928624 0.006042766981183892
9.790927794928624 0.005702869126516667
9.790927794928624 0.006419523004806257
9.790927794928624 0.006551776481092392
9.790927794928624 0.006649075475237962
9.790927794928624 0.0065522935699959765
9.790927794928624 0.006326428644143169
9.790927794928624 0.006304287664634689
9.792636513119922 0.006067828517757801
9.792636513119922 0.006590550968510395
9.792636513119922 0.006808038800704971
9.792636513119922 0.00674724277634124
9.830422623155936 0.006565486266207403
9.830422623155936 0.0066706119637968755
9.830422623155936 0.006330894056984672
9.830422623155936 0.006578458845609501
9.830422623155936 0.006306834433126565
9.830422623155936 0.005597752016215357
9.830422623155936 0.0054814440077361444
9.830422623155936 0.005263341588042856
9.830422623155936 0.005560429707515365
9.836649114702862 0.005237766650427182
9.836649114702862 0.005420500363674477
9.836649114702862 0.005380494354438723
9.836649114702862 0.004867053923544759
9.836649114702862 0.004579701978924656
9.836649114702862 0.004250365448314939
9.836649114702862 0.004021169281784912
9.836649114702862 0.004006849774970473
9.836649114702862 0.004001260902647264
9.841512316869439 0.0037592896034050385
9.841512316869439 0.003658288890122505
9.841512316869439 0.003440742679550396
9.841512316869439 0.003376993205743727
9.841512316869439 0.0029569043435974792
9.841512316869439 0.0028377932417461013
9.841512316869439 0.003158678256810908
9.841512316869439 0.0029221404699362637
9.841512316869439 0.0029443642360335687
9.841512316869439 0.0027712350020632857
9.841512316869439 0.0027619740471260647
9.841512316869439 0.002425217716975662
9.841512316869439 0.002393020817732621
9.841512316869439 0.002393020817732621
9.841512316869439 0.0023220299096278606
9.841512316869439 0.0022801690164995863
9.861129071383566 0.0022842510419263462
9.861129071383566 0.0021189136512189464
9.861129071383566 0.0022311150187361837
9.861129071383566 0.0020470207475811503
9.861129071383566 0.002072932769459513
9.861129071383566 0.0021495775623046505
9.861129071383566 0.0020915682394318704
9.861129071383566 0.0021804657041071883
9.861129071383566 0.002201796336465822
9.861129071383566 0.002172865157248056
9.861129071383566 0.0022061250274379926
9.861129071383566 0.002056582942465363
9.861129071383566 0.002149150948400164
9.861129071383566 0.002071114886270961
9.861129071383566 0.002030704498943724
9.861129071383566 0.0013828223887977261
9.861129071383566 0.0014895872993514602
9.861129071383566 0.0014331247537904474
9.861129071383566 0.0015279911227263467
9.861129071383566 0.0014439840370037193
9.861129071383566 0.0014594205303867767
9.861129071383566 0.0016117948877557619
9.863571756346388 0.0017852322995764514
9.878992537941336 0.0011937508034467628
9.878992537941336 0.001156440883527851
9.908269880333545 0.0012188213803192352
9.908269880333545 0.0012523331315140147
9.908269880333545 0.0012193266834107728
9.908269880333545 0.0013174218294196792
9.908269880333545 0.0014074176581686444
9.908269880333545 0.001415765559033649
9.908269880333545 0.0015905435586559245
9.908269880333545 0.0017183006963812479
9.908269880333545 0.0017314383165902114
9.908269880333545 0.0016254868208714396
9.908269880333545 0.0016775721447546074
9.908269880333545 0.0016686554490706008
9.916861991993429 0.001515139302071355
9.919910391111424 0.0015612357714618523
9.919910391111424 0.0015622170837921
9.919910391111424 0.001521793182860544
9.919910391111424 0.0015463245320487433
9.919910391111424 0.0014580991195924247
9.940503012374396 0.0016020203842500803
9.940503012374396 0.0015569334317837617
9.940503012374396 0.0016635077320906646
9.940503012374396 0.00163284920655028
9.940503012374396 0.0016382677903953547
9.940503012374396 0.001694752395611597
9.940503012374396 0.0015621854634965612
9.940503012374396 0.00157070283065925
9.940503012374396 0.0015720529003363244
9.940503012374396 0.0016062688338306919
9.940503012374396 0.001667210757800451
9.940503012374396 0.001667210757800451
9.940503012374396 0.0016151111295672098
9.940503012374396 0.001669227871176366
9.940503012374396 0.0017443204730369219
9.940503012374396 0.0016574085422862536
9.940503012374396 0.0018178577050160516
9.940503012374396 0.0017985959634436261
9.940503012374396 0.0017552353279662455
9.940503012374396 0.001695006965656185
9.940503012374396 0.0017158297072793005
9.940503012374396 0.001715438145049001
9.940503012374396 0.0016610748432124357
9.940503012374396 0.001606774505541737
9.940503012374396 0.0016469557264102667
9.940503012374396 0.001561529017914286
9.940503012374396 0.0015667094829097921
9.940503012374396 0.0015480382125491248
9.940503012374396 0.001407721241891342
9.940503012374396 0.0013456140460268156
9.940503012374396 0.0012557033776327442
9.940503012374396 0.0012805735693041088
9.940503012374396 0.0012621504958005303
9.940503012374396 0.0012729643843432791
9.940503012374396 0.0011925748797942022
9.940503012374396 0.0010712639909197551
9.940503012374396 0.0010939309193639486
9.952992586117396 0.0011442537840326377
9.952992586117396 0.0011025056607176413
9.952992586117396 0.0010627619816592443
9.952992586117396 0.001066229889027742
9.952992586117396 9.478040563681803E-4
9.952992586117396 8.628515105419813E-4
9.952992586117396 8.167995685936499E-4
9.952992586117396 7.737990544743236E-4
9.952992586117396 7.722906557103427E-4
9.952992586117396 7.526289586012983E-4
9.952992586117396 7.844686282914322E-4
9.952992586117396 8.399609389282292E-4
9.952992586117396 7.376642615651526E-4
9.952992586117396 7.388856326938638E-4
9.952992586117396 7.17281268107156E-4
9.952992586117396 6.169417954690513E-4
9.952992586117396 6.040345481225166E-4
9.952992586117396 5.89331756619106E-4
9.952992586117396 5.499241047320487E-4
9.952992586117396 4.8735650859152104E-4
9.961243843449976 4.7009972790440014E-4
9.961243843449976 4.592916214095948E-4
9.961243843449976 4.5981435757859354E-4
9.961243843449976 4.1262681329208334E-4
9.961243843449976 4.154129016620779E-4
9.961243843449976 4.620374474204329E-4
9.961243843449976 4.306971520551814E-4
9.961243843449976 3.8497029015757423E-4
9.961243843449976 3.980892150633461E-4
9.961243843449976 3.469011244704216E-4
9.961243843449976 3.469011244704216E-4
9.961243843449976 3.29237987865103E-4
9.961243843449976 3.2130754339570214E-4
9.961243843449976 3.3394121423205514E-4
9.961243843449976 3.2067504276445927E-4
9.961243843449976 3.431314885072205E-4
9.961243843449976 3.3505476783107687E-4
9.961243843449976 3.41611125942442E-4
9.961243843449976 3.0738079204321677E-4
9.961243843449976 3.363422011962532E-4
9.961243843449976 3.524181879104416E-4
9.961243843449976 3.0253348539872947E-4
9.961243843449976 3.0253348539872947E-4
9.961243843449976 3.1348003857882583E-4
9.961243843449976 2.8807638009759756E-4
9.961243843449976 2.1521302029497337E-4
9.961243843449976 2.1217176262304475E-4
9.968464733363476 2.2510245630197207E-4
9.968464733363476 2.2510245630197212E-4
9.968464733363476 2.2510245630197212E-4
9.968464733363476 2.0787845301457216E-4
9.968464733363476 2.3238040720286276E-4
9.968464733363476 2.430861822954505E-4
9.968464733363476 2.157202974387754E-4
9.968464733363476 1.7790751274115847E-4
9.968464733363476 1.7790751274115847E-4
9.968464733363476 1.9599051635971082E-4
9.968464733363476 1.9599051635971082E-4
9.968464733363476 1.8867784052846158E-4
9.968464733363476 2.119938847660485E-4
9.968464733363476 2.040586267273659E-4
9.968464733363476 1.8039446575674834E-4
9.968464733363476 1.9101473532354902E-4
9.968464733363476 1.9118509736538485E-4
9.968464733363476 1.3038346383630257E-4
9.968464733363476 1.33296265873883E-4
9.968464733363476 7.906995852426114E-5
9.968464733363476 8.960953559837198E-5
9.968464733363476 8.960953559837198E-5
9.968464733363476 1.1093428896038523E-4
9.968464733363476 1.0655253551376069E-4
9.968464733363476 9.67742876420992E-5
9.968464733363476 9.67742876420992E-5
9.968464733363476 8.534731064487753E-5
9.968464733363476 9.490215702323676E-5
9.968464733363476 9.490215702323673E-5
9.968464733363476 1.3199770913145824E-4
9.968464733363476 1.2823627278625945E-4
9.968464733363476 1.359333535264357E-4
9.968464733363476 1.359333535264357E-4
9.968464733363476 1.2688206183562552E-4
9.968464733363476 1.2688206183562552E-4
9.968464733363476 1.1534876138030624E-4
9.968464733363476 1.2660537633569209E-4
9.968464733363476 1.1861226945143563E-4
9.968464733363476 1.1861226945143563E-4
9.968464733363476 1.3481101801964823E-4
9.968464733363476 1.3481101801964823E-4
9.968464733363476 1.272329190071778E-4
9.968464733363476 1.2723291900717778E-4
9.968464733363476 1.2723291900717778E-4
9.968464733363476 1.1273277994824205E-4
9.968464733363476 1.1273277994824205E-4
9.968464733363476 1.1416216490541895E-4
9.968464733363476 1.0345638981283118E-4
9.968464733363476 7.288245795790525E-5
9.968464733363476 6.189822662236915E-5
9.968464733363476 6.189822662236915E-5
9.968464733363476 6.189822662236915E-5
9.968464733363476 6.189822662236915E-5
9.968464733363476 6.872244898578354E-5
9.970271099760703 8.009050509270086E-5
9.970271099760703 8.009050509270085E-5
9.970271099760703 6.835430863547933E-5
9.970271099760703 7.80722461086159E-5
9.970271099760703 6.681563115323005E-5
9.97380360281523 7.303677671267233E-5
9.97380360281523 6.859477365112042E-5
9.97380360281523 6.859477365112042E-5
9.97380360281523 6.859477365112042E-5
9.97380360281523 9.018767327535528E-5
9.97380360281523 9.018767327535528E-5
9.97380360281523 7.06175074449873E-5
9.97380360281523 7.06175074449873E-5
9.97380360281523 6.138811428094428E-5
9.97380360281523 6.138811428094428E-5
9.97380360281523 3.425929117881375E-5
9.97380360281523 2.2134353001825384E-5
9.97380360281523 6.210309541468701E-6
9.97380360281523 6.210309541468701E-6
9.97380360281523 6.210309541468701E-6
9.97380360281523 1.2666391554578886E-5
9.97380360281523 1.2666391554578886E-5
9.97380360281523 1.2666391554578886E-5
9.97380360281523 1.9630463777960887E-5
9.97380360281523 2.668864956901157E-5
9.97380360281523 2.668864956901157E-5
9.97380360281523 2.668864956901157E-5
9.97380360281523 2.668864956901157E-5
9.97380360281523 1.9724577345629573E-5
9.97380360281523 1.9724577345629573E-5
9.97380360281523 1.9724577345629573E-5
9.97380360281523 1.9724577345629573E-5
9.97380360281523 1.9724577345629573E-5
9.97380360281523 1.3514267804160873E-5
9.97380360281523 2.2305360327115622E-5
9.97380360281523 2.2305360327115622E-5
9.97380360281523 2.2305360327115622E-5
9.97380360281523 2.2305360327115622E-5
9.97380360281523 2.2305360327115622E-5
9.97380360281523 2.7611261915709597E-5
9.97380360281523 2.7611261915709597E-5
9.97380360281523 2.7611261915709597E-5
9.974514450970279 3.1516014431970736E-5
9.974514450970279 3.1516014431970736E-5
9.974514450970279 3.1516014431970736E-5
9.974514450970279 3.1516014431970736E-5
9.974514450970279 3.1516014431970736E-5
9.974514450970279 3.1516014431970736E-5
9.974514450970279 3.1516014431970736E-5
9.974514450970279 3.1516014431970736E-5
9.974514450970279 4.0159198299796376E-5
9.976246464406055 4.8191166691844E-5
9.976246464406055 3.582331182228006E-5
9.976246464406055 3.582331182228006E-5
9.976246464406055 2.7180127954454423E-5
9.976246464406055 2.7180127954454423E-5
9.976246464406055 2.7180127954454423E-5
9.976246464406055 2.7180127954454423E-5
9.976246464406055 2.7180127954454423E-5
9.976246464406055 2.7180127954454423E-5
9.976246464406055 2.7180127954454423E-5
9.976246464406055 1.8389223256622238E-5
9.976246464406055 1.8389223256622238E-5
9.976246464406055 1.8389223256622238E-5
9.976246464406055 1.8389223256622238E-5
9.976959455551555 1.931300844938525E-5
9.976959455551555 1.931300844938525E-5
9.976959455551555 5.484628805025053E-6
9.976959455551555 5.484628805025053E-6
9.976959455551555 0.0
9.976959455551555 0.0
9.976959455551555 0.0
9.976959455551555 0.0
9.976959455551555 0.0
9.976959455551555 0.0
9.976959455551555 0.0
9.976959455551555 0.0
9.97955902970277 4.1998236251429525E-6
9.97955902970277 4.4367189980086566E-6
9.97955902970277 4.4367189980086566E-6
9.97955902970277 4.4367189980086566E-6
9.97955902970277 0.0
9.97955902970277 0.0
9.97955902970277 0.0
9.97955902970277 0.0
9.97955902970277 0.0
9.97955902970277 0.0
9.97955902970277 0.0
9.97955902970277 0.0
9.97955902970277 0.0
9.97955902970277 0.0
9.97955902970277 0.0
9.97955902970277 0.0
9.97955902970277 0.0
9.97955902970277 0.0
9.97955902970277 0.0
9.97955902970277 5.9117728564537595E-6
9.9806276805501 1.1622812011260071E-5
9.9806276805501 1.1622812011260071E-5
9.9806276805501 2.261117162754618E-5
9.9806276805501 2.261117162754618E-5
9.9806276805501 2.7047890625554843E-5
9.9806276805501 2.7047890625554843E-5
9.9806276805501 2.7047890625554843E-5
9.9806276805501 2.7047890625554843E-5
9.9806276805501 2.7047890625554843E-5
9.9806276805501 2.7047890625554843E-5
9.9806276805501 2.261117162754618E-5
9.9806276805501 2.1680275789358502E-5
9.9806276805501 2.1680275789358502E-5
9.9806276805501 2.1680275789358502E-5
9.9806276805501 2.1680275789358502E-5
9.9806276805501 2.1680275789358502E-5
9.9806276805501 2.1680275789358502E-5
9.9806276805501 1.0691916173072393E-5
9.9806276805501 1.0691916173072393E-5
9.9806276805501 1.0691916173072393E-5
9.9806276805501 1.0691916173072393E-5
9.9806276805501 1.0691916173072393E-5
9.9806276805501 1.0691916173072393E-5
9.9806276805501 1.0691916173072393E-5
9.9806276805501 0.0
9.9806276805501 0.0
9.9806276805501 5.711039154806312E-6
9.9806276805501 5.711039154806312E-6
9.9806276805501 5.711039154806312E-6
9.9806276805501 0.0
9.9806276805501 0.0
9.9806276805501 3.4930650978504113E-6
9.9806276805501 3.4930650978504113E-6
9.9806276805501 3.4930650978504113E-6
9.9806276805501 9.182199079243216E-6
9.9806276805501 9.182199079243216E-6
9.9806276805501 9.182199079243216E-6
9.9806276805501 9.182199079243216E-6
9.9806276805501 9.182199079243216E-6
9.9806276805501 9.182199079243216E-6
9.9806276805501 9.182199079243216E-6
Score: 9.9806276805501
Runtime: 835ms
