3.2196695364974655E-5 5.389173777411063
3.2196695364974655E-5 4.703901191005527
3.2196695364974655E-5 4.212964132549452
7.675846544981503E-5 3.857987251240816
0.0012466514944390304 3.5553948576891585
0.0032739765667167704 3.3063752291813295
0.05780506969949833 3.0858952576652725
0.08248509170340874 2.9195320921949346
0.08248509170340874 2.724846089082438
0.4302944623194788 2.6378346209644863
0.4302944623194788 2.6045229569884856
0.4302944623194788 2.40165407132452
0.4302944623194788 2.2945474861706265
0.4302944623194788 2.1833009591023345
0.4302944623194788 2.145099505529094
0.8636378859071243 2.1228520673706432
0.8636378859071243 2.0385237394111932
0.8636378859071243 2.046146710661336
0.8636378859071243 2.028992434601323
0.8636378859071243 1.9497602424366312
0.8636378859071243 1.771391563368115
1.972402906461406 1.771492054144796
1.972402906461406 1.6742563875568857
1.972402906461406 1.6120425241246388
1.972402906461406 1.5548034791121539
1.972402906461406 1.5394913754073603
1.972402906461406 1.524246054733765
1.972402906461406 1.4843699585138264
1.972402906461406 1.414796286046188
1.972402906461406 1.3973481867930122
1.972402906461406 1.3810492559706586
2.4272718753427576 1.3293168204391344
2.4272718753427576 1.2710703197941113
2.4272718753427576 1.2480418268270494
2.4272718753427576 1.2609538030950393
2.4272718753427576 1.2075195364965092
2.4272718753427576 1.197604938276282
2.4272718753427576 1.1848959727576294
3.180513531071312 1.160286875012839
3.180513531071312 1.1458034124689793
3.180513531071312 1.0727901187365545
3.180513531071312 1.0397406682139085
3.180513531071312 0.9872508483163862
3.180513531071312 0.9209961006520905
3.180513531071312 0.8690858470301568
3.180513531071312 0.8164143979813555
3.180513531071312 0.7853585486485958
3.180513531071312 0.7828840819617661
3.180513531071312 0.735957885398339
3.180513531071312 0.7014922812732327
3.180513531071312 0.6756660348058742
3.180513531071312 0.6577449913023179
4.23703975879616 0.6145235535684272
4.23703975879616 0.5853827646491248
4.23703975879616 0.562182178369808
4.23703975879616 0.5332095903365909
4.23703975879616 0.5203713961066065
4.23703975879616 0.49859884374867314
4.35377769544115 0.5070345898132135
4.35377769544115 0.48203519719132715
4.35377769544115 0.4722414269208456
4.35377769544115 0.4566442025395196
5.2243325294359675 0.43246894618712256
5.2243325294359675 0.4470484282621827
5.2243325294359675 0.42592967458185443
5.2243325294359675 0.39582262075680014
5.2243325294359675 0.42827535856736393
5.2243325294359675 0.43480429884137495
5.2243325294359675 0.4147958491746167
5.2243325294359675 0.40065543199982995
5.2243325294359675 0.4011443839945889
5.2243325294359675 0.3848512869933492
5.2243325294359675 0.38274150914557165
5.2243325294359675 0.3625976730873024
5.2243325294359675 0.37000177823664704
5.2243325294359675 0.36379833664622246
5.2243325294359675 0.3660703995214109
5.2243325294359675 0.35944020704362634
5.2243325294359675 0.328041947560229
5.2243325294359675 0.3192185371524179
5.2243325294359675 0.32203579238968005
5.36354255077541 0.3075042108196118
5.6102992787213966 0.29422310200173546
5.852338792988906 0.28514520912318453
5.852338792988906 0.2913744354284351
5.852338792988906 0.2697840855316955
5.852338792988906 0.27783449876399935
5.951220868231423 0.26222831185667833
5.951220868231423 0.2594708217951693
5.951220868231423 0.24922270518041992
5.951220868231423 0.23902462486088397
5.951220868231423 0.2228872657358906
5.951220868231423 0.2104417527241243
5.951220868231423 0.19815012629981443
5.951220868231423 0.19070192805276298
5.951220868231423 0.19067140968353014
5.951220868231423 0.19114090395063194
6.535017330127394 0.18311665671768065
6.535017330127394 0.1893475047078391
6.535017330127394 0.162939111744387
6.535017330127394 0.15124038830024736
6.535017330127394 0.14509471130089627
6.535017330127394 0.13950829138093074
6.535017330127394 0.14186581251494013
6.535017330127394 0.13717098669554043
6.535017330127394 0.13475569387939915
6.535017330127394 0.12282606560323704
7.116697210650917 0.1273761957051578
7.116697210650917 0.12851414618356297
7.183179779704126 0.12531344592100274
7.183179779704126 0.12298066620554493
7.183179779704126 0.11978978474610233
7.183179779704126 0.11192709235521162
7.183179779704126 0.11190944561044618
7.183179779704126 0.10883010265817264
7.183179779704126 0.10884913063429132
7.183179779704126 0.10349060190684585
7.183179779704126 0.09765038255052905
7.183179779704126 0.0917463482790313
7.183179779704126 0.09167536641156501
7.183179779704126 0.08771268585214789
7.183179779704126 0.0979126408333081
7.183179779704126 0.09589481103643392
7.372074088623155 0.09583408125477819
7.372074088623155 0.09159713879633213
7.372074088623155 0.08771526354591568
7.372074088623155 0.08521203206437876
7.372074088623155 0.08315639159165762
7.372074088623155 0.07350108506457419
7.372074088623155 0.0724788335555918
7.372074088623155 0.06606029813428277
7.372074088623155 0.06257845319889996
7.372074088623155 0.06120021131918122
7.372074088623155 0.05417032370610652
7.372074088623155 0.04893537001914712
7.372074088623155 0.04722173539127071
7.372074088623155 0.0408747949259126
7.372074088623155 0.042833869487883675
7.372074088623155 0.04706694897644712
7.372074088623155 0.04183216816427237
7.372074088623155 0.04102447171153118
7.783461879274328 0.038724850309348434
7.783461879274328 0.03799010712514123
7.783461879274328 0.033754831469124696
7.783461879274328 0.03254590400553796
7.783461879274328 0.035029682272928804
7.783461879274328 0.03660541245485519
7.909147260015118 0.0365984319713927
7.909147260015118 0.032811938467459736
8.050424208034583 0.037146806394082764
8.050424208034583 0.03889096718298222
8.050424208034583 0.037932360241475574
8.050424208034583 0.040402597907279555
8.050424208034583 0.04281569519131585
8.050424208034583 0.038208771033644486
8.050424208034583 0.03962217179247272
8.050424208034583 0.04238618105025483
8.342047146558704 0.04405828636953357
8.342047146558704 0.04118968108636103
8.342047146558704 0.03781281521337608
8.342047146558704 0.03879450880297916
8.342047146558704 0.03746620727241354
8.342047146558704 0.03658276645721939
8.342047146558704 0.03383545517889553
8.342047146558704 0.03098529071765774
8.342047146558704 0.03098529071765774
8.342047146558704 0.029826731004278368
8.342047146558704 0.025765421178521722
8.342047146558704 0.03027250182166636
8.342047146558704 0.03280157481522408
8.609682062951082 0.029199860630292496
8.609682062951082 0.02717632649531914
8.609682062951082 0.026418115000753528
8.609682062951082 0.025884774937707123
8.609682062951082 0.026630807704871386
8.609682062951082 0.02453892033834995
8.609682062951082 0.023789707209876467
8.609682062951082 0.026761832237771597
8.609682062951082 0.029342252806501032
8.609682062951082 0.02965618567149569
8.609682062951082 0.029493901094236167
8.609682062951082 0.028570042358117012
8.609682062951082 0.02475423551996565
8.609682062951082 0.025113311420297196
8.609682062951082 0.02521133538494149
8.609682062951082 0.02399984050175378
8.609682062951082 0.02621094835734049
8.609682062951082 0.025594769842165292
8.609682062951082 0.02479124920276951
8.609682062951082 0.023826878084892183
8.609682062951082 0.0220873719780399
8.609682062951082 0.0220873719780399
8.609682062951082 0.021844670006996185
8.727725960731169 0.02172760329210262
8.727725960731169 0.021983437779309695
8.727725960731169 0.021379543065740064
8.727725960731169 0.022671213315231805
8.727725960731169 0.020893418085157957
8.727725960731169 0.019475522544401488
8.727725960731169 0.020092748693897218
8.727725960731169 0.018617452874395455
8.727725960731169 0.0171982928390034
8.727725960731169 0.01504756034792073
8.727725960731169 0.016091743545814864
8.727725960731169 0.01736324753741093
8.727725960731169 0.01630248901560008
8.727725960731169 0.0160947281386363
8.727725960731169 0.01803091348880065
8.727725960731169 0.018586971408677253
8.727725960731169 0.01784165304512015
8.727725960731169 0.018624729311769506
8.727725960731169 0.017173530873834966
8.727725960731169 0.016991885113328397
8.727725960731169 0.01499499166542641
8.727725960731169 0.014042316593877953
8.727725960731169 0.014508635880577143
8.727725960731169 0.013560515720733846
8.727725960731169 0.012211912643062182
8.999037745854366 0.011614695838924742
8.999037745854366 0.011163660564406952
8.999037745854366 0.010338354513281314
8.999037745854366 0.008813818118103167
8.999037745854366 0.006995498150575313
8.999037745854366 0.006995498150575313
8.999037745854366 0.007483809596461855
8.999037745854366 0.008882198059299403
8.999037745854366 0.008141154785501018
8.999037745854366 0.008141154785501018
8.999037745854366 0.009036639347443101
8.999037745854366 0.009036639347443101
8.999037745854366 0.009036639347443101
8.999037745854366 0.008152092467000634
8.999037745854366 0.008644196313124788
9.117255289640829 0.007987773060573888
9.117255289640829 0.007987773060573888
9.117255289640829 0.0066414500610022225
9.117255289640829 0.0066414500610022225
9.117255289640829 0.0060598156421339065
9.117255289640829 0.007493536110185552
9.117255289640829 0.007493536110185552
9.117255289640829 0.007493536110185552
9.117255289640829 0.008501138355698632
9.117255289640829 0.007760820605076498
9.117255289640829 0.008723966696452375
9.117255289640829 0.008246134037922138
9.117255289640829 0.009071440089047776
9.117255289640829 0.0072019790650253565
9.117255289640829 0.007581620363528723
9.117255289640829 0.007540526275792159
9.117255289640829 0.00758899047709448
9.117255289640829 0.0067503664139203145
9.117255289640829 0.006107337155356068
9.117255289640829 0.004752848777598195
9.117255289640829 0.005155108539210158
9.117255289640829 0.005366826350476314
9.117255289640829 0.004999959204732013
9.117255289640829 0.004369473629079571
9.117255289640829 0.004369473629079571
9.117255289640829 0.003112649211080467
9.117255289640829 0.003112649211080467
9.117255289640829 0.003112649211080467
9.117255289640829 0.0035634876487100494
9.117255289640829 0.0032434451923192
9.117255289640829 0.0032434451923192
9.117255289640829 0.004495359143448777
9.117255289640829 0.004495359143448776
9.117255289640829 0.004484021841394184
9.383869102571813 0.0046430914768113875
9.383869102571813 0.004156458230740594
9.383869102571813 0.002559376185679715
9.383869102571813 0.003410242043776451
9.383869102571813 0.00317140800382301
9.383869102571813 0.0034481360757413547
9.383869102571813 0.0030656525009845415
9.383869102571813 0.0030656525009845415
9.383869102571813 0.0030656525009845415
9.383869102571813 0.0028075790658393346
9.383869102571813 0.0027624677146202673
9.383869102571813 0.0027624677146202673
9.383869102571813 0.0020893527470714443
9.383869102571813 0.0020727063652624706
9.383869102571813 0.0017784388171444376
9.383869102571813 0.0017784388171444376
9.383869102571813 0.0015017107452260925
9.383869102571813 0.0015017107452260925
9.383869102571813 0.0021998969243398666
9.383869102571813 0.0021998969243398666
9.383869102571813 0.0021998969243398666
9.383869102571813 0.0021998969243398666
9.383869102571813 0.0016045114880055454
9.383869102571813 0.0016045114880055454
9.383869102571813 0.0016045114880055454
9.383869102571813 0.0016045114880055454
9.383869102571813 0.0016045114880055454
9.383869102571813 0.0016045114880055454
9.383869102571813 0.00113655847008252
9.383869102571813 0.00113655847008252
9.383869102571813 0.00113655847008252
9.383869102571813 0.00113655847008252
9.383869102571813 0.00113655847008252
9.383869102571813 0.0014973324377856774
9.383869102571813 0.002042472156057018
9.383869102571813 0.002042472156057018
9.383869102571813 0.0026829632377342555
9.383869102571813 0.002284845432520763
9.383869102571813 0.0026832981300876075
9.383869102571813 0.0028038682891049003
9.383869102571813 0.0028038682891049003
9.383869102571813 0.0028038682891049003
9.383869102571813 0.0031711765523238524
9.383869102571813 0.0031711765523238524
9.383869102571813 0.003911593873675159
9.383869102571813 0.003911593873675159
9.383869102571813 0.003911593873675159
9.383869102571813 0.0033470024569516523
9.383869102571813 0.003979979021292191
9.383869102571813 0.0038993138378941583
9.383869102571813 0.003730680943508061
9.383869102571813 0.0034440378636871423
9.383869102571813 0.0038342454054059514
9.383869102571813 0.0038342454054059514
9.383869102571813 0.003920976585576358
9.383869102571813 0.0032880000212358183
9.383869102571813 0.0027584467365081413
9.383869102571813 0.0025826208318803414
9.383869102571813 0.0025826208318803414
9.383869102571813 0.003110295090643964
9.383869102571813 0.0031102950906439636
9.383869102571813 0.002625111212906714
9.383869102571813 0.0024619843860854444
9.383869102571813 0.0031324544855852892
9.383869102571813 0.0031324544855852897
9.383869102571813 0.0031407716958499325
9.383869102571813 0.0029019376558964915
9.383869102571813 0.0029019376558964915
9.383869102571813 0.002537818217193999
9.383869102571813 0.0022541583842292795
9.383869102571813 0.0022541583842292795
9.383869102571813 0.0022541583842292795
9.383869102571813 0.0017908959975563147
9.383869102571813 0.0017908959975563147
9.383869102571813 0.0021516699652594723
9.383869102571813 0.0024459375133775055
9.383869102571813 0.002289725060690004
9.383869102571813 0.00207783826430854
9.383869102571813 0.00207783826430854
9.383869102571813 0.00207783826430854
9.383869102571813 0.00207783826430854
9.383869102571813 0.002116141498300351
9.383869102571813 0.0013562903289022256
9.383869102571813 0.0011981804427392757
9.383869102571813 0.0011981804427392757
9.383869102571813 0.0011981804427392757
9.383869102571813 0.0011981804427392757
9.383869102571813 0.0011981804427392757
9.383869102571813 0.0011981804427392757
9.383869102571813 0.0011981804427392757
9.383869102571813 0.0011981804427392757
9.383869102571813 0.0011981804427392757
9.383869102571813 0.0011981804427392757
9.383869102571813 0.0011981804427392757
9.383869102571813 6.220380867291689E-4
9.383869102571813 6.220380867291689E-4
9.383869102571813 6.220380867291689E-4
9.383869102571813 6.220380867291689E-4
9.383869102571813 6.220380867291689E-4
9.383869102571813 6.220380867291689E-4
9.383869102571813 6.220380867291689E-4
9.383869102571813 6.220380867291689E-4
9.383869102571813 0.0
9.383869102571813 0.0
9.383869102571813 0.0
9.383869102571813 0.0
9.383869102571813 0.0
9.383869102571813 0.0
9.383869102571813 0.0
9.383869102571813 0.0
9.383869102571813 0.0
9.383869102571813 0.0
9.383869102571813 0.0
9.383869102571813 0.0
9.383869102571813 0.0
9.383869102571813 0.0
9.383869102571813 0.0
9.383869102571813 0.0
9.383869102571813 0.0
9.383869102571813 0.0
9.383869102571813 0.0
9.383869102571813 0.0
9.383869102571813 0.0
9.383869102571813 0.0
9.383869102571813 0.0
9.383869102571813 0.0
9.383869102571813 0.0
9.383869102571813 0.0
9.383869102571813 0.0
9.383869102571813 0.0
9.383869102571813 0.0
9.383869102571813 0.0
9.383869102571813 0.0
9.383869102571813 0.0
9.383869102571813 0.0
9.383869102571813 0.0
9.383869102571813 0.0
9.383869102571813 0.0
9.383869102571813 0.0
9.383869102571813 0.0
9.383869102571813 0.0
9.383869102571813 0.0
9.383869102571813 0.0
9.383869102571813 0.0
9.383869102571813 0.0
9.383869102571813 0.0
9.383869102571813 0.0
9.383869102571813 0.0
9.383869102571813 0.0
9.383869102571813 0.0
9.383869102571813 0.0
9.383869102571813 0.0
9.383869102571813 0.0
9.383869102571813 0.0
9.383869102571813 0.0
9.383869102571813 0.0
9.383869102571813 0.0
9.383869102571813 0.0
9.383869102571813 0.0
9.383869102571813 0.0
9.383869102571813 0.0
9.383869102571813 0.0
9.383869102571813 0.0
9.383869102571813 0.0
9.383869102571813 0.0
9.383869102571813 0.0
9.383869102571813 0.0
9.383869102571813 0.0
9.383869102571813 0.0
9.383869102571813 0.0
9.383869102571813 0.0
9.383869102571813 0.0
9.383869102571813 0.0
9.383869102571813 0.0
9.383869102571813 0.0
9.383869102571813 0.0
9.383869102571813 0.0
9.383869102571813 0.0
9.383869102571813 0.0
9.383869102571813 0.0
9.383869102571813 0.0
9.383869102571813 0.0
9.383869102571813 0.0
9.383869102571813 0.0
9.383869102571813 0.0
9.383869102571813 0.0
9.383869102571813 0.0
9.383869102571813 0.0
9.383869102571813 0.0
9.383869102571813 0.0
9.383869102571813 0.0
9.383869102571813 0.0
9.383869102571813 0.0
9.383869102571813 0.0
9.383869102571813 0.0
9.383869102571813 0.0
9.383869102571813 0.0
9.383869102571813 0.0
9.383869102571813 0.0
9.383869102571813 0.0
9.383869102571813 0.0
9.383869102571813 0.0
9.383869102571813 0.0
9.383869102571813 0.0
9.383869102571813 0.0
9.383869102571813 0.0
9.383869102571813 0.0
9.383869102571813 0.0
9.383869102571813 0.0
9.383869102571813 0.0
9.383869102571813 0.0
9.383869102571813 0.0
9.383869102571813 0.0
9.383869102571813 0.0
9.383869102571813 0.0
9.383869102571813 0.0
9.383869102571813 0.0
9.383869102571813 0.0
9.383869102571813 0.0
9.383869102571813 0.0
9.383869102571813 0.0
9.383869102571813 0.0
9.383869102571813 0.0
9.383869102571813 0.0
9.383869102571813 0.0
9.383869102571813 0.0
9.383869102571813 0.0
9.383869102571813 0.0
9.383869102571813 0.0
9.383869102571813 0.0
9.383869102571813 0.0
9.383869102571813 0.0
9.383869102571813 0.0
9.383869102571813 0.0
9.383869102571813 0.0
9.383869102571813 0.0
9.383869102571813 0.0
9.383869102571813 0.0
9.383869102571813 0.0
9.383869102571813 0.0
9.383869102571813 0.0
9.383869102571813 0.0
9.383869102571813 0.0
9.383869102571813 0.0
9.383869102571813 0.0
9.383869102571813 0.0
9.383869102571813 0.0
9.383869102571813 0.0
9.383869102571813 0.0
9.383869102571813 0.0
9.383869102571813 0.0
9.383869102571813 0.0
9.383869102571813 0.0
9.383869102571813 0.0
9.383869102571813 0.0
9.383869102571813 0.0
9.40235631455715 3.153222311966335E-4
9.40235631455715 3.153222311966335E-4
9.40235631455715 3.153222311966335E-4
9.40235631455715 3.153222311966335E-4
9.40235631455715 3.153222311966335E-4
9.40235631455715 3.153222311966335E-4
9.40235631455715 3.153222311966335E-4
9.40235631455715 3.153222311966335E-4
9.40235631455715 3.153222311966335E-4
9.40235631455715 3.153222311966335E-4
9.40235631455715 3.153222311966335E-4
9.40235631455715 3.153222311966335E-4
9.40235631455715 3.153222311966335E-4
9.40235631455715 3.153222311966335E-4
9.40235631455715 3.153222311966335E-4
9.40235631455715 3.153222311966335E-4
9.40235631455715 3.153222311966335E-4
9.40235631455715 3.153222311966335E-4
9.40235631455715 3.153222311966335E-4
9.40235631455715 0.0
9.40235631455715 0.0
9.40235631455715 0.0
9.40235631455715 0.0
9.40235631455715 0.0
9.40235631455715 0.0
9.40235631455715 0.0
9.40235631455715 0.0
9.40235631455715 0.0
9.40235631455715 0.0
9.40235631455715 0.0
9.40235631455715 0.0
9.40235631455715 0.0
9.40235631455715 0.0
9.40235631455715 0.0
9.40235631455715 0.0
9.40235631455715 0.0
9.40235631455715 0.0
9.40235631455715 0.0
9.40235631455715 0.0
9.40235631455715 0.0
9.40235631455715 0.0
9.40235631455715 0.0
9.40235631455715 0.0
9.40235631455715 0.0
9.40235631455715 0.0
9.40235631455715 0.0
9.40235631455715 0.0
9.40235631455715 0.0
9.40235631455715 0.0
9.40235631455715 0.0
9.40235631455715 0.0
9.40235631455715 0.0
9.584522293351638 2.5954467173549254E-4
9.584522293351638 2.5954467173549254E-4
9.584522293351638 2.5954467173549254E-4
9.584522293351638 2.5954467173549254E-4
9.584522293351638 2.5954467173549254E-4
9.584522293351638 2.5954467173549254E-4
9.584522293351638 2.5954467173549254E-4
9.584522293351638 2.5954467173549254E-4
9.584522293351638 2.5954467173549254E-4
9.584522293351638 2.5954467173549254E-4
9.584522293351638 2.5954467173549254E-4
9.584522293351638 2.5954467173549254E-4
9.584522293351638 2.5954467173549254E-4
9.584522293351638 2.5954467173549254E-4
9.584522293351638 2.5954467173549254E-4
9.584522293351638 2.5954467173549254E-4
9.584522293351638 2.5954467173549254E-4
9.584522293351638 6.332376051319643E-4
9.584522293351638 6.332376051319643E-4
9.584522293351638 3.736929333964717E-4
9.584522293351638 3.736929333964717E-4
9.584522293351638 0.0
9.584522293351638 0.0
9.584522293351638 0.0
9.584522293351638 0.0
9.584522293351638 0.0
9.584522293351638 0.0
9.584522293351638 0.0
9.584522293351638 0.0
9.584522293351638 0.0
9.584522293351638 0.0
9.584522293351638 0.0
9.584522293351638 0.0
9.584522293351638 0.0
9.584522293351638 2.120931073170384E-4
9.584522293351638 2.120931073170384E-4
9.584522293351638 2.120931073170384E-4
9.584522293351638 2.120931073170384E-4
9.584522293351638 2.120931073170384E-4
9.584522293351638 2.120931073170384E-4
9.584522293351638 2.120931073170384E-4
9.584522293351638 2.120931073170384E-4
9.584522293351638 2.120931073170384E-4
9.584522293351638 2.120931073170384E-4
9.584522293351638 2.120931073170384E-4
9.584522293351638 2.120931073170384E-4
9.584522293351638 2.120931073170384E-4
9.584522293351638 2.120931073170384E-4
9.584522293351638 2.120931073170384E-4
9.584522293351638 2.120931073170384E-4
9.584522293351638 2.120931073170384E-4
9.584522293351638 2.120931073170384E-4
9.584522293351638 2.120931073170384E-4
9.584522293351638 2.120931073170384E-4
9.584522293351638 2.120931073170384E-4
9.584522293351638 2.120931073170384E-4
9.584522293351638 2.120931073170384E-4
9.584522293351638 2.120931073170384E-4
9.584522293351638 2.120931073170384E-4
9.584522293351638 2.120931073170384E-4
9.584522293351638 5.418550514478945E-4
9.584522293351638 5.418550514478945E-4
9.584522293351638 5.418550514478945E-4
9.584522293351638 2.5954467173549254E-4
9.584522293351638 2.5954467173549254E-4
9.584522293351638 2.5954467173549254E-4
9.584522293351638 0.0
9.584522293351638 0.0
9.584522293351638 0.0
9.584522293351638 0.0
9.584522293351638 0.0
9.584522293351638 0.0
9.584522293351638 0.0
9.584522293351638 0.0
9.584522293351638 0.0
9.584522293351638 0.0
9.584522293351638 0.0
9.584522293351638 0.0
9.584522293351638 2.120931073170384E-4
9.584522293351638 2.120931073170384E-4
9.584522293351638 2.120931073170384E-4
9.584522293351638 2.120931073170384E-4
9.584522293351638 4.944034870294404E-4
9.584522293351638 4.944034870294404E-4
9.584522293351638 2.82310379712402E-4
9.584522293351638 2.82310379712402E-4
9.584522293351638 2.82310379712402E-4
9.584522293351638 0.0
9.584522293351638 0.0
9.584522293351638 0.0
Score: 9.584522293351638
Runtime: 1183ms
