5.762900978614301E-16
2.4752223903008857E-14
7.885430814865519E-14
9.138113276862556E-14
1.6485567514034024E-13
1.6485567514034024E-13
2.9165373738461973E-13
2.9165373738461973E-13
2.9165373738461973E-13
2.9165373738461973E-13
3.290193999132331E-13
3.290193999132331E-13
3.8508707932352307E-13
4.747261247011188E-13
4.747261247011188E-13
6.352479685813292E-13
9.283571365756835E-13
9.283571365756835E-13
9.283571365756835E-13
9.283571365756835E-13
1.0115089721049664E-12
1.0115089721049664E-12
1.0134836308534995E-12
1.0134836308534995E-12
1.081833554373677E-12
1.081833554373677E-12
1.081833554373677E-12
1.7048631853446748E-12
1.7048631853446748E-12
1.7048631853446748E-12
1.7048631853446748E-12
1.7048631853446748E-12
1.9320028679039712E-12
1.9320028679039712E-12
1.9320028679039712E-12
2.5188129529457763E-12
2.5188129529457763E-12
2.5188129529457763E-12
3.230080902427538E-12
3.230080902427538E-12
3.417158198460429E-12
4.4349077394053944E-12
1.1100110950663128E-11
5.980767124730458E-10
9.692605703118674E-10
2.1921151668643898E-9
1.40725160502309E-7
1.3523385599449857E-5
2.014568662259623E-5
7.035363629189376E-4
7.035363629189376E-4
7.035363629189376E-4
7.035363629189376E-4
0.00157790440994397
0.002895480243791458
0.002895480243791458
0.009042355758046607
0.009042355758046607
0.009507248152175574
0.009507248152175574
0.009507248152175574
0.009507248152175574
0.00988213986609196
0.00988213986609196
0.01060968380667867
0.01060968380667867
0.01060968380667867
0.01060968380667867
0.01060968380667867
0.01060968380667867
0.011802274116524635
0.011802274116524635
0.011802274116524635
0.011802274116524635
0.011802274116524635
0.011802274116524635
0.011802274116524635
0.011802274116524635
0.011802274116524635
0.011802274116524635
0.011802274116524635
0.011802274116524635
0.011802274116524635
0.011802274116524635
0.011802274116524635
0.011802274116524635
0.011802274116524635
0.01215602004385036
0.01215602004385036
0.01215602004385036
0.01215602004385036
0.01215602004385036
0.01215602004385036
0.014142191835958171
0.014142191835958171
0.014142191835958171
0.014142191835958171
0.014142191835958171
0.014142191835958171
0.014496001396894175
0.014496001396894175
0.014496001396894175
0.014496001396894175
0.014991303165184067
0.014991303165184067
0.016042491221336608
0.016042491221336608
0.016042491221336608
0.018398988439678046
0.018398988439678046
0.018398988439678046
0.018398988439678046
0.018398988439678046
0.018398988439678046
0.018398988439678046
0.018398988439678046
0.018398988439678046
0.018398988439678046
0.018398988439678046
0.018398988439678046
0.018398988439678046
0.018398988439678046
0.018398988439678046
0.018398988439678046
0.018398988439678046
0.018398988439678046
0.018398988439678046
0.019099172367616025
0.019099172367616025
0.019099172367616025
0.019099172367616025
0.019099172367616025
0.019099172367616025
0.019099172367616025
0.019099172367616025
0.019099172367616025
0.019099172367616025
0.019099172367616025
0.019099172367616025
0.019099172367616025
0.019099172367616025
0.019099172367616025
0.019099172367616025
0.019099172367616025
0.019099172367616025
0.019099172367616025
0.019099172367616025
0.019099172367616025
0.019099172367616025
0.019099172367616025
0.019099172367616025
0.019099172367616025
0.019099172367616025
0.019099172367616025
0.019099172367616025
0.019099172367616025
0.019099172367616025
0.019099172367616025
0.019099172367616025
0.019099172367616025
0.019099172367616025
0.019099172367616025
0.019099172367616025
0.019099172367616025
0.019099172367616025
0.019099172367616025
0.019099172367616025
0.019099172367616025
0.019099172367616025
0.019099172367616025
0.019099172367616025
0.019099172367616025
0.019099172367616025
0.019099172367616025
0.019099172367616025
0.019099172367616025
0.019099172367616025
0.019099172367616025
0.019099172367616025
0.019099172367616025
0.019099172367616025
0.019099172367616025
0.019099172367616025
0.019099172367616025
0.019099172367616025
0.019099172367616025
0.019099172367616025
0.019099172367616025
0.019099172367616025
0.019446917673110936
0.019446917673110936
0.019446917673110936
0.019446917673110936
0.019446917673110936
0.019446917673110936
0.019446917673110936
0.019446917673110936
0.019446917673110936
0.019446917673110936
0.019446917673110936
0.019446917673110936
0.019446917673110936
0.019446917673110936
0.019446917673110936
0.019446917673110936
0.019446917673110936
0.019446917673110936
0.019446917673110936
0.019446917673110936
0.019446917673110936
0.019446917673110936
0.019446917673110936
0.019446917673110936
0.019446917673110936
0.019446917673110936
0.019446917673110936
0.019446917673110936
0.019446917673110936
0.019446917673110936
0.019446917673110936
0.019446917673110936
0.019446917673110936
0.019446917673110936
0.019446917673110936
0.019446917673110936
0.019446917673110936
0.019446917673110936
0.019446917673110936
0.019446917673110936
0.019446917673110936
0.019446917673110936
0.019446917673110936
0.019446917673110936
0.019446917673110936
0.019446917673110936
0.019446917673110936
0.019446917673110936
0.019446917673110936
0.019446917673110936
0.019446917673110936
0.019446917673110936
0.019446917673110936
0.019446917673110936
0.019446917673110936
0.019446917673110936
0.019446917673110936
0.019446917673110936
0.01968394564200508
0.01968394564200508
0.01968394564200508
0.01968394564200508
0.01968394564200508
0.01968394564200508
0.01968394564200508
0.01968394564200508
0.01968394564200508
0.01968394564200508
0.01968394564200508
0.01968394564200508
0.01968394564200508
0.01968394564200508
0.01968394564200508
0.01968394564200508
0.01968394564200508
0.01968394564200508
0.01968394564200508
0.01968394564200508
0.01968394564200508
0.01968394564200508
0.01968394564200508
0.01968394564200508
0.01968394564200508
0.01968394564200508
0.01968394564200508
0.01968394564200508
0.01968394564200508
0.01968394564200508
0.01968394564200508
0.01968394564200508
0.01968394564200508
0.01968394564200508
0.01968394564200508
0.01968394564200508
0.01968394564200508
0.01968394564200508
0.01968394564200508
0.01968394564200508
0.01968394564200508
0.01968394564200508
0.01968394564200508
0.01968394564200508
0.01968394564200508
0.01968394564200508
0.01968394564200508
0.01968394564200508
0.01968394564200508
0.01968394564200508
0.01968394564200508
0.01968394564200508
0.01968394564200508
0.01968394564200508
0.01968394564200508
0.01968394564200508
0.01968394564200508
0.01968394564200508
0.01968394564200508
0.01968394564200508
0.01968394564200508
0.01981356132099471
0.01981356132099471
0.01981356132099471
0.01981356132099471
0.01981356132099471
0.01981356132099471
0.01981356132099471
0.01981356132099471
0.01981356132099471
0.01981356132099471
0.01981356132099471
0.01981356132099471
0.01981356132099471
0.01981356132099471
0.01981356132099471
0.01981356132099471
0.01981356132099471
0.01981356132099471
0.01981356132099471
0.01981356132099471
0.01981356132099471
0.01981356132099471
0.01981356132099471
0.01981356132099471
0.01981356132099471
0.01981356132099471
0.01981356132099471
0.01981356132099471
0.01981356132099471
0.01981356132099471
0.01981356132099471
0.01981356132099471
0.01981356132099471
0.01981356132099471
0.01981356132099471
0.01981356132099471
0.01981356132099471
0.01981356132099471
0.01981356132099471
0.01981356132099471
0.01981356132099471
0.01981356132099471
0.01981356132099471
0.01981356132099471
0.01981356132099471
0.01981356132099471
0.01981356132099471
0.01981356132099471
0.01981356132099471
0.01981356132099471
0.01981356132099471
0.01981356132099471
0.01981356132099471
0.01981356132099471
0.01981356132099471
0.01981356132099471
0.01981356132099471
0.01981356132099471
0.01981356132099471
0.01981356132099471
0.01981356132099471
0.01981356132099471
0.01981356132099471
0.01981356132099471
0.01981356132099471
0.01981356132099471
0.01981356132099471
0.01981356132099471
0.01981356132099471
0.01981356132099471
0.01981356132099471
0.01981356132099471
0.01981356132099471
0.01981356132099471
0.01981356132099471
0.01981356132099471
0.01981356132099471
0.01981356132099471
0.01981356132099471
0.01981356132099471
0.01981356132099471
0.01981356132099471
0.01981356132099471
0.01981356132099471
0.01981356132099471
0.01981356132099471
0.01981356132099471
0.01981356132099471
0.01981356132099471
0.01981356132099471
