7.725126063176816E-6
7.725126063176816E-6
8.862093561929512E-4
8.862093561929512E-4
8.862093561929512E-4
8.862093561929512E-4
8.862093561929512E-4
0.0036983496382032677
0.0036983496382032677
0.0036983496382032677
0.0036983496382032677
0.0036983496382032677
0.0036983496382032677
0.004716807083845611
0.004716807083845611
0.011277100413496943
0.011277100413496943
0.07989105272658698
0.07989105272658698
0.07989105272658698
0.14395929917281283
0.14395929917281283
0.14395929917281283
0.14395929917281283
0.14395929917281283
0.23415134637737117
0.23415134637737117
0.23415134637737117
0.26842467198501785
0.26842467198501785
0.31752511291984914
0.31752511291984914
0.31752511291984914
0.31752511291984914
0.31752511291984914
0.31752511291984914
0.6884694631633472
0.6884694631633472
0.6884694631633472
0.6884694631633472
0.6884694631633472
0.6884694631633472
0.8618264198536851
0.8618264198536851
0.8618264198536851
0.8618264198536851
0.8618264198536851
0.8618264198536851
0.8618264198536851
0.8831918771723601
0.8831918771723601
0.8831918771723601
0.8831918771723601
0.8831918771723601
0.8831918771723601
0.8831918771723601
0.8831918771723601
0.8831918771723601
0.9498623036294171
0.9498623036294171
1.1373451706448037
1.1373451706448037
1.2726423114776262
3.3513674184832434
3.3513674184832434
3.3513674184832434
3.3513674184832434
3.3513674184832434
3.3513674184832434
3.3513674184832434
3.3513674184832434
3.3513674184832434
3.3513674184832434
3.3513674184832434
3.3513674184832434
3.3513674184832434
3.3513674184832434
3.3513674184832434
3.3513674184832434
3.3513674184832434
3.3513674184832434
3.3513674184832434
3.3513674184832434
3.3513674184832434
3.5062254919308664
5.380571368769368
5.380571368769368
5.380571368769368
5.380571368769368
5.380571368769368
5.380571368769368
5.380571368769368
5.380571368769368
5.380571368769368
5.380571368769368
5.380571368769368
5.380571368769368
5.380571368769368
5.380571368769368
5.380571368769368
5.380571368769368
5.380571368769368
5.380571368769368
5.380571368769368
5.380571368769368
5.380571368769368
5.380571368769368
5.542362817641052
5.542362817641052
5.542362817641052
5.542362817641052
5.542362817641052
5.542362817641052
5.542362817641052
5.542362817641052
5.542362817641052
6.230265456584138
6.230265456584138
6.230265456584138
6.230265456584138
6.230265456584138
6.230265456584138
6.230265456584138
6.230265456584138
6.230265456584138
6.938975086614519
6.938975086614519
6.938975086614519
6.938975086614519
6.938975086614519
6.938975086614519
6.938975086614519
6.938975086614519
6.938975086614519
6.938975086614519
6.938975086614519
7.318687417966002
7.318687417966002
7.318687417966002
7.318687417966002
7.318687417966002
7.318687417966002
7.318687417966002
7.318687417966002
7.318687417966002
7.612310900901361
7.612310900901361
7.612310900901361
7.612310900901361
7.612310900901361
7.612310900901361
7.612310900901361
7.612310900901361
7.612310900901361
7.612310900901361
7.699989559508536
7.699989559508536
7.699989559508536
7.699989559508536
7.699989559508536
7.699989559508536
7.699989559508536
7.699989559508536
7.699989559508536
7.699989559508536
7.699989559508536
7.699989559508536
7.699989559508536
7.699989559508536
7.699989559508536
7.976343276494497
8.168549088807763
8.168549088807763
8.168549088807763
8.168549088807763
8.168549088807763
8.601570606407481
8.601570606407481
8.601570606407481
8.601570606407481
8.601570606407481
8.601570606407481
8.948983666525947
8.948983666525947
8.948983666525947
8.948983666525947
8.948983666525947
8.948983666525947
8.948983666525947
8.948983666525947
8.948983666525947
8.948983666525947
8.948983666525947
8.948983666525947
8.948983666525947
8.948983666525947
8.948983666525947
8.948983666525947
8.948983666525947
8.948983666525947
8.948983666525947
8.948983666525947
8.948983666525947
8.948983666525947
8.948983666525947
8.948983666525947
8.948983666525947
8.948983666525947
8.948983666525947
8.948983666525947
8.948983666525947
8.948983666525947
8.948983666525947
8.948983666525947
8.963747356985829
8.966632487814135
9.140471475924809
9.140471475924809
9.140471475924809
9.313611447523018
9.313611447523018
9.409223519272697
9.409223519272697
9.409223519272697
9.409223519272697
9.409223519272697
9.409223519272697
9.409223519272697
9.409223519272697
9.409223519272697
9.409223519272697
9.409223519272697
9.409223519272697
9.409223519272697
9.409223519272697
9.413124006359428
9.413124006359428
9.413124006359428
9.413124006359428
9.413124006359428
9.413124006359428
9.413124006359428
9.417645204663783
9.417645204663783
9.417645204663783
9.429253282250867
9.429253282250867
9.429253282250867
9.566288967632152
9.566288967632152
9.566288967632152
9.566288967632152
9.566288967632152
9.566288967632152
9.566288967632152
9.566288967632152
9.566288967632152
9.566288967632152
9.566288967632152
9.566288967632152
9.566288967632152
9.566288967632152
9.566288967632152
9.566288967632152
9.566288967632152
9.566288967632152
9.566288967632152
9.566288967632152
9.566288967632152
9.566288967632152
9.566288967632152
9.566288967632152
9.566288967632152
9.566288967632152
9.566288967632152
9.566288967632152
9.566288967632152
9.566288967632152
9.566288967632152
9.566288967632152
9.566288967632152
9.566288967632152
9.566288967632152
9.566288967632152
9.566288967632152
9.566288967632152
9.566288967632152
9.566288967632152
9.566288967632152
9.566288967632152
9.566288967632152
9.566288967632152
9.566288967632152
9.566288967632152
9.566288967632152
9.566288967632152
9.566288967632152
9.566288967632152
9.566288967632152
9.566288967632152
9.566288967632152
9.566288967632152
9.566288967632152
9.566288967632152
9.566288967632152
9.566288967632152
9.566288967632152
9.566288967632152
9.566288967632152
9.566288967632152
9.566288967632152
9.566288967632152
9.566288967632152
9.566288967632152
9.566288967632152
9.586393993413939
9.586393993413939
9.586393993413939
9.586393993413939
9.586393993413939
9.586393993413939
9.586393993413939
9.586393993413939
9.586393993413939
9.586393993413939
9.586393993413939
9.586393993413939
9.586393993413939
9.586393993413939
9.586393993413939
9.586393993413939
9.586393993413939
9.586393993413939
9.586393993413939
9.586393993413939
9.586393993413939
9.586393993413939
9.586393993413939
9.586393993413939
9.586393993413939
9.586393993413939
9.586393993413939
9.586393993413939
9.586393993413939
9.586393993413939
9.586393993413939
9.586393993413939
9.586393993413939
9.586393993413939
9.586393993413939
9.586393993413939
9.586393993413939
9.586393993413939
9.586393993413939
9.586393993413939
9.586393993413939
9.586393993413939
9.586393993413939
9.586393993413939
9.586393993413939
9.586393993413939
9.586393993413939
9.586393993413939
9.586393993413939
9.586393993413939
9.586393993413939
9.586393993413939
9.586393993413939
9.586393993413939
9.586393993413939
9.586393993413939
9.586393993413939
9.586393993413939
9.586393993413939
9.586393993413939
9.586393993413939
9.586393993413939
9.586393993413939
9.586393993413939
9.586393993413939
9.586393993413939
9.586393993413939
9.586393993413939
9.586393993413939
9.586393993413939
9.586393993413939
9.586393993413939
9.586393993413939
9.586393993413939
9.586393993413939
9.586393993413939
9.586393993413939
9.586393993413939
9.586393993413939
9.586393993413939
9.586393993413939
9.586393993413939
9.586393993413939
9.586393993413939
9.586393993413939
9.586393993413939
9.611076702139872
9.611076702139872
9.611076702139872
9.611076702139872
9.611076702139872
9.611076702139872
9.611076702139872
9.611076702139872
9.611076702139872
9.611076702139872
9.611076702139872
9.611076702139872
9.611076702139872
9.611076702139872
9.611076702139872
9.611076702139872
9.611076702139872
9.611076702139872
9.611076702139872
9.611076702139872
9.611076702139872
9.611076702139872
9.611076702139872
9.611076702139872
9.611076702139872
9.611076702139872
9.611076702139872
9.611076702139872
9.611076702139872
9.611076702139872
9.611076702139872
9.611076702139872
9.611076702139872
9.611076702139872
9.611076702139872
9.611076702139872
9.611076702139872
9.611076702139872
9.611076702139872
9.611076702139872
9.611076702139872
9.611076702139872
9.611076702139872
9.611076702139872
9.611076702139872
9.611076702139872
9.611076702139872
9.611076702139872
9.611076702139872
9.611076702139872
9.64204574374995
9.64204574374995
9.64204574374995
9.64204574374995
9.64204574374995
9.64204574374995
9.64204574374995
9.64204574374995
9.64204574374995
9.64204574374995
9.64204574374995
9.64204574374995
9.64204574374995
9.64204574374995
9.64204574374995
9.64204574374995
9.64204574374995
9.64204574374995
9.64204574374995
9.64204574374995
9.64204574374995
9.64204574374995
9.64204574374995
9.64204574374995
9.64204574374995
9.64204574374995
9.64204574374995
9.64204574374995
9.64204574374995
9.64204574374995
9.665968533698239
9.665968533698239
9.665968533698239
9.665968533698239
9.665968533698239
9.665968533698239
9.665968533698239
9.665968533698239
9.665968533698239
9.665968533698239
9.665968533698239
9.665968533698239
9.665968533698239
9.665968533698239
9.66784497462585
9.66784497462585
9.66784497462585
9.66784497462585
9.66784497462585
9.66784497462585
9.66784497462585
9.746229875887124
9.746229875887124
9.746229875887124
9.746229875887124
9.746229875887124
9.746229875887124
9.746229875887124
9.746229875887124
9.746229875887124
9.746229875887124
9.746229875887124
9.746229875887124
9.746229875887124
9.746229875887124
9.746229875887124
9.746229875887124
9.746229875887124
9.746229875887124
9.746229875887124
9.746229875887124
9.746229875887124
9.746229875887124
9.746229875887124
9.746229875887124
9.746229875887124
9.746229875887124
9.746229875887124
9.746229875887124
9.746229875887124
9.746229875887124
9.746229875887124
9.746229875887124
9.746229875887124
9.746229875887124
9.746229875887124
9.746229875887124
9.746229875887124
9.746229875887124
9.746229875887124
9.746229875887124
9.746229875887124
9.746229875887124
9.746229875887124
9.746229875887124
9.746229875887124
9.746229875887124
9.746229875887124
9.772834630804436
9.772834630804436
9.772834630804436
9.772834630804436
9.772834630804436
9.772834630804436
9.772834630804436
9.772834630804436
9.772834630804436
9.772834630804436
9.772834630804436
9.772834630804436
9.772834630804436
9.772834630804436
9.772834630804436
9.772834630804436
9.772834630804436
9.772834630804436
9.772834630804436
9.772834630804436
9.772834630804436
9.772834630804436
9.772834630804436
9.772834630804436
9.772834630804436
9.772834630804436
9.772834630804436
9.772834630804436
9.772834630804436
9.772834630804436
9.772834630804436
9.772834630804436
9.772834630804436
9.772834630804436
9.772834630804436
9.772834630804436
9.772834630804436
9.772834630804436
9.772834630804436
9.772834630804436
9.772834630804436
9.772834630804436
9.772834630804436
9.772834630804436
9.772834630804436
9.772834630804436
9.772834630804436
9.772834630804436
9.787043544403943
9.787043544403943
9.787043544403943
9.787043544403943
9.787043544403943
9.787043544403943
9.787043544403943
9.82165752649847
9.82165752649847
9.82165752649847
9.82165752649847
9.82165752649847
9.82165752649847
9.82165752649847
9.82165752649847
9.82165752649847
9.82165752649847
9.82165752649847
9.82165752649847
9.82165752649847
9.82165752649847
9.82165752649847
9.82165752649847
9.82165752649847
9.82165752649847
9.82165752649847
9.82165752649847
9.82165752649847
9.82165752649847
9.82165752649847
9.82165752649847
9.82165752649847
9.82165752649847
9.82165752649847
9.82165752649847
9.82165752649847
9.82165752649847
9.82165752649847
9.82165752649847
9.82165752649847
9.82165752649847
9.82165752649847
9.82165752649847
9.82165752649847
9.82165752649847
9.82165752649847
9.82165752649847
9.82165752649847
9.82165752649847
9.83109515108479
9.83109515108479
9.83109515108479
9.83109515108479
9.83109515108479
9.83109515108479
9.83109515108479
9.83109515108479
9.83109515108479
9.83109515108479
9.83109515108479
9.83109515108479
9.83109515108479
9.83109515108479
9.83109515108479
9.83109515108479
9.83109515108479
9.83109515108479
9.83109515108479
9.83109515108479
9.83109515108479
9.83109515108479
9.83109515108479
9.83109515108479
9.83109515108479
9.83109515108479
9.83109515108479
9.83109515108479
9.83109515108479
9.83109515108479
9.83109515108479
9.83109515108479
9.83109515108479
9.83109515108479
9.83109515108479
9.83109515108479
9.83109515108479
9.83109515108479
9.83109515108479
9.83109515108479
9.83109515108479
9.83109515108479
9.83109515108479
9.83109515108479
9.83109515108479
9.83109515108479
9.83109515108479
9.83109515108479
9.83109515108479
9.83109515108479
9.83109515108479
9.83109515108479
9.83109515108479
9.83109515108479
9.83109515108479
9.83109515108479
9.83109515108479
9.83109515108479
9.83109515108479
9.83109515108479
9.83109515108479
9.83109515108479
9.83109515108479
9.83109515108479
9.83109515108479
9.83109515108479
9.831620566227773
9.871166572359275
9.871166572359275
9.871166572359275
9.871166572359275
9.871166572359275
9.871166572359275
9.871166572359275
9.871166572359275
9.871166572359275
9.871166572359275
9.871166572359275
9.871166572359275
9.871166572359275
9.871166572359275
9.871166572359275
9.871166572359275
9.871166572359275
9.871166572359275
9.871166572359275
9.871166572359275
9.871166572359275
9.871166572359275
9.871166572359275
9.871166572359275
9.871166572359275
9.871166572359275
9.871166572359275
9.871166572359275
9.871166572359275
9.871166572359275
9.871166572359275
9.871166572359275
9.871166572359275
9.871166572359275
9.871166572359275
9.871166572359275
9.871166572359275
9.871166572359275
9.871166572359275
9.871166572359275
9.871166572359275
9.871166572359275
9.871166572359275
9.871166572359275
9.871166572359275
9.871166572359275
9.871166572359275
9.871166572359275
9.871166572359275
9.871166572359275
9.871166572359275
9.871166572359275
9.871166572359275
9.871166572359275
9.871166572359275
9.871166572359275
9.871166572359275
9.871166572359275
9.871166572359275
9.871166572359275
9.871166572359275
9.871166572359275
9.871166572359275
9.871166572359275
9.871166572359275
9.871166572359275
9.871166572359275
9.871166572359275
9.871166572359275
9.871166572359275
9.871166572359275
9.871166572359275
9.871166572359275
9.871166572359275
9.871166572359275
9.871166572359275
9.871166572359275
9.874779291883113
9.874779291883113
9.874779291883113
9.874779291883113
9.874779291883113
9.874779291883113
9.874779291883113
9.874779291883113
9.874779291883113
9.874779291883113
9.874779291883113
9.874779291883113
9.874779291883113
9.874779291883113
9.874779291883113
9.874779291883113
9.874779291883113
9.874779291883113
9.874779291883113
9.874779291883113
9.874779291883113
9.874779291883113
9.874779291883113
9.874779291883113
9.874779291883113
9.874779291883113
9.874779291883113
9.874779291883113
9.874779291883113
9.874779291883113
9.874779291883113
9.874779291883113
9.874779291883113
9.874779291883113
9.874779291883113
9.874779291883113
9.874779291883113
9.874779291883113
9.874779291883113
9.874779291883113
9.874779291883113
9.874779291883113
9.874779291883113
9.874779291883113
9.874779291883113
9.874779291883113
9.874779291883113
9.874779291883113
9.874779291883113
9.874779291883113
9.874779291883113
9.874779291883113
9.874779291883113
9.874779291883113
9.874779291883113
9.874779291883113
9.874779291883113
9.874779291883113
9.874779291883113
9.874779291883113
9.874779291883113
9.874779291883113
9.874779291883113
9.874779291883113
9.874779291883113
9.874779291883113
9.874779291883113
9.874779291883113
9.874779291883113
9.874779291883113
9.874779291883113
9.874779291883113
9.874779291883113
9.874779291883113
9.874779291883113
9.874779291883113
9.874779291883113
9.874779291883113
9.874779291883113
9.874779291883113
9.874779291883113
9.874779291883113
9.874779291883113
9.874779291883113
9.874779291883113
9.874779291883113
9.874779291883113
9.874779291883113
9.874779291883113
9.874779291883113
9.874779291883113
9.874779291883113
9.874779291883113
9.874779291883113
9.874779291883113
9.874779291883113
9.874779291883113
9.874779291883113
9.874779291883113
9.874779291883113
9.874779291883113
9.874779291883113
9.874779291883113
9.874779291883113
9.874779291883113
9.874779291883113
9.874779291883113
9.874779291883113
9.874779291883113
9.874779291883113
9.874779291883113
9.874779291883113
9.874779291883113
9.874779291883113
9.874779291883113
9.874779291883113
9.874779291883113
9.874779291883113
9.874779291883113
9.874779291883113
9.874779291883113
9.874779291883113
9.874779291883113
9.874779291883113
9.874779291883113
9.874779291883113
9.874779291883113
9.874779291883113
9.874779291883113
9.874779291883113
9.874779291883113
9.874779291883113
9.874779291883113
9.874779291883113
9.874779291883113
9.874779291883113
9.874779291883113
9.874779291883113
9.874779291883113
9.874779291883113
9.874779291883113
9.874779291883113
9.874779291883113
9.874779291883113
9.874779291883113
9.874779291883113
9.874779291883113
9.874779291883113
9.874779291883113
9.874779291883113
9.874779291883113
9.874779291883113
9.874779291883113
9.874779291883113
9.874779291883113
9.874779291883113
9.874779291883113
9.874779291883113
9.874779291883113
9.874779291883113
9.874779291883113
9.874779291883113
9.874779291883113
9.874779291883113
9.874779291883113
9.874779291883113
9.874779291883113
9.874779291883113
9.874779291883113
9.874779291883113
9.874779291883113
9.874779291883113
9.874779291883113
9.874779291883113
9.874779291883113
9.874779291883113
9.874779291883113
9.874779291883113
9.874779291883113
9.874779291883113
9.874779291883113
9.874779291883113
9.874779291883113
9.874779291883113
9.874779291883113
9.874779291883113
9.874779291883113
9.874779291883113
9.874779291883113
9.874779291883113
9.874779291883113
9.874779291883113
9.874779291883113
9.874779291883113
9.874779291883113
9.874779291883113
9.874779291883113
9.874779291883113
9.874779291883113
9.874779291883113
9.874779291883113
9.874779291883113
9.874779291883113
9.874779291883113
9.874779291883113
9.874779291883113
9.874779291883113
9.874779291883113
9.874779291883113
9.874779291883113
9.874779291883113
9.874779291883113
9.874779291883113
9.874779291883113
9.874779291883113
9.874779291883113
9.874779291883113
9.874779291883113
9.874779291883113
9.874779291883113
9.874779291883113
9.874779291883113
9.874779291883113
9.874779291883113
9.874779291883113
9.874779291883113
9.874779291883113
9.874779291883113
9.874779291883113
9.874779291883113
9.874779291883113
9.874779291883113
9.874779291883113
9.874779291883113
9.874779291883113
9.874779291883113
9.874779291883113
9.874779291883113
9.874779291883113
9.874779291883113
9.874779291883113
9.874779291883113
9.874779291883113
9.874779291883113
9.874779291883113
9.874779291883113
9.874779291883113
9.874779291883113
9.874779291883113
9.874779291883113
9.874779291883113
9.874779291883113
9.874779291883113
9.874779291883113
9.874779291883113
9.874779291883113
9.874779291883113
9.874779291883113
9.874779291883113
9.874779291883113
9.874779291883113
9.874779291883113
9.874779291883113
9.874779291883113
9.874779291883113
9.874779291883113
9.874779291883113
9.874779291883113
9.874779291883113
9.874779291883113
9.874779291883113
9.874779291883113
9.874779291883113
9.874779291883113
9.874779291883113
9.874779291883113
9.874779291883113
9.874779291883113
9.874779291883113
9.874779291883113
9.874779291883113
9.874779291883113
9.874779291883113
9.874779291883113
9.874779291883113
9.874779291883113
9.874779291883113
9.874779291883113
9.874779291883113
9.874779291883113
9.874779291883113
9.874779291883113
9.874779291883113
9.874779291883113
9.874779291883113
9.874779291883113
9.874779291883113
9.874779291883113
9.874779291883113
9.874779291883113
9.874779291883113
9.874779291883113
9.874779291883113
9.874779291883113
9.874779291883113
9.874779291883113
9.874779291883113
9.874779291883113
9.874779291883113
9.874779291883113
9.874779291883113
9.874779291883113
9.874779291883113
9.874779291883113
9.874779291883113
9.874779291883113
9.874779291883113
9.874779291883113
9.874779291883113
9.874779291883113
9.874779291883113
9.874779291883113
9.87495528024122
9.87495528024122
9.87495528024122
9.87495528024122
9.87495528024122
9.87495528024122
9.87495528024122
9.87495528024122
9.87495528024122
9.87495528024122
9.87495528024122
9.87495528024122
9.87495528024122
9.87495528024122
9.87495528024122
9.87495528024122
9.87495528024122
9.87495528024122
9.87495528024122
9.87495528024122
9.87495528024122
9.87495528024122
9.87495528024122
9.87495528024122
9.87495528024122
9.87495528024122
9.87495528024122
9.87495528024122
9.87495528024122
9.87495528024122
9.87495528024122
9.87495528024122
9.87495528024122
9.880989222278417
9.880989222278417
9.880989222278417
9.880989222278417
9.880989222278417
9.880989222278417
9.880989222278417
9.880989222278417
9.880989222278417
9.880989222278417
9.880989222278417
9.880989222278417
9.880989222278417
9.880989222278417
9.880989222278417
9.880989222278417
9.880989222278417
9.880989222278417
9.880989222278417
9.880989222278417
9.880989222278417
9.880989222278417
9.880989222278417
9.880989222278417
9.880989222278417
9.880989222278417
9.880989222278417
9.880989222278417
9.880989222278417
9.880989222278417
9.880989222278417
9.880989222278417
9.880989222278417
9.880989222278417
9.880989222278417
9.880989222278417
9.880989222278417
9.880989222278417
9.880989222278417
9.880989222278417
9.880989222278417
9.880989222278417
9.880989222278417
9.880989222278417
9.880989222278417
9.880989222278417
9.880989222278417
9.880989222278417
9.880989222278417
9.880989222278417
9.880989222278417
9.880989222278417
9.880989222278417
9.880989222278417
9.880989222278417
9.880989222278417
9.880989222278417
9.880989222278417
9.880989222278417
9.880989222278417
9.880989222278417
9.880989222278417
9.880989222278417
9.880989222278417
9.880989222278417
9.880989222278417
9.880989222278417
9.880989222278417
9.880989222278417
9.880989222278417
9.880989222278417
9.880989222278417
9.880989222278417
9.880989222278417
9.880989222278417
9.880989222278417
9.880989222278417
9.880989222278417
9.880989222278417
9.880989222278417
9.880989222278417
9.880989222278417
9.880989222278417
9.880989222278417
9.880989222278417
9.880989222278417
9.880989222278417
9.880989222278417
9.880989222278417
9.880989222278417
9.880989222278417
9.880989222278417
9.880989222278417
9.880989222278417
9.880989222278417
9.880989222278417
9.880989222278417
9.880989222278417
9.880989222278417
9.880989222278417
9.880989222278417
9.880989222278417
9.880989222278417
9.880989222278417
9.880989222278417
9.880989222278417
9.880989222278417
9.880989222278417
9.880989222278417
9.880989222278417
9.880989222278417
9.880989222278417
9.880989222278417
9.880989222278417
9.880989222278417
9.880989222278417
9.880989222278417
9.880989222278417
9.880989222278417
9.880989222278417
9.880989222278417
9.880989222278417
9.880989222278417
9.880989222278417
9.880989222278417
9.880989222278417
9.880989222278417
9.880989222278417
9.880989222278417
9.880989222278417
9.880989222278417
9.880989222278417
9.880989222278417
9.880989222278417
9.880989222278417
9.880989222278417
9.880989222278417
9.880989222278417
9.880989222278417
9.880989222278417
9.880989222278417
9.880989222278417
9.880989222278417
9.880989222278417
9.880989222278417
9.880989222278417
9.880989222278417
9.880989222278417
9.880989222278417
9.880989222278417
9.880989222278417
9.880989222278417
9.880989222278417
9.880989222278417
9.88532097041006
9.88532097041006
9.88532097041006
9.88532097041006
9.88532097041006
9.88532097041006
9.88532097041006
9.88532097041006
9.88532097041006
9.88532097041006
9.88532097041006
9.88532097041006
9.88532097041006
9.88532097041006
9.88532097041006
9.88532097041006
9.88532097041006
9.88532097041006
9.88532097041006
9.88532097041006
9.88532097041006
9.88532097041006
9.88532097041006
9.88532097041006
9.88532097041006
9.88532097041006
9.88532097041006
9.88532097041006
9.88532097041006
9.88532097041006
9.88532097041006
9.88532097041006
9.88532097041006
9.88532097041006
9.88532097041006
9.88532097041006
9.88532097041006
9.88532097041006
9.88532097041006
9.88532097041006
9.88532097041006
9.88532097041006
9.88532097041006
9.88532097041006
9.88532097041006
9.88532097041006
9.88532097041006
9.88532097041006
9.88532097041006
9.88532097041006
9.88532097041006
9.88532097041006
9.88532097041006
9.88532097041006
9.88532097041006
9.88532097041006
9.88532097041006
9.88532097041006
9.88532097041006
9.88532097041006
9.88532097041006
9.88532097041006
9.88532097041006
9.88532097041006
9.88532097041006
9.88532097041006
9.88532097041006
9.88532097041006
9.88532097041006
9.88532097041006
9.88532097041006
9.88532097041006
9.88532097041006
9.88532097041006
9.88532097041006
9.88532097041006
9.88532097041006
9.88532097041006
9.88532097041006
9.88532097041006
9.88532097041006
9.88532097041006
9.88532097041006
9.88532097041006
9.88532097041006
9.88532097041006
9.88532097041006
9.88532097041006
9.88532097041006
9.88532097041006
9.88532097041006
9.88532097041006
9.88532097041006
9.88532097041006
9.88532097041006
9.88532097041006
9.88532097041006
9.88532097041006
9.88532097041006
9.88532097041006
9.88532097041006
9.88532097041006
9.88532097041006
9.88532097041006
9.88532097041006
9.88532097041006
9.88532097041006
9.88532097041006
9.88532097041006
9.88532097041006
9.88532097041006
9.88532097041006
9.88532097041006
9.88532097041006
9.88532097041006
9.88532097041006
9.88532097041006
9.88532097041006
9.88532097041006
9.88532097041006
9.88532097041006
9.88532097041006
9.88532097041006
9.88532097041006
9.88532097041006
9.88532097041006
9.88532097041006
9.88532097041006
9.88532097041006
9.88532097041006
9.88765934321693
9.88765934321693
9.88765934321693
9.88765934321693
9.88765934321693
9.88765934321693
9.88765934321693
9.88765934321693
9.88765934321693
9.88765934321693
9.88765934321693
9.88765934321693
9.88765934321693
9.88765934321693
9.88765934321693
9.88765934321693
9.88765934321693
9.88765934321693
9.88765934321693
9.88765934321693
9.88765934321693
9.88765934321693
9.88765934321693
9.88765934321693
9.88765934321693
9.88765934321693
9.88765934321693
9.88765934321693
9.88765934321693
9.88765934321693
9.88765934321693
9.88765934321693
9.88765934321693
9.88765934321693
9.88765934321693
9.88765934321693
9.88765934321693
9.890805629855588
9.890805629855588
9.890805629855588
9.890805629855588
9.890805629855588
9.890805629855588
9.890805629855588
9.890805629855588
9.890805629855588
9.890805629855588
9.890805629855588
9.890805629855588
9.890805629855588
9.890805629855588
9.893142203252896
9.893142203252896
9.893142203252896
9.893142203252896
9.893142203252896
9.893142203252896
9.894180403650335
9.894180403650335
9.894180403650335
9.894180403650335
9.894180403650335
9.894180403650335
9.894180403650335
9.894180403650335
9.894180403650335
9.894180403650335
9.89911090819181
9.89911090819181
9.89911090819181
9.89911090819181
9.89911090819181
9.89911090819181
9.89911090819181
9.89911090819181
9.89911090819181
9.89911090819181
9.89911090819181
9.89911090819181
9.89911090819181
9.89911090819181
9.89911090819181
9.89911090819181
9.89911090819181
9.89911090819181
9.89911090819181
9.89911090819181
9.89911090819181
9.89911090819181
9.900836584222274
9.900836584222274
9.900836584222274
9.900836584222274
9.903333183841047
9.903333183841047
9.903333183841047
9.903333183841047
9.903333183841047
9.903333183841047
9.903333183841047
9.903333183841047
9.903333183841047
9.903333183841047
9.903333183841047
9.903333183841047
9.903333183841047
9.903333183841047
9.903333183841047
9.903333183841047
9.903333183841047
9.903333183841047
9.903333183841047
9.903333183841047
9.903333183841047
9.903333183841047
9.903333183841047
9.903333183841047
9.906969058388428
9.906969058388428
9.906969058388428
9.906969058388428
9.906969058388428
9.906969058388428
9.906969058388428
9.906969058388428
9.906969058388428
9.906969058388428
9.906969058388428
9.906969058388428
9.906969058388428
9.906969058388428
9.906969058388428
9.906969058388428
9.906969058388428
9.906969058388428
9.906969058388428
9.906969058388428
9.907544465811243
9.907544465811243
9.907544465811243
9.907544465811243
9.907544465811243
9.907544465811243
9.907544465811243
9.907966772283297
9.907966772283297
9.908048115333846
9.908048115333846
9.908048115333846
9.908048115333846
9.908048115333846
9.908048115333846
9.908048115333846
9.908048115333846
9.908048115333846
9.908048115333846
9.908048115333846
9.908048115333846
9.908048115333846
9.908048115333846
9.908048115333846
9.908048115333846
9.908048115333846
9.908048115333846
9.908048115333846
9.908048115333846
9.908048115333846
9.908048115333846
9.908048115333846
9.908048115333846
9.908827310074601
9.908827310074601
9.910103907259957
9.910103907259957
9.912034855215923
9.912034855215923
9.912034855215923
9.912034855215923
9.912034855215923
9.912034855215923
9.912034855215923
9.912034855215923
9.912034855215923
9.912034855215923
9.912034855215923
9.912034855215923
9.912034855215923
9.912034855215923
9.912034855215923
9.912034855215923
9.912034855215923
9.912034855215923
9.912034855215923
9.912034855215923
9.912034855215923
9.912034855215923
9.912034855215923
9.912034855215923
9.912034855215923
9.912034855215923
9.912034855215923
9.912034855215923
9.912034855215923
9.912034855215923
9.912034855215923
9.914060134479971
9.914060134479971
9.914060134479971
9.914304194419358
9.914304194419358
9.914304194419358
9.914304194419358
9.914304194419358
9.914304194419358
9.914304194419358
9.914304194419358
9.914304194419358
9.914304194419358
9.914304194419358
9.914304194419358
9.914826873009034
9.917817238789745
9.917817238789745
9.917817238789745
9.917817238789745
9.917817238789745
9.917817238789745
9.917817238789745
9.917817238789745
9.917817238789745
9.917817238789745
9.917817238789745
9.917817238789745
9.917817238789745
9.917817238789745
9.917817238789745
9.917817238789745
9.917817238789745
9.917817238789745
9.917817238789745
9.917817238789745
9.917817238789745
9.917817238789745
9.917817238789745
9.917817238789745
9.917817238789745
9.917817238789745
9.917817238789745
9.917817238789745
9.917817238789745
9.917817238789745
9.917817238789745
9.917817238789745
9.917817238789745
9.917817238789745
9.917817238789745
9.917817238789745
9.917817238789745
9.917817238789745
9.917817238789745
9.917817238789745
9.917817238789745
9.917817238789745
9.917817238789745
9.917817238789745
9.917817238789745
9.917817238789745
9.917817238789745
9.917817238789745
9.917817238789745
9.917817238789745
9.917817238789745
9.917817238789745
9.917817238789745
9.917817238789745
9.917817238789745
9.917817238789745
9.917817238789745
9.917817238789745
9.917817238789745
9.917817238789745
9.917817238789745
9.917817238789745
9.917817238789745
9.917817238789745
9.917817238789745
9.917817238789745
9.917817238789745
9.917817238789745
9.917817238789745
9.917817238789745
9.917817238789745
9.917817238789745
9.917817238789745
9.917817238789745
9.917817238789745
9.917817238789745
9.917817238789745
9.917817238789745
9.917817238789745
9.917817238789745
9.917817238789745
9.917817238789745
9.917817238789745
9.917817238789745
9.917817238789745
9.917817238789745
9.917817238789745
9.917817238789745
9.917817238789745
9.917817238789745
9.917817238789745
9.917817238789745
9.917817238789745
9.917817238789745
9.917817238789745
9.917817238789745
9.917817238789745
9.917817238789745
9.917817238789745
9.917817238789745
9.917817238789745
9.917817238789745
9.917817238789745
9.917817238789745
9.917817238789745
9.917817238789745
9.917817238789745
9.917817238789745
9.917817238789745
9.917817238789745
9.917817238789745
9.917817238789745
9.917817238789745
9.917817238789745
9.917817238789745
9.917817238789745
9.917817238789745
9.917817238789745
9.917817238789745
9.917817238789745
9.917817238789745
9.917817238789745
9.917817238789745
9.917817238789745
9.917817238789745
9.917817238789745
9.917817238789745
9.917817238789745
9.917817238789745
9.917817238789745
9.917817238789745
9.917817238789745
9.917817238789745
9.917817238789745
9.917817238789745
9.917817238789745
9.917817238789745
9.917817238789745
9.917817238789745
9.917817238789745
9.917817238789745
9.917817238789745
9.917817238789745
9.917817238789745
9.917817238789745
9.917817238789745
9.917817238789745
9.917817238789745
9.917817238789745
9.917817238789745
9.917817238789745
9.917817238789745
9.917817238789745
9.917817238789745
9.917817238789745
9.917817238789745
9.917817238789745
9.917817238789745
9.917817238789745
9.917817238789745
9.917817238789745
9.917817238789745
9.917817238789745
9.917817238789745
9.917817238789745
9.917817238789745
9.917817238789745
9.917817238789745
9.917817238789745
9.917817238789745
9.917817238789745
9.917817238789745
9.917817238789745
9.917817238789745
9.917817238789745
9.917817238789745
9.917817238789745
9.917817238789745
9.917817238789745
9.917817238789745
9.917817238789745
9.917817238789745
9.917817238789745
9.917817238789745
9.917817238789745
9.917817238789745
9.917817238789745
9.917817238789745
9.917817238789745
9.917817238789745
9.917817238789745
9.917817238789745
9.917817238789745
9.917817238789745
9.917817238789745
9.917817238789745
9.917817238789745
9.917817238789745
9.917817238789745
9.917817238789745
9.917817238789745
9.917817238789745
9.917817238789745
9.917817238789745
9.917817238789745
9.917817238789745
9.917817238789745
9.917817238789745
9.917817238789745
9.917817238789745
9.917817238789745
9.917817238789745
9.917817238789745
9.917817238789745
9.917817238789745
9.917817238789745
9.917817238789745
9.917817238789745
9.917817238789745
9.917817238789745
9.917817238789745
9.917817238789745
9.917817238789745
9.917817238789745
9.917817238789745
9.917817238789745
9.917817238789745
9.917817238789745
9.917817238789745
9.917817238789745
9.917817238789745
9.917817238789745
9.917817238789745
9.917817238789745
9.917817238789745
9.917817238789745
9.917817238789745
9.917817238789745
9.917817238789745
9.917817238789745
9.917817238789745
9.917817238789745
9.917817238789745
9.917817238789745
9.917817238789745
9.917817238789745
9.917817238789745
9.917817238789745
9.917817238789745
9.917817238789745
9.917817238789745
9.917817238789745
9.917817238789745
9.917817238789745
9.917817238789745
9.917817238789745
9.917817238789745
9.917817238789745
9.917817238789745
9.917817238789745
9.917817238789745
9.917817238789745
9.917817238789745
9.917817238789745
9.917817238789745
9.917817238789745
9.917817238789745
9.917817238789745
9.917817238789745
9.917817238789745
9.917817238789745
9.917817238789745
9.917817238789745
9.917817238789745
9.917817238789745
9.917817238789745
9.917817238789745
9.917817238789745
9.917817238789745
9.917817238789745
9.917817238789745
9.917817238789745
9.917817238789745
9.917817238789745
9.917817238789745
9.917817238789745
9.917817238789745
9.917817238789745
9.917817238789745
9.917817238789745
9.917817238789745
9.917817238789745
9.917817238789745
9.917817238789745
9.917817238789745
9.917817238789745
9.917817238789745
9.917817238789745
9.917817238789745
9.917817238789745
9.917817238789745
9.917817238789745
9.917817238789745
9.917817238789745
9.917817238789745
9.917817238789745
9.917817238789745
9.917817238789745
9.917817238789745
9.917817238789745
9.917817238789745
9.917817238789745
9.917817238789745
9.917817238789745
9.917817238789745
9.917817238789745
9.917817238789745
9.917817238789745
9.917817238789745
9.917817238789745
9.917817238789745
9.917817238789745
9.917817238789745
9.917817238789745
9.917817238789745
9.917817238789745
9.917817238789745
9.917817238789745
9.917817238789745
9.917817238789745
9.917817238789745
9.917817238789745
9.917817238789745
9.917817238789745
9.917817238789745
9.917817238789745
9.917817238789745
9.917817238789745
9.917817238789745
9.917817238789745
9.917817238789745
9.917817238789745
9.917817238789745
9.917817238789745
9.917817238789745
9.917817238789745
9.917817238789745
9.917817238789745
Score: 9.917817238789745
Runtime: 631ms
