6.792257557019473E-8
6.474047323247504E-7
9.208333654121021E-7
1.7962694727563753E-6
1.7962694727563753E-6
1.9880460586026868E-4
2.4476651120512857E-4
0.00237664559592828
0.02432777859911671
0.02432777859911671
0.02432777859911671
0.02432777859911671
0.02432777859911671
0.11239872623706273
0.11239872623706273
0.3541165738939369
0.3541165738939369
0.3541165738939369
0.3541165738939369
0.3541165738939369
0.3541165738939369
0.3541165738939369
0.3541165738939369
0.3541165738939369
0.3541165738939369
0.3541165738939369
0.3541165738939369
0.3541165738939369
0.3541165738939369
0.5194469298465718
0.5194469298465718
0.5872193902749197
0.5872193902749197
0.5872193902749197
0.5872193902749197
0.5872193902749197
0.5872193902749197
0.5872193902749197
0.5872193902749197
0.5872193902749197
0.5872193902749197
0.5872193902749197
0.5872193902749197
0.5872193902749197
0.5872193902749197
0.5872193902749197
0.5872193902749197
0.5872193902749197
0.5872193902749197
0.5872193902749197
0.5872193902749197
0.5872193902749197
0.5872193902749197
0.5872193902749197
0.5872193902749197
0.5872193902749197
0.5872193902749197
0.5872193902749197
0.5872193902749197
0.5872193902749197
0.5872193902749197
0.5872193902749197
0.5872193902749197
0.5872193902749197
0.5872193902749197
0.5872193902749197
0.5872193902749197
0.5872193902749197
0.5872193902749197
0.5872193902749197
0.5872193902749197
0.5872193902749197
0.5872193902749197
0.5872193902749197
0.5872193902749197
0.5872193902749197
0.5872193902749197
0.5872193902749197
0.5872193902749197
0.6299898590353783
0.6299898590353783
0.6299898590353783
0.6299898590353783
0.6299898590353783
0.6299898590353783
1.1153884010540356
1.1153884010540356
1.1153884010540356
1.1153884010540356
1.1153884010540356
1.1153884010540356
1.1153884010540356
1.1153884010540356
1.1153884010540356
1.1153884010540356
1.1153884010540356
1.1153884010540356
1.1153884010540356
1.1153884010540356
1.1153884010540356
1.1153884010540356
1.1153884010540356
1.1153884010540356
1.1153884010540356
1.1153884010540356
1.1153884010540356
1.1153884010540356
1.1153884010540356
1.1153884010540356
1.1153884010540356
1.2518099861480234
1.2518099861480234
1.2518099861480234
1.356537411234683
1.356537411234683
1.356537411234683
1.356537411234683
1.356537411234683
1.356537411234683
1.356537411234683
1.356537411234683
1.356537411234683
1.356537411234683
1.356537411234683
1.356537411234683
1.356537411234683
1.8833659165124983
1.8833659165124983
1.8833659165124983
1.8833659165124983
1.8833659165124983
1.8833659165124983
1.8833659165124983
1.8833659165124983
1.8833659165124983
1.8833659165124983
1.8833659165124983
1.9024950775463003
1.9024950775463003
1.9024950775463003
1.9024950775463003
1.9024950775463003
1.9506836463511592
1.9506836463511592
1.9506836463511592
2.160288000961713
2.160288000961713
2.160288000961713
2.160288000961713
2.160288000961713
2.160288000961713
2.160288000961713
2.160288000961713
2.160288000961713
2.160288000961713
2.160288000961713
2.160288000961713
2.160288000961713
2.160288000961713
2.160288000961713
2.160288000961713
2.160288000961713
2.160288000961713
2.160288000961713
2.3850005235274536
2.3850005235274536
2.3850005235274536
2.3850005235274536
2.3850005235274536
2.3850005235274536
2.3850005235274536
2.3850005235274536
2.3850005235274536
2.3850005235274536
2.3850005235274536
2.3850005235274536
2.4409613691983916
2.4409613691983916
2.4409613691983916
2.4409613691983916
2.4409613691983916
2.4409613691983916
2.4409613691983916
2.4409613691983916
2.4409613691983916
2.4409613691983916
2.4409613691983916
2.4409613691983916
2.4409613691983916
2.4409613691983916
2.4409613691983916
2.4409613691983916
2.4409613691983916
2.4409613691983916
2.4409613691983916
2.4409613691983916
2.4409613691983916
2.4409613691983916
2.4409613691983916
2.4409613691983916
2.4409613691983916
2.4409613691983916
2.4409613691983916
2.4409613691983916
2.4409613691983916
2.4409613691983916
2.4409613691983916
3.024862005121985
3.024862005121985
3.024862005121985
3.024862005121985
3.024862005121985
3.024862005121985
3.024862005121985
3.024862005121985
3.024862005121985
3.024862005121985
3.024862005121985
3.024862005121985
3.024862005121985
3.024862005121985
3.024862005121985
3.024862005121985
3.024862005121985
3.024862005121985
3.024862005121985
3.024862005121985
3.024862005121985
3.024862005121985
3.024862005121985
3.024862005121985
3.024862005121985
3.024862005121985
3.024862005121985
3.024862005121985
3.024862005121985
3.024862005121985
3.024862005121985
3.024862005121985
3.024862005121985
3.024862005121985
3.024862005121985
3.024862005121985
3.024862005121985
3.024862005121985
3.024862005121985
3.024862005121985
3.09146886611195
3.09146886611195
3.09146886611195
3.09146886611195
3.09146886611195
3.09146886611195
3.09146886611195
3.09146886611195
3.09146886611195
3.09146886611195
3.09146886611195
3.09146886611195
3.09146886611195
3.09146886611195
3.09146886611195
3.09146886611195
3.09146886611195
3.09146886611195
3.09146886611195
3.09146886611195
3.09146886611195
3.09146886611195
3.2635650102053146
3.2635650102053146
3.2635650102053146
3.2635650102053146
3.2635650102053146
3.6017191453809
3.6017191453809
3.6017191453809
3.6017191453809
3.6017191453809
3.6017191453809
3.6017191453809
3.6017191453809
3.6017191453809
3.6017191453809
3.6017191453809
3.6017191453809
3.677598220753682
3.677598220753682
3.677598220753682
3.677598220753682
3.677598220753682
3.677598220753682
3.677598220753682
3.677598220753682
3.677598220753682
3.677598220753682
3.677598220753682
3.677598220753682
3.677598220753682
3.677598220753682
3.677598220753682
3.677598220753682
3.677598220753682
3.677598220753682
3.677598220753682
3.677598220753682
3.677598220753682
3.677598220753682
3.677598220753682
3.677598220753682
3.677598220753682
3.677598220753682
3.677598220753682
3.699917043495934
3.699917043495934
3.699917043495934
3.699917043495934
3.699917043495934
3.699917043495934
3.699917043495934
3.699917043495934
3.699917043495934
3.699917043495934
3.699917043495934
3.699917043495934
3.699917043495934
3.699917043495934
3.699917043495934
3.699917043495934
3.699917043495934
3.699917043495934
3.699917043495934
3.699917043495934
3.699917043495934
3.699917043495934
3.699917043495934
3.699917043495934
3.699917043495934
3.699917043495934
3.699917043495934
3.699917043495934
3.699917043495934
3.699917043495934
3.699917043495934
3.699917043495934
3.699917043495934
3.699917043495934
3.699917043495934
3.699917043495934
3.699917043495934
3.699917043495934
3.699917043495934
3.699917043495934
3.699917043495934
3.699917043495934
3.699917043495934
3.699917043495934
3.699917043495934
3.699917043495934
3.699917043495934
3.699917043495934
3.699917043495934
3.699917043495934
3.699917043495934
3.699917043495934
3.699917043495934
3.699917043495934
3.699917043495934
3.699917043495934
3.7771944366288634
3.7771944366288634
3.846405044096148
3.846405044096148
3.846405044096148
3.846405044096148
3.846405044096148
3.846405044096148
3.846405044096148
3.846405044096148
3.846405044096148
3.846405044096148
3.846405044096148
3.846405044096148
3.846405044096148
3.846405044096148
3.846405044096148
3.846405044096148
3.846405044096148
3.846405044096148
3.846405044096148
3.846405044096148
3.846405044096148
3.846405044096148
3.846405044096148
3.846405044096148
3.846405044096148
3.846405044096148
3.846405044096148
3.846405044096148
3.846405044096148
3.846405044096148
3.846405044096148
3.846405044096148
3.846405044096148
3.846405044096148
3.846405044096148
3.846405044096148
3.846405044096148
3.846405044096148
3.846405044096148
3.846405044096148
3.846405044096148
3.846405044096148
3.846405044096148
3.846405044096148
3.846405044096148
3.846405044096148
3.846405044096148
3.846405044096148
3.846405044096148
3.846405044096148
3.846405044096148
3.846405044096148
3.846405044096148
3.846405044096148
3.846405044096148
3.846405044096148
3.846405044096148
3.846405044096148
3.846405044096148
3.846405044096148
3.846405044096148
3.846405044096148
3.846405044096148
3.846405044096148
3.846405044096148
3.846405044096148
3.846405044096148
3.846405044096148
3.846405044096148
3.846405044096148
3.846405044096148
3.846405044096148
3.846405044096148
3.846405044096148
3.846405044096148
3.846405044096148
3.846405044096148
3.846405044096148
3.846405044096148
3.846405044096148
3.846405044096148
3.846405044096148
3.846405044096148
3.846405044096148
3.846405044096148
3.846405044096148
3.846405044096148
3.846405044096148
3.846405044096148
3.846405044096148
3.846405044096148
3.846405044096148
3.846405044096148
3.846405044096148
3.846405044096148
3.846405044096148
3.846405044096148
3.846405044096148
3.846405044096148
3.846405044096148
3.846405044096148
3.846405044096148
3.846405044096148
3.8687234646060684
3.8687234646060684
3.8687234646060684
3.8687234646060684
3.8687234646060684
3.8687234646060684
3.8687234646060684
3.8687234646060684
3.8687234646060684
3.8687234646060684
3.8687234646060684
3.8687234646060684
3.8687234646060684
3.8687234646060684
3.8687234646060684
3.8687234646060684
3.8687234646060684
3.8687234646060684
3.8687234646060684
3.8687234646060684
3.8687234646060684
3.8687234646060684
3.8687234646060684
3.8687234646060684
3.8687234646060684
3.8687234646060684
3.8687234646060684
3.8687234646060684
3.8687234646060684
3.8687234646060684
3.8687234646060684
3.8687234646060684
3.8687234646060684
3.8687234646060684
3.8687234646060684
3.8687234646060684
3.8687234646060684
3.8687234646060684
3.9497729799147843
3.9497729799147843
3.9497729799147843
3.9497729799147843
3.9497729799147843
3.9497729799147843
3.9497729799147843
3.9497729799147843
3.9497729799147843
3.9497729799147843
3.9497729799147843
3.9497729799147843
3.9497729799147843
3.9497729799147843
3.9497729799147843
3.9497729799147843
3.9497729799147843
3.9497729799147843
3.9497729799147843
3.9497729799147843
3.9497729799147843
3.9497729799147843
3.9497729799147843
3.9497729799147843
3.9497729799147843
3.9497729799147843
3.9497729799147843
3.9497729799147843
3.9497729799147843
3.95463051275335
3.95463051275335
3.95463051275335
3.95463051275335
3.95463051275335
3.95463051275335
3.95463051275335
3.95463051275335
3.95463051275335
3.95463051275335
3.95463051275335
3.95463051275335
3.95463051275335
3.95463051275335
3.95463051275335
3.95463051275335
3.95463051275335
3.95463051275335
3.95463051275335
3.95463051275335
3.95463051275335
3.95463051275335
3.95463051275335
3.95463051275335
3.95463051275335
3.95463051275335
3.95463051275335
3.95463051275335
3.95463051275335
3.95463051275335
3.95463051275335
3.95463051275335
3.95463051275335
3.95463051275335
3.95463051275335
3.95463051275335
3.95463051275335
3.95463051275335
3.95463051275335
3.95463051275335
3.95463051275335
3.95463051275335
3.95463051275335
3.95463051275335
3.95463051275335
3.95463051275335
3.95463051275335
3.95463051275335
3.95463051275335
3.95463051275335
3.95463051275335
3.95463051275335
3.95463051275335
3.95463051275335
3.95463051275335
3.95463051275335
3.95463051275335
3.95463051275335
3.95463051275335
3.95463051275335
3.95463051275335
3.95463051275335
3.95463051275335
3.95463051275335
3.95463051275335
3.95463051275335
3.95463051275335
3.95463051275335
3.95463051275335
3.95463051275335
3.95463051275335
3.95463051275335
3.95463051275335
3.95463051275335
3.95463051275335
3.95463051275335
3.95463051275335
3.95463051275335
3.95463051275335
3.95463051275335
3.95463051275335
3.95463051275335
3.95463051275335
3.95463051275335
3.95463051275335
3.95463051275335
3.95463051275335
3.95463051275335
3.95463051275335
3.95463051275335
3.95463051275335
3.95463051275335
3.95463051275335
3.95463051275335
3.95463051275335
3.95463051275335
3.95463051275335
3.95463051275335
3.95463051275335
3.95463051275335
3.95463051275335
3.95463051275335
3.95463051275335
3.95463051275335
3.95463051275335
3.95463051275335
3.95463051275335
3.95463051275335
3.95463051275335
3.95463051275335
3.95463051275335
3.95463051275335
3.95463051275335
3.95463051275335
3.95463051275335
3.95463051275335
3.95463051275335
3.95463051275335
3.95463051275335
3.95463051275335
3.95463051275335
3.95463051275335
3.95463051275335
3.95463051275335
3.95463051275335
3.95463051275335
3.95463051275335
3.95463051275335
3.95463051275335
3.95463051275335
3.95463051275335
3.95463051275335
3.95463051275335
3.95463051275335
3.95463051275335
3.95463051275335
3.95463051275335
3.95463051275335
3.95463051275335
3.95463051275335
3.95463051275335
3.95463051275335
3.95463051275335
3.95463051275335
3.95463051275335
3.95463051275335
3.95463051275335
3.95463051275335
3.95463051275335
3.95463051275335
3.95463051275335
3.95463051275335
3.95463051275335
3.95463051275335
3.95463051275335
3.95463051275335
3.95463051275335
3.95463051275335
3.95463051275335
3.95463051275335
3.95463051275335
3.95463051275335
3.95463051275335
3.95463051275335
3.95463051275335
3.95463051275335
3.95463051275335
3.95463051275335
3.95463051275335
3.9604742564560027
3.9604742564560027
3.9604742564560027
3.9604742564560027
3.9604742564560027
3.9604742564560027
3.9604742564560027
3.9604742564560027
3.9604742564560027
3.9604742564560027
3.9604742564560027
3.9604742564560027
3.9604742564560027
3.9604742564560027
3.9604742564560027
3.9604742564560027
3.9604742564560027
3.9604742564560027
3.9604742564560027
3.9604742564560027
3.9604742564560027
3.9604742564560027
3.9604742564560027
3.9604742564560027
3.9604742564560027
3.9604742564560027
3.9604742564560027
3.9604742564560027
3.9604742564560027
3.9604742564560027
3.9604742564560027
3.9604742564560027
3.9604742564560027
3.9604742564560027
3.9604742564560027
3.9604742564560027
3.9604742564560027
3.9604742564560027
3.9604742564560027
3.9604742564560027
3.9604742564560027
3.9604742564560027
3.9604742564560027
3.9604742564560027
3.9604742564560027
3.9604742564560027
3.9604742564560027
3.9604742564560027
3.9604742564560027
3.9604742564560027
3.9604742564560027
3.9604742564560027
3.9604742564560027
3.9604742564560027
3.9604742564560027
3.9604742564560027
3.9604742564560027
3.9604742564560027
3.9604742564560027
3.9604742564560027
3.9604742564560027
3.9604742564560027
3.9604742564560027
3.9604742564560027
3.9604742564560027
3.9604742564560027
3.9604742564560027
3.9604742564560027
3.9604742564560027
3.9604742564560027
3.9604742564560027
3.9604742564560027
3.9604742564560027
3.9604742564560027
3.9604742564560027
3.9604742564560027
3.9604742564560027
3.9604742564560027
3.9604742564560027
3.9604742564560027
3.9604742564560027
3.9604742564560027
3.9604742564560027
3.9604742564560027
3.9604742564560027
3.9604742564560027
3.9604742564560027
3.9604742564560027
3.9604742564560027
3.9604742564560027
3.9604742564560027
3.9604742564560027
3.9604742564560027
3.9604742564560027
3.9604742564560027
3.9604742564560027
3.9604742564560027
3.9604742564560027
3.9604742564560027
3.9604742564560027
3.9604742564560027
3.9604742564560027
3.9604742564560027
3.9604742564560027
3.9604742564560027
3.9604742564560027
3.9604742564560027
3.9604742564560027
3.9604742564560027
3.9604742564560027
3.9604742564560027
3.9604742564560027
3.9604742564560027
3.9604742564560027
3.9604742564560027
3.9604742564560027
3.9604742564560027
3.9604742564560027
3.9604742564560027
3.9604742564560027
3.9604742564560027
3.9604742564560027
3.9604742564560027
3.9604742564560027
3.9604742564560027
3.9604742564560027
3.9604742564560027
3.9604742564560027
3.9604742564560027
3.9604742564560027
3.9604742564560027
3.9604742564560027
3.9604742564560027
3.9604742564560027
4.37449523512033
4.37449523512033
4.37449523512033
4.37449523512033
4.37449523512033
4.37449523512033
4.37449523512033
4.37449523512033
4.37449523512033
4.37449523512033
4.37449523512033
4.37449523512033
4.37449523512033
4.37449523512033
4.37449523512033
4.37449523512033
4.37449523512033
4.37449523512033
4.37449523512033
4.37449523512033
4.37449523512033
4.37449523512033
4.37449523512033
4.37449523512033
4.37449523512033
4.37449523512033
4.37449523512033
4.37449523512033
4.37449523512033
4.37449523512033
4.37449523512033
4.37449523512033
4.428172911807177
4.428172911807177
4.428172911807177
4.428172911807177
4.428172911807177
4.476681175406886
4.476681175406886
4.476681175406886
4.476681175406886
4.476681175406886
4.476681175406886
4.476681175406886
4.476681175406886
4.476681175406886
4.476681175406886
4.476681175406886
4.476681175406886
4.476681175406886
4.476681175406886
4.476681175406886
4.476681175406886
4.476681175406886
4.476681175406886
4.476681175406886
4.476681175406886
4.476681175406886
4.476681175406886
4.476681175406886
4.476681175406886
4.476681175406886
4.476681175406886
4.476681175406886
4.476681175406886
4.476681175406886
4.476681175406886
4.476681175406886
4.476681175406886
4.476681175406886
4.476681175406886
4.476681175406886
4.476681175406886
4.476681175406886
4.476681175406886
4.476681175406886
4.476681175406886
4.476681175406886
4.476681175406886
4.476681175406886
4.476681175406886
4.476681175406886
4.476681175406886
4.476681175406886
4.476681175406886
4.476681175406886
4.476681175406886
4.476681175406886
4.476681175406886
4.476681175406886
4.476681175406886
4.476681175406886
4.476681175406886
4.476681175406886
4.476681175406886
4.476681175406886
4.476681175406886
4.476681175406886
4.476681175406886
4.577357943338331
4.577357943338331
4.577357943338331
4.577357943338331
4.577357943338331
4.577357943338331
4.577357943338331
4.577357943338331
4.577357943338331
4.577357943338331
4.577357943338331
4.577357943338331
4.577357943338331
4.577357943338331
4.577357943338331
4.577357943338331
4.577357943338331
4.577357943338331
4.577357943338331
4.577357943338331
4.577357943338331
4.577357943338331
4.577357943338331
4.577357943338331
4.577357943338331
4.577357943338331
4.577357943338331
4.577357943338331
4.577357943338331
4.577357943338331
4.577357943338331
4.577357943338331
4.577357943338331
4.577357943338331
4.577357943338331
4.577357943338331
4.577357943338331
4.577357943338331
4.577357943338331
4.577357943338331
4.577357943338331
4.577357943338331
4.577357943338331
4.577357943338331
4.577357943338331
4.577357943338331
4.577357943338331
4.577357943338331
4.577357943338331
4.577357943338331
4.577357943338331
4.577357943338331
4.577357943338331
4.577357943338331
4.577357943338331
4.577357943338331
4.577357943338331
4.577357943338331
4.577357943338331
4.577357943338331
4.577357943338331
4.577357943338331
4.577357943338331
4.577357943338331
4.577357943338331
4.577357943338331
4.577357943338331
4.577357943338331
4.577357943338331
4.577357943338331
4.577357943338331
4.577357943338331
4.577357943338331
4.577357943338331
4.577357943338331
4.577357943338331
4.577357943338331
4.577357943338331
4.577357943338331
4.577357943338331
4.577357943338331
4.577357943338331
4.577357943338331
4.577357943338331
4.577357943338331
4.577357943338331
4.577357943338331
4.577357943338331
4.577357943338331
4.577357943338331
4.577357943338331
4.577357943338331
4.577357943338331
4.577357943338331
4.577357943338331
4.577357943338331
4.577357943338331
4.577357943338331
4.577357943338331
4.577357943338331
4.577357943338331
4.577357943338331
4.577357943338331
4.577357943338331
4.577357943338331
4.577357943338331
4.577357943338331
4.577357943338331
4.577357943338331
4.577357943338331
4.577357943338331
4.577357943338331
4.577357943338331
4.577357943338331
4.577357943338331
4.577357943338331
4.577357943338331
4.577357943338331
4.577357943338331
4.577357943338331
4.577357943338331
4.577357943338331
4.577357943338331
4.577357943338331
4.577357943338331
4.577357943338331
4.577357943338331
4.577357943338331
4.577357943338331
4.577357943338331
4.577357943338331
4.577357943338331
4.577357943338331
4.577357943338331
4.577357943338331
4.577357943338331
4.577357943338331
4.577357943338331
4.577357943338331
4.577357943338331
4.577357943338331
4.577357943338331
4.577357943338331
4.577357943338331
4.577357943338331
4.577357943338331
4.577357943338331
4.577357943338331
4.577357943338331
4.577357943338331
4.577357943338331
4.577357943338331
4.577357943338331
4.577357943338331
4.577357943338331
4.577357943338331
4.577357943338331
4.577357943338331
4.577357943338331
4.577357943338331
4.577357943338331
4.577357943338331
4.577357943338331
4.577357943338331
4.577357943338331
4.577357943338331
4.577357943338331
4.577357943338331
4.577357943338331
4.577357943338331
4.577357943338331
4.577357943338331
4.577357943338331
4.577357943338331
4.577357943338331
4.577357943338331
4.577357943338331
4.577357943338331
4.577357943338331
4.577357943338331
4.577357943338331
4.577357943338331
4.577357943338331
4.577357943338331
4.577357943338331
4.577357943338331
4.577357943338331
4.577357943338331
4.577357943338331
4.577357943338331
4.577357943338331
4.577357943338331
4.577357943338331
4.577357943338331
4.577357943338331
4.577357943338331
4.577357943338331
4.577357943338331
4.577357943338331
4.577357943338331
4.577357943338331
4.577357943338331
4.577357943338331
4.577357943338331
4.577357943338331
4.577357943338331
4.577357943338331
4.577357943338331
4.577357943338331
4.577357943338331
4.577357943338331
4.577357943338331
4.577357943338331
4.577357943338331
4.577357943338331
4.577357943338331
4.577357943338331
4.577357943338331
4.577357943338331
4.577357943338331
4.577357943338331
4.577357943338331
4.577357943338331
4.577357943338331
4.577357943338331
4.577357943338331
4.577357943338331
4.577357943338331
4.577357943338331
4.577357943338331
4.577357943338331
4.577357943338331
4.577357943338331
4.577357943338331
4.577357943338331
4.577357943338331
4.577357943338331
4.577357943338331
4.577357943338331
4.577357943338331
4.577357943338331
4.577357943338331
4.577357943338331
4.577357943338331
4.577357943338331
4.577357943338331
4.577357943338331
4.577357943338331
4.577357943338331
4.577357943338331
4.577357943338331
4.577357943338331
4.577357943338331
4.577357943338331
4.577357943338331
4.577357943338331
4.577357943338331
4.577357943338331
4.577357943338331
4.577357943338331
4.577357943338331
4.577357943338331
4.577357943338331
4.577357943338331
4.577357943338331
4.577357943338331
4.577357943338331
4.577357943338331
4.577357943338331
4.577357943338331
4.577357943338331
4.577357943338331
4.577357943338331
4.577357943338331
4.577357943338331
4.577357943338331
4.577357943338331
5.024481999064997
5.024481999064997
5.024481999064997
5.024481999064997
5.024481999064997
5.024481999064997
5.024481999064997
5.024481999064997
5.024481999064997
5.024481999064997
5.024481999064997
5.024481999064997
5.024481999064997
5.024481999064997
5.024481999064997
5.024481999064997
5.024481999064997
5.024481999064997
5.024481999064997
5.024481999064997
5.024481999064997
5.024481999064997
5.024481999064997
5.024481999064997
5.024481999064997
5.024481999064997
5.024481999064997
5.024481999064997
5.024481999064997
5.024481999064997
5.024481999064997
5.024481999064997
5.024481999064997
5.024481999064997
5.024481999064997
5.024481999064997
5.024481999064997
5.024481999064997
5.024481999064997
5.024481999064997
5.024481999064997
5.024481999064997
5.024481999064997
5.024481999064997
5.024481999064997
5.024481999064997
5.024481999064997
5.024481999064997
5.024481999064997
5.024481999064997
5.024481999064997
5.024481999064997
5.024481999064997
5.024481999064997
5.024481999064997
5.024481999064997
5.024481999064997
5.024481999064997
5.024481999064997
5.024481999064997
5.024481999064997
5.024481999064997
5.024481999064997
5.024481999064997
5.024481999064997
5.024481999064997
5.024481999064997
5.024481999064997
5.024481999064997
5.024481999064997
5.024481999064997
5.024481999064997
5.024481999064997
5.024481999064997
5.024481999064997
5.024481999064997
5.024481999064997
5.024481999064997
5.024481999064997
5.024481999064997
5.024481999064997
5.024481999064997
5.024481999064997
5.024481999064997
5.024481999064997
5.024481999064997
5.024481999064997
5.024481999064997
5.024481999064997
5.024481999064997
5.024481999064997
5.024481999064997
5.024481999064997
5.024481999064997
5.024481999064997
5.024481999064997
5.024481999064997
5.024481999064997
5.024481999064997
5.024481999064997
5.024481999064997
5.024481999064997
5.024481999064997
5.024481999064997
5.024481999064997
5.024481999064997
5.024481999064997
5.024481999064997
5.024481999064997
5.024481999064997
5.024481999064997
5.024481999064997
5.024481999064997
5.024481999064997
5.024481999064997
5.024481999064997
5.024481999064997
5.024481999064997
5.024481999064997
5.024481999064997
5.024481999064997
5.161606458759188
5.161606458759188
5.161606458759188
5.161606458759188
5.161606458759188
5.161606458759188
5.161606458759188
5.161606458759188
5.161606458759188
5.161606458759188
5.161606458759188
5.161606458759188
5.161606458759188
5.161606458759188
5.161606458759188
5.161606458759188
5.161606458759188
5.161606458759188
5.161606458759188
5.161606458759188
5.161606458759188
5.161606458759188
5.161606458759188
5.161606458759188
5.161606458759188
5.161606458759188
5.161606458759188
5.161606458759188
5.161606458759188
5.161606458759188
5.161606458759188
5.161606458759188
5.161606458759188
5.161606458759188
5.161606458759188
5.161606458759188
5.161606458759188
5.161606458759188
5.161606458759188
5.161606458759188
5.161606458759188
5.161606458759188
5.161606458759188
5.161606458759188
5.161606458759188
5.161606458759188
5.161606458759188
5.161606458759188
5.161606458759188
5.161606458759188
5.161606458759188
5.161606458759188
5.161606458759188
5.161606458759188
5.161606458759188
5.161606458759188
5.161606458759188
5.161606458759188
5.161606458759188
5.161606458759188
5.161606458759188
5.161606458759188
5.161606458759188
5.161606458759188
5.161606458759188
5.161606458759188
5.161606458759188
5.161606458759188
5.161606458759188
5.161606458759188
5.161606458759188
5.161606458759188
5.161606458759188
5.161606458759188
5.161606458759188
5.161606458759188
5.161606458759188
5.161606458759188
5.161606458759188
5.161606458759188
5.161606458759188
5.161606458759188
5.161606458759188
5.161606458759188
5.161606458759188
5.161606458759188
5.161606458759188
5.161606458759188
5.161606458759188
5.161606458759188
5.161606458759188
5.161606458759188
5.161606458759188
5.161606458759188
5.161606458759188
5.161606458759188
5.161606458759188
5.161606458759188
5.161606458759188
5.161606458759188
5.161606458759188
5.161606458759188
5.161606458759188
5.161606458759188
5.161606458759188
5.161606458759188
5.161606458759188
5.161606458759188
5.161606458759188
5.161606458759188
5.161606458759188
5.161606458759188
5.161606458759188
5.161606458759188
5.161606458759188
5.161606458759188
5.161606458759188
5.161606458759188
5.161606458759188
5.161606458759188
5.161606458759188
5.161606458759188
5.161606458759188
5.161606458759188
5.161606458759188
5.161606458759188
5.161606458759188
5.161606458759188
5.161606458759188
5.161606458759188
5.161606458759188
5.161606458759188
5.161606458759188
5.161606458759188
5.161606458759188
5.161606458759188
5.161606458759188
5.161606458759188
5.161606458759188
5.161606458759188
5.161606458759188
5.161606458759188
5.161606458759188
5.161606458759188
5.161606458759188
5.161606458759188
5.161606458759188
5.161606458759188
5.161606458759188
5.161606458759188
5.161606458759188
5.161606458759188
5.161606458759188
5.161606458759188
5.161606458759188
5.161606458759188
5.161606458759188
5.161606458759188
5.161606458759188
5.161606458759188
5.161606458759188
5.161606458759188
5.161606458759188
5.161606458759188
5.161606458759188
5.161606458759188
5.161606458759188
5.161606458759188
5.161606458759188
5.161606458759188
5.161606458759188
5.161606458759188
5.161606458759188
5.161606458759188
5.161606458759188
5.161606458759188
5.161606458759188
5.161606458759188
5.161606458759188
5.161606458759188
5.161606458759188
5.161606458759188
5.161606458759188
5.161606458759188
5.161606458759188
5.161606458759188
5.161606458759188
5.161606458759188
5.161606458759188
5.161606458759188
5.161606458759188
5.161606458759188
5.161606458759188
5.161606458759188
5.161606458759188
5.161606458759188
5.161606458759188
5.161606458759188
5.161606458759188
5.161606458759188
5.161606458759188
5.211343636243189
5.211343636243189
5.211343636243189
5.211343636243189
5.211343636243189
5.211343636243189
5.211343636243189
5.211343636243189
5.211343636243189
5.211343636243189
5.211343636243189
5.266146711976773
5.266146711976773
5.266146711976773
5.266146711976773
5.266146711976773
5.266146711976773
5.266146711976773
5.266146711976773
5.266146711976773
5.266146711976773
5.266146711976773
5.266146711976773
5.266146711976773
5.266146711976773
5.266146711976773
5.266146711976773
5.266146711976773
5.266146711976773
5.266146711976773
5.266146711976773
5.266146711976773
5.266146711976773
5.266146711976773
5.266146711976773
5.266146711976773
5.266146711976773
5.266146711976773
5.266146711976773
5.266146711976773
5.266146711976773
5.266146711976773
5.266146711976773
5.266146711976773
5.266146711976773
5.266146711976773
5.266146711976773
5.266146711976773
5.266146711976773
5.266146711976773
5.266146711976773
5.266146711976773
5.266146711976773
5.266146711976773
5.266146711976773
5.266146711976773
5.266146711976773
5.266146711976773
5.266146711976773
5.266146711976773
5.266146711976773
5.266146711976773
5.266146711976773
5.266146711976773
5.266146711976773
5.266146711976773
5.266146711976773
5.266146711976773
5.266146711976773
5.266146711976773
5.266146711976773
5.266146711976773
5.266146711976773
5.266146711976773
5.266146711976773
5.266146711976773
5.266146711976773
5.266146711976773
5.266146711976773
5.266146711976773
5.266146711976773
5.266146711976773
5.266146711976773
5.266146711976773
5.266146711976773
5.266146711976773
5.266146711976773
5.266146711976773
5.266146711976773
5.266146711976773
5.266146711976773
5.266146711976773
5.266146711976773
5.266146711976773
5.266146711976773
5.266146711976773
5.266146711976773
5.266146711976773
5.266146711976773
5.266146711976773
5.266146711976773
5.266146711976773
5.266146711976773
5.266146711976773
5.266146711976773
5.266146711976773
5.266146711976773
5.266146711976773
5.266146711976773
5.266146711976773
5.266146711976773
5.266146711976773
5.266146711976773
5.266146711976773
5.266146711976773
5.266146711976773
5.266146711976773
5.266146711976773
5.266146711976773
5.266146711976773
5.266146711976773
5.266146711976773
5.266146711976773
5.266146711976773
5.266146711976773
5.266146711976773
5.266146711976773
5.266146711976773
5.266146711976773
5.266146711976773
5.266146711976773
5.266146711976773
5.266146711976773
5.266146711976773
5.266146711976773
5.266146711976773
5.266146711976773
5.266146711976773
5.266146711976773
5.266146711976773
5.266146711976773
5.266146711976773
5.266146711976773
5.266146711976773
5.266146711976773
5.266146711976773
5.266146711976773
5.266146711976773
5.266146711976773
5.266146711976773
5.266146711976773
5.266146711976773
5.266146711976773
5.266146711976773
5.266146711976773
5.266146711976773
5.266146711976773
5.266146711976773
5.266146711976773
5.266146711976773
5.266146711976773
5.266146711976773
5.266146711976773
5.266146711976773
5.266146711976773
5.266146711976773
5.266146711976773
5.266146711976773
5.266146711976773
5.266146711976773
5.266146711976773
5.266146711976773
5.266146711976773
5.266146711976773
5.266146711976773
5.266146711976773
5.266146711976773
5.266146711976773
5.266146711976773
5.266146711976773
5.266146711976773
5.266146711976773
5.266146711976773
5.266146711976773
5.266146711976773
5.266146711976773
5.266146711976773
5.266146711976773
5.266146711976773
5.266146711976773
5.266146711976773
5.266146711976773
5.266146711976773
5.266146711976773
5.266146711976773
5.266146711976773
5.266146711976773
5.266146711976773
5.266146711976773
5.266146711976773
5.266146711976773
5.266146711976773
5.266146711976773
5.266146711976773
5.266146711976773
5.266146711976773
5.266146711976773
5.266146711976773
5.266146711976773
5.266146711976773
5.266146711976773
5.266146711976773
5.266146711976773
5.266146711976773
5.266146711976773
5.266146711976773
5.266146711976773
5.266146711976773
5.266146711976773
5.266146711976773
5.266146711976773
5.266146711976773
5.266146711976773
5.266146711976773
5.266146711976773
5.266146711976773
5.266146711976773
5.266146711976773
5.266146711976773
5.266146711976773
5.266146711976773
5.266146711976773
5.266146711976773
5.266146711976773
5.266146711976773
5.266146711976773
5.266146711976773
5.266146711976773
5.266146711976773
5.266146711976773
5.266146711976773
5.266146711976773
5.266146711976773
5.266146711976773
5.266146711976773
5.266146711976773
5.266146711976773
5.266146711976773
5.266146711976773
5.266146711976773
5.266146711976773
5.266146711976773
5.266146711976773
5.266146711976773
5.266146711976773
5.266146711976773
5.266146711976773
5.266146711976773
5.266146711976773
5.266146711976773
5.266146711976773
5.266146711976773
5.266146711976773
5.266146711976773
5.266146711976773
5.266146711976773
5.266146711976773
5.266146711976773
5.266146711976773
5.266146711976773
5.266146711976773
5.266146711976773
5.266146711976773
5.266146711976773
5.266146711976773
5.266146711976773
5.266146711976773
5.266146711976773
5.266146711976773
5.266146711976773
5.266146711976773
5.266146711976773
5.266146711976773
5.266146711976773
5.266146711976773
5.266146711976773
5.266146711976773
5.266146711976773
5.266146711976773
5.266146711976773
5.266146711976773
5.266146711976773
5.266146711976773
5.266146711976773
5.266146711976773
5.266146711976773
5.266146711976773
5.266146711976773
5.266146711976773
5.266146711976773
5.266146711976773
5.266146711976773
5.266146711976773
5.266146711976773
5.266146711976773
5.266146711976773
5.266146711976773
5.266146711976773
5.266146711976773
5.266146711976773
5.266146711976773
5.266146711976773
5.266146711976773
5.266146711976773
5.266146711976773
5.266146711976773
5.266146711976773
5.266146711976773
5.266146711976773
5.266146711976773
5.266146711976773
5.266146711976773
5.266146711976773
5.266146711976773
5.266146711976773
5.266146711976773
5.266146711976773
5.266146711976773
5.266146711976773
5.266146711976773
5.266146711976773
5.266146711976773
5.266146711976773
5.266146711976773
5.266146711976773
5.266146711976773
5.266146711976773
5.266146711976773
5.266146711976773
5.266146711976773
5.266146711976773
5.266146711976773
5.266146711976773
5.266146711976773
5.266146711976773
5.266146711976773
5.266146711976773
5.266146711976773
5.266146711976773
5.266146711976773
5.266146711976773
5.266146711976773
5.266146711976773
5.266146711976773
5.266146711976773
5.266146711976773
5.266146711976773
5.266146711976773
5.266146711976773
5.266146711976773
5.266146711976773
5.266146711976773
5.266146711976773
5.266146711976773
5.266146711976773
5.266146711976773
5.266146711976773
5.266146711976773
5.266146711976773
5.266146711976773
5.266146711976773
5.266146711976773
5.266146711976773
5.266146711976773
5.266146711976773
5.266146711976773
5.266146711976773
5.266146711976773
5.266146711976773
5.266146711976773
5.266146711976773
5.266146711976773
5.266146711976773
5.266146711976773
5.266146711976773
5.266146711976773
5.266146711976773
5.266146711976773
5.266146711976773
5.266146711976773
5.266146711976773
5.266146711976773
5.266146711976773
5.266146711976773
5.266146711976773
5.266146711976773
5.266146711976773
5.266146711976773
5.266146711976773
5.266146711976773
5.266146711976773
5.266146711976773
5.266146711976773
5.266146711976773
5.266146711976773
5.266146711976773
5.266146711976773
5.266146711976773
5.266146711976773
5.266146711976773
5.266146711976773
5.266146711976773
5.266146711976773
5.266146711976773
5.266146711976773
5.266146711976773
5.266146711976773
5.266146711976773
5.266146711976773
5.266146711976773
5.266146711976773
5.266146711976773
5.266146711976773
5.266146711976773
5.266146711976773
5.266146711976773
5.266146711976773
5.266146711976773
5.266146711976773
5.266146711976773
5.266146711976773
5.266146711976773
5.266146711976773
5.266146711976773
5.266146711976773
5.266146711976773
5.266146711976773
5.266146711976773
5.266146711976773
5.266146711976773
5.266146711976773
5.266146711976773
5.266146711976773
5.266146711976773
5.266146711976773
5.266146711976773
5.266146711976773
5.266146711976773
5.266146711976773
5.266146711976773
5.266146711976773
5.266146711976773
5.266146711976773
5.266146711976773
5.266146711976773
5.266146711976773
Score: 5.266146711976773
Runtime: 663ms
