7.217120811826526E-9
7.217120811826526E-9
8.858275725236289E-7
1.1020351504885021E-6
1.4567940578600813E-4
1.4567940578600813E-4
0.001255743618331979
0.010636375676828099
0.010636375676828099
0.014333697490206182
0.024535212021545495
0.024535212021545495
0.024535212021545495
0.025319076059561664
0.09565530219594004
0.09565530219594004
0.10933192807530964
0.26084140370239134
0.26084140370239134
0.26084140370239134
0.26084140370239134
0.26084140370239134
0.6304268284525063
0.6304268284525063
0.6304268284525063
1.1901382682932833
1.900988439876068
1.900988439876068
1.900988439876068
1.900988439876068
1.900988439876068
1.900988439876068
1.900988439876068
1.900988439876068
1.900988439876068
1.900988439876068
1.961512181827694
1.961512181827694
1.961512181827694
1.961512181827694
1.961512181827694
1.961512181827694
1.961512181827694
2.7555929590231694
2.7555929590231694
2.7555929590231694
2.7555929590231694
2.7555929590231694
2.7555929590231694
2.7555929590231694
2.7555929590231694
3.9171044362390193
3.9171044362390193
3.9171044362390193
3.9171044362390193
3.9171044362390193
3.9171044362390193
3.9171044362390193
3.9171044362390193
3.9171044362390193
3.9171044362390193
3.9171044362390193
3.9171044362390193
3.9171044362390193
3.9171044362390193
3.9171044362390193
3.9171044362390193
3.9171044362390193
3.9171044362390193
3.9171044362390193
3.9171044362390193
3.9171044362390193
3.9171044362390193
3.9171044362390193
3.9171044362390193
3.9171044362390193
3.9171044362390193
3.9171044362390193
3.9171044362390193
3.9171044362390193
3.9171044362390193
3.9171044362390193
3.9171044362390193
3.9171044362390193
3.9171044362390193
3.9171044362390193
3.9171044362390193
3.9171044362390193
3.9171044362390193
3.9171044362390193
3.9171044362390193
3.9171044362390193
3.9171044362390193
3.9171044362390193
3.9171044362390193
3.9171044362390193
3.9171044362390193
3.9171044362390193
3.9171044362390193
3.9171044362390193
3.9171044362390193
3.9171044362390193
3.9171044362390193
3.9171044362390193
3.9171044362390193
3.9171044362390193
3.9171044362390193
3.930154604882671
3.930154604882671
3.930154604882671
3.930154604882671
3.930154604882671
3.930154604882671
3.930154604882671
3.930154604882671
3.930154604882671
3.930154604882671
3.930154604882671
3.930154604882671
3.930154604882671
3.930154604882671
3.930154604882671
3.930154604882671
3.930154604882671
3.930154604882671
3.930154604882671
4.044940564123987
4.044940564123987
4.044940564123987
4.061955871010916
4.061955871010916
4.061955871010916
4.061955871010916
4.061955871010916
4.061955871010916
4.061955871010916
4.061955871010916
4.061955871010916
4.061955871010916
4.061955871010916
4.061955871010916
4.061955871010916
4.061955871010916
4.061955871010916
4.061955871010916
4.061955871010916
4.061955871010916
4.061955871010916
4.061955871010916
4.061955871010916
4.061955871010916
4.061955871010916
4.551935661121061
4.551935661121061
4.551935661121061
4.551935661121061
4.551935661121061
4.551935661121061
4.551935661121061
4.551935661121061
4.551935661121061
4.551935661121061
4.551935661121061
4.551935661121061
4.551935661121061
4.551935661121061
4.551935661121061
4.551935661121061
4.551935661121061
4.551935661121061
4.551935661121061
4.551935661121061
4.551935661121061
4.551935661121061
4.551935661121061
4.551935661121061
4.551935661121061
4.551935661121061
4.551935661121061
4.551935661121061
4.551935661121061
4.551935661121061
4.551935661121061
4.551935661121061
4.551935661121061
4.551935661121061
4.551935661121061
4.551935661121061
4.551935661121061
4.551935661121061
4.551935661121061
4.551935661121061
4.551935661121061
4.551935661121061
4.551935661121061
4.551935661121061
4.551935661121061
4.551935661121061
4.551935661121061
4.551935661121061
4.551935661121061
4.551935661121061
4.551935661121061
4.551935661121061
4.551935661121061
4.551935661121061
4.551935661121061
4.551935661121061
4.551935661121061
4.551935661121061
4.551935661121061
4.551935661121061
4.551935661121061
4.551935661121061
4.551935661121061
4.551935661121061
4.551935661121061
4.551935661121061
4.551935661121061
4.551935661121061
4.551935661121061
4.551935661121061
4.551935661121061
4.551935661121061
4.551935661121061
4.551935661121061
4.551935661121061
4.551935661121061
4.551935661121061
4.551935661121061
4.551935661121061
4.551935661121061
4.551935661121061
4.551935661121061
4.551935661121061
4.551935661121061
4.551935661121061
4.551935661121061
4.551935661121061
4.551935661121061
4.551935661121061
4.551935661121061
4.551935661121061
4.551935661121061
4.551935661121061
4.551935661121061
4.551935661121061
4.551935661121061
4.551935661121061
4.551935661121061
4.551935661121061
4.551935661121061
4.551935661121061
4.551935661121061
4.551935661121061
4.551935661121061
4.551935661121061
4.551935661121061
4.551935661121061
4.551935661121061
4.551935661121061
4.551935661121061
4.551935661121061
4.551935661121061
4.551935661121061
4.551935661121061
4.551935661121061
4.551935661121061
4.551935661121061
4.551935661121061
4.551935661121061
4.551935661121061
4.551935661121061
4.551935661121061
4.551935661121061
4.914681382052766
4.914681382052766
4.914681382052766
4.914681382052766
4.986116137324556
4.986116137324556
4.986116137324556
4.986116137324556
4.986116137324556
4.986116137324556
4.986116137324556
4.986116137324556
4.986116137324556
4.986116137324556
4.986116137324556
4.986116137324556
4.986116137324556
4.986116137324556
4.986116137324556
4.986116137324556
4.986116137324556
4.986116137324556
4.986116137324556
4.986116137324556
4.986116137324556
4.986116137324556
4.986116137324556
4.986116137324556
4.986116137324556
5.277748651258537
5.277748651258537
5.277748651258537
5.277748651258537
5.277748651258537
5.277748651258537
5.277748651258537
5.277748651258537
5.277748651258537
5.277748651258537
5.277748651258537
5.277748651258537
5.277748651258537
5.277748651258537
5.277748651258537
5.277748651258537
5.277748651258537
5.277748651258537
5.277748651258537
5.277748651258537
5.277748651258537
5.277748651258537
5.277748651258537
5.277748651258537
5.277748651258537
5.277748651258537
5.277748651258537
5.277748651258537
5.277748651258537
5.277748651258537
5.277748651258537
5.277748651258537
5.277748651258537
5.277748651258537
5.533557566027661
5.533557566027661
5.533557566027661
5.533557566027661
5.533557566027661
5.533557566027661
5.533557566027661
5.533557566027661
5.533557566027661
5.533557566027661
5.533557566027661
5.533557566027661
5.533557566027661
5.533557566027661
5.533557566027661
5.533557566027661
5.533557566027661
5.533557566027661
5.533557566027661
5.533557566027661
5.533557566027661
5.533557566027661
5.533557566027661
5.533557566027661
5.533557566027661
5.533557566027661
5.533557566027661
5.533557566027661
5.533557566027661
5.631645844596428
6.095181135322168
6.095181135322168
6.095181135322168
6.095181135322168
6.095181135322168
6.095181135322168
6.095181135322168
6.095181135322168
6.095181135322168
6.095181135322168
6.095181135322168
6.095181135322168
6.160071707670744
6.160071707670744
6.160071707670744
6.160071707670744
6.160071707670744
6.160071707670744
6.160071707670744
6.160071707670744
6.160071707670744
6.160071707670744
6.160071707670744
6.160071707670744
6.160071707670744
6.21648696500654
6.21648696500654
6.21648696500654
6.21648696500654
6.21648696500654
6.21648696500654
6.21648696500654
6.21648696500654
6.21648696500654
6.21648696500654
6.21648696500654
6.21648696500654
6.21648696500654
6.218443902180958
6.686502136541659
6.817523120950985
6.817523120950985
6.817523120950985
6.817523120950985
6.830228491727276
6.830228491727276
6.830228491727276
6.830228491727276
6.830228491727276
6.830228491727276
6.830228491727276
6.830228491727276
6.830228491727276
6.830228491727276
6.830228491727276
6.830228491727276
6.830228491727276
6.830228491727276
6.830228491727276
6.830228491727276
6.830228491727276
6.830228491727276
6.830228491727276
6.830228491727276
6.830228491727276
6.830228491727276
6.830228491727276
6.830228491727276
6.830228491727276
6.830228491727276
6.830228491727276
6.830228491727276
6.830228491727276
6.830228491727276
6.830228491727276
6.830228491727276
6.830228491727276
6.830228491727276
6.830228491727276
6.830228491727276
6.830228491727276
6.830228491727276
6.830228491727276
6.830228491727276
6.830228491727276
6.830228491727276
6.830228491727276
6.830228491727276
6.830228491727276
6.830228491727276
6.830228491727276
6.830228491727276
6.830228491727276
6.830228491727276
6.830228491727276
6.830228491727276
6.830228491727276
6.830228491727276
6.830228491727276
6.830228491727276
6.830228491727276
6.830228491727276
6.830228491727276
6.830228491727276
6.830228491727276
6.830228491727276
6.830228491727276
6.830228491727276
6.830228491727276
6.830228491727276
6.830228491727276
6.830228491727276
6.830228491727276
6.830228491727276
6.830228491727276
6.830228491727276
6.830228491727276
6.830228491727276
6.830228491727276
6.830228491727276
6.830228491727276
6.830228491727276
6.830228491727276
6.830228491727276
6.830228491727276
6.830228491727276
6.830228491727276
6.830228491727276
6.830228491727276
6.830228491727276
6.830228491727276
6.830228491727276
6.830228491727276
6.830228491727276
6.830228491727276
6.830228491727276
6.830228491727276
8.058549650135179
8.058549650135179
8.058549650135179
8.058549650135179
8.058549650135179
8.058549650135179
8.058549650135179
8.058549650135179
8.058549650135179
8.058549650135179
8.058549650135179
8.058549650135179
8.058549650135179
8.058549650135179
8.058549650135179
8.058549650135179
8.058549650135179
8.058549650135179
8.058549650135179
8.058549650135179
8.058549650135179
8.058549650135179
8.058549650135179
8.058549650135179
8.058549650135179
8.058549650135179
8.058549650135179
8.058549650135179
8.058549650135179
8.058549650135179
8.058549650135179
8.058549650135179
8.058549650135179
8.058549650135179
8.058549650135179
8.058549650135179
8.058549650135179
8.058549650135179
8.058549650135179
8.058549650135179
8.058549650135179
8.058549650135179
8.058549650135179
8.058549650135179
8.058549650135179
8.058549650135179
8.058549650135179
8.058549650135179
8.058549650135179
8.058549650135179
8.058549650135179
8.058549650135179
8.058549650135179
8.058549650135179
8.058549650135179
8.058549650135179
8.058549650135179
8.058549650135179
8.058549650135179
8.058549650135179
8.058549650135179
8.058549650135179
8.058549650135179
8.058549650135179
8.058549650135179
8.058549650135179
8.058549650135179
8.058549650135179
8.058549650135179
8.058549650135179
8.058549650135179
8.058549650135179
8.058549650135179
8.058549650135179
8.058549650135179
8.058549650135179
8.058549650135179
8.058549650135179
8.058549650135179
8.058549650135179
8.058549650135179
8.058549650135179
8.058549650135179
8.058549650135179
8.058549650135179
8.058549650135179
8.058549650135179
8.058549650135179
8.058549650135179
8.058549650135179
8.058549650135179
8.058549650135179
8.058549650135179
8.058549650135179
8.058549650135179
8.058549650135179
8.058549650135179
8.058549650135179
8.058549650135179
8.058549650135179
8.058549650135179
8.058549650135179
8.058549650135179
8.058549650135179
8.058549650135179
8.058549650135179
8.058549650135179
8.058549650135179
8.058549650135179
8.058549650135179
8.058549650135179
8.058549650135179
8.058549650135179
8.058549650135179
8.058549650135179
8.058549650135179
8.058549650135179
8.058549650135179
8.058549650135179
8.058549650135179
8.058549650135179
8.058549650135179
8.058549650135179
8.058549650135179
8.058549650135179
8.058549650135179
8.058549650135179
8.058549650135179
8.058549650135179
8.058549650135179
8.058549650135179
8.058549650135179
8.058549650135179
8.058549650135179
8.058549650135179
8.058549650135179
8.058549650135179
8.058549650135179
8.058549650135179
8.058549650135179
8.058549650135179
8.058549650135179
8.058549650135179
8.058549650135179
8.058549650135179
8.058549650135179
8.058549650135179
8.058549650135179
8.058549650135179
8.058549650135179
8.058549650135179
8.058549650135179
8.058549650135179
8.058549650135179
8.058549650135179
8.058549650135179
8.058549650135179
8.058549650135179
8.058549650135179
8.058549650135179
8.058549650135179
8.058549650135179
8.058549650135179
8.058549650135179
8.058549650135179
8.058549650135179
8.058549650135179
8.058549650135179
8.058549650135179
8.058549650135179
8.058549650135179
8.058549650135179
8.058549650135179
8.058549650135179
8.058549650135179
8.058549650135179
8.058549650135179
8.058549650135179
8.058549650135179
8.058549650135179
8.058549650135179
8.058549650135179
8.058549650135179
8.058549650135179
8.058549650135179
8.058549650135179
8.058549650135179
8.058549650135179
8.058549650135179
8.058549650135179
8.058549650135179
8.058549650135179
8.058549650135179
8.058549650135179
8.058549650135179
8.058549650135179
8.058549650135179
8.058549650135179
8.058549650135179
8.058549650135179
8.058549650135179
8.058549650135179
8.058549650135179
8.058549650135179
8.058549650135179
8.058549650135179
8.058549650135179
8.058549650135179
8.058549650135179
8.058549650135179
8.058549650135179
8.058549650135179
8.058549650135179
8.058549650135179
8.058549650135179
8.058549650135179
8.058549650135179
8.058549650135179
8.058549650135179
8.058549650135179
8.058549650135179
8.058549650135179
8.058549650135179
8.058549650135179
8.058549650135179
8.058549650135179
8.058549650135179
8.058549650135179
8.058549650135179
8.058549650135179
8.058549650135179
8.058549650135179
8.058549650135179
8.058549650135179
8.058549650135179
8.058549650135179
8.058549650135179
8.058549650135179
8.058549650135179
8.058549650135179
8.058549650135179
8.058549650135179
8.058549650135179
8.058549650135179
8.058549650135179
8.058549650135179
8.058549650135179
8.058549650135179
8.058549650135179
8.058549650135179
8.058549650135179
8.058549650135179
8.058549650135179
8.058549650135179
8.058549650135179
8.058549650135179
8.058549650135179
8.058549650135179
8.058549650135179
8.058549650135179
8.058549650135179
8.058549650135179
8.058549650135179
8.058549650135179
8.058549650135179
8.058549650135179
8.058549650135179
8.058549650135179
8.058549650135179
8.058549650135179
8.058549650135179
8.058549650135179
8.058549650135179
8.058549650135179
8.058549650135179
8.058549650135179
8.058549650135179
8.058549650135179
8.058549650135179
8.058549650135179
8.058549650135179
8.058549650135179
8.058549650135179
8.058549650135179
8.058549650135179
8.058549650135179
8.058549650135179
8.058549650135179
8.058549650135179
8.058549650135179
8.058549650135179
8.058549650135179
8.058549650135179
8.058549650135179
8.058549650135179
8.058549650135179
8.058549650135179
8.058549650135179
8.058549650135179
8.058549650135179
8.058549650135179
8.058549650135179
8.058549650135179
8.058549650135179
8.058549650135179
8.058549650135179
8.058549650135179
8.058549650135179
8.058549650135179
8.058549650135179
8.058549650135179
8.058549650135179
8.058549650135179
8.058549650135179
8.058549650135179
8.058549650135179
8.058549650135179
8.058549650135179
8.058549650135179
8.058549650135179
8.058549650135179
8.058549650135179
8.058549650135179
8.058549650135179
8.058549650135179
8.058549650135179
8.058549650135179
8.058549650135179
8.058549650135179
8.058549650135179
8.058549650135179
8.058549650135179
8.058549650135179
8.058549650135179
8.058549650135179
8.058549650135179
8.058549650135179
8.058549650135179
8.058549650135179
8.058549650135179
8.058549650135179
8.058549650135179
8.058549650135179
8.058549650135179
8.058549650135179
8.058549650135179
8.058549650135179
8.058549650135179
8.058549650135179
8.058549650135179
8.058549650135179
8.058549650135179
8.058549650135179
8.058549650135179
8.058549650135179
8.058549650135179
8.058549650135179
8.058549650135179
8.058549650135179
8.058549650135179
8.058549650135179
8.058549650135179
8.058549650135179
8.058549650135179
8.058549650135179
8.058549650135179
8.058549650135179
8.058549650135179
8.058549650135179
8.058549650135179
8.058549650135179
8.058549650135179
8.058549650135179
8.058549650135179
8.058549650135179
8.058549650135179
8.058549650135179
8.058549650135179
8.058549650135179
8.058549650135179
8.058549650135179
8.058549650135179
8.058549650135179
8.058549650135179
8.058549650135179
8.058549650135179
8.058549650135179
8.058549650135179
8.058549650135179
8.058549650135179
8.058549650135179
8.058549650135179
8.058549650135179
8.058549650135179
8.058549650135179
8.058549650135179
8.058549650135179
8.058549650135179
8.058549650135179
8.058549650135179
8.058549650135179
8.058549650135179
8.058549650135179
8.058549650135179
8.058549650135179
8.058549650135179
8.058549650135179
8.058549650135179
8.058549650135179
8.058549650135179
8.058549650135179
8.058549650135179
8.058549650135179
8.058549650135179
8.058549650135179
8.058549650135179
8.058549650135179
8.058549650135179
8.058549650135179
8.058549650135179
8.058549650135179
8.058549650135179
8.058549650135179
8.058549650135179
8.058549650135179
8.058549650135179
8.058549650135179
8.058549650135179
8.058549650135179
8.058549650135179
8.058549650135179
8.058549650135179
8.058549650135179
8.058549650135179
8.058549650135179
8.058549650135179
8.058549650135179
8.058549650135179
8.058549650135179
8.058549650135179
8.058549650135179
8.058549650135179
8.058549650135179
8.058549650135179
8.058549650135179
8.058549650135179
8.058549650135179
8.058549650135179
8.058549650135179
8.058549650135179
8.058549650135179
8.058549650135179
8.058549650135179
8.058549650135179
8.058549650135179
8.058549650135179
8.058549650135179
8.058549650135179
8.058549650135179
8.058549650135179
8.058549650135179
8.058549650135179
8.058549650135179
8.058549650135179
8.058549650135179
8.058549650135179
8.058549650135179
8.058549650135179
8.058549650135179
8.058549650135179
8.058549650135179
8.058549650135179
8.058549650135179
8.058549650135179
8.058549650135179
8.058549650135179
8.058549650135179
8.058549650135179
8.058549650135179
8.058549650135179
8.058549650135179
8.058549650135179
8.058549650135179
8.058549650135179
8.058549650135179
8.058549650135179
8.058549650135179
8.058549650135179
8.058549650135179
8.058549650135179
8.058549650135179
8.058549650135179
8.058549650135179
8.058549650135179
8.058549650135179
8.058549650135179
8.058549650135179
8.058549650135179
8.058549650135179
8.058549650135179
8.058549650135179
8.058549650135179
8.058549650135179
8.058549650135179
8.058549650135179
8.058549650135179
8.058549650135179
8.089028440920554
8.089028440920554
8.089028440920554
8.089028440920554
8.089028440920554
8.089028440920554
8.089028440920554
8.089028440920554
8.089028440920554
8.089028440920554
8.089028440920554
8.089028440920554
8.089028440920554
8.089028440920554
8.089028440920554
8.089028440920554
8.089028440920554
8.089028440920554
8.089028440920554
8.089028440920554
8.089028440920554
8.089028440920554
8.089028440920554
8.089028440920554
8.089028440920554
8.089028440920554
8.089028440920554
8.089028440920554
8.089028440920554
8.089028440920554
8.089028440920554
8.089028440920554
8.089028440920554
8.089028440920554
8.089028440920554
8.089028440920554
8.089028440920554
8.089028440920554
8.089028440920554
8.089028440920554
8.089028440920554
8.089028440920554
8.089028440920554
8.089028440920554
8.089028440920554
8.089028440920554
8.089028440920554
8.089028440920554
8.089028440920554
8.089028440920554
8.089028440920554
8.089028440920554
8.089028440920554
8.089028440920554
8.089028440920554
8.089028440920554
8.089028440920554
8.089028440920554
8.089028440920554
8.089028440920554
8.089028440920554
8.089028440920554
8.089028440920554
8.089028440920554
8.089028440920554
8.089028440920554
8.089028440920554
8.089028440920554
8.089028440920554
8.089028440920554
8.089028440920554
8.089028440920554
8.089028440920554
8.089028440920554
8.089028440920554
8.089028440920554
8.089028440920554
8.089028440920554
8.089028440920554
8.089028440920554
8.089028440920554
8.089028440920554
8.089028440920554
8.089028440920554
8.089028440920554
8.089028440920554
8.089028440920554
8.089028440920554
8.089028440920554
8.089028440920554
8.089028440920554
8.089028440920554
8.089028440920554
8.089028440920554
8.089028440920554
8.089028440920554
8.089028440920554
8.089028440920554
8.089028440920554
8.089028440920554
8.089028440920554
8.089028440920554
8.089028440920554
8.089028440920554
8.089028440920554
8.089028440920554
8.089028440920554
8.089028440920554
8.089028440920554
8.089028440920554
8.089028440920554
8.089028440920554
8.089028440920554
8.089028440920554
8.089028440920554
8.089028440920554
8.089028440920554
8.089028440920554
8.089028440920554
8.089028440920554
8.089028440920554
8.089028440920554
8.089028440920554
8.089028440920554
8.089028440920554
8.089028440920554
8.089028440920554
8.089028440920554
8.089028440920554
8.089028440920554
8.089028440920554
8.089028440920554
8.089028440920554
8.089028440920554
8.089028440920554
8.089028440920554
8.089028440920554
8.089028440920554
8.089028440920554
8.089028440920554
8.089028440920554
8.089028440920554
8.089028440920554
8.089028440920554
8.089028440920554
8.089028440920554
8.089028440920554
8.089028440920554
8.089028440920554
8.089028440920554
8.089028440920554
8.089028440920554
8.089028440920554
8.089028440920554
8.089028440920554
8.089028440920554
8.089028440920554
8.089028440920554
8.089028440920554
8.089028440920554
8.089028440920554
8.089028440920554
8.089028440920554
8.089028440920554
8.089028440920554
8.089028440920554
8.089028440920554
8.089028440920554
8.089028440920554
8.089028440920554
8.089028440920554
8.089028440920554
8.089028440920554
8.089028440920554
8.089028440920554
8.089028440920554
8.089028440920554
8.089028440920554
8.089028440920554
8.089028440920554
8.089028440920554
8.089028440920554
8.089028440920554
8.089028440920554
8.089028440920554
8.089028440920554
8.089028440920554
8.089028440920554
8.089028440920554
8.089028440920554
8.089028440920554
8.089028440920554
8.089028440920554
8.089028440920554
8.089028440920554
8.089028440920554
8.089028440920554
8.089028440920554
8.089028440920554
8.089028440920554
8.089028440920554
8.089028440920554
8.089028440920554
8.089028440920554
8.089028440920554
8.089028440920554
8.089028440920554
8.089028440920554
8.089028440920554
8.089028440920554
8.089028440920554
8.089028440920554
8.089028440920554
8.089028440920554
8.089028440920554
8.089028440920554
8.089028440920554
8.089028440920554
8.089028440920554
8.089028440920554
8.089028440920554
8.089028440920554
8.089028440920554
8.089028440920554
8.089028440920554
8.089028440920554
8.089028440920554
8.089028440920554
8.089028440920554
8.089028440920554
8.089028440920554
8.089028440920554
8.089028440920554
8.089028440920554
8.089028440920554
8.089028440920554
8.089028440920554
8.089028440920554
8.089028440920554
8.089028440920554
8.089028440920554
8.089028440920554
8.089028440920554
8.089028440920554
8.089028440920554
8.089028440920554
8.089028440920554
8.089028440920554
8.089028440920554
8.089028440920554
8.089028440920554
8.089028440920554
8.089028440920554
8.089028440920554
8.089028440920554
8.089028440920554
8.089028440920554
8.089028440920554
8.089028440920554
8.089028440920554
8.089028440920554
8.089028440920554
8.089028440920554
8.089028440920554
8.089028440920554
8.089028440920554
8.089028440920554
8.089028440920554
8.089028440920554
8.089028440920554
8.089028440920554
8.089028440920554
8.089028440920554
8.089028440920554
8.089028440920554
8.089028440920554
8.089028440920554
8.089028440920554
8.089028440920554
8.089028440920554
8.089028440920554
8.089028440920554
8.089028440920554
8.089028440920554
8.089028440920554
8.089028440920554
8.089028440920554
8.089028440920554
8.089028440920554
8.089028440920554
8.089028440920554
8.089028440920554
8.089028440920554
8.089028440920554
8.089028440920554
8.089028440920554
8.089028440920554
8.089028440920554
8.089028440920554
8.089028440920554
8.089028440920554
8.089028440920554
8.089028440920554
8.089028440920554
8.089028440920554
8.089028440920554
8.089028440920554
8.089028440920554
8.089028440920554
8.089028440920554
8.089028440920554
8.089028440920554
8.089028440920554
8.089028440920554
8.089028440920554
8.089028440920554
8.089028440920554
8.089028440920554
8.089028440920554
8.089028440920554
8.089028440920554
8.089028440920554
8.089028440920554
8.089028440920554
8.089028440920554
8.089028440920554
8.089028440920554
8.089028440920554
8.089028440920554
8.089028440920554
8.089028440920554
8.089028440920554
8.089028440920554
8.089028440920554
8.089028440920554
8.089028440920554
8.089028440920554
8.089028440920554
8.089028440920554
8.089028440920554
8.089028440920554
8.089028440920554
8.089028440920554
8.089028440920554
8.089028440920554
8.089028440920554
8.089028440920554
8.089028440920554
8.089028440920554
8.089028440920554
8.089028440920554
8.089028440920554
8.089028440920554
8.089028440920554
8.089028440920554
8.089028440920554
8.089028440920554
8.089028440920554
8.089028440920554
8.089028440920554
8.089028440920554
8.089028440920554
8.089028440920554
8.089028440920554
8.089028440920554
8.089028440920554
8.089028440920554
8.089028440920554
8.089028440920554
8.089028440920554
8.089028440920554
8.089028440920554
8.089028440920554
8.089028440920554
8.089028440920554
8.089028440920554
8.089028440920554
8.089028440920554
8.089028440920554
8.089028440920554
8.089028440920554
8.089028440920554
8.089028440920554
8.089028440920554
8.089028440920554
8.089028440920554
8.089028440920554
8.089028440920554
8.089028440920554
8.089028440920554
8.089028440920554
8.089028440920554
8.089028440920554
8.089028440920554
8.089028440920554
8.089028440920554
8.089028440920554
8.089028440920554
8.089028440920554
8.089028440920554
8.089028440920554
8.089028440920554
8.089028440920554
8.089028440920554
8.089028440920554
8.089028440920554
8.089028440920554
8.089028440920554
8.089028440920554
8.089028440920554
8.089028440920554
8.089028440920554
8.089028440920554
8.089028440920554
8.089028440920554
8.089028440920554
8.089028440920554
8.089028440920554
8.089028440920554
8.089028440920554
8.089028440920554
8.089028440920554
8.089028440920554
8.089028440920554
8.089028440920554
8.089028440920554
8.089028440920554
8.089028440920554
8.089028440920554
8.089028440920554
8.089028440920554
8.089028440920554
8.089028440920554
8.089028440920554
8.089028440920554
8.089028440920554
8.089028440920554
8.089028440920554
8.089028440920554
8.089028440920554
8.089028440920554
8.089028440920554
8.089028440920554
8.089028440920554
8.089028440920554
8.089028440920554
8.089028440920554
8.089028440920554
8.089028440920554
8.089028440920554
8.089028440920554
8.089028440920554
8.089028440920554
8.089028440920554
8.089028440920554
8.089028440920554
8.089028440920554
8.089028440920554
8.089028440920554
8.089028440920554
8.089028440920554
8.089028440920554
8.089028440920554
8.089028440920554
8.089028440920554
8.089028440920554
8.089028440920554
8.089028440920554
8.089028440920554
8.089028440920554
8.089028440920554
8.089028440920554
8.089028440920554
8.089028440920554
8.089028440920554
8.089028440920554
8.089028440920554
8.089028440920554
8.089028440920554
8.089028440920554
8.089028440920554
8.089028440920554
8.089028440920554
8.089028440920554
8.089028440920554
8.089028440920554
8.089028440920554
8.089028440920554
8.089028440920554
8.089028440920554
8.089028440920554
8.089028440920554
8.089028440920554
8.089028440920554
8.089028440920554
8.089028440920554
8.089028440920554
8.089028440920554
8.089028440920554
8.089028440920554
8.089028440920554
8.089028440920554
8.089028440920554
8.089028440920554
8.089028440920554
8.089028440920554
8.089028440920554
8.089028440920554
8.089028440920554
8.089028440920554
8.089028440920554
8.089028440920554
8.089028440920554
8.089028440920554
8.089028440920554
8.089028440920554
8.089028440920554
8.089028440920554
8.089028440920554
8.089028440920554
8.089028440920554
8.089028440920554
8.089028440920554
8.089028440920554
8.089028440920554
8.089028440920554
8.089028440920554
8.089028440920554
8.089028440920554
8.089028440920554
8.089028440920554
8.089028440920554
8.089028440920554
8.089028440920554
8.089028440920554
8.089028440920554
8.089028440920554
8.089028440920554
8.089028440920554
8.089028440920554
8.089028440920554
8.089028440920554
8.089028440920554
8.089028440920554
8.089028440920554
8.089028440920554
8.089028440920554
8.089028440920554
8.089028440920554
8.089028440920554
8.089028440920554
8.089028440920554
8.089028440920554
8.089028440920554
8.089028440920554
8.089028440920554
8.089028440920554
8.089028440920554
8.089028440920554
8.089028440920554
8.089028440920554
8.089028440920554
8.089028440920554
8.089028440920554
8.089028440920554
8.089028440920554
8.089028440920554
8.089028440920554
8.089028440920554
8.089028440920554
8.089028440920554
8.089028440920554
8.089028440920554
8.089028440920554
8.089028440920554
8.089028440920554
8.089028440920554
8.089028440920554
8.089028440920554
8.089028440920554
8.089028440920554
8.089028440920554
8.089028440920554
8.089028440920554
8.089028440920554
8.089028440920554
8.089028440920554
8.089028440920554
8.089028440920554
8.089028440920554
8.089028440920554
8.089028440920554
8.089028440920554
8.089028440920554
8.089028440920554
8.089028440920554
8.089028440920554
8.089028440920554
8.089028440920554
8.089028440920554
8.089028440920554
8.089028440920554
8.089028440920554
8.089028440920554
8.089028440920554
8.089028440920554
8.089028440920554
8.089028440920554
8.089028440920554
8.089028440920554
8.089028440920554
8.089028440920554
8.089028440920554
8.089028440920554
8.089028440920554
8.089028440920554
8.089028440920554
8.089028440920554
8.089028440920554
8.089028440920554
8.089028440920554
8.089028440920554
8.089028440920554
8.089028440920554
8.089028440920554
8.089028440920554
8.089028440920554
8.089028440920554
8.089028440920554
8.089028440920554
8.089028440920554
8.089028440920554
8.089028440920554
8.089028440920554
8.089028440920554
8.089028440920554
8.089028440920554
8.089028440920554
8.089028440920554
8.089028440920554
8.089028440920554
8.089028440920554
8.089028440920554
8.089028440920554
8.089028440920554
8.089028440920554
8.089028440920554
8.089028440920554
8.089028440920554
8.089028440920554
8.089028440920554
8.089028440920554
8.089028440920554
8.089028440920554
8.089028440920554
8.089028440920554
8.089028440920554
8.089028440920554
8.089028440920554
8.089028440920554
8.089028440920554
8.089028440920554
8.089028440920554
8.089028440920554
8.089028440920554
8.089028440920554
8.089028440920554
8.089028440920554
8.089028440920554
8.089028440920554
8.089028440920554
8.089028440920554
8.089028440920554
8.089028440920554
8.089028440920554
8.089028440920554
8.089028440920554
8.089028440920554
8.089028440920554
8.089028440920554
8.089028440920554
8.089028440920554
8.089028440920554
8.089028440920554
8.089028440920554
8.089028440920554
8.089028440920554
8.089028440920554
8.089028440920554
8.089028440920554
8.089028440920554
8.089028440920554
8.089028440920554
8.089028440920554
8.089028440920554
8.089028440920554
8.089028440920554
8.089028440920554
8.089028440920554
8.089028440920554
8.089028440920554
8.089028440920554
8.089028440920554
8.089028440920554
8.089028440920554
8.089028440920554
8.089028440920554
8.089028440920554
8.089028440920554
8.089028440920554
8.089028440920554
8.089028440920554
8.089028440920554
8.089028440920554
8.089028440920554
8.089028440920554
8.089028440920554
8.089028440920554
8.089028440920554
8.089028440920554
8.089028440920554
8.089028440920554
8.089028440920554
8.089028440920554
8.089028440920554
8.089028440920554
8.089028440920554
8.089028440920554
8.089028440920554
8.089028440920554
8.089028440920554
8.089028440920554
8.089028440920554
8.089028440920554
8.089028440920554
8.089028440920554
8.089028440920554
8.089028440920554
8.089028440920554
8.089028440920554
8.089028440920554
8.089028440920554
8.089028440920554
8.089028440920554
8.089028440920554
8.089028440920554
8.089028440920554
8.089028440920554
8.089028440920554
8.089028440920554
8.089028440920554
8.089028440920554
8.089028440920554
8.089028440920554
8.089028440920554
8.089028440920554
8.089028440920554
8.089028440920554
8.089028440920554
8.147618541020062
8.147618541020062
8.147618541020062
8.147618541020062
8.147618541020062
8.147618541020062
8.147618541020062
8.147618541020062
8.147618541020062
8.147618541020062
8.147618541020062
8.147618541020062
8.147618541020062
8.147618541020062
8.147618541020062
8.147618541020062
8.147618541020062
8.147618541020062
8.147618541020062
8.147618541020062
8.147618541020062
8.147618541020062
8.147618541020062
8.147618541020062
8.147618541020062
8.147618541020062
8.147618541020062
8.147618541020062
8.147618541020062
8.147618541020062
8.147618541020062
8.147618541020062
8.147618541020062
8.147618541020062
8.147618541020062
8.147618541020062
8.147618541020062
8.147618541020062
8.147618541020062
8.147618541020062
8.147618541020062
8.147618541020062
8.147618541020062
8.147618541020062
8.147618541020062
8.147618541020062
8.147618541020062
8.147618541020062
8.147618541020062
8.147618541020062
8.147618541020062
8.147618541020062
8.147618541020062
8.147618541020062
8.147618541020062
8.147618541020062
8.147618541020062
8.147618541020062
8.147618541020062
8.147618541020062
8.147618541020062
8.147618541020062
8.147618541020062
8.147618541020062
8.147618541020062
8.147618541020062
8.167948497863971
8.167948497863971
8.167948497863971
8.167948497863971
8.167948497863971
8.167948497863971
8.167948497863971
8.167948497863971
8.167948497863971
8.167948497863971
8.167948497863971
8.167948497863971
8.167948497863971
8.167948497863971
8.167948497863971
8.167948497863971
8.167948497863971
8.167948497863971
8.167948497863971
8.167948497863971
8.167948497863971
8.167948497863971
8.167948497863971
8.167948497863971
8.167948497863971
8.167948497863971
8.167948497863971
8.167948497863971
8.167948497863971
8.167948497863971
8.167948497863971
8.167948497863971
8.167948497863971
8.167948497863971
8.167948497863971
8.167948497863971
8.167948497863971
8.167948497863971
8.167948497863971
8.167948497863971
8.167948497863971
8.167948497863971
8.167948497863971
8.167948497863971
8.167948497863971
8.167948497863971
8.167948497863971
8.167948497863971
8.167948497863971
8.167948497863971
8.167948497863971
8.167948497863971
8.167948497863971
8.167948497863971
8.167948497863971
8.167948497863971
8.167948497863971
8.167948497863971
8.167948497863971
8.167948497863971
8.167948497863971
8.167948497863971
8.167948497863971
8.167948497863971
8.167948497863971
8.167948497863971
8.167948497863971
8.167948497863971
8.167948497863971
8.167948497863971
8.167948497863971
8.167948497863971
8.167948497863971
8.167948497863971
8.167948497863971
8.167948497863971
8.167948497863971
8.167948497863971
8.167948497863971
8.167948497863971
8.167948497863971
8.167948497863971
8.167948497863971
8.167948497863971
8.167948497863971
8.167948497863971
8.167948497863971
8.167948497863971
8.167948497863971
8.167948497863971
8.167948497863971
8.167948497863971
8.167948497863971
8.167948497863971
8.167948497863971
8.167948497863971
8.167948497863971
8.167948497863971
8.167948497863971
8.167948497863971
8.167948497863971
8.167948497863971
8.167948497863971
8.167948497863971
8.167948497863971
8.167948497863971
8.167948497863971
8.167948497863971
8.167948497863971
8.167948497863971
8.167948497863971
8.167948497863971
8.167948497863971
8.167948497863971
8.167948497863971
8.167948497863971
8.167948497863971
8.167948497863971
8.167948497863971
8.167948497863971
8.167948497863971
8.167948497863971
8.167948497863971
8.167948497863971
8.167948497863971
8.167948497863971
8.167948497863971
8.167948497863971
8.167948497863971
8.167948497863971
8.167948497863971
8.167948497863971
8.167948497863971
8.167948497863971
8.167948497863971
8.167948497863971
8.167948497863971
8.167948497863971
8.167948497863971
8.167948497863971
8.167948497863971
8.167948497863971
8.167948497863971
8.167948497863971
8.167948497863971
8.167948497863971
8.167948497863971
8.167948497863971
8.167948497863971
8.167948497863971
8.167948497863971
8.167948497863971
8.167948497863971
8.167948497863971
8.167948497863971
8.167948497863971
8.167948497863971
8.167948497863971
8.167948497863971
8.167948497863971
8.167948497863971
Score: 8.167948497863971
Runtime: 640ms
