2.789533495547198E-4
2.789533495547198E-4
0.0019059297111588898
0.0019059297111588898
0.0019059297111588898
0.16638352011584706
0.16638352011584706
0.16638352011584706
0.16638352011584706
0.16638352011584706
0.4951630821676324
0.4951630821676324
0.4951630821676324
0.6609948703049805
0.6609948703049805
0.6609948703049805
0.6609948703049805
0.6609948703049805
0.6609948703049805
0.6609948703049805
0.6609948703049805
0.6609948703049805
0.7645146791639499
0.9218004909737892
0.9218004909737892
0.9218004909737892
0.9218004909737892
0.9218004909737892
0.9218004909737892
1.2845640049238036
1.2845640049238036
1.2845640049238036
1.2845640049238036
1.2845640049238036
1.2845640049238036
1.2845640049238036
1.2845640049238036
1.2977315032362462
1.5069450572126875
1.7007288041236155
2.361788848890954
2.5823171436295533
3.025816554059695
3.025816554059695
3.025816554059695
3.025816554059695
3.025816554059695
3.025816554059695
3.025816554059695
3.025816554059695
3.419411269977135
3.419411269977135
3.419411269977135
3.419411269977135
3.419411269977135
3.419411269977135
3.419411269977135
3.419411269977135
3.419411269977135
3.419411269977135
3.667505411014873
3.667505411014873
3.667505411014873
3.667505411014873
3.667505411014873
3.667505411014873
3.667505411014873
4.176276106822637
4.176276106822637
4.176276106822637
4.176276106822637
4.176276106822637
4.176276106822637
4.176276106822637
4.176276106822637
4.176276106822637
4.176276106822637
5.213929519915875
5.213929519915875
5.213929519915875
5.213929519915875
5.213929519915875
5.213929519915875
5.213929519915875
5.213929519915875
5.213929519915875
5.213929519915875
5.213929519915875
5.213929519915875
5.213929519915875
5.213929519915875
5.213929519915875
5.213929519915875
5.213929519915875
5.213929519915875
5.213929519915875
5.213929519915875
5.213929519915875
5.213929519915875
5.213929519915875
5.213929519915875
5.213929519915875
5.213929519915875
5.213929519915875
5.213929519915875
5.213929519915875
5.213929519915875
5.214063940730075
5.352609910827634
5.352609910827634
5.954914045977494
5.954914045977494
5.954914045977494
5.954914045977494
5.954914045977494
5.954914045977494
5.954914045977494
5.954914045977494
5.954914045977494
5.954914045977494
6.595255170579639
6.595255170579639
6.595255170579639
6.595255170579639
6.595255170579639
6.595255170579639
6.595255170579639
6.595255170579639
6.987408931830599
6.987408931830599
6.987408931830599
6.987408931830599
6.987408931830599
6.987408931830599
6.987408931830599
6.987408931830599
6.987408931830599
6.987408931830599
6.987408931830599
6.987408931830599
6.987408931830599
6.987408931830599
7.424880401219128
7.424880401219128
7.424880401219128
7.424880401219128
7.424880401219128
7.424880401219128
7.424880401219128
7.424880401219128
7.424880401219128
7.424880401219128
7.424880401219128
7.424880401219128
7.424880401219128
7.424880401219128
7.424880401219128
7.424880401219128
7.424880401219128
7.424880401219128
7.424880401219128
7.424880401219128
7.424880401219128
7.424880401219128
7.424880401219128
7.424880401219128
7.424880401219128
7.424880401219128
7.919217035341162
7.919217035341162
7.919217035341162
7.919217035341162
7.919217035341162
7.919217035341162
7.919217035341162
7.919217035341162
7.919217035341162
7.919217035341162
7.919217035341162
7.919217035341162
7.919217035341162
7.919217035341162
7.919217035341162
7.919217035341162
7.919217035341162
7.919217035341162
7.919217035341162
7.919217035341162
7.919217035341162
7.919217035341162
7.919217035341162
7.919217035341162
7.919217035341162
7.919217035341162
7.919217035341162
7.919217035341162
7.919217035341162
7.919217035341162
7.945272086711688
7.945272086711688
7.945272086711688
7.945272086711688
7.945272086711688
7.945272086711688
8.269941702012781
8.269941702012781
8.269941702012781
8.269941702012781
8.269941702012781
8.269941702012781
8.269941702012781
8.269941702012781
8.269941702012781
8.269941702012781
8.269941702012781
8.269941702012781
8.269941702012781
8.269941702012781
8.269941702012781
8.269941702012781
8.269941702012781
8.269941702012781
8.269941702012781
8.269941702012781
8.269941702012781
8.269941702012781
8.269941702012781
8.269941702012781
8.269941702012781
8.269941702012781
8.269941702012781
8.269941702012781
8.269941702012781
8.269941702012781
8.269941702012781
8.269941702012781
8.269941702012781
8.269941702012781
8.269941702012781
8.269941702012781
8.269941702012781
8.269941702012781
8.269941702012781
8.269941702012781
8.269941702012781
8.269941702012781
8.269941702012781
8.269941702012781
8.269941702012781
8.269941702012781
8.269941702012781
8.269941702012781
8.269941702012781
8.269941702012781
8.269941702012781
8.269941702012781
8.269941702012781
8.269941702012781
8.269941702012781
8.269941702012781
8.513744164426965
8.513744164426965
8.513744164426965
8.513744164426965
8.513744164426965
8.513744164426965
8.513744164426965
8.513744164426965
8.513744164426965
8.513744164426965
8.513744164426965
8.513744164426965
8.513744164426965
8.513744164426965
8.513744164426965
8.513744164426965
8.513744164426965
8.513744164426965
8.513744164426965
8.513744164426965
8.513744164426965
8.513744164426965
8.513744164426965
8.513744164426965
8.513744164426965
8.513744164426965
8.513744164426965
8.513744164426965
8.513744164426965
8.513744164426965
8.513744164426965
8.513744164426965
8.513744164426965
8.513744164426965
8.513744164426965
8.513744164426965
8.513744164426965
8.513744164426965
8.513744164426965
8.513744164426965
8.513744164426965
8.513744164426965
8.513744164426965
8.513744164426965
8.513744164426965
8.513744164426965
8.513744164426965
8.513744164426965
8.513744164426965
8.513744164426965
8.513744164426965
8.513744164426965
8.513744164426965
8.513744164426965
8.513744164426965
8.513744164426965
8.513744164426965
8.513744164426965
8.513744164426965
8.513744164426965
8.513744164426965
8.513744164426965
8.513744164426965
8.513744164426965
8.513744164426965
8.513744164426965
8.513744164426965
8.513744164426965
8.513744164426965
8.513744164426965
8.513744164426965
8.513744164426965
8.513744164426965
8.513744164426965
8.513744164426965
8.513744164426965
8.513744164426965
8.513744164426965
8.513744164426965
8.513744164426965
8.513744164426965
8.513744164426965
8.513744164426965
8.513744164426965
8.513744164426965
8.513744164426965
8.513744164426965
8.513744164426965
8.513744164426965
8.513744164426965
8.513744164426965
8.513744164426965
8.517729932666926
8.517729932666926
8.517729932666926
8.517729932666926
8.517729932666926
8.517729932666926
8.517729932666926
8.517729932666926
8.517729932666926
8.517729932666926
8.517729932666926
8.517729932666926
8.517729932666926
8.517729932666926
8.517729932666926
8.517729932666926
8.517729932666926
8.517729932666926
8.551641004865852
8.551641004865852
8.551641004865852
8.551641004865852
8.551641004865852
8.551641004865852
8.551641004865852
8.551641004865852
8.551641004865852
8.551641004865852
8.551641004865852
8.551641004865852
8.551641004865852
8.551641004865852
8.621740194809464
8.621740194809464
8.621740194809464
8.621740194809464
8.621740194809464
8.621740194809464
8.621740194809464
8.621740194809464
8.621740194809464
8.621740194809464
8.621740194809464
8.950859281128764
8.950859281128764
8.950859281128764
8.950859281128764
8.950859281128764
8.950859281128764
8.950859281128764
8.950859281128764
8.950859281128764
8.950859281128764
8.950859281128764
8.950859281128764
8.950859281128764
8.950859281128764
8.950859281128764
8.950859281128764
8.950859281128764
8.950859281128764
8.950859281128764
8.950859281128764
8.950859281128764
8.950859281128764
8.950859281128764
8.950859281128764
8.950859281128764
8.970880823086352
8.970880823086352
8.970880823086352
8.970880823086352
8.970880823086352
8.970880823086352
8.970880823086352
8.970880823086352
8.970880823086352
8.970880823086352
8.970880823086352
8.970880823086352
8.970880823086352
8.970880823086352
8.970880823086352
8.970880823086352
9.021054125433912
9.021054125433912
9.021054125433912
9.021054125433912
9.021054125433912
9.021054125433912
9.021054125433912
9.021054125433912
9.021054125433912
9.021054125433912
9.021054125433912
9.021054125433912
9.021054125433912
9.021054125433912
9.021054125433912
9.118605862160718
9.126058443788864
9.126058443788864
9.126058443788864
9.126058443788864
9.126058443788864
9.126058443788864
9.126058443788864
9.126058443788864
9.126058443788864
9.126058443788864
9.126058443788864
9.126058443788864
9.126058443788864
9.126058443788864
9.126058443788864
9.126058443788864
9.126058443788864
9.126058443788864
9.126058443788864
9.126058443788864
9.126058443788864
9.126058443788864
9.353644221966949
9.353644221966949
9.353644221966949
9.353644221966949
9.353644221966949
9.353644221966949
9.353644221966949
9.353644221966949
9.353644221966949
9.353644221966949
9.353644221966949
9.353644221966949
9.353644221966949
9.353644221966949
9.353644221966949
9.353644221966949
9.353644221966949
9.353644221966949
9.353644221966949
9.353644221966949
9.353644221966949
9.353644221966949
9.353644221966949
9.353644221966949
9.353644221966949
9.353644221966949
9.353644221966949
9.353644221966949
9.353644221966949
9.353644221966949
9.353644221966949
9.353644221966949
9.353644221966949
9.353644221966949
9.353644221966949
9.353644221966949
9.353644221966949
9.353644221966949
9.353644221966949
9.461943058335198
9.461943058335198
9.461943058335198
9.461943058335198
9.461943058335198
9.461943058335198
9.461943058335198
9.461943058335198
9.461943058335198
9.461943058335198
9.461943058335198
9.501121736341444
9.501121736341444
9.501121736341444
9.501121736341444
9.501121736341444
9.501121736341444
9.501121736341444
9.501121736341444
9.501121736341444
9.501121736341444
9.501121736341444
9.501121736341444
9.501121736341444
9.501121736341444
9.501121736341444
9.501121736341444
9.501121736341444
9.501121736341444
9.501121736341444
9.501121736341444
9.501121736341444
9.501121736341444
9.501121736341444
9.501121736341444
9.501121736341444
9.501121736341444
9.501121736341444
9.501121736341444
9.501121736341444
9.501121736341444
9.501121736341444
9.501121736341444
9.501121736341444
9.501121736341444
9.501121736341444
9.501121736341444
9.501121736341444
9.501121736341444
9.501121736341444
9.501121736341444
9.606927505491177
9.606927505491177
9.606927505491177
9.606927505491177
9.606927505491177
9.606927505491177
9.606927505491177
9.606927505491177
9.606927505491177
9.606927505491177
9.606927505491177
9.606927505491177
9.606927505491177
9.606927505491177
9.606927505491177
9.606927505491177
9.606927505491177
9.606927505491177
9.606927505491177
9.606927505491177
9.606927505491177
9.606927505491177
9.606927505491177
9.606927505491177
9.606927505491177
9.606927505491177
9.606927505491177
9.606927505491177
9.606927505491177
9.606927505491177
9.606927505491177
9.606927505491177
9.606927505491177
9.606927505491177
9.659350972023056
9.659350972023056
9.659350972023056
9.659350972023056
9.659350972023056
9.659350972023056
9.659350972023056
9.659350972023056
9.659350972023056
9.659350972023056
9.659350972023056
9.659350972023056
9.659350972023056
9.659350972023056
9.659350972023056
9.659350972023056
9.659350972023056
9.659350972023056
9.659350972023056
9.659350972023056
9.659350972023056
9.659350972023056
9.659350972023056
9.659350972023056
9.659350972023056
9.659350972023056
9.659350972023056
9.659350972023056
9.659350972023056
9.659350972023056
9.659350972023056
9.690968204943225
9.690968204943225
9.690968204943225
9.690968204943225
9.690968204943225
9.690968204943225
9.690968204943225
9.690968204943225
9.690968204943225
9.690968204943225
9.690968204943225
9.690968204943225
9.690968204943225
9.690968204943225
9.690968204943225
9.690968204943225
9.690968204943225
9.690968204943225
9.690968204943225
9.690968204943225
9.690968204943225
9.690968204943225
9.690968204943225
9.690968204943225
9.690968204943225
9.690968204943225
9.690968204943225
9.690968204943225
9.74604918088385
9.74604918088385
9.74604918088385
9.74604918088385
9.74604918088385
9.74604918088385
9.74604918088385
9.74604918088385
9.74604918088385
9.74604918088385
9.74604918088385
9.74604918088385
9.74604918088385
9.74604918088385
9.74604918088385
9.821155448239999
9.821155448239999
9.821155448239999
9.821155448239999
9.821155448239999
9.821155448239999
9.821155448239999
9.821155448239999
9.821155448239999
9.821155448239999
9.821155448239999
9.821155448239999
9.821155448239999
9.821155448239999
9.821155448239999
9.821155448239999
9.821155448239999
9.821155448239999
9.821155448239999
9.821155448239999
9.821155448239999
9.821155448239999
9.821155448239999
9.821155448239999
9.821155448239999
9.821155448239999
9.821155448239999
9.821155448239999
9.821155448239999
9.821155448239999
9.821155448239999
9.821155448239999
9.821155448239999
9.821155448239999
9.821155448239999
9.821155448239999
9.821155448239999
9.821155448239999
9.821155448239999
9.832280879032394
9.832280879032394
9.832280879032394
9.832280879032394
9.832280879032394
9.832280879032394
9.832280879032394
9.832280879032394
9.832280879032394
9.837400945817212
9.837400945817212
9.837400945817212
9.847446793543398
9.847446793543398
9.866650264126127
9.866650264126127
9.866650264126127
9.866650264126127
9.866650264126127
9.866650264126127
9.866650264126127
9.866650264126127
9.866650264126127
9.866650264126127
9.866650264126127
9.866650264126127
9.866650264126127
9.898893143649875
9.898893143649875
9.898893143649875
9.898893143649875
9.898893143649875
9.898893143649875
9.898893143649875
9.898893143649875
9.898893143649875
9.898893143649875
9.898893143649875
9.898893143649875
9.898893143649875
9.898893143649875
9.898893143649875
9.898893143649875
9.898893143649875
9.898893143649875
9.898893143649875
9.898893143649875
9.898893143649875
9.898893143649875
9.898893143649875
9.898893143649875
9.898893143649875
9.898893143649875
9.898893143649875
9.898893143649875
9.898893143649875
9.898893143649875
9.898893143649875
9.898893143649875
9.898893143649875
9.898893143649875
9.898893143649875
9.898893143649875
9.898893143649875
9.898893143649875
9.898893143649875
9.898893143649875
9.898893143649875
9.898893143649875
9.898893143649875
9.898893143649875
9.898893143649875
9.898893143649875
9.898893143649875
9.898893143649875
9.898893143649875
9.898893143649875
9.898893143649875
9.898893143649875
9.898893143649875
9.898893143649875
9.898893143649875
9.898893143649875
9.898893143649875
9.898893143649875
9.898893143649875
9.898893143649875
9.898893143649875
9.898893143649875
9.898893143649875
9.898893143649875
9.898893143649875
9.898893143649875
9.898893143649875
9.898893143649875
9.898893143649875
9.898893143649875
9.898893143649875
9.898893143649875
9.898893143649875
9.898893143649875
9.898893143649875
9.898893143649875
9.898893143649875
9.898893143649875
9.898893143649875
9.898893143649875
9.898893143649875
9.898893143649875
9.898893143649875
9.898893143649875
9.898893143649875
9.898893143649875
9.898893143649875
9.898893143649875
9.898893143649875
9.898893143649875
9.898893143649875
9.898893143649875
9.898893143649875
9.898893143649875
9.898893143649875
9.898893143649875
9.898893143649875
9.898893143649875
9.898893143649875
9.898893143649875
9.898893143649875
9.898893143649875
9.898893143649875
9.898893143649875
9.898893143649875
9.898893143649875
9.898893143649875
9.898893143649875
9.898893143649875
9.898893143649875
9.898893143649875
9.898893143649875
9.898893143649875
9.898893143649875
9.898893143649875
9.898893143649875
9.898893143649875
9.898893143649875
9.898893143649875
9.898893143649875
9.898893143649875
9.898893143649875
9.898893143649875
9.898893143649875
9.898893143649875
9.898893143649875
9.898893143649875
9.898893143649875
9.898893143649875
9.898893143649875
9.898893143649875
9.898893143649875
9.898893143649875
9.898893143649875
9.898893143649875
9.898893143649875
9.898893143649875
9.898893143649875
9.898893143649875
9.898893143649875
9.898893143649875
9.898893143649875
9.898893143649875
9.898893143649875
9.898893143649875
9.898893143649875
9.898893143649875
9.898893143649875
9.898893143649875
9.898893143649875
9.898893143649875
9.898893143649875
9.898893143649875
9.898893143649875
9.898893143649875
9.898893143649875
9.898893143649875
9.898893143649875
9.898893143649875
9.898893143649875
9.898893143649875
9.898893143649875
9.898893143649875
9.898893143649875
9.898893143649875
9.898893143649875
9.898893143649875
9.898893143649875
9.898893143649875
9.898893143649875
9.898893143649875
9.898893143649875
9.898893143649875
9.898893143649875
9.898893143649875
9.898893143649875
9.898893143649875
9.898893143649875
9.898893143649875
9.898893143649875
9.898893143649875
9.898893143649875
9.898893143649875
9.898893143649875
9.898893143649875
9.898893143649875
9.898893143649875
9.898893143649875
9.898893143649875
9.898893143649875
9.898893143649875
9.898893143649875
9.898893143649875
9.898893143649875
9.898893143649875
9.898893143649875
9.898893143649875
9.898893143649875
9.898893143649875
9.898893143649875
9.898893143649875
9.898893143649875
9.898893143649875
9.898893143649875
9.898893143649875
9.898893143649875
9.898893143649875
9.900528769579259
9.900528769579259
9.900528769579259
9.900528769579259
9.900528769579259
9.900528769579259
9.900528769579259
9.900528769579259
9.900528769579259
9.900528769579259
9.900528769579259
9.900528769579259
9.900528769579259
9.900528769579259
9.900528769579259
9.900528769579259
9.900528769579259
9.900528769579259
9.900528769579259
9.900528769579259
9.900528769579259
9.900528769579259
9.900528769579259
9.900528769579259
9.900528769579259
9.900528769579259
9.900528769579259
9.900528769579259
9.900528769579259
9.900528769579259
9.900528769579259
9.900528769579259
9.900528769579259
9.900528769579259
9.900528769579259
9.900528769579259
9.900528769579259
9.900528769579259
9.900528769579259
9.900528769579259
9.900528769579259
9.900528769579259
9.900528769579259
9.900528769579259
9.900528769579259
9.900528769579259
9.900528769579259
9.900528769579259
9.900528769579259
9.900528769579259
9.900528769579259
9.900528769579259
9.900528769579259
9.900528769579259
9.900528769579259
9.900528769579259
9.900528769579259
9.900528769579259
9.900528769579259
9.900528769579259
9.900528769579259
9.91135918453674
9.91135918453674
9.91135918453674
9.91135918453674
9.91135918453674
9.91135918453674
9.936266051455979
9.936266051455979
9.936266051455979
9.936266051455979
9.936266051455979
9.936266051455979
9.936266051455979
9.936266051455979
9.936266051455979
9.936266051455979
9.936266051455979
9.936266051455979
9.936266051455979
9.936266051455979
9.936266051455979
9.936266051455979
9.936266051455979
9.936266051455979
9.936266051455979
9.936266051455979
9.936266051455979
9.936266051455979
9.936266051455979
9.936266051455979
9.936266051455979
9.936266051455979
9.936266051455979
9.936266051455979
9.936266051455979
9.936266051455979
9.936266051455979
9.936266051455979
9.936266051455979
9.936266051455979
9.936266051455979
9.936266051455979
9.936266051455979
9.936266051455979
9.936266051455979
9.936266051455979
9.936266051455979
9.936266051455979
9.936266051455979
9.936266051455979
9.936266051455979
9.936266051455979
9.936266051455979
9.936266051455979
9.936266051455979
9.936266051455979
9.936266051455979
9.936266051455979
9.936266051455979
9.936266051455979
9.936266051455979
9.936266051455979
9.936266051455979
9.936266051455979
9.936266051455979
9.936266051455979
9.936266051455979
9.936266051455979
9.936266051455979
9.936266051455979
9.936266051455979
9.936266051455979
9.936266051455979
9.936266051455979
9.936266051455979
9.936266051455979
9.936266051455979
9.936266051455979
9.936266051455979
9.936266051455979
9.936266051455979
9.936266051455979
9.936266051455979
9.936266051455979
9.936266051455979
9.936266051455979
9.936266051455979
9.936266051455979
9.936266051455979
9.936266051455979
9.936266051455979
9.936266051455979
9.936266051455979
9.936266051455979
9.936266051455979
9.936266051455979
9.936266051455979
9.936266051455979
9.936266051455979
9.936266051455979
9.936266051455979
9.936266051455979
9.936266051455979
9.936266051455979
9.936266051455979
9.936266051455979
9.936266051455979
9.936266051455979
9.936266051455979
9.936266051455979
9.936266051455979
9.936266051455979
9.936266051455979
9.936266051455979
9.936266051455979
9.936266051455979
9.936266051455979
9.936266051455979
9.936266051455979
9.936266051455979
9.936266051455979
9.936266051455979
9.936266051455979
9.936266051455979
9.936266051455979
9.936266051455979
9.936266051455979
9.936266051455979
9.936266051455979
9.936266051455979
9.936266051455979
9.936266051455979
9.936266051455979
9.936266051455979
9.936266051455979
9.936266051455979
9.936266051455979
9.936266051455979
9.936266051455979
9.936266051455979
9.936266051455979
9.936266051455979
9.936266051455979
9.936266051455979
9.936266051455979
9.936266051455979
9.936266051455979
9.936266051455979
9.936266051455979
9.936266051455979
9.936266051455979
9.936266051455979
9.936266051455979
9.936266051455979
9.936266051455979
9.936266051455979
9.936266051455979
9.936266051455979
9.936266051455979
9.936266051455979
9.936266051455979
9.936266051455979
9.936266051455979
9.936266051455979
9.936266051455979
9.936266051455979
9.936266051455979
9.936266051455979
9.936266051455979
9.936266051455979
9.936266051455979
9.936266051455979
9.936266051455979
9.936266051455979
9.936266051455979
9.936266051455979
9.936266051455979
9.936266051455979
9.936266051455979
9.936266051455979
9.936266051455979
9.936266051455979
9.936266051455979
9.936266051455979
9.936266051455979
9.936266051455979
9.936266051455979
9.936266051455979
9.936266051455979
9.936266051455979
9.936266051455979
9.936266051455979
9.936266051455979
9.936266051455979
9.936266051455979
9.936266051455979
9.936266051455979
9.936266051455979
9.936266051455979
9.936266051455979
9.936266051455979
9.936266051455979
9.936266051455979
9.936266051455979
9.936266051455979
9.936266051455979
9.936266051455979
9.936266051455979
9.936266051455979
9.936266051455979
9.936266051455979
9.936266051455979
9.936266051455979
9.936266051455979
9.936266051455979
9.936266051455979
9.936266051455979
9.936266051455979
9.936266051455979
9.936266051455979
9.936266051455979
9.936266051455979
9.936266051455979
9.936266051455979
9.936266051455979
9.936266051455979
9.936266051455979
9.936266051455979
9.936266051455979
9.936266051455979
9.936266051455979
9.936266051455979
9.936266051455979
9.936266051455979
9.936266051455979
9.936266051455979
9.936266051455979
9.936266051455979
9.936266051455979
9.936266051455979
9.936266051455979
9.936266051455979
9.936266051455979
9.936266051455979
9.936266051455979
9.936266051455979
9.936266051455979
9.936266051455979
9.936266051455979
9.936266051455979
9.936266051455979
9.936266051455979
9.936266051455979
9.936266051455979
9.936266051455979
9.936266051455979
9.936266051455979
9.936266051455979
9.936266051455979
9.936266051455979
9.936266051455979
9.936266051455979
9.936266051455979
9.936266051455979
9.936266051455979
9.936266051455979
9.936266051455979
9.936266051455979
9.936266051455979
9.936266051455979
9.936266051455979
9.936266051455979
9.936266051455979
9.936266051455979
9.936266051455979
9.936266051455979
9.936266051455979
9.936266051455979
9.936266051455979
9.936266051455979
9.936266051455979
9.936266051455979
9.936266051455979
9.936266051455979
9.936266051455979
9.936266051455979
9.936266051455979
9.936266051455979
9.936266051455979
9.936266051455979
9.936266051455979
9.936266051455979
9.936266051455979
9.936266051455979
9.936266051455979
9.936266051455979
9.936266051455979
9.936266051455979
9.936266051455979
9.936266051455979
9.936266051455979
9.936266051455979
9.936266051455979
9.936266051455979
9.936266051455979
9.936266051455979
9.936266051455979
9.936266051455979
9.936266051455979
9.936266051455979
9.936266051455979
9.936266051455979
9.936266051455979
9.936266051455979
9.936266051455979
9.936266051455979
9.936266051455979
9.936266051455979
9.936266051455979
9.936266051455979
9.936266051455979
9.936266051455979
9.936266051455979
9.936266051455979
9.936266051455979
9.936266051455979
9.936266051455979
9.936266051455979
9.936266051455979
9.936266051455979
9.936266051455979
9.936266051455979
9.936266051455979
9.936266051455979
9.936266051455979
9.936266051455979
9.936266051455979
9.936266051455979
9.936266051455979
9.936266051455979
9.936266051455979
9.936266051455979
9.936266051455979
9.936266051455979
9.936266051455979
9.936266051455979
9.936266051455979
9.936266051455979
9.936266051455979
9.936266051455979
9.936266051455979
9.936266051455979
9.936266051455979
9.936266051455979
9.936266051455979
9.936266051455979
9.936266051455979
9.936266051455979
9.936266051455979
9.936266051455979
9.936266051455979
9.936266051455979
9.936266051455979
9.936266051455979
9.936266051455979
9.936266051455979
9.936266051455979
9.936266051455979
9.936266051455979
9.936266051455979
9.936266051455979
9.936266051455979
9.936266051455979
9.936266051455979
9.936266051455979
9.936266051455979
9.936266051455979
9.936266051455979
9.936266051455979
9.936266051455979
9.936266051455979
9.936266051455979
9.936266051455979
9.936266051455979
9.936266051455979
9.936266051455979
9.936266051455979
9.936266051455979
9.936266051455979
9.936266051455979
9.936266051455979
9.936266051455979
9.936266051455979
9.936266051455979
9.936266051455979
9.936266051455979
9.936266051455979
9.936266051455979
9.936266051455979
9.936266051455979
9.936266051455979
9.936266051455979
9.936266051455979
9.936266051455979
9.936266051455979
9.936266051455979
9.936266051455979
9.936266051455979
9.936266051455979
9.936266051455979
9.936266051455979
9.936266051455979
9.942722462735183
9.942722462735183
9.942722462735183
9.942722462735183
9.942722462735183
9.942722462735183
9.942722462735183
9.942722462735183
9.942722462735183
9.942722462735183
9.942722462735183
9.942722462735183
9.942722462735183
9.942722462735183
9.942722462735183
9.942722462735183
9.942722462735183
9.942722462735183
9.942722462735183
9.942722462735183
9.942722462735183
9.942722462735183
9.942722462735183
9.942722462735183
9.942722462735183
9.942722462735183
9.942722462735183
9.942722462735183
9.942722462735183
9.942722462735183
9.942722462735183
9.942722462735183
9.942722462735183
9.942722462735183
9.942722462735183
9.942722462735183
9.942722462735183
9.942722462735183
9.942722462735183
9.942722462735183
9.942722462735183
9.942722462735183
9.942722462735183
9.942722462735183
9.942722462735183
9.942722462735183
9.942722462735183
9.942722462735183
9.942722462735183
9.942722462735183
9.942722462735183
9.942722462735183
9.942722462735183
9.942722462735183
9.942722462735183
9.942722462735183
9.942722462735183
9.942722462735183
9.942722462735183
9.942722462735183
9.942722462735183
9.942722462735183
9.942722462735183
9.942722462735183
9.942722462735183
9.942722462735183
9.942722462735183
9.942722462735183
9.942722462735183
9.942722462735183
9.942722462735183
9.942722462735183
9.942722462735183
9.942722462735183
9.942722462735183
9.942722462735183
9.942722462735183
9.942722462735183
9.942722462735183
9.942722462735183
9.942722462735183
9.942722462735183
9.942722462735183
9.942722462735183
9.942722462735183
9.942722462735183
9.942722462735183
9.942722462735183
9.942722462735183
9.942722462735183
9.942722462735183
9.942722462735183
9.942722462735183
9.942722462735183
9.942722462735183
9.942722462735183
9.942722462735183
9.942722462735183
9.942722462735183
9.942722462735183
9.942722462735183
9.942722462735183
9.942722462735183
9.942722462735183
9.942722462735183
9.942722462735183
9.942722462735183
9.942722462735183
9.942722462735183
9.942722462735183
9.943122822997806
9.943122822997806
9.943122822997806
9.943122822997806
9.943122822997806
9.943122822997806
9.943122822997806
9.943122822997806
9.943122822997806
9.943122822997806
9.943122822997806
9.943122822997806
9.943122822997806
9.943122822997806
9.943122822997806
9.943122822997806
9.943122822997806
9.943122822997806
9.943122822997806
9.943122822997806
9.943122822997806
9.943122822997806
9.943122822997806
9.943122822997806
9.943122822997806
9.943122822997806
9.943122822997806
9.943122822997806
9.943122822997806
9.943122822997806
9.943122822997806
9.943122822997806
9.943122822997806
9.943122822997806
9.943122822997806
9.943122822997806
9.943122822997806
9.943122822997806
9.943122822997806
9.943122822997806
9.943122822997806
9.943122822997806
9.943122822997806
9.943122822997806
9.943122822997806
9.943122822997806
9.943122822997806
9.943122822997806
9.943122822997806
9.943122822997806
9.943122822997806
9.943122822997806
9.943122822997806
9.943122822997806
9.943122822997806
9.943122822997806
9.943122822997806
9.943122822997806
9.943122822997806
9.943122822997806
9.943122822997806
9.943122822997806
9.943122822997806
9.943122822997806
9.943122822997806
9.943122822997806
9.943122822997806
9.943122822997806
9.943122822997806
9.943122822997806
9.943122822997806
9.943122822997806
9.943122822997806
9.943122822997806
9.943122822997806
9.943122822997806
9.943122822997806
9.943122822997806
9.943122822997806
9.943122822997806
9.943122822997806
9.943122822997806
9.943122822997806
9.943122822997806
9.943122822997806
9.943122822997806
9.943122822997806
9.943122822997806
9.943122822997806
9.943122822997806
9.943122822997806
9.943122822997806
9.943122822997806
9.943122822997806
9.943122822997806
9.943122822997806
9.943122822997806
9.943122822997806
9.943122822997806
9.943122822997806
9.943122822997806
9.943122822997806
9.943122822997806
9.943122822997806
9.943122822997806
9.943122822997806
9.943122822997806
9.943122822997806
9.943122822997806
9.943122822997806
9.943122822997806
9.943122822997806
9.943122822997806
9.943122822997806
9.943122822997806
9.943122822997806
9.943122822997806
9.943122822997806
9.943122822997806
9.943122822997806
9.943122822997806
9.943122822997806
9.943122822997806
9.943122822997806
9.943122822997806
9.943122822997806
9.943122822997806
9.943122822997806
9.943122822997806
9.943122822997806
9.943122822997806
9.943122822997806
9.943122822997806
9.943122822997806
9.943122822997806
9.943122822997806
9.943122822997806
9.943122822997806
9.943122822997806
9.943122822997806
9.943122822997806
9.943122822997806
9.943122822997806
9.943122822997806
9.943122822997806
9.943122822997806
9.943122822997806
9.943122822997806
9.943122822997806
9.943122822997806
9.943122822997806
9.943122822997806
9.943122822997806
9.943122822997806
9.943122822997806
9.943122822997806
9.943122822997806
9.943122822997806
9.943122822997806
9.943122822997806
9.943122822997806
9.943122822997806
9.943122822997806
9.943122822997806
9.943122822997806
9.943122822997806
9.943122822997806
9.943122822997806
9.943122822997806
9.943122822997806
9.943122822997806
9.943122822997806
9.943122822997806
9.943122822997806
9.943122822997806
9.943122822997806
9.943122822997806
9.943122822997806
9.943122822997806
9.943122822997806
9.943122822997806
9.943122822997806
9.943122822997806
9.943122822997806
9.943122822997806
9.943122822997806
9.943122822997806
9.943122822997806
9.943122822997806
9.943122822997806
9.943122822997806
9.943122822997806
9.943122822997806
9.943122822997806
9.943122822997806
9.943122822997806
9.943122822997806
9.943122822997806
9.943122822997806
9.943122822997806
9.943122822997806
9.943122822997806
9.943122822997806
9.943122822997806
9.943122822997806
9.943122822997806
9.943122822997806
9.943122822997806
9.943122822997806
9.943122822997806
9.943122822997806
9.943122822997806
9.943122822997806
9.943122822997806
9.943122822997806
9.943122822997806
9.943122822997806
9.943122822997806
9.943122822997806
9.943122822997806
9.943122822997806
9.943122822997806
9.943122822997806
9.943122822997806
9.943122822997806
9.943122822997806
9.943122822997806
9.943122822997806
9.943122822997806
9.943122822997806
9.943122822997806
9.943122822997806
9.943122822997806
9.943122822997806
9.943122822997806
9.943122822997806
9.943122822997806
9.943122822997806
9.943122822997806
9.943122822997806
9.943122822997806
9.943122822997806
9.943122822997806
9.943122822997806
9.943122822997806
9.943122822997806
9.943122822997806
9.943122822997806
9.943122822997806
9.943122822997806
9.943122822997806
9.943122822997806
9.943122822997806
9.943122822997806
9.943122822997806
9.943122822997806
9.943122822997806
9.943122822997806
9.943122822997806
9.943122822997806
9.943122822997806
9.943122822997806
9.943122822997806
9.943122822997806
9.943122822997806
9.943122822997806
9.943122822997806
9.943122822997806
9.943122822997806
9.943122822997806
9.943122822997806
9.943122822997806
9.943122822997806
9.943122822997806
9.943122822997806
9.943122822997806
9.943122822997806
9.943122822997806
9.943122822997806
9.943122822997806
9.943122822997806
9.943122822997806
9.943122822997806
9.943122822997806
9.943122822997806
9.943122822997806
9.943122822997806
9.943122822997806
9.943122822997806
9.943122822997806
9.943122822997806
9.943122822997806
9.943122822997806
9.943122822997806
9.943122822997806
9.943122822997806
9.943122822997806
9.943122822997806
9.943122822997806
9.943122822997806
9.943122822997806
9.943122822997806
9.943122822997806
9.943122822997806
9.943122822997806
9.943122822997806
9.943122822997806
9.943122822997806
9.943122822997806
9.943122822997806
9.943122822997806
9.943122822997806
9.943122822997806
9.943122822997806
9.943122822997806
9.943122822997806
9.943122822997806
9.943122822997806
9.943122822997806
9.943122822997806
9.943122822997806
9.943122822997806
9.943122822997806
9.944089489155557
9.944089489155557
9.944089489155557
9.944089489155557
9.944089489155557
9.944089489155557
9.944089489155557
9.944089489155557
9.944089489155557
9.944089489155557
9.944089489155557
9.944089489155557
9.944089489155557
9.944089489155557
9.944089489155557
9.944089489155557
9.944089489155557
9.944089489155557
9.944089489155557
9.944089489155557
9.944089489155557
9.944089489155557
9.944089489155557
9.944089489155557
9.944089489155557
9.944089489155557
9.944089489155557
9.944089489155557
9.944089489155557
9.944089489155557
9.944089489155557
9.944089489155557
9.944089489155557
9.944089489155557
9.944089489155557
9.944089489155557
9.944089489155557
9.944089489155557
9.944089489155557
9.944089489155557
9.944089489155557
9.944089489155557
9.944089489155557
9.944089489155557
9.944089489155557
9.944089489155557
9.944089489155557
9.944089489155557
9.944089489155557
9.944089489155557
9.944089489155557
9.944089489155557
9.944089489155557
9.944089489155557
9.944089489155557
9.944089489155557
9.944089489155557
9.944089489155557
9.944089489155557
9.944089489155557
9.944089489155557
9.944089489155557
9.944089489155557
9.944089489155557
9.944089489155557
9.944089489155557
9.944089489155557
9.944089489155557
9.944089489155557
9.944089489155557
9.944089489155557
9.944089489155557
9.944089489155557
9.944089489155557
9.944089489155557
9.944089489155557
9.944089489155557
9.944089489155557
9.944089489155557
9.944089489155557
9.944089489155557
9.944089489155557
9.944089489155557
9.944089489155557
9.944089489155557
9.944993880032452
9.944993880032452
9.944993880032452
9.944993880032452
9.944993880032452
9.944993880032452
9.944993880032452
9.944993880032452
9.944993880032452
9.944993880032452
9.946183229461381
9.946183229461381
9.946183229461381
9.946183229461381
9.946183229461381
9.946183229461381
9.946183229461381
9.946183229461381
9.946183229461381
9.946183229461381
9.946183229461381
9.946183229461381
9.946183229461381
9.946183229461381
9.946183229461381
9.946183229461381
9.946183229461381
9.946183229461381
9.946183229461381
9.946183229461381
9.946183229461381
9.946183229461381
9.946183229461381
9.946183229461381
9.946183229461381
9.946183229461381
9.946183229461381
9.946183229461381
9.946183229461381
9.946183229461381
9.946183229461381
9.946183229461381
9.946183229461381
9.955340937527344
9.955340937527344
9.955340937527344
9.955340937527344
9.955340937527344
9.955340937527344
9.955340937527344
9.955340937527344
9.955340937527344
9.955340937527344
9.955340937527344
9.955340937527344
9.955340937527344
9.955340937527344
9.955340937527344
9.955340937527344
9.955340937527344
9.955340937527344
9.955340937527344
Score: 9.955340937527344
Runtime: 678ms
