7.217120811826526E-9
8.517689534596169E-8
2.116391473233371E-6
2.116391473233371E-6
5.0653118250995155E-5
5.0653118250995155E-5
5.0653118250995155E-5
5.68352809991484E-4
8.986126353360024E-4
0.05473802611349021
0.05473802611349021
0.13763360348350848
0.13763360348350848
0.13763360348350848
0.13763360348350848
0.13763360348350848
0.13763360348350848
0.13763360348350848
0.13763360348350848
0.13763360348350848
0.13763360348350848
0.13763360348350848
0.13763360348350848
0.13763360348350848
0.13763360348350848
0.13763360348350848
0.5201679959064974
0.5201679959064974
0.5201679959064974
0.5201679959064974
0.5201679959064974
0.5201679959064974
0.5201679959064974
0.6134394725397734
0.6134394725397734
0.6134394725397734
0.6134394725397734
0.6134394725397734
0.6134394725397734
0.6134394725397734
0.6134394725397734
0.6134394725397734
0.6134394725397734
0.6134394725397734
0.6134394725397734
0.6134394725397734
0.6134394725397734
0.6134394725397734
0.6134394725397734
0.6134394725397734
0.6134394725397734
0.778315672828009
0.778315672828009
0.778315672828009
0.778315672828009
0.778315672828009
0.778315672828009
0.778315672828009
0.778315672828009
0.778315672828009
0.778315672828009
0.778315672828009
0.778315672828009
0.782139518420415
0.782139518420415
0.782139518420415
0.8920392055097717
0.9365180618702671
0.9365180618702671
0.9365180618702671
0.9365180618702671
0.9365180618702671
0.9365180618702671
1.6630800587764247
1.6630800587764247
1.6630800587764247
1.6630800587764247
1.6630800587764247
1.8034403465183926
1.8034403465183926
1.8034403465183926
1.8034403465183926
1.8034403465183926
1.8034403465183926
1.8034403465183926
1.8034403465183926
1.8034403465183926
1.8034403465183926
2.053750948403605
2.053750948403605
2.3567098456475493
2.3567098456475493
2.3567098456475493
2.3567098456475493
2.3567098456475493
2.3567098456475493
2.3567098456475493
2.3567098456475493
2.3567098456475493
2.3567098456475493
2.3567098456475493
2.3567098456475493
2.3567098456475493
2.3567098456475493
2.3981648530105653
2.3981648530105653
2.3981648530105653
2.3981648530105653
2.4392177649664433
2.4392177649664433
2.4392177649664433
2.4392177649664433
2.4392177649664433
2.5242165572859987
2.9379276671449546
2.9379276671449546
3.2213612539893806
3.2213612539893806
3.2213612539893806
3.2213612539893806
3.2213612539893806
3.2213612539893806
3.229569680986868
3.229569680986868
3.702525765296646
3.702525765296646
3.702525765296646
3.702525765296646
3.702525765296646
3.702525765296646
3.702525765296646
3.702525765296646
3.702525765296646
3.702525765296646
3.7642837313358886
3.7642837313358886
3.7642837313358886
3.7642837313358886
3.7642837313358886
3.852968253113749
3.852968253113749
3.852968253113749
3.852968253113749
4.305403663274275
4.305403663274275
4.305403663274275
4.385570850537474
4.778719388224601
4.778719388224601
5.03235014916285
5.03235014916285
5.03235014916285
5.03235014916285
5.03235014916285
5.03235014916285
5.03235014916285
5.03235014916285
5.03235014916285
5.03235014916285
5.03235014916285
5.03235014916285
5.03235014916285
5.076562229985813
5.223175923640305
5.223175923640305
5.448196700180055
5.448196700180055
5.448196700180055
5.448196700180055
5.448196700180055
5.448196700180055
5.448196700180055
5.448196700180055
5.581195429745324
5.581195429745324
5.581195429745324
5.581195429745324
5.581195429745324
5.581195429745324
5.581195429745324
5.581195429745324
5.581195429745324
5.581195429745324
5.581195429745324
5.655803020403983
5.655803020403983
5.655803020403983
5.655803020403983
5.655803020403983
5.655803020403983
5.655803020403983
5.655803020403983
5.655803020403983
5.655803020403983
5.655803020403983
5.655803020403983
5.655803020403983
5.655803020403983
5.655803020403983
5.655803020403983
5.655803020403983
5.655803020403983
5.655803020403983
5.751923173855332
5.751923173855332
5.751923173855332
5.751923173855332
5.751923173855332
5.751923173855332
5.751923173855332
5.751923173855332
5.980256812264779
5.980256812264779
5.980256812264779
5.980256812264779
5.980256812264779
5.980256812264779
5.980256812264779
5.980256812264779
5.980256812264779
5.980256812264779
5.980256812264779
5.980256812264779
5.980256812264779
5.980256812264779
5.980256812264779
5.980256812264779
5.980256812264779
5.980256812264779
6.599186003947537
6.599186003947537
6.599186003947537
6.599186003947537
6.599186003947537
6.599186003947537
6.599186003947537
6.599186003947537
6.599186003947537
6.599186003947537
6.599186003947537
6.599186003947537
6.599186003947537
6.599186003947537
6.679137907698247
6.679137907698247
6.679137907698247
6.679137907698247
6.679137907698247
6.679137907698247
6.679137907698247
6.679137907698247
6.679137907698247
6.679137907698247
6.679137907698247
6.679137907698247
6.679137907698247
6.679137907698247
6.679137907698247
7.119384708661977
7.119384708661977
7.119384708661977
7.119384708661977
7.119384708661977
7.119384708661977
7.119384708661977
7.119384708661977
7.119384708661977
7.119384708661977
7.119384708661977
7.119384708661977
7.119384708661977
7.119384708661977
7.119384708661977
7.119384708661977
7.119384708661977
7.119384708661977
7.119384708661977
7.119384708661977
7.119384708661977
7.119384708661977
7.119384708661977
7.119384708661977
7.914908068482761
7.914908068482761
7.914908068482761
7.914908068482761
7.914908068482761
7.914908068482761
7.914908068482761
7.914908068482761
7.914908068482761
7.914908068482761
7.914908068482761
7.914908068482761
7.914908068482761
7.914908068482761
7.914908068482761
7.914908068482761
7.914908068482761
7.914908068482761
7.914908068482761
7.914908068482761
7.914908068482761
7.914908068482761
7.914908068482761
7.914908068482761
7.914908068482761
7.914908068482761
7.914908068482761
7.914908068482761
7.914908068482761
7.914908068482761
7.914908068482761
7.914908068482761
7.914908068482761
7.914908068482761
7.914908068482761
7.914908068482761
7.914908068482761
7.914908068482761
7.914908068482761
7.914908068482761
7.914908068482761
7.914908068482761
7.914908068482761
7.914908068482761
7.914908068482761
7.914908068482761
7.914908068482761
7.914908068482761
7.914908068482761
7.914908068482761
7.914908068482761
7.914908068482761
7.914908068482761
7.914908068482761
7.914908068482761
7.914908068482761
7.914908068482761
7.914908068482761
7.914908068482761
7.914908068482761
7.914908068482761
7.914908068482761
7.914908068482761
7.914908068482761
7.914908068482761
7.914908068482761
7.914908068482761
7.914908068482761
7.914908068482761
7.914908068482761
7.914908068482761
7.914908068482761
7.914908068482761
7.914908068482761
7.914908068482761
7.914908068482761
7.914908068482761
7.914908068482761
7.914908068482761
7.914908068482761
7.914908068482761
7.914908068482761
7.914908068482761
7.914908068482761
7.914908068482761
7.914908068482761
7.914908068482761
7.914908068482761
7.914908068482761
7.914908068482761
7.914908068482761
7.914908068482761
7.914908068482761
7.914908068482761
7.914908068482761
7.914908068482761
7.914908068482761
7.914908068482761
7.914908068482761
7.914908068482761
7.914908068482761
7.914908068482761
7.914908068482761
7.914908068482761
7.914908068482761
7.914908068482761
7.914908068482761
7.914908068482761
7.914908068482761
7.914908068482761
7.914908068482761
7.914908068482761
7.914908068482761
7.914908068482761
7.914908068482761
7.914908068482761
7.914908068482761
7.914908068482761
7.914908068482761
7.914908068482761
7.914908068482761
7.914908068482761
7.914908068482761
7.914908068482761
7.914908068482761
7.914908068482761
7.914908068482761
7.914908068482761
7.914908068482761
7.914908068482761
7.914908068482761
7.914908068482761
7.914908068482761
7.914908068482761
7.914908068482761
7.914908068482761
7.914908068482761
7.914908068482761
7.914908068482761
7.914908068482761
7.914908068482761
7.914908068482761
7.914908068482761
7.914908068482761
7.914908068482761
7.914908068482761
7.914908068482761
7.914908068482761
7.914908068482761
7.914908068482761
7.914908068482761
7.914908068482761
7.914908068482761
7.914908068482761
7.914908068482761
7.914908068482761
7.914908068482761
7.914908068482761
7.914908068482761
7.914908068482761
7.914908068482761
7.914908068482761
7.914908068482761
7.914908068482761
7.914908068482761
7.914908068482761
7.914908068482761
7.914908068482761
7.914908068482761
7.914908068482761
7.914908068482761
7.914908068482761
7.914908068482761
7.914908068482761
7.914908068482761
7.914908068482761
7.914908068482761
7.914908068482761
7.914908068482761
7.914908068482761
7.914908068482761
7.914908068482761
7.914908068482761
7.914908068482761
7.914908068482761
7.914908068482761
7.914908068482761
7.914908068482761
7.914908068482761
7.914908068482761
7.914908068482761
7.914908068482761
7.914908068482761
7.914908068482761
7.914908068482761
7.914908068482761
7.914908068482761
7.914908068482761
7.914908068482761
7.914908068482761
7.914908068482761
7.914908068482761
7.914908068482761
7.914908068482761
7.914908068482761
7.914908068482761
7.914908068482761
7.914908068482761
7.914908068482761
7.914908068482761
7.914908068482761
7.914908068482761
7.914908068482761
7.914908068482761
7.914908068482761
7.914908068482761
7.914908068482761
7.914908068482761
7.914908068482761
7.914908068482761
7.914908068482761
7.914908068482761
7.914908068482761
7.914908068482761
7.914908068482761
7.914908068482761
7.914908068482761
7.914908068482761
7.914908068482761
7.914908068482761
7.914908068482761
7.914908068482761
7.914908068482761
7.914908068482761
7.914908068482761
7.914908068482761
7.914908068482761
7.914908068482761
7.914908068482761
7.914908068482761
7.914908068482761
7.914908068482761
7.914908068482761
7.914908068482761
7.914908068482761
7.914908068482761
7.914908068482761
7.914908068482761
7.914908068482761
7.914908068482761
7.914908068482761
7.914908068482761
7.914908068482761
7.914908068482761
7.914908068482761
7.914908068482761
7.914908068482761
7.914908068482761
7.914908068482761
7.914908068482761
7.914908068482761
7.914908068482761
7.914908068482761
7.914908068482761
7.914908068482761
7.914908068482761
7.914908068482761
7.914908068482761
7.914908068482761
7.914908068482761
7.914908068482761
7.914908068482761
7.914908068482761
7.914908068482761
7.914908068482761
7.914908068482761
7.914908068482761
7.914908068482761
7.914908068482761
7.914908068482761
7.914908068482761
7.914908068482761
7.914908068482761
7.914908068482761
7.914908068482761
7.914908068482761
7.914908068482761
7.914908068482761
7.914908068482761
7.914908068482761
7.914908068482761
7.914908068482761
7.914908068482761
7.914908068482761
7.914908068482761
7.914908068482761
7.914908068482761
7.914908068482761
7.914908068482761
7.914908068482761
7.914908068482761
7.914908068482761
7.914908068482761
7.914908068482761
7.914908068482761
7.914908068482761
7.914908068482761
7.914908068482761
7.914908068482761
7.914908068482761
7.914908068482761
7.914908068482761
7.914908068482761
7.914908068482761
7.914908068482761
7.914908068482761
7.914908068482761
7.914908068482761
7.914908068482761
7.914908068482761
7.914908068482761
7.914908068482761
7.914908068482761
7.914908068482761
7.914908068482761
7.914908068482761
7.914908068482761
7.914908068482761
7.914908068482761
7.914908068482761
7.914908068482761
7.914908068482761
7.914908068482761
7.914908068482761
7.914908068482761
7.914908068482761
7.914908068482761
7.914908068482761
7.914908068482761
7.914908068482761
7.914908068482761
7.914908068482761
7.914908068482761
7.914908068482761
7.914908068482761
7.914908068482761
7.914908068482761
7.914908068482761
7.914908068482761
7.914908068482761
7.914908068482761
7.914908068482761
7.914908068482761
7.914908068482761
7.914908068482761
7.914908068482761
7.914908068482761
7.914908068482761
7.914908068482761
7.914908068482761
7.914908068482761
7.914908068482761
7.914908068482761
7.914908068482761
7.914908068482761
7.914908068482761
7.914908068482761
7.914908068482761
7.914908068482761
7.914908068482761
7.914908068482761
7.914908068482761
7.914908068482761
7.914908068482761
7.914908068482761
7.914908068482761
7.914908068482761
7.914908068482761
7.914908068482761
7.914908068482761
7.914908068482761
7.914908068482761
7.914908068482761
7.914908068482761
7.914908068482761
7.914908068482761
7.914908068482761
7.914908068482761
7.914908068482761
7.914908068482761
8.074934313650937
8.074934313650937
8.074934313650937
8.074934313650937
8.074934313650937
8.074934313650937
8.074934313650937
8.074934313650937
8.074934313650937
8.074934313650937
8.074934313650937
8.074934313650937
8.074934313650937
8.074934313650937
8.074934313650937
8.074934313650937
8.074934313650937
8.074934313650937
8.074934313650937
8.074934313650937
8.074934313650937
8.074934313650937
8.074934313650937
8.074934313650937
8.074934313650937
8.074934313650937
8.074934313650937
8.074934313650937
8.074934313650937
8.074934313650937
8.074934313650937
8.074934313650937
8.074934313650937
8.074934313650937
8.074934313650937
8.074934313650937
8.074934313650937
8.074934313650937
8.074934313650937
8.074934313650937
8.074934313650937
8.074934313650937
8.074934313650937
8.074934313650937
8.074934313650937
8.074934313650937
8.074934313650937
8.074934313650937
8.074934313650937
8.074934313650937
8.074934313650937
8.074934313650937
8.074934313650937
8.074934313650937
8.074934313650937
8.074934313650937
8.074934313650937
8.074934313650937
8.074934313650937
8.074934313650937
8.074934313650937
8.074934313650937
8.074934313650937
8.074934313650937
8.074934313650937
8.074934313650937
8.074934313650937
8.074934313650937
8.074934313650937
8.074934313650937
8.074934313650937
8.074934313650937
8.074934313650937
8.074934313650937
8.074934313650937
8.074934313650937
8.074934313650937
8.074934313650937
8.074934313650937
8.074934313650937
8.074934313650937
8.074934313650937
8.074934313650937
8.074934313650937
8.074934313650937
8.074934313650937
8.074934313650937
8.074934313650937
8.074934313650937
8.074934313650937
8.074934313650937
8.074934313650937
8.074934313650937
8.074934313650937
8.074934313650937
8.074934313650937
8.074934313650937
8.074934313650937
8.074934313650937
8.074934313650937
8.074934313650937
8.074934313650937
8.074934313650937
8.074934313650937
8.074934313650937
8.074934313650937
8.074934313650937
8.074934313650937
8.074934313650937
8.074934313650937
8.074934313650937
8.074934313650937
8.074934313650937
8.074934313650937
8.074934313650937
8.074934313650937
8.074934313650937
8.074934313650937
8.074934313650937
8.074934313650937
8.074934313650937
8.074934313650937
8.074934313650937
8.074934313650937
8.074934313650937
8.074934313650937
8.074934313650937
8.074934313650937
8.074934313650937
8.074934313650937
8.074934313650937
8.074934313650937
8.074934313650937
8.074934313650937
8.074934313650937
8.074934313650937
8.074934313650937
8.074934313650937
8.074934313650937
8.074934313650937
8.074934313650937
8.074934313650937
8.074934313650937
8.074934313650937
8.074934313650937
8.074934313650937
8.074934313650937
8.074934313650937
8.074934313650937
8.074934313650937
8.074934313650937
8.074934313650937
8.074934313650937
8.074934313650937
8.074934313650937
8.074934313650937
8.074934313650937
8.074934313650937
8.074934313650937
8.074934313650937
8.074934313650937
8.074934313650937
8.074934313650937
8.074934313650937
8.074934313650937
8.074934313650937
8.074934313650937
8.074934313650937
8.074934313650937
8.074934313650937
8.074934313650937
8.074934313650937
8.074934313650937
8.074934313650937
8.074934313650937
8.074934313650937
8.074934313650937
8.074934313650937
8.074934313650937
8.074934313650937
8.074934313650937
8.074934313650937
8.074934313650937
8.074934313650937
8.074934313650937
8.074934313650937
8.074934313650937
8.074934313650937
8.074934313650937
8.074934313650937
8.074934313650937
8.074934313650937
8.074934313650937
8.074934313650937
8.074934313650937
8.074934313650937
8.074934313650937
8.074934313650937
8.074934313650937
8.074934313650937
8.074934313650937
8.074934313650937
8.074934313650937
8.074934313650937
8.074934313650937
8.074934313650937
8.074934313650937
8.074934313650937
8.074934313650937
8.074934313650937
8.074934313650937
8.074934313650937
8.074934313650937
8.074934313650937
8.074934313650937
8.074934313650937
8.074934313650937
8.074934313650937
8.074934313650937
8.074934313650937
8.074934313650937
8.074934313650937
8.074934313650937
8.074934313650937
8.074934313650937
8.074934313650937
8.074934313650937
8.074934313650937
8.074934313650937
8.074934313650937
8.074934313650937
8.074934313650937
8.074934313650937
8.074934313650937
8.074934313650937
8.074934313650937
8.074934313650937
8.074934313650937
8.074934313650937
8.074934313650937
8.074934313650937
8.074934313650937
8.074934313650937
8.074934313650937
8.074934313650937
8.074934313650937
8.074934313650937
8.074934313650937
8.074934313650937
8.074934313650937
8.074934313650937
8.074934313650937
8.206919034979599
8.206919034979599
8.206919034979599
8.206919034979599
8.206919034979599
8.206919034979599
8.206919034979599
8.206919034979599
8.206919034979599
8.206919034979599
8.206919034979599
8.206919034979599
8.206919034979599
8.206919034979599
8.206919034979599
8.206919034979599
8.206919034979599
8.206919034979599
8.206919034979599
8.206919034979599
8.206919034979599
8.206919034979599
8.206919034979599
8.206919034979599
8.206919034979599
8.206919034979599
8.206919034979599
8.206919034979599
8.206919034979599
8.206919034979599
8.206919034979599
8.206919034979599
8.206919034979599
8.206919034979599
8.206919034979599
8.206919034979599
8.206919034979599
8.206919034979599
8.206919034979599
8.206919034979599
8.206919034979599
8.206919034979599
8.206919034979599
8.206919034979599
8.206919034979599
8.206919034979599
8.206919034979599
8.206919034979599
8.206919034979599
8.206919034979599
8.206919034979599
8.206919034979599
8.206919034979599
8.206919034979599
8.206919034979599
8.206919034979599
8.206919034979599
8.206919034979599
8.206919034979599
8.206919034979599
8.206919034979599
8.206919034979599
8.206919034979599
8.206919034979599
8.206919034979599
8.206919034979599
8.206919034979599
8.206919034979599
8.206919034979599
8.206919034979599
8.206919034979599
8.206919034979599
8.206919034979599
8.206919034979599
8.206919034979599
8.206919034979599
8.206919034979599
8.206919034979599
8.206919034979599
8.206919034979599
8.206919034979599
8.206919034979599
8.206919034979599
8.206919034979599
8.206919034979599
8.206919034979599
8.206919034979599
8.206919034979599
8.206919034979599
8.206919034979599
8.206919034979599
8.206919034979599
8.206919034979599
8.206919034979599
8.206919034979599
8.206919034979599
8.206919034979599
8.206919034979599
8.206919034979599
8.206919034979599
8.206919034979599
8.206919034979599
8.206919034979599
8.206919034979599
8.206919034979599
8.206919034979599
8.206919034979599
8.206919034979599
8.206919034979599
8.206919034979599
8.206919034979599
8.206919034979599
8.206919034979599
8.206919034979599
8.206919034979599
8.206919034979599
8.206919034979599
8.206919034979599
8.206919034979599
8.206919034979599
8.206919034979599
8.206919034979599
8.206919034979599
8.206919034979599
8.206919034979599
8.206919034979599
8.206919034979599
8.206919034979599
8.206919034979599
8.206919034979599
8.206919034979599
8.206919034979599
8.206919034979599
8.206919034979599
8.206919034979599
8.206919034979599
8.206919034979599
8.206919034979599
8.206919034979599
8.206919034979599
8.206919034979599
8.206919034979599
8.206919034979599
8.206919034979599
8.206919034979599
8.206919034979599
8.206919034979599
8.206919034979599
8.206919034979599
8.206919034979599
8.206919034979599
8.206919034979599
8.206919034979599
8.206919034979599
8.206919034979599
8.206919034979599
8.206919034979599
8.206919034979599
8.206919034979599
8.206919034979599
8.206919034979599
8.206919034979599
8.206919034979599
8.206919034979599
8.206919034979599
8.206919034979599
8.206919034979599
8.206919034979599
8.206919034979599
8.206919034979599
8.206919034979599
8.206919034979599
8.206919034979599
8.206919034979599
8.206919034979599
8.206919034979599
8.206919034979599
8.206919034979599
8.206919034979599
8.206919034979599
8.206919034979599
8.206919034979599
8.206919034979599
8.206919034979599
8.206919034979599
8.206919034979599
8.206919034979599
8.206919034979599
8.206919034979599
8.206919034979599
8.206919034979599
8.206919034979599
8.206919034979599
8.206919034979599
8.206919034979599
8.206919034979599
8.206919034979599
8.206919034979599
8.206919034979599
8.206919034979599
8.206919034979599
8.206919034979599
8.206919034979599
8.206919034979599
8.206919034979599
8.206919034979599
8.206919034979599
8.206919034979599
8.206919034979599
8.206919034979599
8.206919034979599
8.206919034979599
8.206919034979599
8.206919034979599
8.206919034979599
8.206919034979599
8.206919034979599
8.206919034979599
8.206919034979599
8.206919034979599
8.206919034979599
8.206919034979599
8.206919034979599
8.206919034979599
8.206919034979599
8.206919034979599
8.206919034979599
8.206919034979599
8.206919034979599
8.206919034979599
8.206919034979599
8.206919034979599
8.206919034979599
8.206919034979599
8.206919034979599
8.206919034979599
8.206919034979599
8.206919034979599
8.206919034979599
8.206919034979599
8.206919034979599
8.206919034979599
8.206919034979599
8.206919034979599
8.206919034979599
8.206919034979599
8.206919034979599
8.206919034979599
8.206919034979599
8.206919034979599
8.206919034979599
8.206919034979599
8.206919034979599
8.206919034979599
8.206919034979599
8.206919034979599
8.206919034979599
8.206919034979599
8.206919034979599
8.206919034979599
8.206919034979599
8.206919034979599
8.206919034979599
8.206919034979599
8.206919034979599
8.206919034979599
8.206919034979599
8.206919034979599
8.206919034979599
8.206919034979599
8.206919034979599
8.206919034979599
8.206919034979599
8.206919034979599
8.206919034979599
8.206919034979599
8.206919034979599
8.206919034979599
8.206919034979599
8.206919034979599
8.206919034979599
8.206919034979599
8.206919034979599
8.206919034979599
8.206919034979599
8.206919034979599
8.206919034979599
8.206919034979599
8.206919034979599
8.206919034979599
8.206919034979599
8.206919034979599
8.206919034979599
8.206919034979599
8.206919034979599
8.206919034979599
8.206919034979599
8.206919034979599
8.206919034979599
8.206919034979599
8.206919034979599
8.206919034979599
8.206919034979599
8.206919034979599
8.206919034979599
8.206919034979599
8.206919034979599
8.206919034979599
8.206919034979599
8.206919034979599
8.206919034979599
8.206919034979599
8.206919034979599
8.206919034979599
8.206919034979599
8.206919034979599
8.206919034979599
8.206919034979599
8.206919034979599
8.206919034979599
8.206919034979599
8.206919034979599
8.206919034979599
8.206919034979599
8.206919034979599
8.206919034979599
8.206919034979599
8.206919034979599
8.206919034979599
8.206919034979599
8.206919034979599
8.206919034979599
8.206919034979599
8.206919034979599
8.206919034979599
8.206919034979599
8.206919034979599
8.206919034979599
8.206919034979599
8.206919034979599
8.206919034979599
8.206919034979599
8.206919034979599
8.206919034979599
8.206919034979599
8.206919034979599
8.206919034979599
8.206919034979599
8.206919034979599
8.206919034979599
8.206919034979599
8.206919034979599
8.206919034979599
8.206919034979599
8.206919034979599
8.206919034979599
8.206919034979599
8.206919034979599
8.206919034979599
8.206919034979599
8.206919034979599
8.206919034979599
8.206919034979599
8.206919034979599
8.206919034979599
8.206919034979599
8.206919034979599
8.206919034979599
8.206919034979599
8.206919034979599
8.206919034979599
8.206919034979599
8.206919034979599
8.206919034979599
8.206919034979599
8.206919034979599
8.206919034979599
8.206919034979599
8.206919034979599
8.206919034979599
8.206919034979599
8.206919034979599
8.392212131119605
8.392212131119605
8.392212131119605
8.392212131119605
8.392212131119605
8.392212131119605
8.392212131119605
8.392212131119605
8.392212131119605
8.392212131119605
8.392212131119605
8.392212131119605
8.392212131119605
8.392212131119605
8.392212131119605
8.392212131119605
8.392212131119605
8.392212131119605
8.392212131119605
8.392212131119605
8.392212131119605
8.392212131119605
8.392212131119605
8.392212131119605
8.392212131119605
8.392212131119605
8.392212131119605
8.392212131119605
8.392212131119605
8.392212131119605
8.392212131119605
8.392212131119605
8.392212131119605
8.392212131119605
8.392212131119605
8.392212131119605
8.392212131119605
8.392212131119605
8.392212131119605
8.392212131119605
8.392212131119605
8.392212131119605
8.392212131119605
8.392212131119605
8.392212131119605
8.392212131119605
8.392212131119605
8.392212131119605
8.392212131119605
8.392212131119605
8.392212131119605
8.392212131119605
8.392212131119605
8.392212131119605
8.392212131119605
8.392212131119605
8.392212131119605
8.392212131119605
8.392212131119605
8.392212131119605
8.392212131119605
8.392212131119605
8.392212131119605
8.392212131119605
8.392212131119605
8.392212131119605
8.392212131119605
8.392212131119605
8.392212131119605
8.392212131119605
8.392212131119605
8.392212131119605
8.392212131119605
8.392212131119605
8.392212131119605
8.392212131119605
8.392212131119605
8.392212131119605
8.392212131119605
8.392212131119605
8.392212131119605
8.392212131119605
8.392212131119605
8.392212131119605
8.392212131119605
8.392212131119605
8.392212131119605
8.392212131119605
8.392212131119605
8.392212131119605
8.392212131119605
8.392212131119605
8.392212131119605
8.392212131119605
8.392212131119605
8.392212131119605
8.392212131119605
8.392212131119605
8.392212131119605
8.392212131119605
8.392212131119605
8.392212131119605
8.392212131119605
8.392212131119605
8.392212131119605
8.392212131119605
8.392212131119605
8.392212131119605
8.392212131119605
8.392212131119605
8.392212131119605
8.392212131119605
8.392212131119605
8.392212131119605
8.392212131119605
8.392212131119605
8.392212131119605
8.392212131119605
8.392212131119605
8.392212131119605
8.392212131119605
8.392212131119605
8.392212131119605
8.392212131119605
8.392212131119605
8.392212131119605
8.392212131119605
8.392212131119605
8.392212131119605
8.392212131119605
8.392212131119605
8.392212131119605
8.392212131119605
8.392212131119605
8.392212131119605
8.392212131119605
8.392212131119605
8.392212131119605
8.392212131119605
8.392212131119605
8.392212131119605
8.392212131119605
8.392212131119605
8.392212131119605
8.392212131119605
8.392212131119605
8.392212131119605
8.392212131119605
8.392212131119605
8.392212131119605
8.392212131119605
8.392212131119605
8.392212131119605
8.392212131119605
8.392212131119605
8.392212131119605
8.392212131119605
8.392212131119605
8.392212131119605
8.392212131119605
8.392212131119605
8.392212131119605
8.392212131119605
8.392212131119605
8.392212131119605
8.392212131119605
8.392212131119605
8.392212131119605
8.392212131119605
8.392212131119605
8.392212131119605
8.392212131119605
8.392212131119605
8.392212131119605
8.392212131119605
8.392212131119605
8.392212131119605
8.392212131119605
8.392212131119605
8.392212131119605
8.392212131119605
8.392212131119605
8.392212131119605
8.392212131119605
8.392212131119605
8.392212131119605
8.392212131119605
8.392212131119605
8.392212131119605
8.392212131119605
8.392212131119605
8.392212131119605
8.392212131119605
8.392212131119605
8.392212131119605
8.392212131119605
8.392212131119605
8.392212131119605
8.392212131119605
8.392212131119605
8.980085225873072
8.980085225873072
8.980085225873072
8.980085225873072
8.980085225873072
8.980085225873072
8.980085225873072
8.980085225873072
8.980085225873072
8.980085225873072
8.980085225873072
8.980085225873072
8.980085225873072
8.980085225873072
8.980085225873072
8.980085225873072
8.980085225873072
8.980085225873072
8.980085225873072
8.980085225873072
8.980085225873072
8.980085225873072
8.980085225873072
8.980085225873072
8.980085225873072
8.980085225873072
8.980085225873072
8.980085225873072
8.980085225873072
8.980085225873072
8.980085225873072
8.980085225873072
8.980085225873072
8.980085225873072
8.980085225873072
8.980085225873072
8.980085225873072
8.980085225873072
8.980085225873072
8.980085225873072
8.980085225873072
8.980085225873072
8.980085225873072
8.980085225873072
8.980085225873072
8.980085225873072
8.980085225873072
8.980085225873072
8.980085225873072
8.980085225873072
8.980085225873072
8.980085225873072
8.980085225873072
8.980085225873072
8.980085225873072
8.980085225873072
8.980085225873072
8.980085225873072
8.980085225873072
8.980085225873072
8.980085225873072
8.980085225873072
8.980085225873072
8.980085225873072
8.980085225873072
8.980085225873072
8.980085225873072
8.980085225873072
8.980085225873072
8.980085225873072
8.980085225873072
8.980085225873072
8.980085225873072
8.980085225873072
8.980085225873072
8.980085225873072
8.980085225873072
8.980085225873072
8.980085225873072
8.980085225873072
8.980085225873072
8.980085225873072
8.980085225873072
8.980085225873072
8.980085225873072
8.980085225873072
8.980085225873072
8.980085225873072
8.980085225873072
8.980085225873072
8.980085225873072
8.980085225873072
8.980085225873072
8.980085225873072
8.980085225873072
8.980085225873072
8.980085225873072
8.980085225873072
8.980085225873072
8.980085225873072
8.980085225873072
8.980085225873072
8.980085225873072
8.980085225873072
8.980085225873072
8.980085225873072
8.980085225873072
8.980085225873072
8.980085225873072
8.980085225873072
8.980085225873072
8.980085225873072
8.980085225873072
8.980085225873072
8.980085225873072
8.980085225873072
8.980085225873072
8.980085225873072
8.980085225873072
8.980085225873072
8.980085225873072
8.980085225873072
8.980085225873072
8.980085225873072
8.980085225873072
8.980085225873072
8.980085225873072
8.980085225873072
8.980085225873072
8.980085225873072
8.980085225873072
8.980085225873072
8.980085225873072
8.980085225873072
8.980085225873072
8.980085225873072
8.980085225873072
8.980085225873072
8.980085225873072
8.980085225873072
8.980085225873072
8.980085225873072
8.980085225873072
8.980085225873072
8.980085225873072
8.980085225873072
8.980085225873072
8.980085225873072
8.980085225873072
8.980085225873072
8.980085225873072
8.980085225873072
8.980085225873072
8.980085225873072
8.980085225873072
8.980085225873072
8.980085225873072
8.980085225873072
8.980085225873072
8.980085225873072
8.980085225873072
8.980085225873072
8.980085225873072
8.980085225873072
8.980085225873072
8.980085225873072
8.980085225873072
8.980085225873072
8.980085225873072
8.980085225873072
8.980085225873072
8.980085225873072
8.980085225873072
8.980085225873072
8.980085225873072
8.980085225873072
8.980085225873072
8.980085225873072
8.980085225873072
8.980085225873072
8.980085225873072
8.980085225873072
8.980085225873072
8.980085225873072
8.980085225873072
8.980085225873072
8.980085225873072
8.980085225873072
8.980085225873072
8.980085225873072
8.980085225873072
8.980085225873072
8.980085225873072
8.980085225873072
8.980085225873072
8.980085225873072
8.980085225873072
8.980085225873072
8.980085225873072
8.980085225873072
8.980085225873072
8.980085225873072
8.980085225873072
8.980085225873072
8.980085225873072
8.980085225873072
8.980085225873072
8.980085225873072
8.980085225873072
8.980085225873072
8.980085225873072
8.980085225873072
8.980085225873072
8.980085225873072
8.980085225873072
8.980085225873072
8.980085225873072
8.980085225873072
8.980085225873072
8.980085225873072
8.980085225873072
8.980085225873072
8.980085225873072
8.980085225873072
8.980085225873072
8.980085225873072
8.980085225873072
8.980085225873072
8.980085225873072
8.980085225873072
8.980085225873072
8.980085225873072
8.980085225873072
8.980085225873072
8.980085225873072
8.980085225873072
8.980085225873072
8.980085225873072
8.980085225873072
8.980085225873072
8.980085225873072
8.980085225873072
8.980085225873072
8.980085225873072
8.980085225873072
8.980085225873072
8.980085225873072
8.980085225873072
8.980085225873072
8.980085225873072
8.980085225873072
8.980085225873072
8.980085225873072
8.980085225873072
8.980085225873072
8.980085225873072
8.980085225873072
8.980085225873072
8.980085225873072
8.980085225873072
8.980085225873072
8.980085225873072
8.980085225873072
8.980085225873072
8.980085225873072
8.980085225873072
8.980085225873072
8.980085225873072
8.980085225873072
8.980085225873072
8.980085225873072
8.980085225873072
8.980085225873072
8.980085225873072
8.980085225873072
8.980085225873072
8.980085225873072
8.980085225873072
8.980085225873072
8.980085225873072
8.980085225873072
8.980085225873072
8.980085225873072
8.980085225873072
8.980085225873072
8.980085225873072
8.980085225873072
8.980085225873072
8.980085225873072
8.980085225873072
8.980085225873072
8.980085225873072
8.980085225873072
8.980085225873072
8.980085225873072
8.980085225873072
8.980085225873072
8.980085225873072
8.980085225873072
8.980085225873072
8.980085225873072
8.980085225873072
8.980085225873072
8.980085225873072
8.980085225873072
8.980085225873072
8.980085225873072
8.980085225873072
8.980085225873072
8.980085225873072
8.980085225873072
8.980085225873072
8.980085225873072
8.980085225873072
8.980085225873072
8.980085225873072
8.980085225873072
8.980085225873072
8.980085225873072
8.980085225873072
8.980085225873072
8.980085225873072
8.980085225873072
8.980085225873072
8.980085225873072
8.980085225873072
8.980085225873072
8.980085225873072
8.980085225873072
8.980085225873072
8.980085225873072
8.980085225873072
8.980085225873072
8.980085225873072
8.980085225873072
8.980085225873072
8.980085225873072
8.980085225873072
8.980085225873072
8.980085225873072
8.980085225873072
8.980085225873072
8.980085225873072
8.980085225873072
8.980085225873072
8.980085225873072
8.980085225873072
8.980085225873072
8.980085225873072
8.980085225873072
8.980085225873072
8.980085225873072
8.980085225873072
8.980085225873072
8.980085225873072
8.980085225873072
8.980085225873072
8.980085225873072
8.980085225873072
8.980085225873072
8.980085225873072
8.980085225873072
8.980085225873072
8.980085225873072
8.980085225873072
8.980085225873072
8.980085225873072
8.980085225873072
8.980085225873072
8.980085225873072
8.980085225873072
8.980085225873072
8.980085225873072
8.980085225873072
8.980085225873072
8.980085225873072
8.980085225873072
8.980085225873072
8.980085225873072
8.980085225873072
8.980085225873072
8.980085225873072
8.980085225873072
8.980085225873072
8.980085225873072
8.980085225873072
8.980085225873072
8.980085225873072
8.980085225873072
8.980085225873072
8.980085225873072
8.980085225873072
8.980085225873072
8.980085225873072
8.980085225873072
8.980085225873072
8.980085225873072
8.980085225873072
8.980085225873072
8.980085225873072
8.980085225873072
8.980085225873072
8.980085225873072
8.980085225873072
8.980085225873072
8.980085225873072
8.980085225873072
8.980085225873072
8.980085225873072
8.980085225873072
8.980085225873072
8.980085225873072
8.980085225873072
8.980085225873072
8.980085225873072
8.980085225873072
8.980085225873072
8.980085225873072
8.980085225873072
8.980085225873072
8.980085225873072
8.980085225873072
8.980085225873072
8.980085225873072
8.980085225873072
8.980085225873072
8.980085225873072
8.980085225873072
8.980085225873072
8.980085225873072
8.980085225873072
8.980085225873072
8.980085225873072
8.980085225873072
8.980085225873072
8.980085225873072
8.980085225873072
8.980085225873072
8.980085225873072
8.980085225873072
8.980085225873072
8.980085225873072
8.980085225873072
8.980085225873072
8.980085225873072
8.980085225873072
8.980085225873072
8.980085225873072
8.980085225873072
8.980085225873072
8.980085225873072
8.980085225873072
8.980085225873072
8.980085225873072
8.980085225873072
8.980085225873072
8.980085225873072
8.980085225873072
8.980085225873072
8.980085225873072
8.980085225873072
8.980085225873072
8.980085225873072
8.980085225873072
8.980085225873072
8.980085225873072
8.980085225873072
8.980085225873072
8.980085225873072
8.980085225873072
8.980085225873072
8.980085225873072
8.980085225873072
8.980085225873072
8.980085225873072
8.980085225873072
8.980085225873072
8.980085225873072
8.980085225873072
8.980085225873072
8.980085225873072
8.980085225873072
8.980085225873072
8.980085225873072
8.980085225873072
8.980085225873072
8.980085225873072
8.980085225873072
8.980085225873072
8.980085225873072
8.980085225873072
8.980085225873072
Score: 8.980085225873072
Runtime: 661ms
