1.324083066846209E-8
2.4263685035787075E-7
1.5236266232730176E-6
1.5236266232730176E-6
1.8558926394688388E-4
5.07182376021383E-4
5.741065776449194E-4
8.596725868223335E-4
8.596725868223335E-4
0.06958383083487492
0.06958383083487492
0.06958383083487492
0.10296390303037638
0.10296390303037638
0.10296390303037638
0.2257511531701306
0.2257511531701306
0.2257511531701306
0.3838135439311849
0.3838135439311849
0.3838135439311849
0.3838135439311849
0.3838135439311849
0.775886514126556
0.775886514126556
0.775886514126556
0.775886514126556
0.775886514126556
0.775886514126556
0.775886514126556
1.3907078076470265
1.3907078076470265
1.3907078076470265
1.3907078076470265
1.3907078076470265
1.3907078076470265
1.3907078076470265
1.3907078076470265
1.3907078076470265
1.3907078076470265
1.3907078076470265
1.3907078076470265
1.3907078076470265
1.3907078076470265
1.3907078076470265
1.3907078076470265
1.3907078076470265
1.8244022807459361
1.8244022807459361
1.8244022807459361
1.8244022807459361
1.8244022807459361
1.8244022807459361
1.8244022807459361
1.8244022807459361
1.8244022807459361
1.8715751500734403
1.8715751500734403
1.8715751500734403
1.8715751500734403
1.8715751500734403
1.8715751500734403
1.8715751500734403
1.8715751500734403
1.8715751500734403
1.8715751500734403
1.8715751500734403
2.127740324324831
2.127740324324831
2.127740324324831
2.127740324324831
2.127740324324831
2.127740324324831
2.127740324324831
2.127740324324831
2.127740324324831
2.159585743136226
2.159585743136226
2.7902550363820615
2.7902550363820615
2.7902550363820615
2.7902550363820615
2.7902550363820615
2.7902550363820615
2.7902550363820615
2.7902550363820615
2.7902550363820615
2.7902550363820615
2.7902550363820615
3.1323966705825295
3.1323966705825295
3.1323966705825295
3.1323966705825295
3.1323966705825295
3.1323966705825295
3.1323966705825295
3.1323966705825295
3.1323966705825295
3.413391004033832
3.413391004033832
3.413391004033832
3.413391004033832
3.413391004033832
3.413391004033832
3.413391004033832
3.413391004033832
3.561926594928735
3.561926594928735
3.561926594928735
3.561926594928735
3.561926594928735
3.561926594928735
3.561926594928735
3.561926594928735
3.561926594928735
3.561926594928735
3.561926594928735
3.561926594928735
3.561926594928735
3.561926594928735
3.561926594928735
3.561926594928735
3.561926594928735
3.561926594928735
3.561926594928735
3.561926594928735
3.561926594928735
3.561926594928735
3.561926594928735
3.561926594928735
3.561926594928735
3.561926594928735
3.561926594928735
3.561926594928735
3.561926594928735
3.561926594928735
3.561926594928735
3.561926594928735
3.561926594928735
3.561926594928735
3.561926594928735
3.561926594928735
3.561926594928735
3.561926594928735
3.561926594928735
3.561926594928735
3.561926594928735
3.561926594928735
3.561926594928735
3.561926594928735
3.561926594928735
3.561926594928735
3.561926594928735
3.561926594928735
3.561926594928735
3.561926594928735
3.561926594928735
3.561926594928735
3.561926594928735
3.561926594928735
3.561926594928735
3.561926594928735
3.561926594928735
3.561926594928735
3.561926594928735
3.561926594928735
3.561926594928735
3.561926594928735
3.561926594928735
3.561926594928735
3.561926594928735
3.561926594928735
3.561926594928735
3.561926594928735
3.561926594928735
3.561926594928735
3.561926594928735
3.561926594928735
3.561926594928735
3.561926594928735
3.561926594928735
3.561926594928735
3.561926594928735
3.561926594928735
3.561926594928735
3.561926594928735
3.561926594928735
3.561926594928735
3.561926594928735
3.561926594928735
3.561926594928735
3.561926594928735
3.561926594928735
3.561926594928735
3.561926594928735
3.561926594928735
3.561926594928735
3.561926594928735
3.561926594928735
3.561926594928735
3.561926594928735
3.561926594928735
3.561926594928735
3.561926594928735
3.561926594928735
3.561926594928735
3.561926594928735
3.561926594928735
3.561926594928735
3.561926594928735
3.561926594928735
3.561926594928735
3.561926594928735
3.561926594928735
3.561926594928735
3.561926594928735
3.928107651655327
3.928107651655327
3.928107651655327
3.928107651655327
3.928107651655327
4.058408405902888
4.058408405902888
4.058408405902888
4.058408405902888
4.058408405902888
4.058408405902888
4.058408405902888
4.058408405902888
4.058408405902888
4.058408405902888
4.058408405902888
4.058408405902888
4.058408405902888
4.058408405902888
4.471063922918727
4.471063922918727
4.471063922918727
4.471063922918727
4.471063922918727
4.471063922918727
4.471063922918727
4.471063922918727
4.868975073400929
4.868975073400929
4.868975073400929
4.868975073400929
4.868975073400929
4.868975073400929
4.868975073400929
4.868975073400929
4.868975073400929
4.868975073400929
4.868975073400929
4.868975073400929
4.868975073400929
4.868975073400929
4.868975073400929
4.868975073400929
4.868975073400929
4.868975073400929
4.868975073400929
4.868975073400929
4.868975073400929
4.868975073400929
4.868975073400929
4.868975073400929
4.868975073400929
4.868975073400929
4.868975073400929
4.868975073400929
4.868975073400929
4.868975073400929
4.868975073400929
4.868975073400929
4.868975073400929
4.868975073400929
4.868975073400929
4.868975073400929
4.868975073400929
4.868975073400929
4.868975073400929
4.868975073400929
4.868975073400929
4.868975073400929
4.868975073400929
5.582915944450274
5.582915944450274
5.582915944450274
5.582915944450274
5.582915944450274
5.582915944450274
5.582915944450274
5.582915944450274
5.582915944450274
5.582915944450274
5.582915944450274
5.582915944450274
5.582915944450274
5.582915944450274
5.609279040725611
5.609279040725611
5.609279040725611
5.609279040725611
5.609279040725611
5.609279040725611
5.609279040725611
5.609279040725611
5.609279040725611
5.609279040725611
5.609279040725611
5.609279040725611
5.609279040725611
5.609279040725611
5.609279040725611
5.609279040725611
5.609279040725611
5.609279040725611
5.609279040725611
5.609279040725611
5.609279040725611
5.609279040725611
5.609279040725611
5.609279040725611
5.609279040725611
5.609279040725611
5.609279040725611
5.609279040725611
5.609279040725611
5.609279040725611
5.609279040725611
5.609279040725611
5.609279040725611
5.609279040725611
5.609279040725611
5.609279040725611
5.609279040725611
5.609279040725611
5.609279040725611
5.609279040725611
5.609279040725611
5.609279040725611
5.609279040725611
5.609279040725611
5.609279040725611
5.609279040725611
5.609279040725611
5.609279040725611
5.609279040725611
5.609279040725611
5.609279040725611
5.609279040725611
5.609279040725611
5.609279040725611
5.609279040725611
5.609279040725611
5.609279040725611
5.609279040725611
5.609279040725611
5.609279040725611
5.609279040725611
5.609279040725611
5.609279040725611
5.609279040725611
5.609279040725611
5.609279040725611
5.609279040725611
5.609279040725611
5.609279040725611
5.609279040725611
5.609279040725611
5.609279040725611
5.609279040725611
5.609279040725611
5.609279040725611
5.609279040725611
5.609279040725611
5.609279040725611
5.609279040725611
5.609279040725611
5.609279040725611
5.609279040725611
5.609279040725611
5.609279040725611
5.609279040725611
5.609279040725611
5.609279040725611
5.609279040725611
5.609279040725611
5.609279040725611
5.609279040725611
5.609279040725611
5.609279040725611
5.609279040725611
5.609279040725611
5.609279040725611
5.609279040725611
5.609279040725611
5.609279040725611
5.609279040725611
5.609279040725611
5.609279040725611
5.609279040725611
5.609279040725611
5.609279040725611
5.609279040725611
5.609279040725611
5.609279040725611
5.609279040725611
5.609279040725611
5.609279040725611
5.609279040725611
5.609279040725611
5.609279040725611
5.609279040725611
5.65069867124849
5.65069867124849
5.65069867124849
5.65069867124849
5.65069867124849
5.65069867124849
5.65069867124849
5.65069867124849
5.65069867124849
5.65069867124849
5.65069867124849
5.65069867124849
5.65069867124849
5.65069867124849
5.65069867124849
5.65069867124849
5.65069867124849
5.65069867124849
5.65069867124849
5.65069867124849
5.65069867124849
5.65069867124849
5.65069867124849
5.65069867124849
5.65069867124849
5.65069867124849
5.65069867124849
5.65069867124849
5.65069867124849
5.65069867124849
5.65069867124849
5.65069867124849
5.65069867124849
5.65069867124849
5.65069867124849
5.65069867124849
5.65069867124849
5.65069867124849
5.65069867124849
5.65069867124849
5.65069867124849
5.65069867124849
5.65069867124849
5.65069867124849
5.65069867124849
5.65069867124849
5.65069867124849
5.65069867124849
5.65069867124849
5.65069867124849
5.65069867124849
5.65069867124849
5.65069867124849
5.65069867124849
5.65069867124849
5.65069867124849
5.65069867124849
5.65069867124849
5.65069867124849
5.65069867124849
5.65069867124849
5.65069867124849
5.65069867124849
5.65069867124849
5.65069867124849
5.65069867124849
5.65069867124849
5.65069867124849
5.65069867124849
5.65069867124849
5.65069867124849
5.65069867124849
5.65069867124849
5.65069867124849
5.65069867124849
5.65069867124849
5.65069867124849
5.65069867124849
5.65069867124849
5.65069867124849
5.65069867124849
5.65069867124849
5.65069867124849
5.65069867124849
5.65069867124849
5.65069867124849
5.65069867124849
5.65069867124849
5.65069867124849
5.65069867124849
5.65069867124849
5.65069867124849
5.65069867124849
5.65069867124849
5.65069867124849
5.65069867124849
5.65069867124849
5.65069867124849
5.65069867124849
5.65069867124849
5.65069867124849
5.65069867124849
5.65069867124849
5.65069867124849
5.65069867124849
5.65069867124849
5.65069867124849
5.65069867124849
6.012973038984319
6.012973038984319
6.012973038984319
6.012973038984319
6.012973038984319
6.012973038984319
6.012973038984319
6.012973038984319
6.012973038984319
6.012973038984319
6.012973038984319
6.012973038984319
6.012973038984319
6.012973038984319
6.012973038984319
6.012973038984319
6.012973038984319
6.012973038984319
6.012973038984319
6.012973038984319
6.012973038984319
6.012973038984319
6.012973038984319
6.012973038984319
6.012973038984319
6.012973038984319
6.012973038984319
6.012973038984319
6.012973038984319
6.012973038984319
6.012973038984319
6.012973038984319
6.012973038984319
6.012973038984319
6.012973038984319
6.012973038984319
6.012973038984319
6.012973038984319
6.012973038984319
6.012973038984319
6.012973038984319
6.012973038984319
6.012973038984319
6.012973038984319
6.012973038984319
6.012973038984319
6.012973038984319
6.012973038984319
6.012973038984319
6.012973038984319
6.012973038984319
6.012973038984319
6.012973038984319
6.012973038984319
6.012973038984319
6.012973038984319
6.012973038984319
6.012973038984319
6.012973038984319
6.012973038984319
6.012973038984319
6.012973038984319
6.012973038984319
6.012973038984319
6.012973038984319
6.012973038984319
6.012973038984319
6.012973038984319
6.012973038984319
6.012973038984319
6.012973038984319
6.012973038984319
6.012973038984319
6.012973038984319
6.012973038984319
6.012973038984319
6.012973038984319
6.012973038984319
6.012973038984319
6.012973038984319
6.012973038984319
6.012973038984319
6.012973038984319
6.012973038984319
6.012973038984319
6.012973038984319
6.012973038984319
6.012973038984319
6.012973038984319
6.012973038984319
6.012973038984319
6.012973038984319
6.012973038984319
6.012973038984319
6.012973038984319
6.012973038984319
6.012973038984319
6.012973038984319
6.012973038984319
6.012973038984319
6.012973038984319
6.012973038984319
6.012973038984319
6.012973038984319
6.012973038984319
6.012973038984319
6.012973038984319
6.012973038984319
6.012973038984319
6.012973038984319
6.012973038984319
6.012973038984319
6.012973038984319
6.012973038984319
6.012973038984319
6.012973038984319
6.012973038984319
6.012973038984319
6.012973038984319
6.012973038984319
6.012973038984319
6.012973038984319
6.012973038984319
6.012973038984319
6.012973038984319
6.012973038984319
6.012973038984319
6.012973038984319
6.012973038984319
6.012973038984319
6.012973038984319
6.012973038984319
6.012973038984319
6.012973038984319
6.012973038984319
6.012973038984319
6.012973038984319
6.012973038984319
6.012973038984319
6.012973038984319
6.012973038984319
6.012973038984319
6.012973038984319
6.012973038984319
6.012973038984319
6.012973038984319
6.012973038984319
6.012973038984319
6.012973038984319
6.012973038984319
6.012973038984319
6.012973038984319
6.012973038984319
6.012973038984319
6.012973038984319
6.012973038984319
6.012973038984319
6.012973038984319
6.012973038984319
6.012973038984319
6.012973038984319
6.012973038984319
6.012973038984319
6.012973038984319
6.012973038984319
6.012973038984319
6.012973038984319
6.012973038984319
6.012973038984319
6.012973038984319
6.012973038984319
6.012973038984319
6.012973038984319
6.012973038984319
6.012973038984319
6.012973038984319
6.012973038984319
6.012973038984319
6.012973038984319
6.012973038984319
6.012973038984319
6.012973038984319
6.012973038984319
6.012973038984319
6.012973038984319
6.012973038984319
6.012973038984319
6.012973038984319
6.012973038984319
6.012973038984319
6.012973038984319
6.012973038984319
6.012973038984319
6.012973038984319
6.012973038984319
6.012973038984319
6.012973038984319
6.012973038984319
6.012973038984319
6.012973038984319
6.012973038984319
6.012973038984319
6.012973038984319
6.012973038984319
6.012973038984319
6.012973038984319
6.012973038984319
6.012973038984319
6.012973038984319
6.012973038984319
6.012973038984319
6.012973038984319
6.012973038984319
6.012973038984319
6.012973038984319
6.012973038984319
6.012973038984319
6.012973038984319
6.012973038984319
6.012973038984319
6.012973038984319
6.012973038984319
6.012973038984319
6.012973038984319
6.012973038984319
6.012973038984319
6.012973038984319
6.012973038984319
6.012973038984319
6.012973038984319
6.012973038984319
6.012973038984319
6.012973038984319
6.012973038984319
6.012973038984319
6.012973038984319
6.012973038984319
6.012973038984319
6.012973038984319
6.012973038984319
6.012973038984319
6.012973038984319
6.012973038984319
6.012973038984319
6.012973038984319
6.012973038984319
6.012973038984319
6.012973038984319
6.012973038984319
6.012973038984319
6.012973038984319
6.012973038984319
6.012973038984319
6.012973038984319
6.012973038984319
6.012973038984319
6.012973038984319
6.012973038984319
6.012973038984319
6.012973038984319
6.012973038984319
6.012973038984319
6.012973038984319
6.012973038984319
6.012973038984319
6.012973038984319
6.012973038984319
6.012973038984319
6.012973038984319
6.012973038984319
6.012973038984319
6.012973038984319
6.012973038984319
6.012973038984319
6.012973038984319
6.012973038984319
6.012973038984319
6.012973038984319
6.012973038984319
6.012973038984319
6.012973038984319
6.012973038984319
6.012973038984319
6.012973038984319
6.012973038984319
6.012973038984319
6.012973038984319
6.012973038984319
6.012973038984319
6.012973038984319
6.012973038984319
6.012973038984319
6.012973038984319
6.012973038984319
6.012973038984319
6.012973038984319
6.012973038984319
6.012973038984319
6.012973038984319
6.012973038984319
6.012973038984319
6.012973038984319
6.012973038984319
6.012973038984319
6.012973038984319
6.012973038984319
6.012973038984319
6.012973038984319
6.012973038984319
6.012973038984319
6.012973038984319
6.012973038984319
6.012973038984319
6.012973038984319
6.012973038984319
6.012973038984319
6.012973038984319
6.012973038984319
6.012973038984319
6.012973038984319
6.012973038984319
6.012973038984319
6.012973038984319
6.012973038984319
6.012973038984319
6.012973038984319
6.012973038984319
6.012973038984319
6.012973038984319
6.012973038984319
6.012973038984319
6.012973038984319
6.012973038984319
6.012973038984319
6.012973038984319
6.012973038984319
6.012973038984319
6.012973038984319
6.012973038984319
6.012973038984319
6.012973038984319
6.012973038984319
6.012973038984319
6.012973038984319
6.012973038984319
6.012973038984319
6.012973038984319
6.012973038984319
6.012973038984319
6.012973038984319
6.012973038984319
6.012973038984319
6.012973038984319
6.012973038984319
6.012973038984319
6.012973038984319
6.012973038984319
6.012973038984319
6.012973038984319
6.012973038984319
6.012973038984319
6.012973038984319
6.012973038984319
6.012973038984319
6.012973038984319
6.012973038984319
6.012973038984319
6.012973038984319
6.012973038984319
6.012973038984319
6.012973038984319
6.012973038984319
6.012973038984319
6.012973038984319
6.012973038984319
6.012973038984319
6.012973038984319
6.012973038984319
6.012973038984319
6.012973038984319
6.012973038984319
6.012973038984319
6.012973038984319
6.012973038984319
6.012973038984319
6.012973038984319
6.012973038984319
6.012973038984319
6.012973038984319
6.012973038984319
6.012973038984319
6.012973038984319
6.012973038984319
6.012973038984319
6.012973038984319
6.012973038984319
6.012973038984319
6.012973038984319
6.012973038984319
6.012973038984319
6.012973038984319
6.012973038984319
6.012973038984319
6.012973038984319
6.012973038984319
6.012973038984319
6.012973038984319
6.012973038984319
6.012973038984319
6.012973038984319
6.012973038984319
6.012973038984319
6.012973038984319
6.012973038984319
6.012973038984319
6.012973038984319
6.012973038984319
6.012973038984319
6.012973038984319
6.012973038984319
6.012973038984319
6.012973038984319
6.012973038984319
6.012973038984319
6.012973038984319
6.012973038984319
6.012973038984319
6.012973038984319
6.012973038984319
6.012973038984319
6.012973038984319
6.012973038984319
6.012973038984319
6.012973038984319
6.012973038984319
6.012973038984319
6.012973038984319
6.012973038984319
6.012973038984319
6.012973038984319
6.012973038984319
6.012973038984319
6.015732788884767
6.015732788884767
6.015732788884767
6.015732788884767
6.015732788884767
6.015732788884767
6.015732788884767
6.015732788884767
6.015732788884767
6.015732788884767
6.015732788884767
6.015732788884767
6.015732788884767
6.015732788884767
6.015732788884767
6.015732788884767
6.015732788884767
6.015732788884767
6.015732788884767
6.015732788884767
6.071897825558614
6.071897825558614
6.071897825558614
6.071897825558614
6.099336614382125
6.099336614382125
6.118927051082206
6.118927051082206
6.118927051082206
6.118927051082206
6.118927051082206
6.118927051082206
6.148899969438148
6.418576383399923
6.418576383399923
6.418576383399923
6.418576383399923
6.418576383399923
6.418576383399923
6.418576383399923
6.418576383399923
6.418576383399923
6.418576383399923
6.418576383399923
6.418576383399923
6.418576383399923
6.418576383399923
6.4595260002943995
6.4595260002943995
6.4595260002943995
6.4595260002943995
6.4595260002943995
6.4595260002943995
6.4595260002943995
6.4595260002943995
6.4595260002943995
6.4595260002943995
6.4595260002943995
6.4595260002943995
6.4595260002943995
6.4595260002943995
6.4595260002943995
6.4595260002943995
6.52509122340733
6.52509122340733
6.52509122340733
6.52509122340733
6.52509122340733
6.52509122340733
6.52509122340733
6.52509122340733
6.52509122340733
6.541713095065507
6.588024833064906
6.588024833064906
6.588024833064906
6.614729897329495
6.614729897329495
6.633165461754805
6.633165461754805
6.633165461754805
6.6751228665355145
6.6751228665355145
6.6751228665355145
6.6751228665355145
6.6751228665355145
6.6751228665355145
6.6751228665355145
6.711014171439597
6.711014171439597
6.728795330582134
6.728795330582134
6.728795330582134
6.728795330582134
6.729219522426733
6.729219522426733
6.729219522426733
6.729219522426733
6.729219522426733
6.729219522426733
6.729219522426733
6.729219522426733
6.729219522426733
6.729219522426733
6.729219522426733
6.729219522426733
6.729219522426733
6.729219522426733
6.729219522426733
6.729219522426733
6.729219522426733
6.748395616413961
6.748395616413961
6.748395616413961
6.748395616413961
6.748395616413961
6.748395616413961
6.748395616413961
6.79475243985951
6.79475243985951
6.79475243985951
6.79475243985951
6.79475243985951
6.79475243985951
6.79475243985951
6.79475243985951
6.79475243985951
6.814260837835116
6.814260837835116
6.839000167739549
6.839000167739549
6.839000167739549
6.839000167739549
6.839000167739549
6.839000167739549
6.839000167739549
6.839000167739549
6.839000167739549
6.839000167739549
6.839225845695146
6.839225845695146
6.863639035963699
6.863639035963699
6.863639035963699
6.863639035963699
6.863639035963699
6.863639035963699
6.863639035963699
6.863639035963699
6.881594467876505
6.881594467876505
6.881594467876505
6.881594467876505
6.881594467876505
6.881594467876505
6.881594467876505
6.881594467876505
6.881594467876505
6.881594467876505
6.881594467876505
6.881594467876505
6.898956305929924
6.898956305929924
6.898956305929924
6.898956305929924
6.899416173236577
6.899416173236577
6.899416173236577
6.899416173236577
6.899416173236577
6.899416173236577
6.899416173236577
6.899416173236577
6.899416173236577
6.899416173236577
6.899416173236577
6.899416173236577
6.899416173236577
6.900230270526775
6.900230270526775
6.900230270526775
6.900230270526775
6.900230270526775
6.900230270526775
6.900230270526775
6.900230270526775
6.900230270526775
6.900230270526775
6.900230270526775
6.900230270526775
6.900230270526775
6.900230270526775
6.900230270526775
6.900230270526775
6.900230270526775
6.900230270526775
6.900230270526775
6.902989914209645
6.902989914209645
6.902989914209645
6.902989914209645
6.902989914209645
6.902989914209645
6.902989914209645
6.902989914209645
6.902989914209645
6.902989914209645
6.902989914209645
6.917128011829233
6.917128011829233
6.917128011829233
6.917128011829233
6.917128011829233
6.917128011829233
6.917128011829233
6.921263776006679
6.921263776006679
6.921263776006679
6.921263776006679
6.921263776006679
6.921263776006679
6.921263776006679
6.921263776006679
6.921263776006679
6.921263776006679
6.921263776006679
6.921263776006679
6.934503660868835
6.934503660868835
6.934503660868835
6.934503660868835
6.934503660868835
6.934503660868835
6.934503660868835
6.934503660868835
6.934503660868835
6.934503660868835
6.934503660868835
6.934503660868835
6.934503660868835
6.934503660868835
6.934503660868835
6.934503660868835
6.934503660868835
6.934503660868835
6.934503660868835
6.934503660868835
6.934503660868835
6.934503660868835
6.934503660868835
6.934503660868835
6.934503660868835
6.934503660868835
6.934503660868835
6.934503660868835
6.934503660868835
6.934503660868835
6.934503660868835
6.934503660868835
6.934503660868835
6.934503660868835
6.934503660868835
6.934503660868835
6.934503660868835
6.934503660868835
6.934503660868835
6.934503660868835
6.934503660868835
6.934503660868835
6.934503660868835
6.934503660868835
6.934503660868835
6.934503660868835
6.934503660868835
6.934503660868835
6.934503660868835
6.934503660868835
6.934503660868835
6.934503660868835
6.934503660868835
6.934503660868835
6.934503660868835
6.934503660868835
6.934503660868835
6.934503660868835
6.934503660868835
6.934503660868835
6.934503660868835
6.934503660868835
6.934503660868835
6.934503660868835
6.934503660868835
6.934503660868835
6.934503660868835
6.934503660868835
6.934503660868835
6.934503660868835
6.934503660868835
6.934503660868835
6.934503660868835
6.934503660868835
6.934503660868835
6.934503660868835
6.934503660868835
6.934503660868835
6.934503660868835
6.934503660868835
6.934503660868835
6.934503660868835
6.934503660868835
6.934503660868835
6.934503660868835
6.934503660868835
6.934503660868835
6.934503660868835
6.934503660868835
6.934503660868835
6.934503660868835
6.934503660868835
6.934503660868835
6.934503660868835
6.934503660868835
6.934503660868835
6.934503660868835
6.934503660868835
6.934503660868835
6.934503660868835
6.934503660868835
6.934503660868835
6.934503660868835
6.934503660868835
6.934503660868835
6.934503660868835
6.934503660868835
6.934503660868835
6.934503660868835
6.934503660868835
6.934503660868835
6.934503660868835
6.934503660868835
6.934503660868835
6.934503660868835
6.934503660868835
6.934503660868835
6.934503660868835
6.934503660868835
6.934503660868835
6.934503660868835
6.934503660868835
6.934503660868835
6.934503660868835
6.934503660868835
6.934503660868835
6.934503660868835
6.934503660868835
6.934503660868835
6.934503660868835
6.934503660868835
6.934503660868835
6.934503660868835
6.934503660868835
6.934503660868835
6.934503660868835
6.934503660868835
6.934503660868835
6.934503660868835
6.934503660868835
6.934503660868835
6.934503660868835
6.934503660868835
6.934503660868835
6.934503660868835
6.934503660868835
6.934503660868835
6.934503660868835
6.934503660868835
6.934503660868835
6.934503660868835
6.934503660868835
6.934503660868835
6.934503660868835
6.934503660868835
6.934503660868835
6.934503660868835
6.934503660868835
6.934503660868835
6.934503660868835
6.934503660868835
6.934503660868835
6.934503660868835
6.934503660868835
6.934503660868835
6.934503660868835
6.934503660868835
6.934503660868835
6.934503660868835
6.934503660868835
6.934503660868835
6.934503660868835
6.934503660868835
6.934503660868835
6.934503660868835
6.934503660868835
6.934503660868835
6.934503660868835
6.934503660868835
6.934503660868835
6.934503660868835
6.934503660868835
6.934503660868835
6.934503660868835
6.934503660868835
6.934503660868835
6.934503660868835
6.934503660868835
6.934503660868835
6.934503660868835
6.934503660868835
6.934503660868835
6.934503660868835
6.934503660868835
6.934503660868835
6.934503660868835
6.934503660868835
6.934503660868835
6.934503660868835
6.934503660868835
6.934503660868835
6.934503660868835
6.934503660868835
6.934503660868835
6.934503660868835
6.934503660868835
6.934503660868835
6.934503660868835
6.934503660868835
6.934503660868835
6.934503660868835
6.934503660868835
6.934503660868835
6.934503660868835
6.934503660868835
6.934503660868835
6.934503660868835
6.934503660868835
6.934503660868835
6.934503660868835
6.934503660868835
6.934503660868835
6.934503660868835
6.934503660868835
6.934503660868835
6.934503660868835
6.934503660868835
6.934503660868835
6.934503660868835
6.934503660868835
6.934503660868835
6.934503660868835
6.934503660868835
6.934503660868835
6.934503660868835
6.934503660868835
6.934503660868835
6.934503660868835
6.934503660868835
6.934503660868835
6.934503660868835
6.934503660868835
6.934503660868835
6.934503660868835
6.934503660868835
6.934503660868835
6.934503660868835
6.934503660868835
6.934503660868835
6.934503660868835
6.934503660868835
6.934503660868835
6.934503660868835
6.934503660868835
6.934503660868835
6.934503660868835
6.934503660868835
6.934503660868835
6.934503660868835
6.934503660868835
6.934503660868835
6.934503660868835
6.934503660868835
6.934503660868835
6.934503660868835
6.934503660868835
6.934503660868835
6.934503660868835
6.934503660868835
6.934503660868835
6.934503660868835
6.934503660868835
6.934503660868835
6.934503660868835
6.934503660868835
6.934503660868835
6.934503660868835
6.934503660868835
6.934503660868835
6.934503660868835
6.934503660868835
6.934503660868835
6.934503660868835
6.934503660868835
6.934503660868835
6.934503660868835
6.934503660868835
6.934503660868835
6.934503660868835
6.934503660868835
6.934503660868835
6.934503660868835
6.934503660868835
6.934503660868835
6.934503660868835
6.934503660868835
6.934503660868835
6.934503660868835
6.934503660868835
6.934503660868835
6.934503660868835
6.934503660868835
6.934503660868835
6.934503660868835
6.934503660868835
6.934503660868835
6.934503660868835
6.934503660868835
6.934503660868835
6.934503660868835
6.934503660868835
6.934503660868835
6.934503660868835
6.934503660868835
6.934503660868835
6.934503660868835
6.934503660868835
6.934503660868835
6.934503660868835
6.934503660868835
6.934503660868835
6.934503660868835
6.934503660868835
6.934503660868835
6.934503660868835
6.934503660868835
6.934503660868835
6.934503660868835
6.934503660868835
6.934503660868835
6.934503660868835
6.934503660868835
6.934503660868835
6.934503660868835
6.934503660868835
6.934503660868835
6.934503660868835
6.934503660868835
6.934503660868835
6.934503660868835
6.934503660868835
6.934503660868835
6.934503660868835
6.934503660868835
6.934503660868835
6.934503660868835
6.934503660868835
6.934503660868835
6.934503660868835
6.934503660868835
6.934503660868835
6.934503660868835
6.934503660868835
6.934503660868835
6.934503660868835
6.934503660868835
6.934503660868835
6.934503660868835
6.934503660868835
6.934503660868835
6.934503660868835
6.934503660868835
6.934503660868835
6.934503660868835
6.934503660868835
6.934503660868835
6.934503660868835
6.934503660868835
6.934503660868835
6.934503660868835
6.934503660868835
6.934503660868835
6.934503660868835
6.934503660868835
6.934503660868835
6.934503660868835
6.934503660868835
6.934503660868835
6.934503660868835
6.934503660868835
6.934503660868835
6.934503660868835
6.934503660868835
6.934503660868835
6.934503660868835
6.934503660868835
6.934503660868835
6.934503660868835
6.934503660868835
6.934503660868835
6.934503660868835
6.934503660868835
6.934503660868835
6.934503660868835
6.934503660868835
6.934503660868835
6.934503660868835
6.934503660868835
6.934503660868835
6.934503660868835
6.934503660868835
6.934503660868835
6.934503660868835
6.934503660868835
6.934503660868835
6.934503660868835
6.934503660868835
6.934503660868835
6.934503660868835
6.934503660868835
6.934503660868835
6.934503660868835
6.934503660868835
6.934503660868835
6.934503660868835
6.934503660868835
6.934503660868835
6.934503660868835
6.934503660868835
6.934503660868835
6.934503660868835
6.934503660868835
6.934503660868835
6.934503660868835
6.934503660868835
6.934503660868835
6.934503660868835
6.934503660868835
6.934503660868835
6.934503660868835
6.934503660868835
6.934503660868835
6.934503660868835
6.934503660868835
6.934503660868835
6.934503660868835
6.934503660868835
6.934503660868835
6.934503660868835
6.934503660868835
6.934503660868835
6.934503660868835
6.934503660868835
6.934503660868835
6.934503660868835
6.934503660868835
6.934503660868835
6.934503660868835
6.934503660868835
6.934503660868835
6.934503660868835
6.934503660868835
6.934503660868835
6.934503660868835
6.934503660868835
6.934503660868835
6.934503660868835
6.934503660868835
6.934503660868835
6.934503660868835
6.934503660868835
6.934503660868835
6.934503660868835
6.934503660868835
6.934503660868835
6.934503660868835
6.934503660868835
6.934503660868835
6.934503660868835
6.934503660868835
6.934503660868835
6.934503660868835
6.934503660868835
6.934503660868835
6.934503660868835
6.934503660868835
6.934503660868835
6.934503660868835
6.934503660868835
6.934503660868835
6.934503660868835
6.934503660868835
6.934503660868835
6.934503660868835
6.934503660868835
6.934503660868835
6.934503660868835
6.934503660868835
6.934503660868835
6.934503660868835
6.934503660868835
6.934503660868835
6.934503660868835
6.934503660868835
6.934503660868835
6.934503660868835
6.934503660868835
6.934503660868835
6.934503660868835
6.934503660868835
6.934503660868835
6.934503660868835
6.934503660868835
6.934503660868835
6.934503660868835
6.934503660868835
6.934503660868835
6.934503660868835
6.934503660868835
6.934503660868835
6.934503660868835
6.934503660868835
6.934503660868835
6.934503660868835
6.934503660868835
6.934503660868835
6.934503660868835
6.934503660868835
6.934503660868835
6.934503660868835
6.934503660868835
6.934503660868835
6.934503660868835
6.934503660868835
6.934503660868835
6.934503660868835
6.934503660868835
6.934503660868835
6.934503660868835
6.934503660868835
6.934503660868835
6.934503660868835
6.934503660868835
6.934503660868835
6.934503660868835
6.934503660868835
6.934503660868835
6.934503660868835
6.934503660868835
6.934503660868835
6.934503660868835
6.934503660868835
6.934503660868835
6.934503660868835
6.934503660868835
6.934503660868835
6.934503660868835
6.934503660868835
6.934503660868835
6.934503660868835
6.934503660868835
6.934503660868835
6.934503660868835
6.934503660868835
6.934503660868835
6.934503660868835
6.934503660868835
6.934503660868835
6.934503660868835
6.934503660868835
6.934503660868835
6.934503660868835
6.934503660868835
6.934503660868835
6.934503660868835
6.934503660868835
6.934503660868835
6.934503660868835
6.934503660868835
6.934503660868835
6.934503660868835
6.934503660868835
6.934503660868835
6.934503660868835
6.934503660868835
6.934503660868835
6.934503660868835
6.934503660868835
6.934503660868835
6.934503660868835
6.934503660868835
6.934503660868835
6.934503660868835
6.934503660868835
6.934503660868835
6.934503660868835
6.934503660868835
6.934503660868835
6.934503660868835
6.934503660868835
6.934503660868835
6.934503660868835
6.934503660868835
6.934503660868835
6.934503660868835
6.934503660868835
6.934503660868835
6.934503660868835
6.934503660868835
6.934503660868835
6.934503660868835
6.934503660868835
6.934503660868835
6.934503660868835
6.934503660868835
6.934503660868835
6.934503660868835
6.934503660868835
6.934503660868835
6.934503660868835
6.934503660868835
6.934503660868835
6.934503660868835
6.934503660868835
6.934503660868835
6.934503660868835
6.934503660868835
6.934503660868835
6.934503660868835
6.934503660868835
6.934503660868835
6.934503660868835
6.934503660868835
6.934503660868835
6.934503660868835
6.934503660868835
6.934503660868835
6.934503660868835
6.934503660868835
6.934503660868835
6.934503660868835
6.934503660868835
6.934503660868835
6.934503660868835
6.934503660868835
6.934503660868835
6.934503660868835
6.934503660868835
6.934503660868835
6.934503660868835
6.934503660868835
6.934503660868835
6.934503660868835
6.934503660868835
6.934503660868835
6.934503660868835
6.934503660868835
6.934503660868835
6.934503660868835
6.934503660868835
6.934503660868835
6.934503660868835
6.934503660868835
6.934503660868835
6.934503660868835
6.934503660868835
6.934503660868835
6.934503660868835
6.934503660868835
6.934503660868835
6.934503660868835
6.934503660868835
6.934503660868835
6.934503660868835
6.934503660868835
6.934503660868835
6.934503660868835
6.934503660868835
6.934503660868835
6.934503660868835
6.934503660868835
6.934503660868835
6.934503660868835
6.934503660868835
6.934503660868835
6.934503660868835
6.934503660868835
6.934503660868835
6.934503660868835
6.934503660868835
6.934503660868835
6.934503660868835
6.934503660868835
6.934503660868835
6.934503660868835
6.934503660868835
6.934503660868835
6.934503660868835
6.934503660868835
6.934503660868835
6.934503660868835
6.934503660868835
6.934503660868835
6.934503660868835
6.934503660868835
6.934503660868835
6.934503660868835
6.934503660868835
6.934503660868835
6.934503660868835
6.934503660868835
6.934503660868835
6.934503660868835
6.934503660868835
6.934503660868835
6.934503660868835
6.934503660868835
6.934503660868835
6.934503660868835
6.934503660868835
6.934503660868835
6.934503660868835
6.934503660868835
6.934503660868835
6.934503660868835
6.934503660868835
6.934503660868835
6.934503660868835
6.934503660868835
6.934503660868835
6.934503660868835
6.934503660868835
6.934503660868835
6.934503660868835
6.934503660868835
6.934503660868835
6.934503660868835
6.934503660868835
6.934503660868835
6.934503660868835
6.934503660868835
6.934503660868835
6.934503660868835
6.934503660868835
6.934503660868835
6.934503660868835
6.934503660868835
6.934503660868835
6.934503660868835
6.934503660868835
6.934503660868835
6.934503660868835
6.934503660868835
6.934503660868835
6.934503660868835
6.934503660868835
6.934503660868835
6.934503660868835
6.934503660868835
6.934503660868835
6.934503660868835
6.934503660868835
6.934503660868835
6.934503660868835
6.934503660868835
6.934503660868835
6.934503660868835
6.934503660868835
6.934503660868835
6.934503660868835
6.934503660868835
6.934503660868835
6.934503660868835
6.934503660868835
6.934503660868835
6.934503660868835
6.934503660868835
6.934503660868835
6.934503660868835
6.934503660868835
6.934503660868835
6.934503660868835
6.934503660868835
6.934503660868835
6.934503660868835
6.934503660868835
6.934503660868835
6.934503660868835
6.934503660868835
6.934503660868835
6.934503660868835
6.934503660868835
6.934503660868835
6.934503660868835
6.934503660868835
6.934503660868835
6.934503660868835
6.934503660868835
6.934503660868835
6.934503660868835
6.934503660868835
6.934503660868835
6.934503660868835
6.934503660868835
6.938659057214107
6.938659057214107
6.938659057214107
6.938659057214107
6.938659057214107
6.938659057214107
6.938659057214107
6.938659057214107
6.938659057214107
6.938659057214107
6.938659057214107
6.938659057214107
Score: 6.938659057214107
Runtime: 645ms
