7.217120811826526E-9
1.4773936611334135E-8
8.188955623553795E-5
8.188955623553795E-5
2.0573024328329794E-4
2.0573024328329794E-4
0.002911114992438982
0.002911114992438982
0.002911114992438982
0.002911114992438982
0.002911114992438982
0.002911114992438982
0.002911114992438982
0.0031010524453168897
0.007885939451871413
0.007885939451871413
0.007885939451871413
0.007885939451871413
0.007885939451871413
0.02423727830936158
0.02423727830936158
0.02423727830936158
0.0707041273785003
0.0707041273785003
0.0707041273785003
0.07794273470103472
0.07794273470103472
0.1796311774630044
0.1796311774630044
0.1796311774630044
0.1796311774630044
0.1796311774630044
0.20920884539301615
0.3918086456779083
0.3918086456779083
0.4205086589599344
0.5217993635002548
0.5217993635002548
0.5246127757562441
0.5246127757562441
0.6082351738747274
0.6082351738747274
0.6082351738747274
0.6082351738747274
0.6428324227173756
0.6428324227173756
0.8620257184558113
0.8620257184558113
1.1337285591013146
1.1337285591013146
1.1337285591013146
1.1337285591013146
1.1937513975814142
1.1937513975814142
1.1937513975814142
1.2315399060658365
1.2315399060658365
2.1619283294764706
2.1619283294764706
2.1619283294764706
2.1619283294764706
2.1619283294764706
2.1619283294764706
2.1619283294764706
2.3355323297680766
2.3355323297680766
2.3355323297680766
2.3355323297680766
2.3355323297680766
2.3355323297680766
2.3355323297680766
2.3355323297680766
2.3355323297680766
2.3355323297680766
2.3355323297680766
2.9204799041876717
2.9204799041876717
2.9204799041876717
2.9204799041876717
2.9204799041876717
3.197549593295826
3.197549593295826
3.197549593295826
3.197549593295826
3.197549593295826
3.197549593295826
3.301866798814934
3.7542079784573694
3.7542079784573694
3.7542079784573694
3.7542079784573694
3.7542079784573694
4.447552446552299
4.447552446552299
4.447552446552299
4.447552446552299
4.447552446552299
4.447552446552299
4.447552446552299
4.447552446552299
4.447552446552299
4.447552446552299
4.447552446552299
4.447552446552299
4.447552446552299
4.447552446552299
4.447552446552299
4.496070315073986
4.496070315073986
4.496070315073986
4.496070315073986
4.496070315073986
4.496070315073986
4.496070315073986
4.496070315073986
4.496070315073986
4.496070315073986
4.496070315073986
5.045450763458371
5.045450763458371
5.045450763458371
5.045450763458371
5.045450763458371
5.045450763458371
5.045450763458371
5.045450763458371
5.045450763458371
5.045450763458371
5.307039012795352
5.307039012795352
5.307039012795352
5.307039012795352
5.307039012795352
5.307039012795352
5.307039012795352
5.307039012795352
5.307039012795352
5.307039012795352
5.307039012795352
5.307039012795352
5.307039012795352
5.307039012795352
5.307039012795352
5.307039012795352
5.307039012795352
5.307039012795352
5.307039012795352
5.307039012795352
5.307039012795352
5.307039012795352
5.307039012795352
5.307039012795352
5.307039012795352
5.307039012795352
5.307039012795352
5.307039012795352
5.307039012795352
5.307039012795352
5.307039012795352
5.307039012795352
5.307039012795352
5.307039012795352
5.307039012795352
5.307039012795352
5.307039012795352
5.369098184225098
5.369098184225098
5.459946040705451
5.478006521316948
6.399668770346344
6.399668770346344
6.399668770346344
6.399668770346344
6.399668770346344
6.399668770346344
6.399668770346344
6.399668770346344
6.399668770346344
6.399668770346344
6.399668770346344
6.741417906220697
6.741417906220697
6.741417906220697
6.795004025761927
6.795004025761927
6.795004025761927
6.795004025761927
7.505936055009519
7.505936055009519
7.505936055009519
7.505936055009519
7.505936055009519
7.583533077138167
7.583533077138167
7.583533077138167
7.583533077138167
7.6741241953986306
7.6741241953986306
7.6741241953986306
7.6741241953986306
7.6741241953986306
7.6741241953986306
7.6741241953986306
7.6741241953986306
7.6741241953986306
7.6741241953986306
7.6741241953986306
7.6741241953986306
7.6741241953986306
7.6741241953986306
7.6741241953986306
7.6741241953986306
7.6741241953986306
7.6741241953986306
7.6741241953986306
7.6741241953986306
7.6741241953986306
7.6741241953986306
7.6741241953986306
7.6741241953986306
7.6741241953986306
7.6741241953986306
7.6741241953986306
7.6741241953986306
7.780994048127389
7.780994048127389
7.780994048127389
7.780994048127389
7.780994048127389
7.780994048127389
7.780994048127389
7.780994048127389
7.780994048127389
7.780994048127389
7.780994048127389
7.780994048127389
7.780994048127389
7.780994048127389
7.780994048127389
7.818043050843646
7.818043050843646
7.818043050843646
7.818043050843646
7.818043050843646
7.818043050843646
7.818043050843646
7.818043050843646
7.818043050843646
7.818043050843646
7.818043050843646
7.818043050843646
7.818043050843646
7.818043050843646
7.818043050843646
7.818043050843646
7.818043050843646
7.818043050843646
7.818043050843646
7.818043050843646
7.818043050843646
7.818043050843646
7.818043050843646
7.818043050843646
7.818043050843646
7.818043050843646
7.818043050843646
7.818043050843646
7.818043050843646
7.818043050843646
7.818043050843646
7.818043050843646
7.818043050843646
7.818043050843646
7.818043050843646
7.818043050843646
7.818043050843646
7.818043050843646
7.818043050843646
7.818043050843646
7.818043050843646
7.818043050843646
7.818043050843646
7.818043050843646
7.818043050843646
7.818043050843646
7.818043050843646
7.818043050843646
7.818043050843646
7.818043050843646
7.818043050843646
7.818043050843646
7.818043050843646
7.818043050843646
7.818043050843646
7.818043050843646
7.818043050843646
7.818043050843646
7.818043050843646
7.818043050843646
7.818043050843646
7.818043050843646
7.818043050843646
7.818043050843646
7.818043050843646
7.818043050843646
7.818043050843646
7.818043050843646
7.818043050843646
7.818043050843646
7.818043050843646
7.818043050843646
7.818043050843646
7.818043050843646
7.818043050843646
7.818043050843646
7.818043050843646
7.818043050843646
7.818043050843646
7.818043050843646
7.818043050843646
7.818043050843646
7.818043050843646
7.818043050843646
7.818043050843646
7.818043050843646
7.818043050843646
7.818043050843646
7.818043050843646
7.818043050843646
7.818043050843646
7.818043050843646
7.818043050843646
7.818043050843646
7.818043050843646
7.818043050843646
7.818043050843646
7.818043050843646
7.818043050843646
7.818043050843646
7.818043050843646
7.818043050843646
7.818043050843646
7.818043050843646
7.818043050843646
7.818043050843646
7.818043050843646
7.818043050843646
7.818043050843646
7.818043050843646
7.818043050843646
7.818043050843646
7.818043050843646
7.818043050843646
7.818043050843646
7.818043050843646
7.818043050843646
7.818043050843646
7.970734718239546
7.970734718239546
7.970734718239546
7.970734718239546
7.970734718239546
7.970734718239546
7.970734718239546
7.970734718239546
7.970734718239546
7.970734718239546
7.970734718239546
7.970734718239546
7.970734718239546
7.970734718239546
7.970734718239546
7.970734718239546
7.970734718239546
7.970734718239546
7.970734718239546
7.970734718239546
7.970734718239546
7.970734718239546
7.970734718239546
7.970734718239546
7.970734718239546
7.970734718239546
7.970734718239546
7.970734718239546
7.970734718239546
7.970734718239546
7.970734718239546
7.970734718239546
7.970734718239546
7.970734718239546
7.970734718239546
7.970734718239546
7.970734718239546
7.970734718239546
7.970734718239546
7.970734718239546
7.970734718239546
7.970734718239546
7.970734718239546
7.970734718239546
7.970734718239546
7.970734718239546
7.970734718239546
7.970734718239546
7.970734718239546
7.970734718239546
7.970734718239546
7.970734718239546
7.970734718239546
7.970734718239546
7.970734718239546
7.970734718239546
7.970734718239546
7.970734718239546
7.970734718239546
7.970734718239546
7.970734718239546
7.970734718239546
7.970734718239546
7.970734718239546
7.970734718239546
7.970734718239546
7.970734718239546
7.970734718239546
7.970734718239546
7.970734718239546
7.970734718239546
7.970734718239546
7.970734718239546
7.970734718239546
7.970734718239546
7.970734718239546
7.970734718239546
7.970734718239546
7.970734718239546
7.970734718239546
7.970734718239546
7.970734718239546
7.970734718239546
7.970734718239546
7.970734718239546
7.970734718239546
7.970734718239546
7.970734718239546
7.970734718239546
7.970734718239546
7.970734718239546
7.970734718239546
7.970734718239546
7.970734718239546
7.970734718239546
7.970734718239546
7.970734718239546
7.970734718239546
7.970734718239546
7.970734718239546
7.970734718239546
7.970734718239546
7.970734718239546
7.970734718239546
7.970734718239546
7.970734718239546
7.970734718239546
7.970734718239546
7.970734718239546
7.970734718239546
7.970734718239546
7.970734718239546
7.970734718239546
8.098724732501463
8.098724732501463
8.098724732501463
8.098724732501463
8.098724732501463
8.098724732501463
8.098724732501463
8.098724732501463
8.098724732501463
8.098724732501463
8.098724732501463
8.098724732501463
8.098724732501463
8.098724732501463
8.098724732501463
8.098724732501463
8.098724732501463
8.098724732501463
8.098724732501463
8.098724732501463
8.098724732501463
8.098724732501463
8.098724732501463
8.098724732501463
8.098724732501463
8.098724732501463
8.098724732501463
8.098724732501463
8.098724732501463
8.098724732501463
8.098724732501463
8.098724732501463
8.098724732501463
8.098724732501463
8.098724732501463
8.098724732501463
8.098724732501463
8.098724732501463
8.098724732501463
8.098724732501463
8.098724732501463
8.098724732501463
8.098724732501463
8.098724732501463
8.098724732501463
8.098724732501463
8.098724732501463
8.098724732501463
8.098724732501463
8.098724732501463
8.098724732501463
8.098724732501463
8.098724732501463
8.098724732501463
8.098724732501463
8.098724732501463
8.098724732501463
8.098724732501463
8.098724732501463
8.098724732501463
8.098724732501463
8.098724732501463
8.098724732501463
8.098724732501463
8.098724732501463
8.098724732501463
8.098724732501463
8.098724732501463
8.098724732501463
8.098724732501463
8.098724732501463
8.098724732501463
8.098724732501463
8.098724732501463
8.098724732501463
8.098724732501463
8.098724732501463
8.098724732501463
8.098724732501463
8.098724732501463
8.098724732501463
8.098724732501463
8.098724732501463
8.098724732501463
8.098724732501463
8.098724732501463
8.098724732501463
8.098724732501463
8.098724732501463
8.098724732501463
8.098724732501463
8.098724732501463
8.098724732501463
8.098724732501463
8.098724732501463
8.098724732501463
8.098724732501463
8.098724732501463
8.098724732501463
8.098724732501463
8.098724732501463
8.098724732501463
8.098724732501463
8.098724732501463
8.098724732501463
8.098724732501463
8.098724732501463
8.098724732501463
8.098724732501463
8.098724732501463
8.098724732501463
8.098724732501463
8.098724732501463
8.098724732501463
8.098724732501463
8.098724732501463
8.098724732501463
8.098724732501463
8.098724732501463
8.098724732501463
8.098724732501463
8.146847713499387
8.146847713499387
8.146847713499387
8.146847713499387
8.146847713499387
8.146847713499387
8.146847713499387
8.146847713499387
8.146847713499387
8.146847713499387
8.146847713499387
8.146847713499387
8.146847713499387
8.146847713499387
8.146847713499387
8.146847713499387
8.146847713499387
8.146847713499387
8.146847713499387
8.146847713499387
8.146847713499387
8.146847713499387
8.146847713499387
8.146847713499387
8.233646338916003
8.233646338916003
8.233646338916003
8.233646338916003
8.233646338916003
8.233646338916003
8.233646338916003
8.233646338916003
8.433996560311945
8.433996560311945
8.433996560311945
8.433996560311945
8.433996560311945
8.433996560311945
8.433996560311945
8.433996560311945
8.433996560311945
8.433996560311945
8.433996560311945
8.433996560311945
8.433996560311945
8.433996560311945
8.433996560311945
8.433996560311945
8.433996560311945
8.433996560311945
8.433996560311945
8.433996560311945
8.433996560311945
8.433996560311945
8.433996560311945
8.433996560311945
8.433996560311945
8.433996560311945
8.433996560311945
8.433996560311945
8.433996560311945
8.433996560311945
8.433996560311945
8.433996560311945
8.433996560311945
8.433996560311945
8.433996560311945
8.433996560311945
8.433996560311945
8.433996560311945
8.433996560311945
8.433996560311945
8.433996560311945
8.433996560311945
8.433996560311945
8.433996560311945
8.433996560311945
8.433996560311945
8.433996560311945
8.433996560311945
8.433996560311945
8.433996560311945
8.433996560311945
8.433996560311945
8.433996560311945
8.433996560311945
8.433996560311945
8.433996560311945
8.433996560311945
8.433996560311945
8.433996560311945
8.433996560311945
8.433996560311945
8.433996560311945
8.433996560311945
8.433996560311945
8.433996560311945
8.433996560311945
8.433996560311945
8.433996560311945
8.433996560311945
8.433996560311945
8.433996560311945
8.433996560311945
8.433996560311945
8.433996560311945
8.433996560311945
8.433996560311945
8.433996560311945
8.433996560311945
8.433996560311945
8.433996560311945
8.433996560311945
8.433996560311945
8.433996560311945
8.433996560311945
8.433996560311945
8.433996560311945
8.433996560311945
8.433996560311945
8.433996560311945
8.433996560311945
8.433996560311945
8.433996560311945
8.433996560311945
8.433996560311945
8.433996560311945
8.433996560311945
8.433996560311945
8.433996560311945
8.433996560311945
8.433996560311945
8.433996560311945
8.433996560311945
8.433996560311945
8.433996560311945
8.433996560311945
8.433996560311945
8.433996560311945
8.433996560311945
8.433996560311945
8.433996560311945
8.433996560311945
8.433996560311945
8.433996560311945
8.433996560311945
8.433996560311945
8.433996560311945
8.433996560311945
8.433996560311945
8.433996560311945
8.433996560311945
8.433996560311945
8.433996560311945
8.433996560311945
8.433996560311945
8.433996560311945
8.433996560311945
8.433996560311945
8.433996560311945
8.433996560311945
8.433996560311945
8.433996560311945
8.433996560311945
8.433996560311945
8.433996560311945
8.433996560311945
8.433996560311945
8.433996560311945
8.433996560311945
8.433996560311945
8.433996560311945
8.433996560311945
8.433996560311945
8.433996560311945
8.433996560311945
8.433996560311945
8.433996560311945
8.433996560311945
8.433996560311945
8.433996560311945
8.433996560311945
8.433996560311945
8.433996560311945
8.433996560311945
8.433996560311945
8.433996560311945
8.433996560311945
8.433996560311945
8.433996560311945
8.433996560311945
8.433996560311945
8.433996560311945
8.433996560311945
8.433996560311945
8.433996560311945
8.433996560311945
8.433996560311945
8.433996560311945
8.433996560311945
8.433996560311945
8.433996560311945
8.433996560311945
8.433996560311945
8.433996560311945
8.433996560311945
8.433996560311945
8.433996560311945
8.433996560311945
8.433996560311945
8.433996560311945
8.433996560311945
8.433996560311945
8.433996560311945
8.433996560311945
8.433996560311945
8.433996560311945
8.433996560311945
8.433996560311945
8.433996560311945
8.433996560311945
8.433996560311945
8.433996560311945
8.433996560311945
8.433996560311945
8.433996560311945
8.433996560311945
8.433996560311945
8.433996560311945
8.433996560311945
8.433996560311945
8.433996560311945
8.433996560311945
8.433996560311945
8.433996560311945
8.433996560311945
8.433996560311945
8.433996560311945
8.433996560311945
8.433996560311945
8.465774000482115
8.465774000482115
8.465774000482115
8.465774000482115
8.465774000482115
8.465774000482115
8.465774000482115
8.465774000482115
8.465774000482115
8.465774000482115
8.465774000482115
8.465774000482115
8.465774000482115
8.465774000482115
8.465774000482115
8.465774000482115
8.465774000482115
8.465774000482115
8.465774000482115
8.465774000482115
8.465774000482115
8.465774000482115
8.465774000482115
8.465774000482115
8.465774000482115
8.465774000482115
8.465774000482115
8.465774000482115
8.465774000482115
8.465774000482115
8.465774000482115
8.465774000482115
8.465774000482115
8.465774000482115
8.465774000482115
8.465774000482115
8.465774000482115
8.465774000482115
8.465774000482115
8.465774000482115
8.465774000482115
8.465774000482115
8.465774000482115
8.465774000482115
8.465774000482115
8.465774000482115
8.465774000482115
8.465774000482115
8.465774000482115
8.465774000482115
8.465774000482115
8.465774000482115
8.465774000482115
8.465774000482115
8.465774000482115
8.465774000482115
8.465774000482115
8.465774000482115
8.465774000482115
8.465774000482115
8.465774000482115
8.465774000482115
8.465774000482115
8.465774000482115
8.465774000482115
8.465774000482115
8.465774000482115
8.465774000482115
8.465774000482115
8.465774000482115
8.465774000482115
8.465774000482115
8.465774000482115
8.465774000482115
8.465774000482115
8.465774000482115
8.465774000482115
8.465774000482115
8.465774000482115
8.465774000482115
8.465774000482115
8.465774000482115
8.465774000482115
8.465774000482115
8.465774000482115
8.465774000482115
8.465774000482115
8.465774000482115
8.465774000482115
8.465774000482115
8.465774000482115
8.465774000482115
8.465774000482115
8.465774000482115
8.465774000482115
8.465774000482115
8.465774000482115
8.465774000482115
8.465774000482115
8.465774000482115
8.465774000482115
8.465774000482115
8.465774000482115
8.465774000482115
8.465774000482115
8.465774000482115
8.465774000482115
8.465774000482115
8.465774000482115
8.465774000482115
8.465774000482115
8.465774000482115
8.465774000482115
8.465774000482115
8.465774000482115
8.465774000482115
8.465774000482115
8.465774000482115
8.465774000482115
8.465774000482115
8.465774000482115
8.465774000482115
8.465774000482115
8.465774000482115
8.465774000482115
8.465774000482115
8.465774000482115
8.465774000482115
8.465774000482115
8.465774000482115
8.465774000482115
8.465774000482115
8.465774000482115
8.465774000482115
8.465774000482115
8.465774000482115
8.465774000482115
8.465774000482115
8.465774000482115
8.465774000482115
8.465774000482115
8.465774000482115
8.465774000482115
8.465774000482115
8.465774000482115
8.465774000482115
8.465774000482115
8.465774000482115
8.465774000482115
8.465774000482115
8.465774000482115
8.465774000482115
8.465774000482115
8.465774000482115
8.465774000482115
8.465774000482115
8.465774000482115
8.465774000482115
8.465774000482115
8.465774000482115
8.465774000482115
8.465774000482115
8.465774000482115
8.465774000482115
8.465774000482115
8.465774000482115
8.465774000482115
8.465774000482115
8.465774000482115
8.465774000482115
8.465774000482115
8.465774000482115
8.465774000482115
8.465774000482115
8.465774000482115
8.465774000482115
8.465774000482115
8.465774000482115
8.465774000482115
8.465774000482115
8.465774000482115
8.465774000482115
8.465774000482115
8.465774000482115
8.465774000482115
8.465774000482115
8.465774000482115
8.465774000482115
8.465774000482115
8.465774000482115
8.465774000482115
8.465774000482115
8.465774000482115
8.465774000482115
8.465774000482115
8.465774000482115
8.465774000482115
8.465774000482115
8.465774000482115
8.465774000482115
8.465774000482115
8.465774000482115
8.465774000482115
8.465774000482115
8.465774000482115
8.465774000482115
8.465774000482115
8.465774000482115
8.465774000482115
8.465774000482115
8.465774000482115
8.465774000482115
8.465774000482115
8.465774000482115
8.465774000482115
8.465774000482115
8.465774000482115
8.465774000482115
8.465774000482115
8.465774000482115
8.465774000482115
8.465774000482115
8.465774000482115
8.465774000482115
8.465774000482115
8.465774000482115
8.465774000482115
8.465774000482115
8.465774000482115
8.465774000482115
8.465774000482115
8.465774000482115
8.465774000482115
8.465774000482115
8.465774000482115
8.465774000482115
8.465774000482115
8.465774000482115
8.465774000482115
8.465774000482115
8.465774000482115
8.465774000482115
8.465774000482115
8.465774000482115
8.465774000482115
8.465774000482115
8.465774000482115
8.465774000482115
8.465774000482115
8.465774000482115
8.465774000482115
8.465774000482115
8.465774000482115
8.465774000482115
8.465774000482115
8.465774000482115
8.465774000482115
8.465774000482115
8.465774000482115
8.465774000482115
8.465774000482115
8.465774000482115
8.465774000482115
8.465774000482115
8.465774000482115
8.465774000482115
8.465774000482115
8.465774000482115
8.465774000482115
8.465774000482115
8.465774000482115
8.465774000482115
8.465774000482115
8.465774000482115
8.465774000482115
8.465774000482115
8.465774000482115
8.465774000482115
8.465774000482115
8.465774000482115
8.465774000482115
8.465774000482115
8.465774000482115
8.465774000482115
8.465774000482115
8.465774000482115
8.465774000482115
8.465774000482115
8.465774000482115
8.465774000482115
8.465774000482115
8.465774000482115
8.465774000482115
8.465774000482115
8.465774000482115
8.465774000482115
8.465774000482115
8.465774000482115
8.465774000482115
8.465774000482115
8.465774000482115
8.465774000482115
8.465774000482115
8.465774000482115
8.465774000482115
8.465774000482115
8.465774000482115
8.465774000482115
8.465774000482115
8.465774000482115
8.465774000482115
8.465774000482115
8.465774000482115
8.465774000482115
8.465774000482115
8.465774000482115
8.465774000482115
8.465774000482115
8.465774000482115
8.465774000482115
8.465774000482115
8.465774000482115
8.465774000482115
8.465774000482115
8.465774000482115
8.465774000482115
8.465774000482115
8.465774000482115
8.465774000482115
8.465774000482115
8.465774000482115
8.465774000482115
8.465774000482115
8.465774000482115
8.465774000482115
8.465774000482115
8.465774000482115
8.465774000482115
8.465774000482115
8.465774000482115
8.465774000482115
8.465774000482115
8.465774000482115
8.465774000482115
8.465774000482115
8.465774000482115
8.465774000482115
8.465774000482115
8.465774000482115
8.465774000482115
8.465774000482115
8.465774000482115
8.465774000482115
8.465774000482115
8.465774000482115
8.465774000482115
8.465774000482115
8.465774000482115
8.465774000482115
8.465774000482115
8.465774000482115
8.465774000482115
8.465774000482115
8.465774000482115
8.465774000482115
8.465774000482115
8.465774000482115
8.465774000482115
8.465774000482115
8.465774000482115
8.465774000482115
8.465774000482115
8.465774000482115
8.465774000482115
8.465774000482115
8.465774000482115
8.465774000482115
8.465774000482115
8.465774000482115
8.465774000482115
8.465774000482115
8.465774000482115
8.465774000482115
8.465774000482115
8.465774000482115
8.465774000482115
8.465774000482115
8.465774000482115
8.465774000482115
8.465774000482115
8.465774000482115
8.465774000482115
8.465774000482115
8.465774000482115
8.465774000482115
8.465774000482115
8.465774000482115
8.465774000482115
8.465774000482115
8.465774000482115
8.465774000482115
8.465774000482115
8.465774000482115
8.465774000482115
8.465774000482115
8.465774000482115
8.465774000482115
8.465774000482115
8.465774000482115
8.465774000482115
8.465774000482115
8.465774000482115
8.465774000482115
8.465774000482115
8.465774000482115
8.465774000482115
8.465774000482115
8.465774000482115
8.465774000482115
8.465774000482115
8.465774000482115
8.465774000482115
8.465774000482115
8.465774000482115
8.465774000482115
8.465774000482115
8.465774000482115
8.465774000482115
8.465774000482115
8.465774000482115
8.465774000482115
8.465774000482115
8.465774000482115
8.465774000482115
8.465774000482115
8.465774000482115
8.465774000482115
8.465774000482115
8.465774000482115
8.465774000482115
8.465774000482115
8.465774000482115
8.465774000482115
8.465774000482115
8.465774000482115
8.465774000482115
8.465774000482115
8.465774000482115
8.465774000482115
8.465774000482115
8.465774000482115
8.465774000482115
8.465774000482115
8.465774000482115
8.465774000482115
8.465774000482115
8.465774000482115
8.465774000482115
8.465774000482115
8.465774000482115
8.465774000482115
8.465774000482115
8.465774000482115
8.465774000482115
8.465774000482115
8.465774000482115
8.465774000482115
8.465774000482115
8.465774000482115
8.465774000482115
8.465774000482115
8.465774000482115
8.465774000482115
8.465774000482115
8.465774000482115
8.465774000482115
8.465774000482115
8.465774000482115
8.465774000482115
8.465774000482115
8.465774000482115
8.465774000482115
8.465774000482115
8.465774000482115
8.465774000482115
8.465774000482115
8.465774000482115
8.465774000482115
8.465774000482115
8.465774000482115
8.465774000482115
8.465774000482115
8.465774000482115
8.465774000482115
8.465774000482115
8.465774000482115
8.465774000482115
8.465774000482115
8.465774000482115
8.465774000482115
8.465774000482115
8.465774000482115
8.465774000482115
8.465774000482115
8.465774000482115
8.465774000482115
8.465774000482115
8.465774000482115
8.465774000482115
8.465774000482115
8.465774000482115
8.465774000482115
8.465774000482115
8.465774000482115
8.465774000482115
8.465774000482115
8.465774000482115
8.465774000482115
8.465774000482115
8.465774000482115
8.465774000482115
8.465774000482115
8.465774000482115
8.465774000482115
8.465774000482115
8.465774000482115
8.465774000482115
8.465774000482115
8.465774000482115
8.465774000482115
8.465774000482115
8.465774000482115
8.465774000482115
8.465774000482115
8.465774000482115
8.465774000482115
8.465774000482115
8.465774000482115
8.465774000482115
8.465774000482115
8.465774000482115
8.465774000482115
8.465774000482115
8.465774000482115
8.465774000482115
8.465774000482115
8.465774000482115
8.465774000482115
8.465774000482115
8.465774000482115
8.465774000482115
8.465774000482115
8.465774000482115
8.465774000482115
8.465774000482115
8.465774000482115
8.465774000482115
8.465774000482115
8.465774000482115
8.465774000482115
8.465774000482115
8.465774000482115
8.465774000482115
8.465774000482115
8.465774000482115
8.465774000482115
8.465774000482115
8.465774000482115
8.465774000482115
8.465774000482115
8.465774000482115
8.465774000482115
8.465774000482115
8.465774000482115
8.465774000482115
8.465774000482115
8.465774000482115
8.465774000482115
8.465774000482115
8.465774000482115
8.465774000482115
8.465774000482115
8.465774000482115
8.465774000482115
8.465774000482115
8.465774000482115
8.465774000482115
8.465774000482115
8.465774000482115
8.465774000482115
8.465774000482115
8.465774000482115
8.465774000482115
8.465774000482115
8.465774000482115
8.465774000482115
8.465774000482115
8.465774000482115
8.465774000482115
8.465774000482115
8.465774000482115
8.465774000482115
8.465774000482115
8.465774000482115
8.465774000482115
8.465774000482115
8.465774000482115
8.465774000482115
8.465774000482115
8.465774000482115
8.465774000482115
8.465774000482115
8.465774000482115
8.465774000482115
8.465774000482115
8.465774000482115
8.465774000482115
8.465774000482115
8.465774000482115
8.465774000482115
8.465774000482115
8.465774000482115
8.465774000482115
8.465774000482115
8.465774000482115
8.465774000482115
8.465774000482115
8.465774000482115
8.465774000482115
8.465774000482115
8.465774000482115
8.465774000482115
8.465774000482115
8.465774000482115
8.465774000482115
8.465774000482115
8.465774000482115
8.465774000482115
8.465774000482115
8.465774000482115
8.465774000482115
8.465774000482115
8.465774000482115
8.465774000482115
8.465774000482115
8.465774000482115
8.465774000482115
8.465774000482115
8.465774000482115
8.465774000482115
8.465774000482115
8.465774000482115
8.465774000482115
8.465774000482115
8.465774000482115
8.465774000482115
8.465774000482115
8.465774000482115
8.465774000482115
8.465774000482115
8.465774000482115
8.465774000482115
8.465774000482115
8.465774000482115
8.465774000482115
8.465774000482115
8.465774000482115
8.465774000482115
8.465774000482115
8.465774000482115
8.465774000482115
8.465774000482115
8.465774000482115
8.465774000482115
8.465774000482115
8.465774000482115
8.465774000482115
8.465774000482115
8.465774000482115
8.465774000482115
8.465774000482115
8.465774000482115
8.465774000482115
8.465774000482115
8.465774000482115
8.465774000482115
8.465774000482115
8.465774000482115
8.465774000482115
8.465774000482115
8.465774000482115
8.465774000482115
8.465774000482115
8.465774000482115
8.465774000482115
8.465774000482115
8.465774000482115
8.465774000482115
8.465774000482115
8.465774000482115
8.465774000482115
8.465774000482115
8.465774000482115
8.465774000482115
8.465774000482115
8.465774000482115
8.465774000482115
8.465774000482115
8.465774000482115
8.465774000482115
8.465774000482115
8.465774000482115
8.465774000482115
8.465774000482115
8.465774000482115
8.465774000482115
8.465774000482115
8.465774000482115
8.465774000482115
8.465774000482115
8.465774000482115
8.465774000482115
8.465774000482115
8.465774000482115
8.465774000482115
8.465774000482115
8.465774000482115
8.465774000482115
8.465774000482115
8.465774000482115
8.465774000482115
8.465774000482115
8.465774000482115
8.465774000482115
8.465774000482115
8.465774000482115
8.465774000482115
8.465774000482115
8.465774000482115
8.465774000482115
8.465774000482115
8.465774000482115
8.465774000482115
8.465774000482115
8.465774000482115
8.465774000482115
8.465774000482115
8.465774000482115
8.465774000482115
8.465774000482115
8.465774000482115
8.465774000482115
8.465774000482115
8.465774000482115
8.465774000482115
8.465774000482115
8.465774000482115
8.465774000482115
8.465774000482115
8.465774000482115
8.465774000482115
8.465774000482115
8.465774000482115
8.465774000482115
8.465774000482115
8.465774000482115
8.465774000482115
8.465774000482115
8.465774000482115
8.465774000482115
8.465774000482115
8.465774000482115
8.465774000482115
8.465774000482115
8.465774000482115
8.465774000482115
8.465774000482115
8.465774000482115
8.465774000482115
8.465774000482115
8.465774000482115
8.465774000482115
8.465774000482115
8.465774000482115
8.465774000482115
8.465774000482115
8.465774000482115
8.465774000482115
8.465774000482115
8.465774000482115
8.465774000482115
8.465774000482115
8.465774000482115
8.465774000482115
8.465774000482115
8.465774000482115
8.465774000482115
8.465774000482115
8.465774000482115
8.465774000482115
8.465774000482115
8.465774000482115
8.465774000482115
8.465774000482115
8.465774000482115
8.465774000482115
8.465774000482115
8.465774000482115
8.465774000482115
8.465774000482115
8.465774000482115
8.465774000482115
8.465774000482115
8.465774000482115
8.465774000482115
8.465774000482115
8.465774000482115
8.465774000482115
8.465774000482115
8.465774000482115
8.465774000482115
8.465774000482115
8.465774000482115
8.465774000482115
8.465774000482115
8.465774000482115
8.465774000482115
8.465774000482115
8.465774000482115
8.465774000482115
8.465774000482115
8.465774000482115
8.465774000482115
8.465774000482115
8.465774000482115
8.465774000482115
8.465774000482115
8.465774000482115
8.465774000482115
8.465774000482115
8.465774000482115
8.465774000482115
8.465774000482115
8.465774000482115
8.465774000482115
8.465774000482115
8.465774000482115
8.465774000482115
8.465774000482115
8.465774000482115
8.465774000482115
8.465774000482115
8.465774000482115
8.465774000482115
8.465774000482115
8.465774000482115
8.465774000482115
8.465774000482115
8.465774000482115
8.465774000482115
8.465774000482115
8.465774000482115
8.465774000482115
8.465774000482115
8.465774000482115
8.465774000482115
8.465774000482115
8.465774000482115
8.465774000482115
8.465774000482115
8.465774000482115
8.465774000482115
8.465774000482115
8.465774000482115
8.465774000482115
8.465774000482115
8.465774000482115
8.465774000482115
8.465774000482115
8.465774000482115
8.465774000482115
8.465774000482115
8.465774000482115
8.465774000482115
8.465774000482115
8.465774000482115
8.465774000482115
8.465774000482115
8.465774000482115
8.465774000482115
8.465774000482115
8.465774000482115
8.465774000482115
8.465774000482115
8.465774000482115
8.465774000482115
8.465774000482115
8.465774000482115
8.465774000482115
8.465774000482115
8.465774000482115
8.465774000482115
8.465774000482115
8.465774000482115
8.465774000482115
8.465774000482115
8.465774000482115
8.465774000482115
8.465774000482115
8.465774000482115
8.465774000482115
8.465774000482115
8.465774000482115
8.465774000482115
8.465774000482115
8.465774000482115
8.465774000482115
8.465774000482115
8.465774000482115
8.465774000482115
8.465774000482115
8.465774000482115
8.465774000482115
8.465774000482115
8.465774000482115
8.465774000482115
8.465774000482115
8.465774000482115
8.465774000482115
8.465774000482115
8.465774000482115
8.465774000482115
8.465774000482115
8.465774000482115
8.465774000482115
8.465774000482115
8.465774000482115
8.465774000482115
8.465774000482115
8.465774000482115
8.465774000482115
8.465774000482115
8.465774000482115
8.465774000482115
8.465774000482115
8.465774000482115
8.465774000482115
8.465774000482115
8.465774000482115
8.465774000482115
8.465774000482115
8.465774000482115
8.465774000482115
8.465774000482115
8.465774000482115
8.465774000482115
8.465774000482115
8.465774000482115
8.465774000482115
8.465774000482115
8.465774000482115
8.465774000482115
8.465774000482115
8.465774000482115
8.465774000482115
8.465774000482115
8.465774000482115
8.465774000482115
8.465774000482115
8.465774000482115
8.465774000482115
8.465774000482115
8.465774000482115
8.465774000482115
8.465774000482115
8.465774000482115
8.465774000482115
8.465774000482115
8.465774000482115
8.465774000482115
8.465774000482115
8.465774000482115
8.465774000482115
8.465774000482115
8.465774000482115
8.465774000482115
8.465774000482115
8.465774000482115
8.465774000482115
8.465774000482115
8.465774000482115
8.465774000482115
8.465774000482115
8.465774000482115
8.465774000482115
8.465774000482115
8.465774000482115
8.465774000482115
8.465774000482115
8.465774000482115
8.465774000482115
8.465774000482115
8.465774000482115
8.465774000482115
8.465774000482115
8.465774000482115
8.465774000482115
8.465774000482115
8.465774000482115
8.465774000482115
8.465774000482115
8.465774000482115
8.465774000482115
8.465774000482115
8.465774000482115
8.465774000482115
8.465774000482115
8.465774000482115
8.465774000482115
8.465774000482115
8.465774000482115
8.465774000482115
8.465774000482115
8.465774000482115
8.465774000482115
8.465774000482115
8.465774000482115
8.465774000482115
8.465774000482115
8.465774000482115
8.465774000482115
8.465774000482115
8.465774000482115
8.465774000482115
8.465774000482115
8.465774000482115
8.465774000482115
8.465774000482115
8.465774000482115
8.465774000482115
8.465774000482115
8.465774000482115
8.465774000482115
8.465774000482115
8.465774000482115
8.465774000482115
8.465774000482115
8.465774000482115
8.465774000482115
8.465774000482115
8.465774000482115
8.465774000482115
8.465774000482115
8.465774000482115
8.465774000482115
8.465774000482115
8.465774000482115
8.465774000482115
8.465774000482115
8.465774000482115
8.465774000482115
8.465774000482115
8.465774000482115
8.465774000482115
8.465774000482115
8.465774000482115
8.465774000482115
8.465774000482115
8.465774000482115
8.465774000482115
8.465774000482115
8.465774000482115
8.465774000482115
8.465774000482115
8.465774000482115
8.465774000482115
8.465774000482115
8.465774000482115
8.465774000482115
8.465774000482115
8.465774000482115
8.465774000482115
8.465774000482115
8.465774000482115
8.465774000482115
8.465774000482115
8.465774000482115
8.465774000482115
8.465774000482115
8.465774000482115
8.465774000482115
8.465774000482115
8.465774000482115
8.465774000482115
8.465774000482115
8.465774000482115
8.465774000482115
8.465774000482115
8.465774000482115
8.465774000482115
8.465774000482115
8.465774000482115
8.465774000482115
8.544165391639819
8.544165391639819
8.544165391639819
8.544165391639819
8.544165391639819
8.544165391639819
8.544165391639819
8.544165391639819
8.544165391639819
8.544165391639819
8.544165391639819
8.544165391639819
8.544165391639819
8.544165391639819
8.544165391639819
8.544165391639819
8.544165391639819
8.544165391639819
8.544165391639819
8.544165391639819
8.544165391639819
8.544165391639819
8.544165391639819
8.544165391639819
8.544165391639819
8.544165391639819
8.544165391639819
8.544165391639819
8.544165391639819
8.544165391639819
8.544165391639819
8.544165391639819
8.544165391639819
8.544165391639819
8.544165391639819
8.544165391639819
8.544165391639819
8.544165391639819
8.544165391639819
8.544165391639819
8.544165391639819
8.544165391639819
8.544165391639819
8.544165391639819
8.544165391639819
8.544165391639819
8.544165391639819
8.544165391639819
8.544165391639819
8.544165391639819
8.544165391639819
8.544165391639819
8.544165391639819
8.544165391639819
8.544165391639819
8.544165391639819
8.544165391639819
8.544165391639819
8.544165391639819
8.544165391639819
8.606630320521893
8.606630320521893
8.606630320521893
8.606630320521893
Score: 8.606630320521893
Runtime: 676ms
