7.217120811826526E-9
9.566886766273705E-7
1.0264975034617824E-5
1.0264975034617824E-5
6.391186076790393E-5
7.999754276777658E-5
5.078168184906128E-4
0.001107342385991895
0.001386874574916644
0.013844984883853101
0.013844984883853101
0.013844984883853101
0.0520309915745032
0.11450638632498245
0.16960843431986786
0.48157819671951546
0.48157819671951546
0.48157819671951546
0.48157819671951546
0.48157819671951546
0.6143460769341975
0.6143460769341975
1.2020970195496672
1.2020970195496672
1.2020970195496672
1.4546651535416477
1.4546651535416477
1.4546651535416477
1.4546651535416477
1.4546651535416477
1.4546651535416477
1.4546651535416477
1.4546651535416477
1.4546651535416477
1.4546651535416477
1.4546651535416477
1.4546651535416477
1.89050479427595
1.89050479427595
1.89050479427595
1.89050479427595
1.89050479427595
1.89050479427595
1.89050479427595
1.89050479427595
1.89050479427595
2.049659746181352
2.049659746181352
2.049659746181352
2.049659746181352
2.049659746181352
2.049659746181352
2.049659746181352
2.049659746181352
2.049659746181352
2.049659746181352
2.049659746181352
2.049659746181352
2.049659746181352
2.4385478949216814
2.4385478949216814
2.4385478949216814
2.4385478949216814
2.4385478949216814
2.4385478949216814
2.4385478949216814
2.4385478949216814
2.4385478949216814
2.4385478949216814
2.4385478949216814
2.4385478949216814
3.080458669816956
3.080458669816956
3.080458669816956
3.080458669816956
3.080458669816956
3.080458669816956
3.080458669816956
3.080458669816956
3.080458669816956
3.080458669816956
3.080458669816956
3.080458669816956
3.080458669816956
3.080458669816956
3.080458669816956
3.080458669816956
3.080458669816956
3.080458669816956
3.080458669816956
3.080458669816956
3.080458669816956
3.080458669816956
3.080458669816956
3.080458669816956
3.080458669816956
3.080458669816956
3.080458669816956
3.080458669816956
3.080458669816956
3.080458669816956
3.080458669816956
3.080458669816956
3.080458669816956
3.080458669816956
3.080458669816956
3.080458669816956
3.080458669816956
3.080458669816956
3.080458669816956
3.080458669816956
3.080458669816956
3.080458669816956
3.080458669816956
3.080458669816956
3.080458669816956
3.080458669816956
3.080458669816956
3.080458669816956
3.080458669816956
3.080458669816956
3.080458669816956
3.080458669816956
3.080458669816956
3.080458669816956
3.080458669816956
3.080458669816956
3.080458669816956
3.080458669816956
3.080458669816956
3.080458669816956
3.080458669816956
3.080458669816956
3.080458669816956
3.080458669816956
3.080458669816956
3.080458669816956
3.080458669816956
3.080458669816956
3.080458669816956
3.080458669816956
3.080458669816956
3.080458669816956
3.080458669816956
3.080458669816956
3.080458669816956
3.080458669816956
3.080458669816956
3.080458669816956
3.080458669816956
3.080458669816956
3.080458669816956
3.080458669816956
3.080458669816956
3.080458669816956
3.080458669816956
3.080458669816956
3.080458669816956
3.080458669816956
3.080458669816956
3.080458669816956
3.080458669816956
3.080458669816956
3.080458669816956
3.080458669816956
3.080458669816956
3.080458669816956
3.080458669816956
3.080458669816956
3.080458669816956
3.080458669816956
3.080458669816956
3.080458669816956
3.080458669816956
3.080458669816956
3.080458669816956
3.080458669816956
3.080458669816956
3.080458669816956
3.080458669816956
3.080458669816956
3.080458669816956
3.11359762276767
3.11359762276767
3.11359762276767
3.11359762276767
3.11359762276767
3.11359762276767
3.11359762276767
3.11359762276767
3.11359762276767
3.11359762276767
3.11359762276767
3.11359762276767
3.11359762276767
3.11359762276767
3.11359762276767
3.11359762276767
3.11359762276767
3.11359762276767
3.11359762276767
3.11359762276767
3.11359762276767
3.11359762276767
3.1563031115628934
3.1563031115628934
3.1563031115628934
3.1563031115628934
3.1563031115628934
3.1563031115628934
3.1563031115628934
3.875722836208303
3.875722836208303
3.875722836208303
3.875722836208303
3.875722836208303
3.875722836208303
3.875722836208303
4.646398632465138
4.646398632465138
4.646398632465138
4.646398632465138
4.646398632465138
4.646398632465138
4.646398632465138
4.646398632465138
4.646398632465138
4.646398632465138
4.646398632465138
4.646398632465138
4.646398632465138
4.646398632465138
4.646398632465138
4.982137438976202
4.982137438976202
4.982137438976202
4.982137438976202
4.982137438976202
4.982137438976202
4.982137438976202
4.982137438976202
4.982137438976202
4.982137438976202
4.982137438976202
4.982137438976202
4.982137438976202
4.982137438976202
4.982137438976202
4.982137438976202
4.982137438976202
4.982137438976202
4.982137438976202
5.139038600488077
5.139038600488077
5.139038600488077
5.139038600488077
5.139038600488077
5.139038600488077
5.139038600488077
5.139038600488077
5.139038600488077
5.139038600488077
5.139038600488077
5.139038600488077
5.139038600488077
5.139038600488077
5.139038600488077
5.139038600488077
5.139038600488077
5.139038600488077
5.139038600488077
5.139038600488077
5.139038600488077
5.139038600488077
5.139038600488077
5.139038600488077
5.139038600488077
5.139038600488077
5.139038600488077
5.139038600488077
5.139038600488077
5.139038600488077
5.139038600488077
5.139038600488077
5.139038600488077
5.139038600488077
5.139038600488077
5.139038600488077
5.139038600488077
5.139038600488077
5.139038600488077
5.139038600488077
5.139038600488077
5.139038600488077
5.139038600488077
5.139038600488077
5.139038600488077
5.139038600488077
5.139038600488077
5.139038600488077
5.139038600488077
5.139038600488077
5.139038600488077
5.139038600488077
5.139038600488077
5.139038600488077
5.139038600488077
5.139038600488077
5.139038600488077
5.139038600488077
5.139038600488077
5.139038600488077
5.139038600488077
5.139038600488077
5.139038600488077
5.139038600488077
5.139038600488077
5.139038600488077
5.139038600488077
5.139038600488077
5.139038600488077
5.139038600488077
5.139038600488077
5.139038600488077
5.139038600488077
5.139038600488077
5.139038600488077
5.139038600488077
5.139038600488077
5.139038600488077
5.139038600488077
5.139038600488077
5.139038600488077
5.139038600488077
5.139038600488077
5.139038600488077
5.139038600488077
5.139038600488077
5.139038600488077
5.139038600488077
5.139038600488077
5.139038600488077
5.139038600488077
5.139038600488077
5.139038600488077
5.139038600488077
5.139038600488077
5.139038600488077
5.139038600488077
5.139038600488077
5.139038600488077
5.139038600488077
5.139038600488077
5.139038600488077
5.139038600488077
5.139038600488077
5.139038600488077
5.139038600488077
5.139038600488077
5.139038600488077
5.139038600488077
5.139038600488077
5.139038600488077
5.139038600488077
5.139038600488077
5.139038600488077
5.139038600488077
5.139038600488077
5.139038600488077
5.139038600488077
5.139038600488077
5.139038600488077
5.157021486116763
5.157021486116763
5.157021486116763
5.157021486116763
5.157021486116763
5.157021486116763
5.157021486116763
5.157021486116763
5.157021486116763
5.157021486116763
5.157021486116763
5.157021486116763
5.157021486116763
5.157021486116763
5.157021486116763
5.157021486116763
5.157021486116763
5.157021486116763
5.157021486116763
5.157021486116763
5.157021486116763
5.157021486116763
5.157021486116763
5.157021486116763
5.157021486116763
5.157021486116763
5.157021486116763
5.157021486116763
5.157021486116763
5.157021486116763
5.157021486116763
5.157021486116763
5.248454233384657
5.248454233384657
5.248454233384657
5.248454233384657
5.248454233384657
5.248454233384657
5.248454233384657
5.248454233384657
5.248454233384657
5.248454233384657
5.248454233384657
5.248454233384657
5.248454233384657
5.248454233384657
5.279145447149488
5.279145447149488
5.279145447149488
5.58013772806783
5.58013772806783
5.58013772806783
5.58013772806783
5.58013772806783
5.58013772806783
5.58013772806783
5.651834487961249
5.651834487961249
5.651834487961249
5.651834487961249
5.791205533676269
5.791205533676269
5.791205533676269
6.165970762337874
6.165970762337874
6.165970762337874
6.165970762337874
6.165970762337874
6.165970762337874
6.165970762337874
6.165970762337874
6.165970762337874
6.165970762337874
6.165970762337874
6.165970762337874
6.165970762337874
6.249606506589228
6.249606506589228
6.249606506589228
6.249606506589228
6.249606506589228
6.249606506589228
6.249606506589228
6.249606506589228
6.249606506589228
6.249606506589228
6.249606506589228
6.249606506589228
6.2545288565613095
6.2545288565613095
6.2545288565613095
6.2545288565613095
6.2545288565613095
6.2545288565613095
6.2545288565613095
6.2545288565613095
6.2545288565613095
6.2545288565613095
6.2545288565613095
6.2545288565613095
6.2545288565613095
6.358913904324995
6.358913904324995
6.358913904324995
6.358913904324995
6.358913904324995
6.358913904324995
6.358913904324995
6.358913904324995
6.358913904324995
6.358913904324995
6.358913904324995
6.395737714398619
6.395737714398619
6.395737714398619
6.554234298429318
6.554234298429318
6.554234298429318
6.554234298429318
6.554234298429318
6.760885477186644
6.760885477186644
6.760885477186644
6.760885477186644
6.760885477186644
6.760885477186644
6.760885477186644
6.760885477186644
6.8765148406979915
6.8765148406979915
6.8765148406979915
6.8765148406979915
6.8765148406979915
6.8765148406979915
6.905994681239131
6.905994681239131
6.905994681239131
6.905994681239131
6.905994681239131
6.905994681239131
6.905994681239131
6.905994681239131
6.905994681239131
6.905994681239131
6.905994681239131
6.905994681239131
6.905994681239131
6.905994681239131
6.905994681239131
6.905994681239131
6.905994681239131
6.905994681239131
6.905994681239131
6.905994681239131
6.905994681239131
6.905994681239131
6.905994681239131
6.905994681239131
6.905994681239131
6.905994681239131
6.905994681239131
6.905994681239131
6.905994681239131
6.905994681239131
6.905994681239131
6.905994681239131
6.905994681239131
6.905994681239131
6.905994681239131
6.905994681239131
6.905994681239131
6.905994681239131
6.905994681239131
6.905994681239131
6.905994681239131
6.905994681239131
6.905994681239131
6.905994681239131
6.905994681239131
6.905994681239131
6.905994681239131
6.905994681239131
6.905994681239131
6.905994681239131
6.905994681239131
6.905994681239131
6.905994681239131
6.905994681239131
6.905994681239131
6.905994681239131
6.950839948339617
6.950839948339617
6.950839948339617
6.950839948339617
6.950839948339617
6.950839948339617
6.950839948339617
6.950839948339617
6.950839948339617
6.950839948339617
6.950839948339617
6.950839948339617
6.950839948339617
6.950839948339617
6.950839948339617
6.950839948339617
6.950839948339617
6.950839948339617
6.950839948339617
6.950839948339617
6.950839948339617
6.950839948339617
6.950839948339617
6.950839948339617
6.950839948339617
6.950839948339617
6.950839948339617
6.950839948339617
6.950839948339617
6.950839948339617
6.950839948339617
6.950839948339617
6.950839948339617
6.950839948339617
6.950839948339617
6.950839948339617
6.950839948339617
6.950839948339617
6.950839948339617
6.950839948339617
6.950839948339617
6.950839948339617
6.950839948339617
6.950839948339617
6.950839948339617
6.950839948339617
6.950839948339617
6.950839948339617
6.950839948339617
6.950839948339617
6.950839948339617
6.950839948339617
6.950839948339617
6.950839948339617
6.950839948339617
6.950839948339617
6.950839948339617
6.950839948339617
6.950839948339617
6.950839948339617
6.950839948339617
6.950839948339617
6.950839948339617
6.950839948339617
6.950839948339617
6.950839948339617
6.950839948339617
6.950839948339617
6.950839948339617
6.950839948339617
6.950839948339617
6.950839948339617
6.950839948339617
6.964263141594619
6.964263141594619
6.964263141594619
6.964263141594619
6.964263141594619
6.964263141594619
6.964263141594619
6.964263141594619
6.964263141594619
6.964263141594619
6.964263141594619
6.964263141594619
6.964263141594619
6.964263141594619
6.964263141594619
6.964263141594619
6.964263141594619
6.964263141594619
6.964263141594619
6.964263141594619
6.964263141594619
6.964263141594619
6.964263141594619
6.964263141594619
6.964263141594619
6.964263141594619
6.964263141594619
6.964263141594619
6.964263141594619
6.964263141594619
6.964263141594619
6.964263141594619
6.964263141594619
6.964263141594619
6.964263141594619
6.964263141594619
6.964263141594619
6.964263141594619
6.964263141594619
6.964263141594619
6.964263141594619
6.964263141594619
6.964263141594619
6.964263141594619
6.964263141594619
6.964263141594619
6.964263141594619
6.964263141594619
6.964263141594619
6.964263141594619
6.964263141594619
6.964263141594619
6.964263141594619
6.964263141594619
6.964263141594619
6.964263141594619
6.964263141594619
6.964263141594619
6.964263141594619
6.964263141594619
6.964263141594619
6.964263141594619
6.964263141594619
6.964263141594619
6.964263141594619
6.964263141594619
6.964263141594619
6.964263141594619
6.964263141594619
6.964263141594619
6.964263141594619
6.964263141594619
6.964263141594619
6.964263141594619
6.964263141594619
6.964263141594619
6.964263141594619
6.964263141594619
6.964263141594619
6.964263141594619
6.964263141594619
6.964263141594619
6.964263141594619
6.964263141594619
6.964263141594619
6.964263141594619
6.964263141594619
6.964263141594619
6.964263141594619
6.964263141594619
6.964263141594619
6.964263141594619
6.964263141594619
6.964263141594619
6.964263141594619
6.964263141594619
6.964263141594619
6.964263141594619
6.964263141594619
6.964263141594619
6.964263141594619
6.964263141594619
6.964263141594619
6.964263141594619
6.964263141594619
6.964263141594619
6.964263141594619
6.964263141594619
6.964263141594619
6.964263141594619
6.964263141594619
6.964263141594619
6.964263141594619
6.964263141594619
6.964263141594619
6.964263141594619
6.964263141594619
6.964263141594619
6.964263141594619
6.964263141594619
6.964263141594619
6.964263141594619
6.964263141594619
6.964263141594619
6.964263141594619
6.964263141594619
6.964263141594619
6.964263141594619
6.964263141594619
6.964263141594619
6.964263141594619
6.964263141594619
6.964263141594619
6.964263141594619
6.964263141594619
6.964263141594619
6.964263141594619
6.964263141594619
6.964263141594619
6.964263141594619
6.964263141594619
6.964263141594619
6.964263141594619
6.964263141594619
6.964263141594619
6.964263141594619
6.964263141594619
6.964263141594619
6.964263141594619
6.964263141594619
6.964263141594619
6.964263141594619
6.964263141594619
6.964263141594619
6.964263141594619
6.964263141594619
6.964263141594619
6.964263141594619
6.964263141594619
6.964263141594619
6.964263141594619
6.964263141594619
6.964263141594619
6.964263141594619
6.964263141594619
6.964263141594619
6.964263141594619
6.964263141594619
6.964263141594619
6.964263141594619
6.964263141594619
6.964263141594619
6.964263141594619
6.964263141594619
6.964263141594619
6.964263141594619
6.964263141594619
6.964263141594619
6.964263141594619
6.964263141594619
6.964263141594619
6.964263141594619
6.964263141594619
6.964263141594619
6.964263141594619
6.964263141594619
6.964263141594619
6.964263141594619
6.964263141594619
6.964263141594619
6.964263141594619
6.964263141594619
6.964263141594619
6.964263141594619
6.964263141594619
6.964263141594619
6.964263141594619
6.964263141594619
6.964263141594619
6.964263141594619
6.964263141594619
6.964263141594619
6.964263141594619
6.964263141594619
6.964263141594619
6.964263141594619
6.964263141594619
6.964263141594619
6.964263141594619
6.964263141594619
6.964263141594619
6.964263141594619
6.964263141594619
6.964263141594619
6.964263141594619
6.964263141594619
6.964263141594619
6.964263141594619
6.964263141594619
6.964263141594619
6.964263141594619
6.964263141594619
6.964263141594619
6.964263141594619
6.964263141594619
6.964263141594619
6.964263141594619
6.964263141594619
6.964263141594619
6.964263141594619
6.964263141594619
6.964263141594619
6.964263141594619
6.964263141594619
6.964263141594619
6.964263141594619
6.964263141594619
6.964263141594619
6.964263141594619
6.964263141594619
6.964263141594619
6.964263141594619
6.964263141594619
6.964263141594619
6.964263141594619
6.964263141594619
6.964263141594619
6.964263141594619
6.964263141594619
6.964263141594619
6.964263141594619
6.964263141594619
6.964263141594619
6.964263141594619
6.964263141594619
6.964263141594619
6.964263141594619
6.964263141594619
6.964263141594619
6.964263141594619
6.964263141594619
6.964263141594619
6.964263141594619
6.964263141594619
6.964263141594619
6.964263141594619
6.964263141594619
6.964263141594619
6.964263141594619
6.964263141594619
6.964263141594619
6.964263141594619
6.964263141594619
6.964263141594619
6.964263141594619
6.964263141594619
6.964263141594619
6.964263141594619
6.964263141594619
6.964263141594619
6.964263141594619
6.964263141594619
6.964263141594619
6.964263141594619
6.964263141594619
6.964263141594619
6.964263141594619
6.964263141594619
6.964263141594619
6.964263141594619
6.964263141594619
6.964263141594619
6.964263141594619
6.964263141594619
6.964263141594619
6.964263141594619
6.964263141594619
6.964263141594619
6.964263141594619
6.964263141594619
6.964263141594619
6.964263141594619
6.964263141594619
6.964263141594619
6.964263141594619
6.964263141594619
6.964263141594619
6.964263141594619
6.964263141594619
6.964263141594619
6.964263141594619
6.964263141594619
6.964263141594619
6.964263141594619
6.964263141594619
6.964263141594619
6.964263141594619
6.964263141594619
6.964263141594619
6.964263141594619
6.964263141594619
6.964263141594619
6.964263141594619
6.964263141594619
6.964263141594619
6.964263141594619
6.964263141594619
6.964263141594619
6.964263141594619
6.964263141594619
6.964263141594619
6.964263141594619
6.964263141594619
6.964263141594619
6.964263141594619
6.964263141594619
6.964263141594619
6.964263141594619
6.964263141594619
6.964263141594619
6.964263141594619
6.964263141594619
6.964263141594619
6.964263141594619
6.964263141594619
6.964263141594619
6.964263141594619
6.964263141594619
6.964263141594619
6.964263141594619
6.964263141594619
6.964263141594619
6.964263141594619
6.964263141594619
6.964263141594619
6.964263141594619
6.964263141594619
6.964263141594619
6.964263141594619
6.964263141594619
6.964263141594619
6.964263141594619
6.964263141594619
6.964263141594619
6.964263141594619
6.964263141594619
6.964263141594619
6.964263141594619
6.964263141594619
6.964263141594619
6.964263141594619
6.964263141594619
6.964263141594619
6.964263141594619
6.964263141594619
6.964263141594619
6.964263141594619
6.964263141594619
6.964263141594619
6.964263141594619
6.964263141594619
6.964263141594619
6.964263141594619
6.964263141594619
6.964263141594619
6.964263141594619
6.964263141594619
6.964263141594619
6.964263141594619
6.964263141594619
6.964263141594619
6.964263141594619
6.964263141594619
6.964263141594619
6.964263141594619
6.964263141594619
6.964263141594619
6.964263141594619
6.964263141594619
6.964263141594619
6.964263141594619
6.964263141594619
6.964263141594619
6.964263141594619
6.964263141594619
6.964263141594619
6.964263141594619
6.964263141594619
6.964263141594619
6.964263141594619
6.964263141594619
6.964263141594619
6.964263141594619
6.964263141594619
6.964263141594619
6.964263141594619
6.964263141594619
6.964263141594619
6.964263141594619
6.964263141594619
6.964263141594619
6.964263141594619
6.964263141594619
6.964263141594619
6.964263141594619
6.964263141594619
6.964263141594619
6.964263141594619
6.964263141594619
6.964263141594619
6.964263141594619
6.964263141594619
6.964263141594619
6.964263141594619
6.964263141594619
6.964263141594619
6.964263141594619
6.964263141594619
6.964263141594619
6.964263141594619
6.964263141594619
6.964263141594619
6.964263141594619
6.964263141594619
6.964263141594619
6.964263141594619
6.964263141594619
6.964263141594619
6.964263141594619
6.964263141594619
6.964263141594619
6.964263141594619
6.964263141594619
6.964263141594619
6.964263141594619
6.964263141594619
6.964263141594619
6.964263141594619
6.964263141594619
6.964263141594619
6.964263141594619
6.964263141594619
6.98360378353465
6.98360378353465
6.98360378353465
6.98360378353465
6.98360378353465
6.98360378353465
6.98360378353465
6.98360378353465
6.98360378353465
6.98360378353465
6.98360378353465
6.98360378353465
6.98360378353465
6.98360378353465
6.98360378353465
6.98360378353465
6.98360378353465
6.98360378353465
6.98360378353465
6.98360378353465
6.98360378353465
6.98360378353465
6.98360378353465
6.98360378353465
6.98360378353465
6.98360378353465
6.98360378353465
7.005161139931214
7.005161139931214
7.005161139931214
7.005161139931214
7.005161139931214
7.005161139931214
7.005161139931214
7.005161139931214
7.005161139931214
7.005161139931214
7.005161139931214
7.005161139931214
7.005161139931214
7.005161139931214
7.005161139931214
7.005161139931214
7.005161139931214
7.005161139931214
7.005161139931214
7.005161139931214
7.005161139931214
7.005161139931214
7.005161139931214
7.005161139931214
7.005161139931214
7.005161139931214
7.005161139931214
7.005161139931214
7.005161139931214
7.005161139931214
7.005161139931214
7.005161139931214
7.005161139931214
7.005161139931214
7.005161139931214
7.005161139931214
7.005161139931214
7.005161139931214
7.005161139931214
7.005161139931214
7.005161139931214
7.005161139931214
7.005161139931214
7.005161139931214
7.005161139931214
7.005161139931214
7.005161139931214
7.005161139931214
7.005161139931214
7.005161139931214
7.005161139931214
7.005161139931214
7.005161139931214
7.005161139931214
7.005161139931214
7.005161139931214
7.005161139931214
7.005161139931214
7.005161139931214
7.005161139931214
7.005161139931214
7.005161139931214
7.005161139931214
7.005161139931214
7.005161139931214
7.005161139931214
7.005161139931214
7.005161139931214
7.005161139931214
7.005161139931214
7.005161139931214
7.005161139931214
7.005161139931214
7.005161139931214
7.005161139931214
7.005161139931214
7.005161139931214
7.005161139931214
7.005161139931214
7.005161139931214
7.005161139931214
7.005161139931214
7.005161139931214
7.005161139931214
7.005161139931214
7.005161139931214
7.005161139931214
7.005161139931214
7.005161139931214
7.005161139931214
7.005161139931214
7.005161139931214
7.005161139931214
7.005161139931214
7.005161139931214
7.005161139931214
7.005161139931214
7.005161139931214
7.005161139931214
7.005161139931214
7.005161139931214
7.005161139931214
7.005161139931214
7.005161139931214
7.005161139931214
7.005161139931214
7.005161139931214
7.005161139931214
7.005161139931214
7.005161139931214
7.005161139931214
7.005161139931214
7.005161139931214
7.005161139931214
7.005161139931214
7.005161139931214
7.005161139931214
7.005161139931214
7.005161139931214
7.005161139931214
7.005161139931214
7.005161139931214
7.005161139931214
7.005161139931214
7.005161139931214
7.005161139931214
7.005161139931214
7.005161139931214
7.005161139931214
7.005161139931214
7.005161139931214
7.005161139931214
7.005161139931214
7.005161139931214
7.005161139931214
7.005161139931214
7.005161139931214
7.005161139931214
7.005161139931214
7.005161139931214
7.005161139931214
7.005161139931214
7.005161139931214
7.005161139931214
7.005161139931214
7.005161139931214
7.005161139931214
7.005161139931214
7.005161139931214
7.005161139931214
7.005161139931214
7.005161139931214
7.005161139931214
7.005161139931214
7.005161139931214
7.005161139931214
7.005161139931214
7.005161139931214
7.005161139931214
7.005161139931214
7.005161139931214
7.005161139931214
7.005161139931214
7.005161139931214
7.005161139931214
7.005161139931214
7.005161139931214
7.005161139931214
7.005161139931214
7.005161139931214
7.005161139931214
7.005161139931214
7.005161139931214
7.005161139931214
7.005161139931214
7.005161139931214
7.005161139931214
7.005161139931214
7.005161139931214
7.005161139931214
7.005161139931214
7.005161139931214
7.005161139931214
7.005161139931214
7.005161139931214
7.005161139931214
7.005161139931214
7.005161139931214
7.005161139931214
7.005161139931214
7.005161139931214
7.005161139931214
7.005161139931214
7.005161139931214
7.005161139931214
7.005161139931214
7.005161139931214
7.005161139931214
7.005161139931214
7.005161139931214
7.005161139931214
7.005161139931214
7.005161139931214
7.005161139931214
7.005161139931214
7.005161139931214
7.005161139931214
7.005161139931214
7.005161139931214
7.005161139931214
7.005161139931214
7.005161139931214
7.005161139931214
7.005161139931214
7.005161139931214
7.005161139931214
7.005161139931214
7.005161139931214
7.005161139931214
7.005161139931214
7.005161139931214
7.005161139931214
7.005161139931214
7.005161139931214
7.005161139931214
7.005161139931214
7.005161139931214
7.005161139931214
7.005161139931214
7.005161139931214
7.005161139931214
7.005161139931214
7.005161139931214
7.005161139931214
7.005161139931214
7.005161139931214
7.005161139931214
7.005161139931214
7.005161139931214
7.005161139931214
7.005161139931214
7.005161139931214
7.005161139931214
7.005161139931214
7.005161139931214
7.005161139931214
7.005161139931214
7.005161139931214
7.005161139931214
7.005161139931214
7.005161139931214
7.005161139931214
7.005161139931214
7.005161139931214
7.005161139931214
7.005161139931214
7.005161139931214
7.005161139931214
7.005161139931214
7.005161139931214
7.005161139931214
7.005161139931214
7.005161139931214
7.005161139931214
7.005161139931214
7.005161139931214
7.005161139931214
7.005161139931214
7.005161139931214
7.005161139931214
7.005161139931214
7.005161139931214
7.005161139931214
7.005161139931214
7.005161139931214
7.005161139931214
7.005161139931214
7.005161139931214
7.005161139931214
7.005161139931214
7.005161139931214
7.005161139931214
7.005161139931214
7.005161139931214
7.005161139931214
7.005161139931214
7.005161139931214
7.005161139931214
7.005161139931214
7.005161139931214
7.005161139931214
7.005161139931214
7.005161139931214
7.005161139931214
7.005161139931214
7.005161139931214
7.005161139931214
7.005161139931214
7.005161139931214
7.005161139931214
7.005161139931214
7.005161139931214
7.005161139931214
7.005161139931214
7.005161139931214
7.005161139931214
7.005161139931214
7.005161139931214
7.005161139931214
7.005161139931214
7.005161139931214
7.005161139931214
7.005161139931214
7.005161139931214
7.005161139931214
7.005161139931214
7.005161139931214
7.005161139931214
7.005161139931214
7.005161139931214
7.005161139931214
7.005161139931214
7.005161139931214
7.005161139931214
7.005161139931214
7.005161139931214
7.005161139931214
7.005161139931214
7.005161139931214
7.005161139931214
7.005161139931214
7.005161139931214
7.005161139931214
7.005161139931214
7.005161139931214
7.005161139931214
7.005161139931214
7.005161139931214
7.005161139931214
7.005161139931214
7.005161139931214
7.005161139931214
7.005161139931214
7.005161139931214
7.005161139931214
7.005161139931214
7.005161139931214
7.005161139931214
7.005161139931214
7.005161139931214
7.005161139931214
7.005161139931214
7.005161139931214
7.005161139931214
7.005161139931214
7.005161139931214
7.005161139931214
7.005161139931214
7.005161139931214
7.005161139931214
7.005161139931214
7.005161139931214
7.005161139931214
7.005161139931214
7.005161139931214
7.005161139931214
7.005161139931214
7.005161139931214
7.005161139931214
7.005161139931214
7.005161139931214
7.005161139931214
7.005161139931214
7.005161139931214
7.005161139931214
7.005161139931214
7.005161139931214
7.005161139931214
7.005161139931214
7.005161139931214
7.005161139931214
7.005161139931214
7.005161139931214
7.005161139931214
7.005161139931214
7.005161139931214
7.005161139931214
7.005161139931214
7.005161139931214
7.005161139931214
7.005161139931214
7.005161139931214
7.005161139931214
7.005161139931214
7.005161139931214
7.005161139931214
7.005161139931214
7.005161139931214
7.005161139931214
7.005161139931214
7.005161139931214
7.005161139931214
7.005161139931214
7.005161139931214
7.005161139931214
7.005161139931214
7.005161139931214
7.005161139931214
7.005161139931214
7.005161139931214
7.005161139931214
7.005161139931214
7.005161139931214
7.005161139931214
7.005161139931214
7.005161139931214
7.005161139931214
7.005161139931214
7.005161139931214
7.005161139931214
7.005161139931214
7.005161139931214
7.005161139931214
7.005161139931214
7.005161139931214
7.005161139931214
7.005161139931214
7.005161139931214
7.005161139931214
7.005161139931214
7.005161139931214
7.005161139931214
7.005161139931214
7.005161139931214
7.005161139931214
7.005161139931214
7.005161139931214
7.005161139931214
7.005161139931214
7.005161139931214
7.005161139931214
7.005161139931214
7.005161139931214
7.005161139931214
7.005161139931214
7.005161139931214
7.005161139931214
7.005161139931214
7.005161139931214
7.005161139931214
7.005161139931214
7.005161139931214
7.005161139931214
7.005161139931214
7.005161139931214
7.005161139931214
7.005161139931214
7.005161139931214
7.005161139931214
7.005161139931214
7.005161139931214
7.005161139931214
7.005161139931214
7.005161139931214
7.005161139931214
7.005161139931214
7.005161139931214
7.005161139931214
7.005161139931214
7.005161139931214
7.005161139931214
7.005161139931214
7.005161139931214
7.005161139931214
7.005161139931214
7.005161139931214
7.005161139931214
7.005161139931214
7.005161139931214
7.005161139931214
7.005161139931214
7.005161139931214
7.005161139931214
7.005161139931214
7.014902148958878
7.014902148958878
7.014902148958878
7.014902148958878
7.014902148958878
7.014902148958878
7.014902148958878
7.014902148958878
7.014902148958878
7.014902148958878
7.014902148958878
7.014902148958878
7.014902148958878
7.014902148958878
7.014902148958878
7.014902148958878
7.014902148958878
7.014902148958878
7.014902148958878
7.014902148958878
7.014902148958878
7.014902148958878
7.014902148958878
7.014902148958878
7.014902148958878
7.014902148958878
7.014902148958878
7.014902148958878
7.014902148958878
7.014902148958878
7.014902148958878
7.014902148958878
7.014902148958878
7.014902148958878
7.014902148958878
7.0742964591860735
7.0742964591860735
7.0742964591860735
7.0742964591860735
7.0742964591860735
7.0742964591860735
7.0742964591860735
7.0742964591860735
7.0742964591860735
7.0742964591860735
7.0742964591860735
7.0742964591860735
7.0742964591860735
7.0742964591860735
7.0742964591860735
7.0742964591860735
7.0742964591860735
7.0742964591860735
7.0742964591860735
7.0742964591860735
7.0742964591860735
7.0742964591860735
7.0742964591860735
7.0742964591860735
7.0742964591860735
7.0742964591860735
7.0742964591860735
7.0742964591860735
7.0742964591860735
7.0742964591860735
7.0742964591860735
7.0742964591860735
7.0742964591860735
7.0742964591860735
7.0742964591860735
7.0742964591860735
7.0742964591860735
7.0742964591860735
7.0742964591860735
7.0742964591860735
7.0742964591860735
7.0742964591860735
7.0742964591860735
7.0742964591860735
7.0742964591860735
7.0742964591860735
7.0742964591860735
7.0742964591860735
7.0742964591860735
7.0742964591860735
7.0742964591860735
7.0742964591860735
7.0742964591860735
7.0742964591860735
7.0742964591860735
7.0742964591860735
7.0742964591860735
7.0742964591860735
7.0742964591860735
7.0742964591860735
7.0742964591860735
7.0742964591860735
7.0742964591860735
7.0742964591860735
7.0742964591860735
7.0742964591860735
7.0742964591860735
7.0742964591860735
7.0742964591860735
7.0742964591860735
7.0742964591860735
7.0742964591860735
7.0742964591860735
7.0742964591860735
7.0742964591860735
7.0742964591860735
7.0742964591860735
7.0742964591860735
7.0742964591860735
7.0742964591860735
7.0742964591860735
7.0742964591860735
7.0742964591860735
7.0742964591860735
7.0742964591860735
7.0742964591860735
7.0742964591860735
7.0742964591860735
7.0742964591860735
7.0742964591860735
7.0742964591860735
7.0742964591860735
7.0742964591860735
7.0742964591860735
7.0742964591860735
7.0742964591860735
7.0742964591860735
7.0742964591860735
7.0742964591860735
7.0742964591860735
7.0742964591860735
7.0742964591860735
7.0742964591860735
7.0742964591860735
7.0742964591860735
7.0742964591860735
7.0742964591860735
7.0742964591860735
7.0742964591860735
7.0742964591860735
7.0742964591860735
7.0742964591860735
7.0742964591860735
7.0742964591860735
7.0742964591860735
7.0742964591860735
7.0742964591860735
7.0742964591860735
7.0742964591860735
7.0742964591860735
7.0742964591860735
7.0742964591860735
7.0742964591860735
7.0742964591860735
7.0742964591860735
7.0742964591860735
7.0742964591860735
7.0742964591860735
7.0742964591860735
7.0742964591860735
7.0742964591860735
7.0742964591860735
7.0742964591860735
7.0742964591860735
7.0742964591860735
7.0742964591860735
7.0742964591860735
7.0742964591860735
7.0742964591860735
7.0742964591860735
7.0742964591860735
7.0742964591860735
7.0742964591860735
7.0742964591860735
7.0742964591860735
7.0742964591860735
7.0742964591860735
7.0742964591860735
7.0742964591860735
7.0742964591860735
7.0742964591860735
7.0742964591860735
7.0742964591860735
7.0742964591860735
7.0742964591860735
7.0742964591860735
7.0742964591860735
7.0742964591860735
7.0742964591860735
7.0742964591860735
7.0742964591860735
7.0742964591860735
7.0742964591860735
7.0742964591860735
7.0742964591860735
7.0742964591860735
7.0742964591860735
7.0742964591860735
7.0742964591860735
7.0742964591860735
7.0742964591860735
7.0742964591860735
7.0742964591860735
7.0742964591860735
7.0742964591860735
7.0742964591860735
7.0742964591860735
7.0742964591860735
7.0742964591860735
7.0742964591860735
7.0742964591860735
7.0742964591860735
7.0742964591860735
7.0742964591860735
7.0742964591860735
7.0742964591860735
7.0742964591860735
7.0742964591860735
7.0742964591860735
7.0742964591860735
7.0742964591860735
7.0742964591860735
7.0742964591860735
7.0742964591860735
7.0742964591860735
7.0742964591860735
7.0742964591860735
7.0742964591860735
7.0742964591860735
7.0742964591860735
7.0742964591860735
7.0742964591860735
7.0742964591860735
7.0742964591860735
7.0742964591860735
7.0742964591860735
7.0742964591860735
7.0742964591860735
7.0742964591860735
7.0742964591860735
7.0742964591860735
7.0742964591860735
7.0742964591860735
7.0742964591860735
7.0742964591860735
7.0742964591860735
7.0742964591860735
7.0742964591860735
7.0742964591860735
7.0742964591860735
7.0742964591860735
7.0742964591860735
7.0742964591860735
7.0742964591860735
7.0742964591860735
7.0742964591860735
7.0742964591860735
7.0742964591860735
7.0742964591860735
7.0742964591860735
7.0742964591860735
7.0742964591860735
7.0742964591860735
7.0742964591860735
7.0742964591860735
7.0742964591860735
7.0742964591860735
7.0742964591860735
7.0742964591860735
7.0742964591860735
7.0742964591860735
7.0742964591860735
7.0742964591860735
7.0742964591860735
7.0742964591860735
7.0742964591860735
7.0742964591860735
7.0742964591860735
7.0742964591860735
7.0742964591860735
7.0742964591860735
7.0742964591860735
7.0742964591860735
7.0742964591860735
7.0742964591860735
7.0742964591860735
7.0742964591860735
7.0742964591860735
7.0742964591860735
7.0742964591860735
7.0742964591860735
7.0742964591860735
7.0742964591860735
7.0742964591860735
7.0742964591860735
7.0742964591860735
7.0742964591860735
7.0742964591860735
7.0742964591860735
7.0742964591860735
7.0742964591860735
7.0742964591860735
7.0742964591860735
7.0742964591860735
7.0742964591860735
7.0742964591860735
7.0742964591860735
7.0742964591860735
7.0742964591860735
7.0742964591860735
7.0742964591860735
7.0742964591860735
7.0742964591860735
7.0742964591860735
7.0742964591860735
7.0742964591860735
7.0742964591860735
7.0742964591860735
7.0742964591860735
7.0742964591860735
7.0742964591860735
7.0742964591860735
7.0742964591860735
7.0742964591860735
7.0742964591860735
7.0742964591860735
7.0742964591860735
7.0742964591860735
7.0742964591860735
7.0742964591860735
7.0742964591860735
7.0742964591860735
7.0742964591860735
7.0742964591860735
7.0742964591860735
7.0742964591860735
7.0742964591860735
7.0742964591860735
7.0742964591860735
7.0742964591860735
7.0742964591860735
7.0742964591860735
7.0742964591860735
7.0742964591860735
7.0742964591860735
7.0742964591860735
7.0742964591860735
7.0742964591860735
7.0742964591860735
7.0742964591860735
7.0742964591860735
7.0742964591860735
7.0742964591860735
7.0742964591860735
7.0742964591860735
7.0742964591860735
7.0742964591860735
7.0742964591860735
7.0742964591860735
7.0742964591860735
7.0742964591860735
7.0742964591860735
7.0742964591860735
7.0742964591860735
7.0742964591860735
7.0742964591860735
7.0742964591860735
7.0742964591860735
7.0742964591860735
7.0742964591860735
7.0742964591860735
7.0742964591860735
7.0742964591860735
7.0742964591860735
7.0742964591860735
7.0742964591860735
7.0742964591860735
7.0742964591860735
7.0742964591860735
7.0742964591860735
7.0742964591860735
7.0742964591860735
7.0742964591860735
7.0742964591860735
7.0742964591860735
Score: 7.0742964591860735
Runtime: 641ms
