7.217120811826526E-9
7.180516879347924E-7
0.0022913691412448896
0.0022913691412448896
0.0022913691412448896
0.011879027460611938
0.13869657066281119
0.13869657066281119
0.13869657066281119
0.13869657066281119
0.1757623682343805
0.1757623682343805
0.1849735654763782
0.452029090972598
0.452029090972598
0.5555573955323537
0.5555573955323537
0.5555573955323537
0.5555573955323537
1.5085233967873688
1.574447495423893
1.574447495423893
1.574447495423893
1.574447495423893
1.574447495423893
1.574447495423893
1.574447495423893
1.574447495423893
1.574447495423893
1.574447495423893
1.574447495423893
1.574447495423893
1.574447495423893
1.8195053972556545
1.9618879211137688
2.582216133418961
2.7291677859669305
2.7291677859669305
2.7291677859669305
2.7291677859669305
2.7291677859669305
2.7291677859669305
2.7291677859669305
2.7291677859669305
2.7291677859669305
2.848649259087888
2.848649259087888
3.444616813872557
3.444616813872557
3.444616813872557
3.891692349762208
3.891692349762208
3.891692349762208
4.070418225122192
4.404680497473205
4.404680497473205
5.283247958531617
5.283247958531617
5.283247958531617
5.9871926399128235
5.9871926399128235
6.386092306085942
6.52078354056578
6.561650921462475
6.561650921462475
6.561650921462475
6.561650921462475
6.561650921462475
6.561650921462475
6.64672779488587
7.599574499530503
7.599574499530503
7.660283228078441
7.660283228078441
7.660283228078441
7.660283228078441
7.660283228078441
7.660283228078441
7.897200436295243
7.897200436295243
7.897200436295243
7.897200436295243
8.474705633526705
8.474705633526705
8.474705633526705
8.474705633526705
8.474705633526705
8.474705633526705
8.474705633526705
8.474705633526705
8.474705633526705
8.474705633526705
8.474705633526705
8.474705633526705
8.474705633526705
8.474705633526705
8.474705633526705
8.474705633526705
8.474705633526705
8.474705633526705
8.474705633526705
8.474705633526705
8.474705633526705
8.474705633526705
8.474705633526705
8.474705633526705
8.474705633526705
8.474705633526705
8.474705633526705
8.474705633526705
8.474705633526705
8.474705633526705
8.474705633526705
8.474705633526705
8.474705633526705
8.474705633526705
8.474705633526705
8.474705633526705
8.474705633526705
8.474705633526705
8.474705633526705
8.474705633526705
8.513651822386608
8.513651822386608
8.513651822386608
8.513651822386608
8.513651822386608
8.513651822386608
8.513651822386608
8.513651822386608
8.513651822386608
8.513651822386608
8.513651822386608
8.513651822386608
8.513651822386608
8.513651822386608
8.513651822386608
8.513651822386608
8.513651822386608
8.513651822386608
8.513651822386608
8.513651822386608
8.513651822386608
8.513651822386608
8.513651822386608
8.513651822386608
8.513651822386608
8.513651822386608
8.513651822386608
8.513651822386608
8.513651822386608
8.513651822386608
8.513651822386608
8.513651822386608
8.513651822386608
8.513651822386608
8.513651822386608
8.513651822386608
8.513651822386608
8.513651822386608
8.513651822386608
8.513651822386608
8.513651822386608
8.513651822386608
8.513651822386608
8.513651822386608
8.513651822386608
8.513651822386608
8.513651822386608
8.513651822386608
8.513651822386608
8.513651822386608
8.513651822386608
8.513651822386608
8.513651822386608
8.513651822386608
8.513651822386608
8.513651822386608
8.513651822386608
8.513651822386608
8.513651822386608
8.513651822386608
8.513651822386608
8.513651822386608
8.513651822386608
8.513651822386608
8.513651822386608
8.513651822386608
8.513651822386608
8.513651822386608
8.513651822386608
8.513651822386608
8.513651822386608
8.513651822386608
8.513651822386608
8.513651822386608
8.513651822386608
8.513651822386608
8.513651822386608
8.513651822386608
8.513651822386608
8.513651822386608
8.513651822386608
8.513651822386608
8.513651822386608
8.513651822386608
8.513651822386608
8.513651822386608
8.513651822386608
8.513651822386608
8.513651822386608
8.513651822386608
8.513651822386608
8.513651822386608
8.513651822386608
8.513651822386608
8.513651822386608
8.513651822386608
8.513651822386608
8.513651822386608
8.513651822386608
8.513651822386608
8.513651822386608
8.513651822386608
8.513651822386608
8.513651822386608
8.513651822386608
8.513651822386608
8.513651822386608
8.513651822386608
8.513651822386608
8.513651822386608
8.513651822386608
8.513651822386608
8.513651822386608
8.513651822386608
8.513651822386608
8.513651822386608
8.513651822386608
8.513651822386608
8.513651822386608
8.513651822386608
8.513651822386608
8.513651822386608
8.513651822386608
8.513651822386608
8.513651822386608
8.513651822386608
8.513651822386608
8.513651822386608
8.513651822386608
8.513651822386608
8.513651822386608
8.513651822386608
8.513651822386608
8.513651822386608
8.513651822386608
8.513651822386608
8.513651822386608
8.513651822386608
8.513651822386608
8.513651822386608
8.513651822386608
8.513651822386608
8.513651822386608
8.513651822386608
8.513651822386608
8.513651822386608
8.513651822386608
8.513651822386608
8.513651822386608
8.513651822386608
8.513651822386608
8.513651822386608
8.513651822386608
8.513651822386608
8.513651822386608
8.513651822386608
8.513651822386608
8.513651822386608
8.513651822386608
8.513651822386608
8.513651822386608
8.513651822386608
8.513651822386608
8.513651822386608
8.513651822386608
8.513651822386608
8.513651822386608
8.513651822386608
8.513651822386608
8.513651822386608
8.513651822386608
8.513651822386608
8.513651822386608
8.513651822386608
8.513651822386608
8.513651822386608
8.513651822386608
8.513651822386608
8.513651822386608
8.513651822386608
8.654131502131499
8.654131502131499
8.654131502131499
8.654131502131499
8.654131502131499
8.654131502131499
8.77346981933399
8.77346981933399
8.77346981933399
8.77346981933399
8.77346981933399
8.77346981933399
8.77346981933399
8.77346981933399
8.906754750433674
8.906754750433674
8.906754750433674
8.906754750433674
8.906754750433674
8.906754750433674
8.988058073694248
8.988058073694248
8.988058073694248
8.988058073694248
8.988058073694248
8.988058073694248
9.087325972711124
9.087325972711124
9.087325972711124
9.087325972711124
9.087325972711124
9.087325972711124
9.087325972711124
9.087325972711124
9.087325972711124
9.087325972711124
9.087325972711124
9.087325972711124
9.087325972711124
9.087325972711124
9.087325972711124
9.087325972711124
9.087325972711124
9.087325972711124
9.087325972711124
9.087325972711124
9.087325972711124
9.087325972711124
9.087325972711124
9.087325972711124
9.087325972711124
9.087325972711124
9.087325972711124
9.087325972711124
9.087325972711124
9.087325972711124
9.087325972711124
9.087325972711124
9.087325972711124
9.087325972711124
9.087325972711124
9.087325972711124
9.087325972711124
9.087325972711124
9.087325972711124
9.087325972711124
9.087325972711124
9.087325972711124
9.087325972711124
9.087325972711124
9.087325972711124
9.087325972711124
9.087325972711124
9.087325972711124
9.087325972711124
9.087325972711124
9.087325972711124
9.087325972711124
9.087325972711124
9.087325972711124
9.087325972711124
9.087325972711124
9.087325972711124
9.087325972711124
9.087325972711124
9.087325972711124
9.087325972711124
9.087325972711124
9.087325972711124
9.087325972711124
9.087325972711124
9.087325972711124
9.087325972711124
9.087325972711124
9.087325972711124
9.087325972711124
9.087325972711124
9.087325972711124
9.087325972711124
9.087325972711124
9.087325972711124
9.087325972711124
9.087325972711124
9.087325972711124
9.087325972711124
9.087325972711124
9.087325972711124
9.087325972711124
9.087325972711124
9.087325972711124
9.087325972711124
9.087325972711124
9.087325972711124
9.087325972711124
9.087325972711124
9.087325972711124
9.087325972711124
9.087325972711124
9.087325972711124
9.087325972711124
9.087325972711124
9.087325972711124
9.087325972711124
9.087325972711124
9.087325972711124
9.087325972711124
9.087325972711124
9.094976112621048
9.094976112621048
9.094976112621048
9.094976112621048
9.094976112621048
9.094976112621048
9.094976112621048
9.094976112621048
9.094976112621048
9.094976112621048
9.094976112621048
9.094976112621048
9.094976112621048
9.094976112621048
9.094976112621048
9.094976112621048
9.094976112621048
9.094976112621048
9.094976112621048
9.094976112621048
9.094976112621048
9.094976112621048
9.094976112621048
9.094976112621048
9.094976112621048
9.094976112621048
9.10164378976491
9.10164378976491
9.2506634802258
9.2506634802258
9.2506634802258
9.2506634802258
9.2506634802258
9.2506634802258
9.2506634802258
9.2506634802258
9.2506634802258
9.2506634802258
9.2506634802258
9.2506634802258
9.2506634802258
9.2506634802258
9.2506634802258
9.2506634802258
9.2506634802258
9.2506634802258
9.2506634802258
9.2506634802258
9.2506634802258
9.2506634802258
9.2506634802258
9.2506634802258
9.2506634802258
9.2506634802258
9.2506634802258
9.2506634802258
9.2506634802258
9.2506634802258
9.2506634802258
9.2506634802258
9.2506634802258
9.2506634802258
9.2506634802258
9.2506634802258
9.2506634802258
9.2506634802258
9.2506634802258
9.2506634802258
9.2506634802258
9.2506634802258
9.2506634802258
9.2506634802258
9.2506634802258
9.2506634802258
9.2506634802258
9.2506634802258
9.2506634802258
9.2506634802258
9.2506634802258
9.2506634802258
9.2506634802258
9.2506634802258
9.2506634802258
9.2506634802258
9.2506634802258
9.2506634802258
9.2506634802258
9.2506634802258
9.2506634802258
9.2506634802258
9.2506634802258
9.2506634802258
9.2506634802258
9.2506634802258
9.2506634802258
9.2506634802258
9.2506634802258
9.2506634802258
9.2506634802258
9.2506634802258
9.2506634802258
9.2506634802258
9.2506634802258
9.2506634802258
9.2506634802258
9.2506634802258
9.2506634802258
9.2506634802258
9.2506634802258
9.2506634802258
9.2506634802258
9.2506634802258
9.2506634802258
9.2506634802258
9.2506634802258
9.2506634802258
9.2506634802258
9.2506634802258
9.2506634802258
9.2506634802258
9.2506634802258
9.2506634802258
9.2506634802258
9.2506634802258
9.2506634802258
9.2506634802258
9.2506634802258
9.2506634802258
9.2506634802258
9.2506634802258
9.2506634802258
9.2506634802258
9.2506634802258
9.2506634802258
9.2506634802258
9.2506634802258
9.2506634802258
9.2506634802258
9.2506634802258
9.2506634802258
9.2506634802258
9.2506634802258
9.2506634802258
9.2506634802258
9.2506634802258
9.2506634802258
9.2506634802258
9.2506634802258
9.2506634802258
9.2506634802258
9.2506634802258
9.2506634802258
9.2506634802258
9.2506634802258
9.2506634802258
9.2506634802258
9.2506634802258
9.2506634802258
9.2506634802258
9.2506634802258
9.2506634802258
9.2506634802258
9.2506634802258
9.2506634802258
9.2506634802258
9.2506634802258
9.2506634802258
9.2506634802258
9.2506634802258
9.2506634802258
9.2506634802258
9.2506634802258
9.2506634802258
9.2506634802258
9.2506634802258
9.2506634802258
9.2506634802258
9.2506634802258
9.2506634802258
9.2506634802258
9.2506634802258
9.2506634802258
9.2506634802258
9.2506634802258
9.2506634802258
9.2506634802258
9.2506634802258
9.2506634802258
9.2506634802258
9.2506634802258
9.2506634802258
9.2506634802258
9.2506634802258
9.2506634802258
9.2506634802258
9.2506634802258
9.2506634802258
9.2506634802258
9.2506634802258
9.2506634802258
9.2506634802258
9.2506634802258
9.2506634802258
9.2506634802258
9.2506634802258
9.2506634802258
9.2506634802258
9.2506634802258
9.2506634802258
9.2506634802258
9.2506634802258
9.2506634802258
9.2506634802258
9.2506634802258
9.2506634802258
9.2506634802258
9.2506634802258
9.2506634802258
9.2506634802258
9.2506634802258
9.2506634802258
9.2506634802258
9.2506634802258
9.2506634802258
9.2506634802258
9.2506634802258
9.2506634802258
9.2506634802258
9.2506634802258
9.2506634802258
9.2506634802258
9.2506634802258
9.2506634802258
9.2506634802258
9.2506634802258
9.2506634802258
9.2506634802258
9.2506634802258
9.2506634802258
9.2506634802258
9.2506634802258
9.2506634802258
9.272525996329424
9.272525996329424
9.272525996329424
9.272525996329424
9.272525996329424
9.272525996329424
9.272525996329424
9.272525996329424
9.272525996329424
9.272525996329424
9.272525996329424
9.272525996329424
9.272525996329424
9.272525996329424
9.272525996329424
9.272525996329424
9.272525996329424
9.272525996329424
9.272525996329424
9.272525996329424
9.272525996329424
9.272525996329424
9.272525996329424
9.272525996329424
9.272525996329424
9.272525996329424
9.272525996329424
9.272525996329424
9.272525996329424
9.272525996329424
9.272525996329424
9.272525996329424
9.272525996329424
9.272525996329424
9.272525996329424
9.272525996329424
9.272525996329424
9.272525996329424
9.272525996329424
9.272525996329424
9.272525996329424
9.272525996329424
9.272525996329424
9.272525996329424
9.272525996329424
9.272525996329424
9.272525996329424
9.272525996329424
9.272525996329424
9.272525996329424
9.272525996329424
9.272525996329424
9.272525996329424
9.272525996329424
9.272525996329424
9.272525996329424
9.272525996329424
9.272525996329424
9.272525996329424
9.272525996329424
9.272525996329424
9.272525996329424
9.272525996329424
9.272525996329424
9.272525996329424
9.272525996329424
9.272525996329424
9.272525996329424
9.272525996329424
9.272525996329424
9.272525996329424
9.272525996329424
9.272525996329424
9.272525996329424
9.272525996329424
9.272525996329424
9.272525996329424
9.272525996329424
9.272525996329424
9.272525996329424
9.272525996329424
9.272525996329424
9.272525996329424
9.272525996329424
9.272525996329424
9.272525996329424
9.272525996329424
9.272525996329424
9.272525996329424
9.272525996329424
9.272525996329424
9.272525996329424
9.272525996329424
9.28497783396208
9.28497783396208
9.28497783396208
9.28497783396208
9.28497783396208
9.28497783396208
9.28497783396208
9.28497783396208
9.28497783396208
9.28497783396208
9.28497783396208
9.28497783396208
9.28497783396208
9.28497783396208
9.28497783396208
9.28497783396208
9.28497783396208
9.28497783396208
9.28497783396208
9.28497783396208
9.28497783396208
9.28497783396208
9.28497783396208
9.28497783396208
9.28497783396208
9.28497783396208
9.28497783396208
9.28497783396208
9.28497783396208
9.28497783396208
9.28497783396208
9.28497783396208
9.28497783396208
9.28497783396208
9.28497783396208
9.28497783396208
9.28497783396208
9.28497783396208
9.28497783396208
9.28497783396208
9.28497783396208
9.28497783396208
9.28497783396208
9.28497783396208
9.28497783396208
9.28497783396208
9.28497783396208
9.28497783396208
9.28497783396208
9.28497783396208
9.28497783396208
9.28497783396208
9.28497783396208
9.301246367088359
9.301246367088359
9.301246367088359
9.301246367088359
9.301246367088359
9.301246367088359
9.301246367088359
9.301246367088359
9.301246367088359
9.301246367088359
9.301246367088359
9.301246367088359
9.301246367088359
9.301246367088359
9.301246367088359
9.301246367088359
9.301246367088359
9.301246367088359
9.301246367088359
9.301246367088359
9.301246367088359
9.301246367088359
9.301246367088359
9.301246367088359
9.301246367088359
9.301246367088359
9.301246367088359
9.301246367088359
9.301246367088359
9.301246367088359
9.301246367088359
9.301246367088359
9.301246367088359
9.301246367088359
9.301246367088359
9.301246367088359
9.301246367088359
9.301246367088359
9.301246367088359
9.301246367088359
9.301246367088359
9.301246367088359
9.301246367088359
9.301246367088359
9.301246367088359
9.301246367088359
9.301246367088359
9.301246367088359
9.301246367088359
9.301246367088359
9.301246367088359
9.301246367088359
9.301246367088359
9.301246367088359
9.301246367088359
9.301246367088359
9.301246367088359
9.301246367088359
9.301246367088359
9.301246367088359
9.301246367088359
9.301246367088359
9.301246367088359
9.301246367088359
9.301246367088359
9.301246367088359
9.301246367088359
9.301246367088359
9.301246367088359
9.301246367088359
9.301246367088359
9.301246367088359
9.301246367088359
9.301246367088359
9.301246367088359
9.301246367088359
9.301246367088359
9.301246367088359
9.301246367088359
9.301246367088359
9.301246367088359
9.301246367088359
9.301246367088359
9.301246367088359
9.301246367088359
9.301246367088359
9.301246367088359
9.301246367088359
9.301246367088359
9.301246367088359
9.301246367088359
9.301246367088359
9.301246367088359
9.301246367088359
9.301246367088359
9.301246367088359
9.301246367088359
9.301246367088359
9.301246367088359
9.301246367088359
9.301246367088359
9.301246367088359
9.301246367088359
9.301246367088359
9.301246367088359
9.301246367088359
9.301246367088359
9.301246367088359
9.301246367088359
9.303601270782874
9.303601270782874
9.303601270782874
9.303601270782874
9.303601270782874
9.303601270782874
9.303601270782874
9.303601270782874
9.310596438871077
9.310596438871077
9.310596438871077
9.310596438871077
9.310596438871077
9.310596438871077
9.310596438871077
9.310596438871077
9.310596438871077
9.310596438871077
9.310596438871077
9.310596438871077
9.310596438871077
9.310596438871077
9.310596438871077
9.310596438871077
9.310596438871077
9.310596438871077
9.310596438871077
9.310596438871077
9.310596438871077
9.310596438871077
9.310596438871077
9.310596438871077
9.310596438871077
9.310596438871077
9.310596438871077
9.310596438871077
9.310596438871077
9.310596438871077
9.310596438871077
9.310596438871077
9.310596438871077
9.310596438871077
9.310596438871077
9.310596438871077
9.310596438871077
9.310596438871077
9.310596438871077
9.310596438871077
9.310596438871077
9.310596438871077
9.310596438871077
9.310596438871077
9.310596438871077
9.310596438871077
9.310596438871077
9.310596438871077
9.310596438871077
9.310596438871077
9.310596438871077
9.310596438871077
9.310596438871077
9.310596438871077
9.310596438871077
9.310596438871077
9.310596438871077
9.310596438871077
9.310596438871077
9.310596438871077
9.310596438871077
9.310596438871077
9.310596438871077
9.310596438871077
9.310596438871077
9.310596438871077
9.310596438871077
9.310596438871077
9.310596438871077
9.310596438871077
9.310596438871077
9.310596438871077
9.310596438871077
9.310596438871077
9.310596438871077
9.310596438871077
9.310596438871077
9.310596438871077
9.310596438871077
9.310596438871077
9.310596438871077
9.310596438871077
9.310596438871077
9.310596438871077
9.322445114057796
9.322445114057796
9.322445114057796
9.322445114057796
9.322445114057796
9.322445114057796
9.322445114057796
9.322445114057796
9.322445114057796
9.322445114057796
9.322445114057796
9.322445114057796
9.322445114057796
9.322445114057796
9.322445114057796
9.322445114057796
9.322445114057796
9.322445114057796
9.322445114057796
9.322445114057796
9.322445114057796
9.322445114057796
9.322445114057796
9.322445114057796
9.322445114057796
9.322445114057796
9.322445114057796
9.322445114057796
9.322445114057796
9.322445114057796
9.322445114057796
9.322445114057796
9.322445114057796
9.322445114057796
9.322445114057796
9.322445114057796
9.322445114057796
9.322445114057796
9.322445114057796
9.322445114057796
9.322445114057796
9.322445114057796
9.322445114057796
9.322445114057796
9.322445114057796
9.322445114057796
9.322445114057796
9.322445114057796
9.322445114057796
9.322445114057796
9.322445114057796
9.322445114057796
9.322445114057796
9.322445114057796
9.322445114057796
9.322445114057796
9.322445114057796
9.322445114057796
9.322445114057796
9.322445114057796
9.322445114057796
9.322445114057796
9.322445114057796
9.322445114057796
9.322445114057796
9.322445114057796
9.322445114057796
9.322445114057796
9.322445114057796
9.322445114057796
9.322445114057796
9.322445114057796
9.322445114057796
9.322445114057796
9.322445114057796
9.322445114057796
9.322445114057796
9.322445114057796
9.322445114057796
9.322445114057796
9.322445114057796
9.322445114057796
9.322445114057796
9.322445114057796
9.322445114057796
9.322445114057796
9.322445114057796
9.322445114057796
9.322445114057796
9.322445114057796
9.322445114057796
9.322445114057796
9.322445114057796
9.322445114057796
9.322445114057796
9.322445114057796
9.322445114057796
9.322445114057796
9.322445114057796
9.322445114057796
9.322445114057796
9.322445114057796
9.322445114057796
9.322445114057796
9.322445114057796
9.322445114057796
9.322445114057796
9.322445114057796
9.322445114057796
9.322445114057796
9.322445114057796
9.322445114057796
9.322445114057796
9.322445114057796
9.322445114057796
9.322445114057796
9.322445114057796
9.322445114057796
9.322445114057796
9.322445114057796
9.322445114057796
9.322445114057796
9.322445114057796
9.322445114057796
9.331744589846155
9.331744589846155
9.331744589846155
9.331744589846155
9.331744589846155
9.331744589846155
9.331744589846155
9.331744589846155
9.331744589846155
9.331744589846155
9.331744589846155
9.331744589846155
9.331744589846155
9.331744589846155
9.331744589846155
9.331744589846155
9.331744589846155
9.331744589846155
9.331744589846155
9.331744589846155
9.331744589846155
9.331744589846155
9.331744589846155
9.331744589846155
9.331744589846155
9.331744589846155
9.331744589846155
9.331744589846155
9.331744589846155
9.331744589846155
9.331744589846155
9.331744589846155
9.331744589846155
9.331744589846155
9.331744589846155
9.331744589846155
9.331744589846155
9.331744589846155
9.331744589846155
9.331744589846155
9.331744589846155
9.331744589846155
9.331744589846155
9.331744589846155
9.331744589846155
9.331744589846155
9.331744589846155
9.331744589846155
9.331744589846155
9.331744589846155
9.331744589846155
9.331744589846155
9.331744589846155
9.331744589846155
9.331744589846155
9.331744589846155
9.331744589846155
9.331744589846155
9.331744589846155
9.331744589846155
9.331744589846155
9.331744589846155
9.331744589846155
9.331744589846155
9.331744589846155
9.331744589846155
9.331744589846155
9.331744589846155
9.331744589846155
9.331744589846155
9.331744589846155
9.331744589846155
9.331744589846155
9.331744589846155
9.331744589846155
9.331744589846155
9.331744589846155
9.331744589846155
9.331744589846155
9.331744589846155
9.331744589846155
9.331744589846155
9.331744589846155
9.331744589846155
9.331744589846155
9.331744589846155
9.331744589846155
9.331744589846155
9.331744589846155
9.331744589846155
9.331744589846155
9.331744589846155
9.331744589846155
9.331744589846155
9.331744589846155
9.331744589846155
9.331744589846155
9.331744589846155
9.331744589846155
9.331744589846155
9.331744589846155
9.331744589846155
9.331744589846155
9.331744589846155
9.331744589846155
9.331744589846155
9.331744589846155
9.331744589846155
9.331744589846155
9.331744589846155
9.331744589846155
9.331744589846155
9.331744589846155
9.331744589846155
9.331744589846155
9.331744589846155
9.331744589846155
9.331744589846155
9.331744589846155
9.331744589846155
9.331744589846155
9.331744589846155
9.331744589846155
9.331744589846155
9.331744589846155
9.331744589846155
9.331744589846155
9.331744589846155
9.331744589846155
9.331744589846155
9.331744589846155
9.331744589846155
9.331744589846155
9.331744589846155
9.331744589846155
9.331744589846155
9.331744589846155
9.331744589846155
9.331744589846155
9.331744589846155
9.331744589846155
9.331744589846155
9.331744589846155
9.331744589846155
9.331744589846155
9.331744589846155
9.331744589846155
9.331744589846155
9.331744589846155
9.331744589846155
9.331744589846155
9.331744589846155
9.331744589846155
9.331744589846155
9.331744589846155
9.331744589846155
9.331744589846155
9.331744589846155
9.331744589846155
9.331744589846155
9.331744589846155
9.331744589846155
9.331744589846155
9.331744589846155
9.331744589846155
9.331744589846155
9.331744589846155
9.331744589846155
9.331744589846155
9.331744589846155
9.331744589846155
9.331744589846155
9.331744589846155
9.331744589846155
9.331744589846155
9.331744589846155
9.331744589846155
9.331744589846155
9.331744589846155
9.331744589846155
9.331744589846155
9.331744589846155
9.331744589846155
9.331744589846155
9.331744589846155
9.331744589846155
9.331744589846155
9.331744589846155
9.331744589846155
9.331744589846155
9.331744589846155
9.331744589846155
9.331744589846155
9.331744589846155
9.331744589846155
9.331744589846155
9.331744589846155
9.331744589846155
9.331744589846155
9.331744589846155
9.331744589846155
9.331744589846155
9.331744589846155
9.331744589846155
9.331744589846155
9.331744589846155
9.331744589846155
9.331744589846155
9.331744589846155
9.331744589846155
9.331744589846155
9.331744589846155
9.331744589846155
9.331744589846155
9.331744589846155
9.331744589846155
9.331744589846155
9.331744589846155
9.331744589846155
9.331744589846155
9.331744589846155
9.331744589846155
9.331744589846155
9.331744589846155
9.331744589846155
9.331744589846155
9.331744589846155
9.331744589846155
9.331744589846155
9.331744589846155
9.331744589846155
9.331744589846155
9.331744589846155
9.331744589846155
9.331744589846155
9.331744589846155
9.331744589846155
9.331744589846155
9.331744589846155
9.331744589846155
9.331744589846155
9.331744589846155
9.331744589846155
9.331744589846155
9.331744589846155
9.331744589846155
9.331744589846155
9.331744589846155
9.331744589846155
9.331744589846155
9.331744589846155
9.331744589846155
9.331744589846155
9.331744589846155
9.331744589846155
9.331744589846155
9.331744589846155
9.331744589846155
9.331744589846155
9.331744589846155
9.331744589846155
9.331744589846155
9.331744589846155
9.331744589846155
9.331744589846155
9.331744589846155
9.331744589846155
9.331744589846155
9.331744589846155
9.331744589846155
9.331744589846155
9.331744589846155
9.331744589846155
9.331744589846155
9.331744589846155
9.331744589846155
9.331744589846155
9.331744589846155
9.331744589846155
9.331744589846155
9.331744589846155
9.331744589846155
9.331744589846155
9.331744589846155
9.331744589846155
9.331744589846155
9.331744589846155
9.331744589846155
9.331744589846155
9.331744589846155
9.331744589846155
9.331744589846155
9.331744589846155
9.331744589846155
9.331744589846155
9.331744589846155
9.331744589846155
9.331744589846155
9.331744589846155
9.331744589846155
9.331744589846155
9.331744589846155
9.331744589846155
9.331744589846155
9.331744589846155
9.331744589846155
9.331744589846155
9.331744589846155
9.331744589846155
9.331744589846155
9.331744589846155
9.331744589846155
9.331744589846155
9.331744589846155
9.331744589846155
9.331744589846155
9.331744589846155
9.331744589846155
9.331744589846155
9.331744589846155
9.331744589846155
9.331744589846155
9.331744589846155
9.331744589846155
9.331744589846155
9.331744589846155
9.331744589846155
9.331744589846155
9.331744589846155
9.331744589846155
9.331744589846155
9.331744589846155
9.331744589846155
9.331744589846155
9.331744589846155
9.331744589846155
9.331744589846155
9.331744589846155
9.331744589846155
9.331744589846155
9.331744589846155
9.331744589846155
9.331744589846155
9.331744589846155
9.331744589846155
9.331744589846155
9.331744589846155
9.331744589846155
9.334272258216753
9.334272258216753
9.334272258216753
9.334272258216753
9.334272258216753
9.334272258216753
9.334272258216753
9.334272258216753
9.334272258216753
9.334272258216753
9.334272258216753
9.334272258216753
9.334272258216753
9.334272258216753
9.334272258216753
9.334272258216753
9.334272258216753
9.334272258216753
9.334272258216753
9.334272258216753
9.334272258216753
9.334272258216753
9.334272258216753
9.334272258216753
9.334272258216753
9.334272258216753
9.334272258216753
9.334272258216753
9.334272258216753
9.334272258216753
9.334272258216753
9.334272258216753
9.334272258216753
9.334272258216753
9.334272258216753
9.334272258216753
9.334272258216753
9.334272258216753
9.334272258216753
9.334272258216753
9.334272258216753
9.334272258216753
9.334272258216753
9.334272258216753
9.334272258216753
9.334272258216753
9.334272258216753
9.334272258216753
9.334272258216753
9.334272258216753
9.334272258216753
9.334272258216753
9.334272258216753
9.334272258216753
9.334272258216753
9.334272258216753
9.334272258216753
9.334272258216753
9.334272258216753
9.334272258216753
9.334272258216753
9.334272258216753
9.334272258216753
9.334272258216753
9.334272258216753
9.334272258216753
9.334272258216753
9.334272258216753
9.334272258216753
9.334272258216753
9.334272258216753
9.334272258216753
9.334272258216753
9.334272258216753
9.334272258216753
9.334272258216753
9.334272258216753
9.334272258216753
9.334272258216753
9.334272258216753
9.334272258216753
9.334272258216753
9.334272258216753
9.334272258216753
9.334272258216753
9.334272258216753
9.334272258216753
9.334272258216753
9.334272258216753
9.334272258216753
9.334272258216753
9.334272258216753
9.334272258216753
9.334272258216753
9.334272258216753
9.334272258216753
9.334272258216753
9.334272258216753
9.334272258216753
9.334272258216753
9.334272258216753
9.334272258216753
9.334272258216753
9.334272258216753
9.334272258216753
9.334272258216753
9.334272258216753
9.334272258216753
9.334272258216753
9.334272258216753
9.334272258216753
9.334272258216753
9.334272258216753
9.334272258216753
9.334272258216753
9.334272258216753
9.334272258216753
9.334272258216753
9.334272258216753
9.334272258216753
9.334272258216753
9.334272258216753
9.334272258216753
9.334272258216753
9.334272258216753
9.334272258216753
9.334272258216753
9.334272258216753
9.334272258216753
9.334272258216753
9.334272258216753
9.334272258216753
9.334272258216753
9.334272258216753
9.334272258216753
9.334272258216753
9.334272258216753
9.334272258216753
9.334272258216753
9.334272258216753
9.334272258216753
9.334272258216753
9.334272258216753
9.334272258216753
9.334272258216753
9.334272258216753
9.334272258216753
9.334272258216753
9.334272258216753
9.334272258216753
9.334272258216753
9.334272258216753
9.334272258216753
9.334272258216753
9.334272258216753
9.334272258216753
9.334272258216753
9.334272258216753
9.334272258216753
9.334272258216753
9.334272258216753
9.334272258216753
9.334272258216753
9.334272258216753
9.334272258216753
9.334272258216753
9.334272258216753
9.334272258216753
9.334272258216753
9.334272258216753
9.334272258216753
9.334272258216753
9.334272258216753
9.334272258216753
9.334272258216753
9.334272258216753
9.334272258216753
9.334272258216753
9.334272258216753
9.334272258216753
9.334272258216753
9.334272258216753
9.334272258216753
9.334272258216753
9.334272258216753
9.334272258216753
9.334272258216753
9.334272258216753
9.334272258216753
9.334272258216753
9.334272258216753
9.334272258216753
9.334272258216753
9.334272258216753
9.334272258216753
9.334272258216753
9.334272258216753
9.334272258216753
9.334272258216753
9.334272258216753
9.334272258216753
9.334272258216753
9.334272258216753
9.334272258216753
9.334272258216753
9.334272258216753
9.334272258216753
9.334272258216753
9.334272258216753
9.334272258216753
9.334272258216753
9.334272258216753
9.334272258216753
9.334272258216753
9.334272258216753
9.334272258216753
9.334272258216753
9.334272258216753
9.334272258216753
9.334272258216753
9.334272258216753
9.334272258216753
9.334272258216753
9.334272258216753
9.334272258216753
9.334272258216753
9.334272258216753
9.334272258216753
9.334272258216753
9.334272258216753
9.334272258216753
9.334272258216753
9.334272258216753
9.334272258216753
9.334272258216753
9.334272258216753
9.334272258216753
9.334272258216753
9.334272258216753
9.334272258216753
9.334272258216753
9.334272258216753
9.334272258216753
9.334272258216753
9.334272258216753
9.334272258216753
9.334272258216753
9.334272258216753
9.334272258216753
9.334272258216753
9.334272258216753
9.334272258216753
9.334272258216753
9.334272258216753
9.334272258216753
9.334272258216753
9.334272258216753
9.334272258216753
9.334272258216753
9.334272258216753
9.334272258216753
9.334272258216753
9.334272258216753
9.334272258216753
9.334272258216753
9.334272258216753
9.334272258216753
9.334272258216753
9.334272258216753
9.334272258216753
9.334272258216753
9.334272258216753
9.334272258216753
9.334272258216753
9.334272258216753
9.334272258216753
9.334272258216753
9.334272258216753
9.334272258216753
9.334272258216753
9.334272258216753
9.334272258216753
9.334272258216753
9.334272258216753
9.334272258216753
9.334272258216753
9.334272258216753
9.334272258216753
9.334272258216753
9.334272258216753
9.334272258216753
9.334272258216753
9.334272258216753
9.334272258216753
9.334272258216753
9.334272258216753
9.334272258216753
9.334272258216753
9.334272258216753
9.334272258216753
9.334272258216753
9.334272258216753
9.334272258216753
9.334272258216753
9.334272258216753
9.334272258216753
9.334272258216753
9.334272258216753
9.334272258216753
9.334272258216753
9.334272258216753
9.334272258216753
9.334272258216753
9.334272258216753
9.334272258216753
9.334272258216753
9.334272258216753
9.334272258216753
9.334272258216753
9.334272258216753
9.334272258216753
9.334272258216753
9.334272258216753
9.334272258216753
9.334272258216753
9.334272258216753
9.334272258216753
9.334272258216753
9.334272258216753
9.334272258216753
9.334272258216753
9.334272258216753
9.334272258216753
9.334272258216753
9.334272258216753
9.334272258216753
9.334272258216753
9.334272258216753
9.334272258216753
9.334272258216753
9.334272258216753
9.334272258216753
9.334272258216753
9.334272258216753
9.334272258216753
9.334272258216753
9.334272258216753
9.334272258216753
9.334272258216753
9.334272258216753
9.334272258216753
9.334272258216753
9.334272258216753
9.334272258216753
9.334272258216753
9.334272258216753
9.334272258216753
9.334272258216753
9.334272258216753
9.334272258216753
9.334272258216753
9.334272258216753
9.334272258216753
9.334272258216753
9.334272258216753
9.334272258216753
9.334272258216753
9.334272258216753
9.334272258216753
9.334272258216753
9.334272258216753
9.334272258216753
9.334272258216753
9.334272258216753
9.334272258216753
9.334272258216753
9.334272258216753
9.334272258216753
9.334272258216753
9.334272258216753
9.334272258216753
9.334272258216753
9.334272258216753
9.334272258216753
9.334272258216753
9.334272258216753
9.334272258216753
9.334272258216753
9.334272258216753
9.334272258216753
9.334272258216753
9.334272258216753
9.334272258216753
9.334272258216753
9.334272258216753
9.334272258216753
9.334272258216753
9.334272258216753
9.334272258216753
9.334272258216753
9.334272258216753
9.334272258216753
9.334272258216753
9.334272258216753
9.334272258216753
9.334272258216753
9.334272258216753
9.334272258216753
9.334272258216753
9.334272258216753
9.334272258216753
9.334272258216753
9.334272258216753
9.334272258216753
9.334272258216753
9.334272258216753
9.334272258216753
9.334272258216753
9.334272258216753
9.334272258216753
9.334272258216753
9.334272258216753
9.334272258216753
9.334272258216753
9.334272258216753
9.334272258216753
9.334272258216753
9.334272258216753
9.334272258216753
9.334272258216753
9.334272258216753
9.334272258216753
9.334272258216753
9.334272258216753
9.334272258216753
9.334272258216753
9.334272258216753
9.334272258216753
9.334272258216753
9.334272258216753
9.334272258216753
9.334272258216753
9.334272258216753
9.334272258216753
9.334272258216753
9.334272258216753
9.334272258216753
9.334272258216753
9.334272258216753
9.334272258216753
9.334272258216753
9.334272258216753
9.334272258216753
9.334272258216753
9.334272258216753
9.334272258216753
9.334272258216753
9.334272258216753
9.334272258216753
9.334272258216753
9.334272258216753
9.334272258216753
9.334272258216753
9.334272258216753
9.334272258216753
9.334272258216753
9.334272258216753
9.334272258216753
9.334272258216753
9.334272258216753
9.334272258216753
9.334272258216753
9.334272258216753
9.334272258216753
9.334272258216753
9.334272258216753
9.334272258216753
9.334272258216753
9.334272258216753
9.334272258216753
9.334272258216753
9.334272258216753
9.334272258216753
9.334272258216753
9.334272258216753
9.334272258216753
9.334272258216753
9.334272258216753
9.334272258216753
9.334272258216753
9.334272258216753
9.334272258216753
9.334272258216753
9.334272258216753
9.334272258216753
9.334272258216753
9.334272258216753
9.334272258216753
9.334272258216753
9.334272258216753
9.334272258216753
9.334272258216753
9.334272258216753
9.334272258216753
9.334272258216753
9.334272258216753
9.334272258216753
9.334272258216753
Score: 9.334272258216753
Runtime: 648ms
