7.217120811826526E-9
1.5283800291761863E-7
6.842801298938052E-7
6.842801298938052E-7
6.842801298938052E-7
1.2537727274531444E-6
2.2141489906035692E-4
2.2141489906035692E-4
2.2141489906035692E-4
2.2141489906035692E-4
2.2141489906035692E-4
2.2141489906035692E-4
2.2141489906035692E-4
2.2141489906035692E-4
2.2141489906035692E-4
2.2141489906035692E-4
6.33605988176328E-4
0.002945186364181513
0.003491349850375453
0.012196291655891856
0.012196291655891856
0.018845975453531148
0.018845975453531148
0.048177566327379726
0.048177566327379726
0.1496720417095559
0.1496720417095559
0.1496720417095559
0.1496720417095559
0.1496720417095559
0.4128774674302411
0.4128774674302411
0.4128774674302411
0.4128774674302411
0.4128774674302411
0.5049014643281963
0.5049014643281963
0.5049014643281963
0.5049014643281963
0.5049014643281963
0.5049014643281963
0.5107187374966731
0.5107187374966731
0.5107187374966731
0.5107187374966731
0.5107187374966731
0.5107187374966731
0.6778873466706814
0.6778873466706814
0.6778873466706814
0.6778873466706814
0.6778873466706814
0.6778873466706814
0.6778873466706814
0.6778873466706814
0.6778873466706814
0.6778873466706814
0.7051832039378614
0.7051832039378614
0.7051832039378614
1.7812776024234431
1.7812776024234431
1.7812776024234431
1.7812776024234431
1.7812776024234431
1.7812776024234431
1.7812776024234431
1.7812776024234431
1.7812776024234431
1.7812776024234431
1.7812776024234431
1.7812776024234431
1.7812776024234431
2.1967356841596644
2.1967356841596644
2.1967356841596644
2.1967356841596644
2.1967356841596644
2.1967356841596644
2.1967356841596644
2.1967356841596644
2.1967356841596644
2.1967356841596644
2.1967356841596644
2.1967356841596644
2.1967356841596644
2.1967356841596644
2.1967356841596644
2.756169526404779
2.756169526404779
2.756169526404779
2.756169526404779
2.756169526404779
2.756169526404779
2.756169526404779
2.756169526404779
2.756169526404779
2.756169526404779
2.756169526404779
2.756169526404779
2.756169526404779
2.756169526404779
2.756169526404779
2.816978928810872
2.816978928810872
2.816978928810872
2.9117510018066217
2.9117510018066217
2.9117510018066217
2.9117510018066217
2.9117510018066217
2.9117510018066217
2.9117510018066217
2.9117510018066217
2.9117510018066217
2.9117510018066217
3.108423754468828
3.108423754468828
3.5474186126507377
3.5474186126507377
3.5474186126507377
3.5474186126507377
3.5474186126507377
3.5474186126507377
3.5474186126507377
3.5474186126507377
3.5474186126507377
3.5474186126507377
3.5474186126507377
3.6257901821274685
3.6257901821274685
3.6257901821274685
3.8009708994964333
3.8009708994964333
3.8009708994964333
3.8009708994964333
3.8009708994964333
3.8009708994964333
3.8009708994964333
3.8009708994964333
3.8009708994964333
3.8009708994964333
3.8009708994964333
3.8009708994964333
3.8009708994964333
3.8009708994964333
3.8009708994964333
3.8009708994964333
3.8009708994964333
3.8009708994964333
3.8009708994964333
3.8009708994964333
3.8009708994964333
3.8009708994964333
3.8009708994964333
3.8009708994964333
3.864664091524112
3.864664091524112
3.864664091524112
4.272503276614052
4.272503276614052
4.272503276614052
4.272503276614052
4.272503276614052
4.272503276614052
4.272503276614052
4.272503276614052
4.272503276614052
4.272503276614052
4.272503276614052
4.272503276614052
4.272503276614052
4.272503276614052
4.272503276614052
4.272503276614052
4.272503276614052
4.272503276614052
4.272503276614052
4.272503276614052
4.272503276614052
4.272503276614052
4.272503276614052
4.272503276614052
4.272503276614052
4.272503276614052
4.272503276614052
4.272503276614052
4.272503276614052
4.272503276614052
4.272503276614052
4.272503276614052
4.272503276614052
4.272503276614052
4.272503276614052
4.272503276614052
4.272503276614052
4.272503276614052
4.272503276614052
4.272503276614052
4.272503276614052
4.272503276614052
4.272503276614052
4.272503276614052
4.272503276614052
4.272503276614052
4.272503276614052
4.272503276614052
4.272503276614052
4.272503276614052
4.272503276614052
4.272503276614052
4.272503276614052
4.272503276614052
4.272503276614052
4.272503276614052
4.272503276614052
4.272503276614052
4.272503276614052
4.272503276614052
4.272503276614052
4.272503276614052
4.272503276614052
4.272503276614052
4.272503276614052
4.272503276614052
4.272503276614052
4.272503276614052
4.272503276614052
4.272503276614052
4.272503276614052
4.272503276614052
4.272503276614052
4.272503276614052
4.272503276614052
4.272503276614052
4.272503276614052
4.272503276614052
4.272503276614052
4.272503276614052
4.272503276614052
4.272503276614052
4.272503276614052
4.272503276614052
4.272503276614052
4.272503276614052
4.272503276614052
4.272503276614052
4.272503276614052
4.272503276614052
4.272503276614052
4.272503276614052
4.272503276614052
4.272503276614052
4.272503276614052
4.272503276614052
4.272503276614052
4.272503276614052
4.272503276614052
4.272503276614052
4.272503276614052
4.272503276614052
4.272503276614052
4.272503276614052
4.272503276614052
4.272503276614052
4.272503276614052
4.272503276614052
4.272503276614052
4.272503276614052
4.272503276614052
4.272503276614052
4.272503276614052
4.272503276614052
4.272503276614052
4.272503276614052
4.272503276614052
4.272503276614052
4.272503276614052
4.272503276614052
4.272503276614052
4.272503276614052
4.272503276614052
4.272503276614052
4.272503276614052
4.272503276614052
4.272503276614052
4.272503276614052
4.272503276614052
4.272503276614052
4.272503276614052
4.272503276614052
4.272503276614052
4.272503276614052
4.272503276614052
4.272503276614052
4.272503276614052
4.272503276614052
4.272503276614052
4.272503276614052
4.272503276614052
4.272503276614052
4.272503276614052
4.272503276614052
4.272503276614052
4.272503276614052
4.272503276614052
4.272503276614052
4.272503276614052
4.272503276614052
4.272503276614052
4.272503276614052
4.272503276614052
4.272503276614052
4.272503276614052
4.272503276614052
4.272503276614052
4.272503276614052
4.272503276614052
4.272503276614052
4.272503276614052
4.272503276614052
4.272503276614052
4.272503276614052
4.272503276614052
4.272503276614052
4.272503276614052
4.272503276614052
4.272503276614052
4.272503276614052
4.272503276614052
4.272503276614052
4.272503276614052
4.272503276614052
4.272503276614052
4.272503276614052
4.272503276614052
4.272503276614052
4.272503276614052
4.272503276614052
4.272503276614052
4.272503276614052
4.272503276614052
4.272503276614052
4.272503276614052
4.272503276614052
4.272503276614052
4.272503276614052
4.272503276614052
4.272503276614052
4.272503276614052
4.272503276614052
4.272503276614052
4.272503276614052
4.272503276614052
4.272503276614052
4.272503276614052
4.272503276614052
4.272503276614052
4.272503276614052
4.272503276614052
4.272503276614052
4.272503276614052
4.272503276614052
4.272503276614052
4.272503276614052
4.272503276614052
4.272503276614052
4.272503276614052
4.272503276614052
4.272503276614052
4.272503276614052
4.272503276614052
4.272503276614052
4.272503276614052
4.272503276614052
4.272503276614052
4.272503276614052
4.272503276614052
4.272503276614052
4.272503276614052
4.272503276614052
4.272503276614052
4.272503276614052
4.272503276614052
4.272503276614052
4.272503276614052
4.272503276614052
4.272503276614052
4.272503276614052
4.272503276614052
4.272503276614052
4.272503276614052
4.272503276614052
4.272503276614052
4.272503276614052
4.272503276614052
4.272503276614052
4.272503276614052
4.272503276614052
4.272503276614052
4.272503276614052
4.272503276614052
4.272503276614052
4.272503276614052
4.272503276614052
4.272503276614052
4.272503276614052
4.272503276614052
4.272503276614052
4.272503276614052
4.272503276614052
4.272503276614052
4.272503276614052
4.272503276614052
4.272503276614052
4.272503276614052
4.272503276614052
4.272503276614052
4.272503276614052
4.272503276614052
4.272503276614052
4.272503276614052
4.272503276614052
4.272503276614052
4.272503276614052
4.272503276614052
4.272503276614052
4.272503276614052
4.272503276614052
4.272503276614052
4.272503276614052
4.272503276614052
4.272503276614052
4.272503276614052
4.272503276614052
4.272503276614052
4.272503276614052
4.272503276614052
4.272503276614052
4.272503276614052
4.272503276614052
4.272503276614052
4.272503276614052
4.272503276614052
4.272503276614052
4.272503276614052
4.272503276614052
4.272503276614052
4.272503276614052
4.272503276614052
4.272503276614052
4.272503276614052
4.272503276614052
4.272503276614052
4.272503276614052
4.272503276614052
4.272503276614052
4.272503276614052
4.272503276614052
4.272503276614052
4.272503276614052
4.272503276614052
4.272503276614052
4.272503276614052
4.272503276614052
4.272503276614052
4.272503276614052
4.272503276614052
4.272503276614052
4.272503276614052
4.272503276614052
4.272503276614052
4.272503276614052
4.272503276614052
4.272503276614052
4.272503276614052
4.272503276614052
4.272503276614052
4.272503276614052
4.272503276614052
4.272503276614052
4.272503276614052
4.272503276614052
4.272503276614052
4.272503276614052
4.272503276614052
4.272503276614052
4.272503276614052
4.272503276614052
4.272503276614052
4.272503276614052
4.272503276614052
4.272503276614052
4.272503276614052
4.272503276614052
4.272503276614052
4.272503276614052
4.272503276614052
4.272503276614052
4.272503276614052
4.272503276614052
4.272503276614052
4.272503276614052
4.272503276614052
4.272503276614052
4.272503276614052
4.272503276614052
4.272503276614052
4.272503276614052
4.272503276614052
4.272503276614052
4.272503276614052
4.272503276614052
4.272503276614052
4.272503276614052
4.272503276614052
4.272503276614052
4.272503276614052
4.272503276614052
4.272503276614052
4.272503276614052
4.272503276614052
4.272503276614052
4.272503276614052
4.272503276614052
4.272503276614052
4.272503276614052
4.272503276614052
4.272503276614052
4.272503276614052
4.272503276614052
4.272503276614052
4.272503276614052
4.272503276614052
4.272503276614052
4.272503276614052
4.272503276614052
4.272503276614052
4.272503276614052
4.272503276614052
4.272503276614052
4.272503276614052
4.272503276614052
4.272503276614052
4.272503276614052
4.272503276614052
4.272503276614052
4.272503276614052
4.272503276614052
4.272503276614052
4.272503276614052
4.272503276614052
4.272503276614052
4.272503276614052
4.272503276614052
4.272503276614052
4.272503276614052
4.272503276614052
4.272503276614052
4.272503276614052
4.272503276614052
4.272503276614052
4.272503276614052
4.272503276614052
4.272503276614052
4.272503276614052
4.272503276614052
4.272503276614052
4.272503276614052
4.272503276614052
4.272503276614052
4.272503276614052
4.272503276614052
4.272503276614052
4.272503276614052
4.272503276614052
4.272503276614052
4.272503276614052
4.272503276614052
4.272503276614052
4.272503276614052
4.272503276614052
4.272503276614052
4.272503276614052
4.272503276614052
4.272503276614052
4.272503276614052
4.272503276614052
4.272503276614052
4.272503276614052
4.272503276614052
4.272503276614052
4.272503276614052
4.272503276614052
4.272503276614052
4.272503276614052
4.272503276614052
4.272503276614052
4.272503276614052
4.272503276614052
4.272503276614052
4.272503276614052
4.272503276614052
4.272503276614052
4.272503276614052
4.272503276614052
4.272503276614052
4.272503276614052
4.272503276614052
4.272503276614052
4.272503276614052
4.272503276614052
4.272503276614052
4.272503276614052
4.272503276614052
4.272503276614052
4.272503276614052
4.272503276614052
4.272503276614052
4.272503276614052
4.272503276614052
4.272503276614052
4.272503276614052
4.272503276614052
4.272503276614052
4.272503276614052
4.272503276614052
4.272503276614052
4.272503276614052
4.272503276614052
4.272503276614052
4.272503276614052
4.272503276614052
4.272503276614052
4.272503276614052
4.272503276614052
4.272503276614052
4.272503276614052
4.272503276614052
4.272503276614052
4.272503276614052
4.272503276614052
4.272503276614052
4.272503276614052
4.272503276614052
4.272503276614052
4.272503276614052
4.272503276614052
4.272503276614052
4.272503276614052
4.272503276614052
4.272503276614052
4.272503276614052
4.272503276614052
4.272503276614052
4.272503276614052
4.272503276614052
4.272503276614052
4.272503276614052
4.272503276614052
4.272503276614052
4.272503276614052
4.272503276614052
4.272503276614052
4.272503276614052
4.272503276614052
4.272503276614052
4.272503276614052
4.272503276614052
4.272503276614052
4.272503276614052
4.272503276614052
4.272503276614052
4.272503276614052
4.272503276614052
4.272503276614052
4.272503276614052
4.272503276614052
4.272503276614052
4.272503276614052
4.272503276614052
4.272503276614052
4.272503276614052
4.272503276614052
4.272503276614052
4.272503276614052
4.272503276614052
4.272503276614052
4.272503276614052
4.272503276614052
4.272503276614052
4.272503276614052
4.272503276614052
4.272503276614052
4.272503276614052
4.272503276614052
4.272503276614052
4.272503276614052
4.272503276614052
4.272503276614052
4.272503276614052
4.272503276614052
4.272503276614052
4.272503276614052
4.272503276614052
4.272503276614052
4.272503276614052
4.272503276614052
4.272503276614052
4.272503276614052
4.272503276614052
4.272503276614052
4.291302060658062
4.291302060658062
4.291302060658062
4.291302060658062
4.291302060658062
4.291302060658062
4.291302060658062
4.291302060658062
4.291302060658062
4.291302060658062
4.291302060658062
4.291302060658062
4.291302060658062
4.291302060658062
4.291302060658062
4.291302060658062
4.291302060658062
4.291302060658062
4.291302060658062
4.291302060658062
4.291302060658062
4.291302060658062
4.291302060658062
4.291302060658062
4.291302060658062
4.291302060658062
4.291302060658062
4.291302060658062
4.291302060658062
4.350108040192658
4.350108040192658
4.350108040192658
4.350108040192658
4.350108040192658
4.350108040192658
4.350108040192658
4.350108040192658
4.350108040192658
4.350108040192658
4.350108040192658
4.350108040192658
4.350108040192658
4.556011311622535
4.556011311622535
4.556011311622535
4.556011311622535
4.556011311622535
4.556011311622535
4.556011311622535
4.556011311622535
4.556011311622535
4.556011311622535
4.556011311622535
4.556011311622535
4.556011311622535
4.556011311622535
4.556011311622535
4.556011311622535
4.556011311622535
4.556011311622535
4.556011311622535
4.556011311622535
4.556011311622535
4.556011311622535
4.556011311622535
4.556011311622535
4.556011311622535
4.6604697271368485
4.6604697271368485
4.905600433561749
4.905600433561749
4.905600433561749
4.905600433561749
4.905600433561749
4.905600433561749
4.905600433561749
4.905600433561749
4.905600433561749
4.905600433561749
4.905600433561749
4.905600433561749
4.905600433561749
4.905600433561749
4.905600433561749
4.905600433561749
4.905600433561749
4.905600433561749
4.905600433561749
4.905600433561749
4.905600433561749
4.905600433561749
4.905600433561749
4.905600433561749
4.905600433561749
4.905600433561749
4.9251515660629455
4.9251515660629455
4.9251515660629455
4.9251515660629455
4.9251515660629455
4.9251515660629455
4.9251515660629455
4.9251515660629455
4.9251515660629455
4.9251515660629455
4.9251515660629455
4.9251515660629455
4.9251515660629455
4.9251515660629455
4.9251515660629455
4.9251515660629455
4.9251515660629455
4.9251515660629455
5.722330314424973
5.722330314424973
5.722330314424973
5.722330314424973
5.722330314424973
5.722330314424973
5.722330314424973
5.722330314424973
5.722330314424973
5.72603505357827
5.72603505357827
5.72603505357827
5.72603505357827
5.72603505357827
5.72603505357827
5.72603505357827
5.72603505357827
5.72603505357827
5.72603505357827
5.72603505357827
5.72603505357827
5.72603505357827
5.72603505357827
5.72603505357827
5.72603505357827
5.72603505357827
5.72603505357827
5.72603505357827
5.72603505357827
5.72603505357827
5.790932384484444
5.790932384484444
5.790932384484444
5.790932384484444
5.790932384484444
5.790932384484444
5.790932384484444
5.790932384484444
5.790932384484444
5.790932384484444
5.790932384484444
5.790932384484444
5.790932384484444
5.790932384484444
5.790932384484444
5.790932384484444
5.790932384484444
5.790932384484444
5.790932384484444
5.790932384484444
5.960250192865686
5.960250192865686
5.960250192865686
5.960250192865686
5.960250192865686
5.960250192865686
5.960250192865686
5.960250192865686
5.960250192865686
6.1550730720172115
6.1550730720172115
6.1550730720172115
6.1550730720172115
6.1550730720172115
6.1550730720172115
6.1550730720172115
6.1550730720172115
6.1550730720172115
6.1550730720172115
6.1550730720172115
6.1550730720172115
6.1550730720172115
6.1550730720172115
6.1550730720172115
6.1550730720172115
6.1550730720172115
6.1550730720172115
6.1550730720172115
6.1550730720172115
6.1550730720172115
6.1550730720172115
6.1550730720172115
6.1550730720172115
6.1550730720172115
6.1550730720172115
6.1550730720172115
6.1550730720172115
6.1550730720172115
6.1550730720172115
6.1550730720172115
6.1550730720172115
6.1550730720172115
6.1550730720172115
6.1550730720172115
6.1550730720172115
6.1550730720172115
6.1550730720172115
6.1550730720172115
6.1550730720172115
6.1550730720172115
6.1550730720172115
6.1550730720172115
6.1550730720172115
6.1550730720172115
6.1550730720172115
6.1550730720172115
6.1550730720172115
6.575672932882416
6.575672932882416
6.575672932882416
6.575672932882416
6.575672932882416
6.575672932882416
6.575672932882416
6.575672932882416
6.575672932882416
6.575672932882416
6.575672932882416
6.575672932882416
6.575672932882416
6.575672932882416
6.575672932882416
6.575672932882416
6.575672932882416
6.575672932882416
6.575672932882416
6.575672932882416
6.575672932882416
6.575672932882416
6.575672932882416
6.575672932882416
6.575672932882416
6.575672932882416
6.575672932882416
6.575672932882416
6.575672932882416
6.575672932882416
6.575672932882416
6.575672932882416
6.575672932882416
6.575672932882416
6.575672932882416
6.575672932882416
6.575672932882416
6.575672932882416
6.575672932882416
6.575672932882416
6.575672932882416
6.575672932882416
6.575672932882416
6.575672932882416
6.575672932882416
6.575672932882416
6.575672932882416
6.575672932882416
6.575672932882416
6.575672932882416
6.575672932882416
6.575672932882416
6.575672932882416
6.575672932882416
6.575672932882416
6.575672932882416
6.575672932882416
6.575672932882416
6.575672932882416
6.575672932882416
6.575672932882416
6.575672932882416
6.575672932882416
6.575672932882416
6.575672932882416
6.575672932882416
6.575672932882416
6.575672932882416
6.575672932882416
6.575672932882416
6.575672932882416
6.575672932882416
6.575672932882416
6.575672932882416
6.575672932882416
6.575672932882416
6.575672932882416
6.575672932882416
6.575672932882416
6.575672932882416
6.575672932882416
6.575672932882416
6.575672932882416
6.575672932882416
6.575672932882416
6.575672932882416
6.575672932882416
6.575672932882416
6.575672932882416
6.575672932882416
6.575672932882416
6.575672932882416
6.575672932882416
6.575672932882416
6.575672932882416
6.575672932882416
6.575672932882416
6.575672932882416
6.575672932882416
6.575672932882416
6.575672932882416
6.575672932882416
6.575672932882416
6.575672932882416
6.575672932882416
6.575672932882416
6.575672932882416
6.575672932882416
6.575672932882416
6.575672932882416
6.575672932882416
6.575672932882416
6.575672932882416
6.575672932882416
6.575672932882416
6.575672932882416
6.575672932882416
6.575672932882416
6.575672932882416
6.575672932882416
6.575672932882416
6.575672932882416
6.575672932882416
6.575672932882416
6.575672932882416
6.575672932882416
6.575672932882416
6.575672932882416
6.575672932882416
6.575672932882416
6.575672932882416
6.575672932882416
6.575672932882416
6.575672932882416
6.575672932882416
6.575672932882416
6.575672932882416
6.575672932882416
6.575672932882416
6.575672932882416
6.575672932882416
6.575672932882416
6.575672932882416
6.575672932882416
6.575672932882416
6.575672932882416
6.575672932882416
6.575672932882416
6.575672932882416
6.575672932882416
6.575672932882416
6.575672932882416
6.575672932882416
6.575672932882416
6.575672932882416
6.575672932882416
6.575672932882416
6.575672932882416
6.575672932882416
6.575672932882416
6.575672932882416
6.575672932882416
6.575672932882416
6.575672932882416
6.575672932882416
6.575672932882416
6.575672932882416
6.575672932882416
6.575672932882416
6.575672932882416
6.575672932882416
6.575672932882416
6.575672932882416
6.575672932882416
6.575672932882416
6.575672932882416
6.575672932882416
6.575672932882416
6.575672932882416
6.575672932882416
6.575672932882416
6.575672932882416
6.575672932882416
6.575672932882416
6.575672932882416
6.575672932882416
6.575672932882416
6.575672932882416
6.575672932882416
6.575672932882416
6.575672932882416
6.575672932882416
6.575672932882416
6.575672932882416
6.575672932882416
6.575672932882416
6.575672932882416
6.575672932882416
6.575672932882416
6.575672932882416
6.575672932882416
6.575672932882416
6.575672932882416
6.575672932882416
6.575672932882416
6.575672932882416
6.575672932882416
6.575672932882416
6.575672932882416
6.575672932882416
6.575672932882416
6.575672932882416
6.575672932882416
6.575672932882416
6.575672932882416
6.575672932882416
6.575672932882416
6.575672932882416
6.575672932882416
6.575672932882416
6.575672932882416
6.575672932882416
6.575672932882416
6.575672932882416
6.575672932882416
6.575672932882416
6.575672932882416
6.575672932882416
6.575672932882416
6.575672932882416
6.575672932882416
6.575672932882416
6.575672932882416
6.575672932882416
6.575672932882416
6.575672932882416
6.575672932882416
6.575672932882416
6.575672932882416
6.575672932882416
6.575672932882416
6.575672932882416
6.575672932882416
6.575672932882416
6.575672932882416
6.575672932882416
6.575672932882416
6.575672932882416
6.575672932882416
6.575672932882416
6.575672932882416
6.575672932882416
6.575672932882416
6.575672932882416
6.575672932882416
6.575672932882416
6.575672932882416
6.575672932882416
6.575672932882416
6.575672932882416
6.575672932882416
6.575672932882416
6.575672932882416
6.575672932882416
6.575672932882416
6.575672932882416
6.575672932882416
6.575672932882416
6.575672932882416
6.575672932882416
6.575672932882416
6.575672932882416
6.575672932882416
6.575672932882416
6.575672932882416
6.575672932882416
6.575672932882416
6.575672932882416
6.575672932882416
6.575672932882416
6.575672932882416
6.575672932882416
6.575672932882416
6.575672932882416
6.575672932882416
6.575672932882416
6.575672932882416
6.575672932882416
6.575672932882416
6.575672932882416
6.575672932882416
6.575672932882416
6.575672932882416
6.575672932882416
6.575672932882416
6.575672932882416
6.575672932882416
6.575672932882416
6.575672932882416
6.575672932882416
6.575672932882416
6.575672932882416
6.575672932882416
6.575672932882416
6.575672932882416
6.575672932882416
6.575672932882416
6.575672932882416
6.575672932882416
6.575672932882416
6.575672932882416
6.575672932882416
6.575672932882416
6.575672932882416
6.575672932882416
6.575672932882416
6.575672932882416
6.575672932882416
6.575672932882416
6.575672932882416
6.575672932882416
6.575672932882416
6.575672932882416
6.575672932882416
6.575672932882416
6.575672932882416
6.575672932882416
6.575672932882416
6.575672932882416
6.575672932882416
6.575672932882416
6.575672932882416
6.575672932882416
6.575672932882416
6.575672932882416
6.575672932882416
6.575672932882416
6.575672932882416
6.575672932882416
6.575672932882416
6.575672932882416
6.575672932882416
6.575672932882416
6.575672932882416
6.575672932882416
6.575672932882416
6.575672932882416
6.575672932882416
6.575672932882416
6.575672932882416
6.575672932882416
6.575672932882416
6.575672932882416
6.575672932882416
6.575672932882416
6.575672932882416
6.575672932882416
6.575672932882416
6.575672932882416
6.575672932882416
6.575672932882416
6.575672932882416
6.575672932882416
6.575672932882416
6.575672932882416
6.575672932882416
6.575672932882416
6.575672932882416
6.575672932882416
6.575672932882416
6.575672932882416
6.575672932882416
6.575672932882416
6.575672932882416
6.575672932882416
6.575672932882416
6.575672932882416
6.575672932882416
6.575672932882416
6.575672932882416
6.575672932882416
6.575672932882416
6.575672932882416
6.575672932882416
6.575672932882416
6.575672932882416
6.575672932882416
6.575672932882416
6.575672932882416
6.575672932882416
6.575672932882416
6.575672932882416
6.575672932882416
6.575672932882416
6.575672932882416
6.575672932882416
6.575672932882416
6.575672932882416
6.575672932882416
6.575672932882416
6.575672932882416
6.575672932882416
6.575672932882416
6.575672932882416
6.575672932882416
6.575672932882416
6.575672932882416
6.575672932882416
6.575672932882416
6.575672932882416
6.575672932882416
6.575672932882416
6.575672932882416
6.575672932882416
6.575672932882416
6.575672932882416
6.575672932882416
6.575672932882416
6.575672932882416
6.575672932882416
6.575672932882416
6.575672932882416
6.575672932882416
6.575672932882416
6.575672932882416
6.575672932882416
6.575672932882416
6.575672932882416
6.575672932882416
6.575672932882416
6.575672932882416
6.575672932882416
6.575672932882416
6.575672932882416
6.575672932882416
6.575672932882416
6.575672932882416
6.575672932882416
6.575672932882416
6.575672932882416
6.575672932882416
6.575672932882416
6.575672932882416
6.575672932882416
6.575672932882416
6.575672932882416
6.575672932882416
6.575672932882416
6.575672932882416
6.575672932882416
6.575672932882416
6.575672932882416
6.575672932882416
6.575672932882416
6.575672932882416
6.575672932882416
6.575672932882416
6.575672932882416
6.575672932882416
6.575672932882416
6.575672932882416
6.575672932882416
6.575672932882416
6.575672932882416
6.575672932882416
6.575672932882416
6.575672932882416
6.575672932882416
6.575672932882416
6.575672932882416
6.575672932882416
6.575672932882416
6.575672932882416
6.575672932882416
6.575672932882416
6.575672932882416
6.575672932882416
6.575672932882416
6.575672932882416
6.575672932882416
6.575672932882416
6.575672932882416
6.575672932882416
6.575672932882416
6.575672932882416
6.575672932882416
6.575672932882416
6.575672932882416
6.575672932882416
6.575672932882416
6.575672932882416
6.575672932882416
6.575672932882416
6.575672932882416
6.575672932882416
6.575672932882416
6.575672932882416
6.575672932882416
6.575672932882416
6.575672932882416
6.575672932882416
6.575672932882416
6.575672932882416
6.575672932882416
6.575672932882416
6.575672932882416
6.575672932882416
6.575672932882416
6.575672932882416
6.575672932882416
6.575672932882416
6.575672932882416
6.575672932882416
6.575672932882416
6.575672932882416
6.575672932882416
6.575672932882416
6.575672932882416
6.575672932882416
6.575672932882416
6.575672932882416
6.575672932882416
6.575672932882416
6.575672932882416
6.575672932882416
6.575672932882416
6.575672932882416
6.575672932882416
6.575672932882416
6.575672932882416
6.575672932882416
6.575672932882416
6.575672932882416
6.575672932882416
6.575672932882416
6.575672932882416
6.575672932882416
6.575672932882416
6.575672932882416
6.575672932882416
6.575672932882416
6.575672932882416
6.575672932882416
6.575672932882416
6.575672932882416
6.575672932882416
6.575672932882416
6.575672932882416
6.575672932882416
6.575672932882416
6.575672932882416
6.575672932882416
6.575672932882416
6.575672932882416
6.575672932882416
6.575672932882416
6.575672932882416
6.575672932882416
6.575672932882416
6.575672932882416
6.575672932882416
6.575672932882416
6.575672932882416
6.575672932882416
6.575672932882416
6.575672932882416
6.575672932882416
6.575672932882416
6.575672932882416
6.575672932882416
6.575672932882416
6.575672932882416
6.575672932882416
6.575672932882416
6.575672932882416
6.575672932882416
6.575672932882416
6.575672932882416
6.575672932882416
6.575672932882416
6.575672932882416
6.575672932882416
6.575672932882416
6.575672932882416
6.575672932882416
6.575672932882416
6.575672932882416
6.575672932882416
6.575672932882416
6.575672932882416
6.575672932882416
6.575672932882416
6.575672932882416
6.575672932882416
6.575672932882416
6.575672932882416
6.575672932882416
6.575672932882416
6.575672932882416
6.575672932882416
6.575672932882416
6.575672932882416
6.575672932882416
6.575672932882416
6.575672932882416
6.575672932882416
6.575672932882416
6.575672932882416
6.575672932882416
6.575672932882416
6.575672932882416
6.575672932882416
6.575672932882416
6.575672932882416
6.575672932882416
6.575672932882416
6.575672932882416
6.575672932882416
6.575672932882416
6.575672932882416
6.575672932882416
6.575672932882416
6.575672932882416
6.575672932882416
6.575672932882416
6.575672932882416
6.575672932882416
6.575672932882416
6.575672932882416
6.575672932882416
6.575672932882416
6.575672932882416
6.575672932882416
6.575672932882416
6.575672932882416
6.575672932882416
6.575672932882416
6.575672932882416
6.575672932882416
6.575672932882416
6.575672932882416
6.575672932882416
6.575672932882416
6.575672932882416
6.575672932882416
6.575672932882416
6.575672932882416
6.575672932882416
6.575672932882416
6.575672932882416
6.575672932882416
6.575672932882416
6.575672932882416
6.575672932882416
6.575672932882416
6.575672932882416
6.575672932882416
6.575672932882416
6.575672932882416
6.575672932882416
6.575672932882416
6.575672932882416
6.575672932882416
6.575672932882416
6.575672932882416
6.575672932882416
6.575672932882416
6.575672932882416
6.575672932882416
6.575672932882416
6.575672932882416
6.575672932882416
6.575672932882416
6.575672932882416
6.575672932882416
6.575672932882416
6.575672932882416
6.575672932882416
6.575672932882416
6.575672932882416
6.575672932882416
6.575672932882416
6.575672932882416
6.575672932882416
6.575672932882416
6.575672932882416
6.575672932882416
6.575672932882416
6.575672932882416
6.575672932882416
6.575672932882416
6.575672932882416
6.575672932882416
6.575672932882416
6.575672932882416
6.575672932882416
6.575672932882416
6.575672932882416
6.575672932882416
6.575672932882416
6.575672932882416
6.575672932882416
6.575672932882416
6.575672932882416
6.575672932882416
6.575672932882416
6.575672932882416
6.575672932882416
6.575672932882416
6.575672932882416
6.575672932882416
6.575672932882416
6.575672932882416
6.575672932882416
6.575672932882416
6.575672932882416
6.575672932882416
6.575672932882416
6.575672932882416
6.575672932882416
6.575672932882416
6.575672932882416
6.575672932882416
6.575672932882416
6.575672932882416
6.575672932882416
6.575672932882416
6.575672932882416
6.575672932882416
6.575672932882416
6.575672932882416
6.575672932882416
6.575672932882416
6.575672932882416
6.575672932882416
6.575672932882416
6.575672932882416
6.575672932882416
6.575672932882416
6.575672932882416
6.575672932882416
6.575672932882416
6.575672932882416
6.575672932882416
6.575672932882416
6.575672932882416
6.575672932882416
6.575672932882416
6.575672932882416
6.575672932882416
6.575672932882416
6.575672932882416
6.575672932882416
6.575672932882416
6.575672932882416
6.575672932882416
6.575672932882416
6.575672932882416
6.575672932882416
6.575672932882416
6.575672932882416
6.575672932882416
6.575672932882416
6.575672932882416
6.575672932882416
6.575672932882416
6.575672932882416
6.575672932882416
6.575672932882416
6.575672932882416
6.575672932882416
6.575672932882416
6.575672932882416
6.575672932882416
6.575672932882416
6.575672932882416
6.575672932882416
6.575672932882416
6.575672932882416
6.575672932882416
6.575672932882416
6.575672932882416
6.575672932882416
6.575672932882416
6.575672932882416
6.575672932882416
6.575672932882416
6.575672932882416
6.575672932882416
6.575672932882416
6.575672932882416
6.575672932882416
6.575672932882416
6.575672932882416
6.575672932882416
6.575672932882416
6.575672932882416
6.575672932882416
6.575672932882416
6.575672932882416
6.575672932882416
6.575672932882416
6.575672932882416
6.575672932882416
6.575672932882416
6.575672932882416
6.575672932882416
6.575672932882416
6.575672932882416
6.575672932882416
6.575672932882416
6.575672932882416
6.575672932882416
6.575672932882416
6.575672932882416
6.575672932882416
6.575672932882416
6.575672932882416
6.575672932882416
6.575672932882416
6.575672932882416
6.575672932882416
6.575672932882416
6.575672932882416
6.575672932882416
6.575672932882416
6.575672932882416
6.575672932882416
6.575672932882416
6.575672932882416
6.575672932882416
6.575672932882416
6.575672932882416
6.575672932882416
6.575672932882416
6.575672932882416
6.575672932882416
6.575672932882416
6.575672932882416
6.575672932882416
6.575672932882416
6.575672932882416
6.575672932882416
6.575672932882416
6.575672932882416
6.575672932882416
6.575672932882416
6.575672932882416
6.575672932882416
6.575672932882416
6.575672932882416
6.575672932882416
6.575672932882416
6.575672932882416
6.575672932882416
6.575672932882416
6.575672932882416
6.575672932882416
6.575672932882416
6.575672932882416
6.575672932882416
6.575672932882416
6.575672932882416
6.575672932882416
6.575672932882416
6.575672932882416
6.575672932882416
6.575672932882416
6.575672932882416
6.575672932882416
6.575672932882416
6.575672932882416
6.575672932882416
6.575672932882416
6.575672932882416
6.575672932882416
6.575672932882416
6.575672932882416
6.575672932882416
6.575672932882416
6.575672932882416
6.575672932882416
6.575672932882416
6.575672932882416
6.575672932882416
6.575672932882416
6.575672932882416
6.575672932882416
6.575672932882416
6.575672932882416
6.575672932882416
6.575672932882416
6.575672932882416
6.575672932882416
6.575672932882416
6.575672932882416
6.575672932882416
6.575672932882416
6.575672932882416
6.575672932882416
6.575672932882416
6.575672932882416
6.575672932882416
6.575672932882416
6.575672932882416
6.575672932882416
6.575672932882416
6.575672932882416
6.575672932882416
6.575672932882416
6.575672932882416
6.575672932882416
6.575672932882416
6.575672932882416
6.575672932882416
6.575672932882416
6.575672932882416
6.575672932882416
6.575672932882416
6.575672932882416
6.575672932882416
6.575672932882416
6.575672932882416
6.575672932882416
6.575672932882416
6.575672932882416
6.575672932882416
6.575672932882416
6.575672932882416
6.575672932882416
6.575672932882416
6.575672932882416
6.575672932882416
6.575672932882416
6.575672932882416
6.575672932882416
6.575672932882416
6.575672932882416
6.575672932882416
6.575672932882416
6.575672932882416
6.575672932882416
6.575672932882416
6.575672932882416
6.575672932882416
6.575672932882416
6.575672932882416
6.575672932882416
6.575672932882416
6.575672932882416
6.575672932882416
6.575672932882416
6.575672932882416
6.575672932882416
6.575672932882416
6.575672932882416
6.575672932882416
6.575672932882416
6.575672932882416
6.575672932882416
6.575672932882416
6.575672932882416
6.575672932882416
6.575672932882416
6.575672932882416
6.575672932882416
6.575672932882416
6.575672932882416
6.575672932882416
6.575672932882416
6.575672932882416
6.575672932882416
6.575672932882416
6.575672932882416
6.575672932882416
6.575672932882416
6.575672932882416
6.575672932882416
6.575672932882416
6.575672932882416
6.575672932882416
6.575672932882416
6.575672932882416
6.575672932882416
6.575672932882416
6.575672932882416
6.575672932882416
6.575672932882416
6.575672932882416
6.575672932882416
6.575672932882416
6.575672932882416
6.575672932882416
6.575672932882416
6.575672932882416
6.575672932882416
6.575672932882416
6.575672932882416
6.575672932882416
6.575672932882416
6.575672932882416
6.575672932882416
6.575672932882416
6.575672932882416
6.575672932882416
6.575672932882416
6.575672932882416
6.575672932882416
6.575672932882416
6.575672932882416
6.575672932882416
6.575672932882416
6.575672932882416
6.575672932882416
6.575672932882416
6.575672932882416
6.575672932882416
6.575672932882416
6.575672932882416
6.575672932882416
6.575672932882416
6.575672932882416
6.575672932882416
6.575672932882416
6.575672932882416
6.575672932882416
6.575672932882416
6.575672932882416
6.575672932882416
6.575672932882416
6.575672932882416
6.575672932882416
6.575672932882416
6.575672932882416
6.575672932882416
6.575672932882416
6.575672932882416
6.575672932882416
6.575672932882416
6.575672932882416
6.575672932882416
6.575672932882416
6.575672932882416
6.575672932882416
6.575672932882416
6.575672932882416
6.575672932882416
6.575672932882416
6.575672932882416
6.575672932882416
6.575672932882416
6.575672932882416
6.575672932882416
6.575672932882416
6.575672932882416
6.575672932882416
6.575672932882416
6.575672932882416
6.575672932882416
6.575672932882416
6.575672932882416
6.575672932882416
6.575672932882416
6.575672932882416
6.575672932882416
6.575672932882416
Score: 6.575672932882416
Runtime: 659ms
