1.1588954536610342E-5
4.970096333245736E-5
1.4185386126921824E-4
1.4185386126921824E-4
0.0035260337414429284
0.0035260337414429284
0.0035260337414429284
0.009334354079176136
0.047129000890945696
0.047129000890945696
0.09847526351256439
0.5232095524098855
0.5232095524098855
0.5232095524098855
0.5232095524098855
0.6172538139019107
0.6172538139019107
0.8314954882869202
0.9084614318467197
1.5692357462082311
1.5692357462082311
1.5692357462082311
1.5692357462082311
1.5692357462082311
1.7878817286804711
1.7878817286804711
3.623165339030723
3.623165339030723
3.623165339030723
3.623165339030723
3.623165339030723
3.623165339030723
3.623165339030723
3.623165339030723
3.623165339030723
3.623165339030723
3.623165339030723
3.623165339030723
3.697418905302379
3.697418905302379
3.697418905302379
3.697418905302379
3.697418905302379
3.697418905302379
3.697418905302379
3.697418905302379
3.697418905302379
3.697418905302379
3.697418905302379
3.697418905302379
3.697418905302379
3.755799853983854
3.755799853983854
3.755799853983854
3.755799853983854
3.755799853983854
3.755799853983854
3.755799853983854
3.755799853983854
3.755799853983854
3.755799853983854
3.755799853983854
3.755799853983854
3.755799853983854
3.755799853983854
3.755799853983854
3.755799853983854
3.755799853983854
3.755799853983854
3.755799853983854
3.755799853983854
3.755799853983854
3.870109683834383
4.179852859683064
4.179852859683064
4.179852859683064
4.179852859683064
4.179852859683064
4.179852859683064
4.179852859683064
4.179852859683064
4.179852859683064
4.179852859683064
4.179852859683064
4.179852859683064
4.4949687603627755
4.4949687603627755
4.4949687603627755
4.4949687603627755
4.4949687603627755
4.4949687603627755
4.4949687603627755
4.4949687603627755
4.4949687603627755
4.569436561896486
4.569436561896486
4.569436561896486
4.569436561896486
4.569436561896486
4.569436561896486
4.569436561896486
4.569436561896486
4.569436561896486
4.569436561896486
4.569436561896486
4.569436561896486
5.094427778452887
5.094427778452887
5.094427778452887
5.094427778452887
5.094427778452887
5.094427778452887
5.094427778452887
5.094427778452887
5.094427778452887
5.094427778452887
5.17561284232471
5.17561284232471
5.17561284232471
5.6923877237596425
5.6923877237596425
5.6923877237596425
5.71933514058136
5.71933514058136
5.71933514058136
5.71933514058136
5.71933514058136
6.296609003776574
6.296609003776574
6.296609003776574
6.296609003776574
6.296609003776574
6.296609003776574
6.296609003776574
6.296609003776574
6.296609003776574
6.296609003776574
6.571042505993465
6.571042505993465
6.571042505993465
6.571042505993465
6.571042505993465
6.571042505993465
6.571042505993465
6.571042505993465
6.571042505993465
6.571042505993465
6.571042505993465
6.571042505993465
6.615333114840942
6.615333114840942
6.7757953049888435
6.7757953049888435
6.7757953049888435
6.7757953049888435
6.7757953049888435
6.7757953049888435
6.7757953049888435
6.7757953049888435
6.7757953049888435
6.7757953049888435
6.7757953049888435
6.7757953049888435
6.7757953049888435
6.7757953049888435
6.7757953049888435
6.910424363329892
6.910424363329892
6.910424363329892
6.910424363329892
6.910424363329892
6.910424363329892
6.910424363329892
6.910424363329892
6.910424363329892
6.910424363329892
7.023936975907223
7.046530870353332
7.046530870353332
7.046530870353332
7.046530870353332
7.046530870353332
7.046530870353332
7.046530870353332
7.046530870353332
7.046530870353332
7.046530870353332
7.046530870353332
7.046530870353332
7.046530870353332
7.046530870353332
7.046530870353332
7.046530870353332
7.046530870353332
7.046530870353332
7.046530870353332
7.046530870353332
7.046530870353332
7.046530870353332
7.046530870353332
7.046530870353332
7.046530870353332
7.046530870353332
7.046530870353332
7.046530870353332
7.046530870353332
7.046530870353332
7.046530870353332
7.046530870353332
7.046530870353332
7.046530870353332
7.046530870353332
7.046530870353332
7.046530870353332
7.046530870353332
7.046530870353332
7.046530870353332
7.046530870353332
7.046530870353332
7.046530870353332
7.046530870353332
7.046530870353332
7.170513130884081
7.170513130884081
7.170513130884081
7.170513130884081
7.170513130884081
7.325220395113924
7.325220395113924
7.325220395113924
7.325220395113924
7.325220395113924
7.325220395113924
7.325220395113924
7.325220395113924
7.325220395113924
7.325220395113924
7.325220395113924
7.325220395113924
7.325220395113924
7.325220395113924
7.325220395113924
7.325220395113924
7.325220395113924
7.325220395113924
7.325220395113924
7.325220395113924
7.325220395113924
7.325220395113924
7.325220395113924
7.325220395113924
7.325220395113924
7.325220395113924
7.325220395113924
7.325220395113924
7.325220395113924
7.325220395113924
7.325220395113924
7.325220395113924
7.325220395113924
7.325220395113924
7.325220395113924
7.325220395113924
7.325220395113924
7.325220395113924
7.325220395113924
7.325220395113924
7.325220395113924
7.325220395113924
7.325220395113924
7.325220395113924
7.325220395113924
7.325220395113924
7.325220395113924
7.325220395113924
7.325220395113924
7.325220395113924
7.325220395113924
7.325220395113924
7.325220395113924
7.325220395113924
7.325220395113924
7.325220395113924
7.382945244279394
7.382945244279394
7.382945244279394
7.382945244279394
7.382945244279394
7.382945244279394
7.382945244279394
7.382945244279394
7.382945244279394
7.382945244279394
7.382945244279394
7.382945244279394
7.382945244279394
7.382945244279394
7.382945244279394
7.382945244279394
7.382945244279394
7.382945244279394
7.382945244279394
7.382945244279394
7.382945244279394
7.382945244279394
7.382945244279394
7.382945244279394
7.46473146915338
7.46473146915338
7.46473146915338
7.46473146915338
7.46473146915338
7.46473146915338
7.46473146915338
7.73381111252085
7.73381111252085
7.73381111252085
7.73381111252085
7.73381111252085
7.73381111252085
7.73381111252085
7.7445913560273
7.7445913560273
7.7445913560273
7.7445913560273
7.7445913560273
7.7445913560273
7.7445913560273
7.7445913560273
7.86980980279112
7.86980980279112
7.994416157084263
7.994416157084263
7.994416157084263
7.994416157084263
7.994416157084263
7.994416157084263
7.994416157084263
7.994416157084263
7.994416157084263
7.994416157084263
7.994416157084263
7.994416157084263
7.994416157084263
7.994416157084263
7.994416157084263
7.994416157084263
8.043046445926175
8.043046445926175
8.043046445926175
8.043046445926175
8.043046445926175
8.043046445926175
8.043046445926175
8.063862064145354
8.063862064145354
8.063862064145354
8.089962959934908
8.089962959934908
8.089962959934908
8.108078676691138
8.108078676691138
8.1223049675608
8.1223049675608
8.205518160884655
8.205518160884655
8.205518160884655
8.205518160884655
8.205518160884655
8.205518160884655
8.205518160884655
8.41390786499972
8.41390786499972
8.41390786499972
8.41390786499972
8.41390786499972
8.41390786499972
8.41390786499972
8.41390786499972
8.41390786499972
8.41390786499972
8.41390786499972
8.41390786499972
8.419768369381135
8.419768369381135
8.419768369381135
8.419768369381135
8.419768369381135
8.419768369381135
8.419768369381135
8.419768369381135
8.419768369381135
8.419768369381135
8.419768369381135
8.419768369381135
8.419768369381135
8.419768369381135
8.419768369381135
8.419768369381135
8.44731273477908
8.45651957987186
8.45651957987186
8.45651957987186
8.45651957987186
8.45651957987186
8.45651957987186
8.45651957987186
8.495810542569759
8.495810542569759
8.525741003816094
8.525741003816094
8.525741003816094
8.525741003816094
8.525741003816094
8.525741003816094
8.525741003816094
8.525741003816094
8.525741003816094
8.525741003816094
8.525741003816094
8.525741003816094
8.525741003816094
8.525741003816094
8.525741003816094
8.525741003816094
8.525741003816094
8.525741003816094
8.525741003816094
8.525741003816094
8.525741003816094
8.525741003816094
8.525741003816094
8.525741003816094
8.525741003816094
8.525741003816094
8.525741003816094
8.525741003816094
8.525741003816094
8.530720389372743
8.530720389372743
8.530720389372743
8.530720389372743
8.530720389372743
8.530720389372743
8.530720389372743
8.530720389372743
8.530720389372743
8.530720389372743
8.530720389372743
8.530720389372743
8.530720389372743
8.530720389372743
8.530720389372743
8.530720389372743
8.530720389372743
8.530720389372743
8.530720389372743
8.530720389372743
8.530720389372743
8.530720389372743
8.530720389372743
8.530720389372743
8.530720389372743
8.530720389372743
8.530720389372743
8.530720389372743
8.530720389372743
8.530720389372743
8.530720389372743
8.530720389372743
8.530720389372743
8.530720389372743
8.530720389372743
8.530720389372743
8.530720389372743
8.530720389372743
8.530720389372743
8.530720389372743
8.530720389372743
8.530720389372743
8.530720389372743
8.530720389372743
8.530720389372743
8.530720389372743
8.530720389372743
8.530720389372743
8.530720389372743
8.530720389372743
8.530720389372743
8.530720389372743
8.530720389372743
8.530720389372743
8.530720389372743
8.530720389372743
8.530720389372743
8.530720389372743
8.530720389372743
8.530720389372743
8.530720389372743
8.530720389372743
8.530720389372743
8.530720389372743
8.530720389372743
8.530720389372743
8.530720389372743
8.530720389372743
8.530720389372743
8.530720389372743
8.530720389372743
8.530720389372743
8.530720389372743
8.530720389372743
8.530720389372743
8.530720389372743
8.530720389372743
8.530720389372743
8.530720389372743
8.530720389372743
8.530720389372743
8.530720389372743
8.530720389372743
8.530720389372743
8.530720389372743
8.530720389372743
8.530720389372743
8.530720389372743
8.530720389372743
8.530720389372743
8.530720389372743
8.530720389372743
8.530720389372743
8.530720389372743
8.530720389372743
8.530720389372743
8.530720389372743
8.530720389372743
8.530720389372743
8.530720389372743
8.530720389372743
8.530720389372743
8.530720389372743
8.530720389372743
8.530720389372743
8.530720389372743
8.530720389372743
8.530720389372743
8.530720389372743
8.530720389372743
8.530720389372743
8.530720389372743
8.530720389372743
8.530720389372743
8.530720389372743
8.530720389372743
8.530720389372743
8.530720389372743
8.530720389372743
8.530720389372743
8.530720389372743
8.530720389372743
8.530720389372743
8.530720389372743
8.530720389372743
8.530720389372743
8.530720389372743
8.530720389372743
8.530720389372743
8.530720389372743
8.530720389372743
8.530720389372743
8.530720389372743
8.530720389372743
8.530720389372743
8.530720389372743
8.530720389372743
8.530720389372743
8.530720389372743
8.530720389372743
8.530720389372743
8.530720389372743
8.530720389372743
8.530720389372743
8.530720389372743
8.530720389372743
8.530720389372743
8.530720389372743
8.530720389372743
8.530720389372743
8.530720389372743
8.530720389372743
8.530720389372743
8.530720389372743
8.530720389372743
8.530720389372743
8.530720389372743
8.530720389372743
8.530720389372743
8.530720389372743
8.530720389372743
8.530720389372743
8.530720389372743
8.530720389372743
8.530720389372743
8.530720389372743
8.530720389372743
8.530720389372743
8.530720389372743
8.530720389372743
8.530720389372743
8.530720389372743
8.530720389372743
8.530720389372743
8.530720389372743
8.530720389372743
8.530720389372743
8.530720389372743
8.530720389372743
8.530720389372743
8.530720389372743
8.530720389372743
8.530720389372743
8.530720389372743
8.530720389372743
8.530720389372743
8.530720389372743
8.530720389372743
8.530720389372743
8.530720389372743
8.530720389372743
8.530720389372743
8.530720389372743
8.530720389372743
8.530720389372743
8.530720389372743
8.530720389372743
8.530720389372743
8.530720389372743
8.530720389372743
8.530720389372743
8.530720389372743
8.530720389372743
8.530720389372743
8.530720389372743
8.530720389372743
8.530720389372743
8.530720389372743
8.530720389372743
8.530720389372743
8.530720389372743
8.530720389372743
8.530720389372743
8.530720389372743
8.530720389372743
8.530720389372743
8.530720389372743
8.530797111506633
8.530797111506633
8.530797111506633
8.530797111506633
8.530797111506633
8.530797111506633
8.530797111506633
8.530797111506633
8.530797111506633
8.530797111506633
8.56941125628822
8.56941125628822
8.56941125628822
8.56941125628822
8.56941125628822
8.56941125628822
8.56941125628822
8.56941125628822
8.56941125628822
8.56941125628822
8.56941125628822
8.56941125628822
8.56941125628822
8.56941125628822
8.56941125628822
8.56941125628822
8.56941125628822
8.56941125628822
8.56941125628822
8.56941125628822
8.56941125628822
8.56941125628822
8.56941125628822
8.56941125628822
8.56941125628822
8.56941125628822
8.56941125628822
8.56941125628822
8.56941125628822
8.56941125628822
8.56941125628822
8.56941125628822
8.56941125628822
8.56941125628822
8.56941125628822
8.56941125628822
8.56941125628822
8.56941125628822
8.56941125628822
8.56941125628822
8.56941125628822
8.56941125628822
8.56941125628822
8.56941125628822
8.56941125628822
8.56941125628822
8.56941125628822
8.56941125628822
8.56941125628822
8.56941125628822
8.56941125628822
8.56941125628822
8.56941125628822
8.56941125628822
8.56941125628822
8.56941125628822
8.56941125628822
8.56941125628822
8.56941125628822
8.56941125628822
8.56941125628822
8.56941125628822
8.56941125628822
8.56941125628822
8.56941125628822
8.56941125628822
8.56941125628822
8.56941125628822
8.56941125628822
8.56941125628822
8.56941125628822
8.56941125628822
8.56941125628822
8.56941125628822
8.56941125628822
8.56941125628822
8.56941125628822
8.56941125628822
8.56941125628822
8.56941125628822
8.56941125628822
8.56941125628822
8.56941125628822
8.56941125628822
8.56941125628822
8.56941125628822
8.573822685004593
8.573822685004593
8.573822685004593
8.573822685004593
8.573822685004593
8.573822685004593
8.573822685004593
8.573822685004593
8.573822685004593
8.573822685004593
8.573822685004593
8.573822685004593
8.573822685004593
8.573822685004593
8.573822685004593
8.573822685004593
8.573822685004593
8.578014265626765
8.578014265626765
8.578014265626765
8.578014265626765
8.578014265626765
8.578014265626765
8.578014265626765
8.578014265626765
8.578014265626765
8.578014265626765
8.578014265626765
8.578014265626765
8.578014265626765
8.578014265626765
8.578014265626765
8.578014265626765
8.595072542716897
8.595072542716897
8.595072542716897
8.595072542716897
8.595072542716897
8.595072542716897
8.595072542716897
8.595072542716897
8.595072542716897
8.595072542716897
8.595072542716897
8.595072542716897
8.595072542716897
8.595072542716897
8.595072542716897
8.595072542716897
8.595072542716897
8.595072542716897
8.595072542716897
8.595072542716897
8.59666737329073
8.59666737329073
8.59666737329073
8.59666737329073
8.59666737329073
8.59666737329073
8.59666737329073
8.59666737329073
8.59666737329073
8.611292143686851
8.611292143686851
8.611292143686851
8.611292143686851
8.611292143686851
8.611292143686851
8.611292143686851
8.611292143686851
8.611292143686851
8.611292143686851
8.611292143686851
8.624041326408944
8.624041326408944
8.624041326408944
8.624041326408944
8.624041326408944
8.624041326408944
8.624041326408944
8.624041326408944
8.62422221938036
8.62422221938036
8.62422221938036
8.62422221938036
8.62422221938036
8.62422221938036
8.62422221938036
8.62422221938036
8.62422221938036
8.62422221938036
8.62422221938036
8.62422221938036
8.62422221938036
8.62422221938036
8.62422221938036
8.62422221938036
8.62422221938036
8.62422221938036
8.62422221938036
8.62422221938036
8.62422221938036
8.62422221938036
8.62422221938036
8.62422221938036
8.62422221938036
8.62422221938036
8.62422221938036
8.62422221938036
8.62422221938036
8.62422221938036
8.62422221938036
8.62422221938036
8.62422221938036
8.62422221938036
8.62422221938036
8.62422221938036
8.62422221938036
8.62422221938036
8.62422221938036
8.62422221938036
8.62422221938036
8.62422221938036
8.62422221938036
8.62422221938036
8.62422221938036
8.62422221938036
8.62422221938036
8.62422221938036
8.62422221938036
8.62422221938036
8.62422221938036
8.62422221938036
8.62422221938036
8.624998708679065
8.624998708679065
8.624998708679065
8.624998708679065
8.624998708679065
8.624998708679065
8.624998708679065
8.624998708679065
8.63183505745984
8.63183505745984
8.63183505745984
8.63183505745984
8.63183505745984
8.63183505745984
8.634588169964687
8.634588169964687
8.636304301201426
8.63743991162096
8.639362715858667
8.639362715858667
8.639362715858667
8.639362715858667
8.639362715858667
8.639362715858667
8.639362715858667
8.639845511395333
8.639845511395333
8.641934748710426
8.641934748710426
8.641934748710426
8.641934748710426
8.641934748710426
8.641934748710426
8.641934748710426
8.641934748710426
8.641934748710426
8.641934748710426
8.641934748710426
8.641934748710426
8.641934748710426
8.641934748710426
8.641934748710426
8.641934748710426
8.641934748710426
8.641934748710426
8.641934748710426
8.641934748710426
8.641934748710426
8.641934748710426
8.641934748710426
8.641934748710426
8.641934748710426
8.641934748710426
8.641934748710426
8.641934748710426
8.641934748710426
8.641934748710426
8.641934748710426
8.641934748710426
8.641934748710426
8.641934748710426
8.641934748710426
8.641934748710426
8.641934748710426
8.641934748710426
8.641934748710426
8.642354193919056
8.642354193919056
8.642354193919056
8.642354193919056
8.642354193919056
8.642354193919056
8.642354193919056
8.642354193919056
8.642354193919056
8.642354193919056
8.642354193919056
8.642354193919056
8.642354193919056
8.642354193919056
8.642354193919056
8.642354193919056
8.642354193919056
8.642354193919056
8.642354193919056
8.642354193919056
8.642354193919056
8.642354193919056
8.642354193919056
8.642354193919056
8.642354193919056
8.642354193919056
8.642354193919056
8.642354193919056
8.642354193919056
8.642354193919056
8.642354193919056
8.642354193919056
8.642354193919056
8.642354193919056
8.642354193919056
8.642354193919056
8.642354193919056
8.642354193919056
8.642354193919056
8.642354193919056
8.642354193919056
8.642354193919056
8.642354193919056
8.642354193919056
8.642354193919056
8.642354193919056
8.642354193919056
8.642354193919056
8.642354193919056
8.642354193919056
8.642354193919056
8.642354193919056
8.642354193919056
8.642354193919056
8.642354193919056
8.642354193919056
8.642354193919056
8.642354193919056
8.642354193919056
8.642354193919056
8.642354193919056
8.642354193919056
8.642354193919056
8.642354193919056
8.642354193919056
8.642354193919056
8.642354193919056
8.642354193919056
8.642354193919056
8.642354193919056
8.642354193919056
8.642354193919056
8.642354193919056
8.642354193919056
8.642354193919056
8.642354193919056
8.642354193919056
8.642354193919056
8.642354193919056
8.642354193919056
8.642354193919056
8.642354193919056
8.642354193919056
8.642354193919056
8.642354193919056
8.642354193919056
8.642354193919056
8.642354193919056
8.642354193919056
8.642354193919056
8.642354193919056
8.642354193919056
8.642354193919056
8.642354193919056
8.642354193919056
8.642354193919056
8.642354193919056
8.642354193919056
8.642354193919056
8.642354193919056
8.642354193919056
8.642354193919056
8.642354193919056
8.642354193919056
8.642354193919056
8.642354193919056
8.642354193919056
8.642354193919056
8.642354193919056
8.642354193919056
8.642354193919056
8.642354193919056
8.642354193919056
8.642354193919056
8.642354193919056
8.642354193919056
8.642354193919056
8.642354193919056
8.642354193919056
8.642354193919056
8.642354193919056
8.642354193919056
8.642354193919056
8.642354193919056
8.642354193919056
8.642354193919056
8.642354193919056
8.642354193919056
8.642354193919056
8.642354193919056
8.642354193919056
8.642354193919056
8.642354193919056
8.642354193919056
8.642354193919056
8.642354193919056
8.642354193919056
8.642354193919056
8.642354193919056
8.642354193919056
8.642354193919056
8.642354193919056
8.642354193919056
8.642354193919056
8.642354193919056
8.642354193919056
8.642354193919056
8.642354193919056
8.642354193919056
8.642354193919056
8.642354193919056
8.642354193919056
8.642354193919056
8.642354193919056
8.642354193919056
8.642354193919056
8.642354193919056
8.642354193919056
8.642354193919056
8.642354193919056
8.642354193919056
8.642354193919056
8.642354193919056
8.642354193919056
8.642354193919056
8.642354193919056
8.642354193919056
8.642354193919056
8.642354193919056
8.642354193919056
8.642354193919056
8.642354193919056
8.642354193919056
8.642354193919056
8.642354193919056
8.642354193919056
8.642354193919056
8.642354193919056
8.642354193919056
8.642354193919056
8.642354193919056
8.642354193919056
8.642354193919056
8.642354193919056
8.642354193919056
8.642354193919056
8.642354193919056
8.642354193919056
8.642354193919056
8.642354193919056
8.642354193919056
8.642354193919056
8.642354193919056
8.642354193919056
8.642354193919056
8.642354193919056
8.642354193919056
8.642354193919056
8.642354193919056
8.642354193919056
8.642354193919056
8.642354193919056
8.642354193919056
8.642354193919056
8.642354193919056
8.642354193919056
8.642354193919056
8.642354193919056
8.642354193919056
8.642354193919056
8.642354193919056
8.642354193919056
8.642354193919056
8.642354193919056
8.642354193919056
8.642354193919056
8.642354193919056
8.642354193919056
8.642354193919056
8.642354193919056
8.642354193919056
8.642354193919056
8.642354193919056
8.642354193919056
8.642354193919056
8.642354193919056
8.642354193919056
8.642354193919056
8.642354193919056
8.642354193919056
8.642354193919056
8.642354193919056
8.642354193919056
8.642354193919056
8.642354193919056
8.642354193919056
8.642354193919056
8.642354193919056
8.642354193919056
8.642354193919056
8.642354193919056
8.642354193919056
8.642354193919056
8.642354193919056
8.642354193919056
8.642354193919056
8.642354193919056
8.642354193919056
8.642354193919056
8.642354193919056
8.642354193919056
8.642354193919056
8.642354193919056
8.642354193919056
8.642354193919056
8.642354193919056
8.642354193919056
8.642354193919056
8.642354193919056
8.642354193919056
8.642354193919056
8.642354193919056
8.642354193919056
8.642354193919056
8.642354193919056
8.642354193919056
8.642354193919056
8.642354193919056
8.642354193919056
8.642354193919056
8.642354193919056
8.642354193919056
8.642354193919056
8.642354193919056
8.642354193919056
8.642354193919056
8.642354193919056
8.642354193919056
8.642354193919056
8.642354193919056
8.642354193919056
8.642354193919056
8.642354193919056
8.642354193919056
8.642354193919056
8.642354193919056
8.642354193919056
8.642354193919056
8.642354193919056
8.642354193919056
8.642354193919056
8.642354193919056
8.642354193919056
8.642354193919056
8.642354193919056
8.642354193919056
8.642354193919056
8.642354193919056
8.642354193919056
8.642354193919056
8.642354193919056
8.642354193919056
8.642354193919056
8.642354193919056
8.642354193919056
8.642354193919056
8.642354193919056
8.642354193919056
8.642354193919056
8.642354193919056
8.642354193919056
8.642354193919056
8.642354193919056
8.642354193919056
8.642354193919056
8.642354193919056
8.642354193919056
8.642354193919056
8.642354193919056
8.642354193919056
8.642354193919056
8.642354193919056
8.642354193919056
8.642354193919056
8.642354193919056
8.642354193919056
8.642354193919056
8.642354193919056
8.642354193919056
8.642354193919056
8.642354193919056
8.642354193919056
8.642354193919056
8.642354193919056
8.642354193919056
8.642354193919056
8.642354193919056
8.642354193919056
8.642354193919056
8.642354193919056
8.642354193919056
8.642354193919056
8.642354193919056
8.642354193919056
8.642354193919056
8.642354193919056
8.642354193919056
8.642354193919056
8.642354193919056
8.642354193919056
8.642354193919056
8.642354193919056
8.642354193919056
8.642354193919056
8.642354193919056
8.642354193919056
8.642354193919056
8.642354193919056
8.642354193919056
8.642354193919056
8.642354193919056
8.642354193919056
8.642354193919056
8.642354193919056
8.642354193919056
8.642354193919056
8.642354193919056
8.642354193919056
8.642354193919056
8.642354193919056
8.642354193919056
8.642354193919056
8.642354193919056
8.642354193919056
8.642354193919056
8.642354193919056
8.642354193919056
8.642354193919056
8.642354193919056
8.642354193919056
8.642354193919056
8.642354193919056
8.642354193919056
8.642354193919056
8.642354193919056
8.642354193919056
8.642354193919056
8.642354193919056
8.642354193919056
8.642354193919056
8.642354193919056
8.642354193919056
8.642354193919056
8.642354193919056
8.642354193919056
8.642354193919056
8.642354193919056
8.642354193919056
8.642354193919056
8.642354193919056
8.642354193919056
8.642354193919056
8.642354193919056
8.642354193919056
8.642354193919056
8.642354193919056
8.642354193919056
8.642354193919056
8.642354193919056
8.642354193919056
8.642354193919056
8.642354193919056
8.642354193919056
8.642354193919056
8.642354193919056
8.642354193919056
8.642354193919056
8.642354193919056
8.642354193919056
8.642354193919056
8.642354193919056
8.642354193919056
8.642354193919056
8.642354193919056
8.642354193919056
8.642354193919056
8.642354193919056
8.642354193919056
8.642354193919056
8.642354193919056
8.642354193919056
8.642354193919056
8.642354193919056
8.642354193919056
8.642354193919056
8.642354193919056
8.642354193919056
8.642354193919056
8.642354193919056
8.642354193919056
8.642354193919056
8.642354193919056
8.642354193919056
8.642354193919056
8.642354193919056
8.642354193919056
8.642354193919056
8.642354193919056
8.642354193919056
8.642354193919056
8.642354193919056
8.642354193919056
8.642354193919056
8.642354193919056
8.642354193919056
8.642354193919056
8.642354193919056
8.642354193919056
8.642354193919056
8.642354193919056
8.642726043691662
8.642726043691662
8.642726043691662
8.642726043691662
8.642726043691662
8.642726043691662
8.642726043691662
8.642726043691662
8.642726043691662
8.642726043691662
8.642726043691662
8.642726043691662
8.642726043691662
8.642726043691662
8.642726043691662
8.642726043691662
8.642726043691662
8.642726043691662
8.642726043691662
8.642726043691662
8.642726043691662
8.642726043691662
8.642726043691662
8.642726043691662
8.642726043691662
8.642726043691662
8.642726043691662
8.642726043691662
8.642726043691662
8.642726043691662
8.642726043691662
8.642726043691662
8.642726043691662
8.642726043691662
8.642726043691662
8.642726043691662
8.642726043691662
8.642726043691662
8.642726043691662
8.642726043691662
8.642726043691662
8.642726043691662
8.642726043691662
8.642726043691662
8.642726043691662
8.642726043691662
8.642726043691662
8.643163000373294
8.643163000373294
8.643163000373294
8.643163000373294
8.643163000373294
8.643163000373294
8.643163000373294
8.643163000373294
8.643163000373294
8.643163000373294
8.643163000373294
8.643163000373294
8.643163000373294
8.643163000373294
8.643163000373294
8.643163000373294
8.643163000373294
8.64348665108307
8.64348665108307
8.64348665108307
8.64348665108307
8.64348665108307
8.64348665108307
8.64348665108307
8.64348665108307
8.64348665108307
8.64348665108307
8.64348665108307
8.64348665108307
8.64348665108307
8.64348665108307
8.64348665108307
8.64348665108307
8.64348665108307
8.64348665108307
8.64348665108307
8.64348665108307
8.64348665108307
8.64348665108307
8.64348665108307
8.64348665108307
8.64348665108307
8.64348665108307
8.64348665108307
8.64348665108307
8.64348665108307
8.64348665108307
8.64348665108307
8.64348665108307
8.64348665108307
8.64348665108307
8.64348665108307
8.64348665108307
8.64348665108307
8.64348665108307
8.64348665108307
8.64348665108307
8.64348665108307
8.64348665108307
8.64348665108307
8.64348665108307
8.64348665108307
8.64348665108307
8.64348665108307
8.64348665108307
8.64348665108307
8.64348665108307
8.64348665108307
8.64348665108307
8.64348665108307
8.64348665108307
8.64348665108307
8.64348665108307
8.64348665108307
8.647267602671306
8.647267602671306
8.647267602671306
8.647267602671306
8.647267602671306
8.647267602671306
8.647267602671306
8.647267602671306
8.647267602671306
8.647267602671306
8.647267602671306
8.647267602671306
8.647267602671306
8.647267602671306
8.647267602671306
8.647267602671306
8.647267602671306
8.647267602671306
8.647267602671306
8.647267602671306
8.647267602671306
8.647267602671306
8.647267602671306
8.647267602671306
8.647267602671306
8.647267602671306
8.647267602671306
8.647267602671306
8.647267602671306
8.647267602671306
8.647267602671306
8.647267602671306
8.647267602671306
8.647267602671306
8.647267602671306
8.647267602671306
8.647267602671306
8.647267602671306
8.647267602671306
8.647267602671306
8.647267602671306
8.647267602671306
8.647267602671306
8.647839896871305
8.647839896871305
8.647839896871305
8.647839896871305
8.647839896871305
8.647839896871305
8.647839896871305
8.647839896871305
8.647839896871305
8.647839896871305
8.647839896871305
8.647839896871305
8.648566265672953
8.648566265672953
8.648566265672953
8.649595202078718
8.650159262175736
8.650159262175736
8.650159262175736
8.650159262175736
8.650159262175736
8.650159262175736
8.650702208365937
8.650702208365937
8.650702208365937
8.650702208365937
8.650702208365937
8.650702208365937
8.650702208365937
8.650702208365937
8.651067609404539
8.651067609404539
8.651067609404539
8.651663571805436
8.651663571805436
8.651663571805436
8.65485293804097
8.65485293804097
8.65485293804097
8.65485293804097
8.65485293804097
8.65485293804097
8.654878156891801
8.654878156891801
8.655312286452586
8.655312286452586
8.655312286452586
8.655312286452586
8.655312286452586
8.655503901362536
8.655503901362536
8.655503901362536
8.655503901362536
8.655503901362536
8.655503901362536
8.655503901362536
8.655503901362536
8.655508390387832
8.65555829715627
8.65555829715627
8.65555829715627
8.65555829715627
8.65555829715627
8.65555829715627
8.65555829715627
8.65555829715627
8.655685134874991
8.655820176783918
8.655820176783918
8.655820176783918
8.655820176783918
8.65582129960738
8.65582129960738
8.65582129960738
8.655939003572922
8.655939003572922
8.655939003572922
8.656057448172232
8.656057448172232
8.656057448172232
8.656057448172232
8.656057448172232
8.656057448172232
8.656057448172232
8.656057448172232
8.656057448172232
8.656057448172232
8.65611212852001
8.65611212852001
8.65611212852001
8.65611212852001
8.65611212852001
8.65611212852001
8.65611212852001
8.65611212852001
8.65611212852001
8.65611212852001
8.656384677202896
8.656384677202896
8.656384677202896
8.656384677202896
8.656384677202896
8.656384677202896
8.656384677202896
8.656384677202896
8.656384677202896
8.656384677202896
8.656384677202896
8.656384677202896
8.656384677202896
8.656384677202896
8.656384677202896
8.656384677202896
8.656384677202896
8.656384677202896
8.656384677202896
8.656384677202896
8.656384677202896
8.656384677202896
8.656384677202896
8.656384677202896
8.656384677202896
8.656384677202896
8.656384677202896
8.656384677202896
8.656384677202896
8.656384677202896
8.656384677202896
8.656527847987483
8.656527847987483
8.656527847987483
8.656527847987483
8.656527847987483
8.656527847987483
8.656527847987483
8.656527847987483
8.656527847987483
8.656527847987483
8.656527847987483
8.656527847987483
8.656527847987483
8.656527847987483
8.656527847987483
8.656527847987483
8.656527847987483
8.656527847987483
8.656527847987483
8.656527847987483
8.656527847987483
8.656527847987483
8.656662209518288
8.656662209518288
8.656662209518288
8.656662209518288
8.656662209518288
8.656662209518288
8.656662209518288
8.656662209518288
8.656662209518288
8.656662209518288
8.656662209518288
8.656662209518288
8.656662209518288
8.656662209518288
8.656662209518288
8.656662209518288
8.656662209518288
8.656662209518288
8.656662209518288
8.6567898402585
8.6567898402585
8.6567898402585
8.6567898402585
8.6567898402585
8.6567898402585
8.6567898402585
8.6567898402585
8.6567898402585
8.6567898402585
8.6567898402585
8.656813874713006
8.656813874713006
8.656813874713006
8.656813874713006
8.657021695429295
8.657021695429295
8.657021695429295
8.657021695429295
8.657021695429295
8.657021695429295
8.657021695429295
8.65703032159639
8.65703032159639
8.65703032159639
8.65703032159639
8.65703032159639
8.65703032159639
8.65703032159639
8.65703032159639
8.65705552774218
8.65705552774218
8.65705552774218
8.65705552774218
8.65705552774218
8.65705552774218
8.65705552774218
8.65705552774218
8.65705552774218
8.65705552774218
8.65705552774218
8.65705552774218
8.65705552774218
8.65705552774218
8.65705552774218
8.65705552774218
8.65705552774218
8.65705552774218
8.65705552774218
8.65705552774218
8.657125204655527
8.65728071634733
8.65728071634733
8.65728071634733
8.65728071634733
8.65728071634733
8.65728071634733
8.65728071634733
8.657414867830557
8.657414867830557
8.657414867830557
8.657414867830557
8.657414867830557
8.657414867830557
8.657414867830557
8.65744720510128
8.657449646283274
8.657449646283274
8.657454673871115
8.657454673871115
8.657454673871115
8.657454673871115
8.657454673871115
8.657454673871115
8.657454673871115
8.657454673871115
8.657472405198341
8.657472405198341
8.657472405198341
8.657472405198341
8.657507564420207
8.657507564420207
8.657507564420207
8.657593966174561
8.657593966174561
8.657593966174561
8.657593966174561
8.657627920484071
8.657627920484071
8.657627920484071
8.657627920484071
8.657634600266666
8.657634600266666
8.657634600266666
8.657634600266666
8.657634600266666
8.657634600266666
8.657634600266666
8.657655242718558
8.657655242718558
8.65775502498345
8.65775502498345
8.65775502498345
8.65775502498345
8.65775502498345
8.65775502498345
8.65775502498345
8.65775502498345
8.65775502498345
8.65775502498345
8.65775502498345
8.65775502498345
8.65775502498345
8.65775502498345
8.65775502498345
8.65775502498345
8.65775502498345
8.65775502498345
8.65775502498345
8.65775502498345
8.65775502498345
8.657762284224416
8.657762284224416
8.657762284224416
8.657762284224416
8.657762284224416
8.657762284224416
8.657762284224416
8.65777797930193
8.65777797930193
8.65777797930193
8.65777797930193
8.65777797930193
8.65777797930193
8.65777797930193
8.65777797930193
8.65777797930193
8.65777797930193
8.65777797930193
8.65777797930193
8.65777797930193
8.65777797930193
8.65777797930193
8.65777797930193
8.65777797930193
8.65777797930193
8.65777797930193
8.65777797930193
8.65777797930193
8.65777797930193
8.65777797930193
8.65777797930193
8.65777797930193
8.65777797930193
8.65777797930193
8.65777797930193
8.65777797930193
8.65777797930193
8.65777797930193
8.65777797930193
8.65777797930193
8.65777797930193
8.65777797930193
8.65777797930193
8.65777797930193
8.65777797930193
8.65777797930193
8.65777797930193
8.65777797930193
8.65777797930193
8.65777797930193
8.65777797930193
8.65777797930193
8.65777797930193
8.65777797930193
8.65777797930193
8.65777797930193
8.65777797930193
8.65777797930193
8.65777797930193
8.65777797930193
8.65777797930193
8.65777797930193
8.65777797930193
8.65777797930193
8.65777797930193
8.65777797930193
8.65777797930193
8.65777797930193
8.65777797930193
8.65777797930193
8.65777797930193
8.65777797930193
8.65777797930193
8.65777797930193
8.65777797930193
8.65777797930193
8.65777797930193
8.65777797930193
8.65777797930193
8.65777797930193
8.65777797930193
8.65777797930193
8.65777797930193
8.65777797930193
8.65777797930193
8.65777797930193
8.65777797930193
8.65777797930193
8.65777797930193
8.65777797930193
8.65777797930193
8.65777797930193
8.65777797930193
8.65777797930193
8.65777797930193
8.65777797930193
8.65777797930193
8.65777797930193
8.65777797930193
8.65777797930193
8.65777797930193
8.65777797930193
8.65777797930193
8.65777797930193
8.65777797930193
8.65777797930193
8.65777797930193
8.65777797930193
8.65777797930193
8.65777797930193
8.65777797930193
8.65777797930193
8.65777797930193
8.65777797930193
8.65777797930193
8.65777797930193
8.65777797930193
8.65777797930193
8.65777797930193
8.65777797930193
8.65777797930193
8.65777797930193
8.65777797930193
8.65777797930193
8.65777797930193
8.65777797930193
8.65777797930193
8.65777797930193
8.65777797930193
8.65777797930193
8.65777797930193
8.65777797930193
8.65777797930193
Score: 8.65777797930193
Runtime: 669ms
