7.217120811826526E-9
3.480593141563173E-8
3.480593141563173E-8
3.738996654675137E-8
6.811458266327785E-6
0.0015794823859377799
0.0015794823859377799
0.0015794823859377799
0.0033316310867232742
0.0033316310867232742
0.008758239711410489
0.008758239711410489
0.20228398267951964
0.20228398267951964
0.20228398267951964
0.20228398267951964
0.20284659841410743
0.4214983950684528
0.4214983950684528
0.6710569576911725
0.6710569576911725
0.6710569576911725
0.6849996812509053
0.6849996812509053
0.6849996812509053
0.6849996812509053
0.6849996812509053
0.9570276263837302
0.9570276263837302
0.9570276263837302
0.9570276263837302
0.9570276263837302
1.0947515076878058
1.0947515076878058
1.0947515076878058
1.0947515076878058
1.1811105290885537
1.1811105290885537
1.1811105290885537
1.1811105290885537
1.1811105290885537
1.1811105290885537
1.1811105290885537
1.1811105290885537
1.1811105290885537
1.1811105290885537
1.2630965507833347
1.2630965507833347
1.2630965507833347
1.2630965507833347
1.2630965507833347
1.2630965507833347
1.2630965507833347
1.2630965507833347
1.2630965507833347
1.2630965507833347
1.2630965507833347
1.2630965507833347
1.2630965507833347
1.2630965507833347
1.2630965507833347
1.2630965507833347
1.2630965507833347
1.2630965507833347
1.2630965507833347
1.2630965507833347
1.2630965507833347
1.3646472753296082
1.3646472753296082
1.3646472753296082
1.3646472753296082
1.3646472753296082
1.3646472753296082
1.3646472753296082
1.3646472753296082
1.3646472753296082
1.3646472753296082
1.3646472753296082
1.3646472753296082
1.3646472753296082
1.46478245142749
1.46478245142749
1.46478245142749
1.6863356066802
2.7306965883469623
2.7306965883469623
2.7306965883469623
2.7306965883469623
2.7306965883469623
2.7306965883469623
2.7306965883469623
2.732211770875266
2.732211770875266
2.732211770875266
2.732211770875266
2.732211770875266
2.732211770875266
2.732211770875266
2.732211770875266
2.732211770875266
2.936036456009326
2.936036456009326
2.936036456009326
2.936036456009326
2.936036456009326
2.936036456009326
2.936036456009326
3.0663186083794765
3.5404409576745617
3.5404409576745617
3.5404409576745617
3.5404409576745617
3.5404409576745617
3.5404409576745617
3.5404409576745617
3.5404409576745617
3.5404409576745617
4.061617811874921
4.061617811874921
4.061617811874921
4.061617811874921
4.061617811874921
4.061617811874921
4.479348553294641
4.479348553294641
4.479348553294641
4.479348553294641
4.479348553294641
4.479348553294641
4.6610390099278876
4.6610390099278876
4.6610390099278876
4.6610390099278876
4.6610390099278876
4.6610390099278876
4.6610390099278876
4.6610390099278876
4.6610390099278876
4.6610390099278876
4.6610390099278876
4.6610390099278876
4.6610390099278876
4.6610390099278876
4.6610390099278876
4.6610390099278876
4.6610390099278876
4.6610390099278876
4.6610390099278876
4.6610390099278876
4.6610390099278876
4.6610390099278876
4.6610390099278876
4.689462235533001
4.689462235533001
4.689462235533001
4.689462235533001
4.689462235533001
4.689462235533001
4.689462235533001
4.689462235533001
4.689462235533001
4.689462235533001
4.689462235533001
4.689462235533001
5.361605447894569
5.361605447894569
5.361605447894569
5.361605447894569
5.361605447894569
5.361605447894569
5.361605447894569
5.389295857715254
5.389295857715254
5.389295857715254
5.389295857715254
5.389295857715254
5.389295857715254
5.389295857715254
5.389295857715254
5.389295857715254
5.389295857715254
5.841475345079066
5.841475345079066
5.841475345079066
5.841475345079066
5.841475345079066
5.841475345079066
5.841475345079066
6.00055939253746
6.00055939253746
6.00055939253746
6.00055939253746
6.00055939253746
6.39984848469123
6.39984848469123
6.39984848469123
6.39984848469123
6.39984848469123
6.443500442267142
6.443500442267142
6.766593282678271
6.900445171861365
6.900445171861365
7.079055023810847
7.079055023810847
7.079055023810847
7.079055023810847
7.258626971739675
7.258626971739675
7.258626971739675
7.258626971739675
7.258626971739675
7.258626971739675
7.258626971739675
7.258626971739675
7.258626971739675
7.288740777425023
7.288740777425023
7.288740777425023
7.288740777425023
7.288740777425023
7.288740777425023
7.288740777425023
7.288740777425023
7.288740777425023
7.288740777425023
7.288740777425023
7.288740777425023
7.288740777425023
7.288740777425023
7.338152382306863
7.3924252603160046
7.3924252603160046
7.3924252603160046
7.3924252603160046
7.3924252603160046
7.3924252603160046
7.3924252603160046
7.3924252603160046
7.3924252603160046
7.3924252603160046
7.3924252603160046
7.3924252603160046
7.3924252603160046
7.3924252603160046
7.3924252603160046
7.3924252603160046
7.3924252603160046
7.3924252603160046
7.3924252603160046
7.3924252603160046
7.3924252603160046
7.402351416899553
7.402351416899553
7.402351416899553
7.402351416899553
7.402351416899553
7.402351416899553
7.402351416899553
7.402351416899553
7.402351416899553
7.402351416899553
7.402351416899553
7.402351416899553
7.402351416899553
7.402351416899553
7.402351416899553
7.402351416899553
7.608233777323997
7.608233777323997
7.608233777323997
7.757562491852875
7.757562491852875
7.757562491852875
7.757562491852875
7.757562491852875
7.757562491852875
7.757562491852875
7.757562491852875
7.757562491852875
7.757562491852875
7.757562491852875
7.757562491852875
7.757562491852875
7.757562491852875
7.757562491852875
7.757562491852875
7.757562491852875
7.757562491852875
7.757562491852875
7.757562491852875
7.757562491852875
7.757562491852875
7.757562491852875
7.757562491852875
7.757562491852875
7.757562491852875
7.76090422923708
7.76090422923708
7.76090422923708
7.76090422923708
7.76090422923708
7.76090422923708
7.817826371068161
7.817826371068161
7.817826371068161
7.817826371068161
7.817826371068161
7.817826371068161
7.817826371068161
7.924944913777519
7.924944913777519
7.924944913777519
7.924944913777519
7.924944913777519
7.924944913777519
7.924944913777519
7.932904564495366
7.932904564495366
7.932904564495366
7.932904564495366
7.932904564495366
7.932904564495366
7.932904564495366
7.932904564495366
7.932904564495366
7.932904564495366
7.932904564495366
7.932904564495366
7.932904564495366
7.932904564495366
7.932904564495366
7.932904564495366
7.939476991461465
7.939476991461465
7.939476991461465
7.939476991461465
7.939476991461465
7.939476991461465
7.939476991461465
7.939476991461465
7.939476991461465
7.939476991461465
7.939476991461465
7.939476991461465
7.939476991461465
7.939476991461465
7.939476991461465
7.939476991461465
7.939476991461465
7.939476991461465
8.05053616128745
8.05053616128745
8.05053616128745
8.05053616128745
8.05053616128745
8.05053616128745
8.05053616128745
8.05053616128745
8.05053616128745
8.05053616128745
8.05053616128745
8.05053616128745
8.05053616128745
8.05053616128745
8.05053616128745
8.05053616128745
8.05053616128745
8.05053616128745
8.05053616128745
8.05053616128745
8.05053616128745
8.05053616128745
8.05053616128745
8.05053616128745
8.05053616128745
8.05053616128745
8.05053616128745
8.05053616128745
8.05053616128745
8.05053616128745
8.05053616128745
8.05053616128745
8.05053616128745
8.05053616128745
8.05053616128745
8.05053616128745
8.05053616128745
8.05053616128745
8.05053616128745
8.05053616128745
8.05053616128745
8.05053616128745
8.05053616128745
8.05053616128745
8.05053616128745
8.05053616128745
8.05053616128745
8.05053616128745
8.05053616128745
8.05053616128745
8.05053616128745
8.05053616128745
8.05053616128745
8.05053616128745
8.05053616128745
8.05053616128745
8.05053616128745
8.05053616128745
8.05053616128745
8.05053616128745
8.05053616128745
8.05053616128745
8.05053616128745
8.05053616128745
8.05053616128745
8.05053616128745
8.05053616128745
8.05053616128745
8.05053616128745
8.05053616128745
8.05053616128745
8.05053616128745
8.05053616128745
8.05053616128745
8.05053616128745
8.05053616128745
8.05053616128745
8.05053616128745
8.05053616128745
8.05053616128745
8.05053616128745
8.05053616128745
8.05053616128745
8.05053616128745
8.05053616128745
8.05053616128745
8.05053616128745
8.05053616128745
8.05053616128745
8.05053616128745
8.05053616128745
8.05053616128745
8.05053616128745
8.05053616128745
8.05053616128745
8.05053616128745
8.05053616128745
8.05053616128745
8.05053616128745
8.05053616128745
8.05053616128745
8.05053616128745
8.05053616128745
8.05053616128745
8.05053616128745
8.05053616128745
8.05053616128745
8.05053616128745
8.05053616128745
8.05053616128745
8.05053616128745
8.05053616128745
8.05053616128745
8.05053616128745
8.05053616128745
8.05053616128745
8.05053616128745
8.05053616128745
8.05053616128745
8.05053616128745
8.05053616128745
8.05053616128745
8.05053616128745
8.05053616128745
8.05053616128745
8.05053616128745
8.05053616128745
8.05053616128745
8.05053616128745
8.05053616128745
8.05053616128745
8.05053616128745
8.05053616128745
8.05053616128745
8.05053616128745
8.05053616128745
8.05053616128745
8.05053616128745
8.05053616128745
8.05053616128745
8.05053616128745
8.05053616128745
8.05053616128745
8.05053616128745
8.05053616128745
8.05053616128745
8.05053616128745
8.05053616128745
8.05053616128745
8.05053616128745
8.05053616128745
8.05053616128745
8.05053616128745
8.05053616128745
8.05053616128745
8.05053616128745
8.05053616128745
8.05053616128745
8.05053616128745
8.05053616128745
8.05053616128745
8.05053616128745
8.05053616128745
8.05053616128745
8.05053616128745
8.05053616128745
8.05053616128745
8.05053616128745
8.05053616128745
8.05053616128745
8.05053616128745
8.05053616128745
8.05053616128745
8.05053616128745
8.05053616128745
8.05053616128745
8.05053616128745
8.05053616128745
8.05053616128745
8.05053616128745
8.05053616128745
8.05053616128745
8.05053616128745
8.05053616128745
8.05053616128745
8.05053616128745
8.05053616128745
8.05053616128745
8.05053616128745
8.05053616128745
8.05053616128745
8.05053616128745
8.05053616128745
8.05053616128745
8.05053616128745
8.05053616128745
8.05053616128745
8.05053616128745
8.05053616128745
8.05053616128745
8.05053616128745
8.05053616128745
8.05053616128745
8.05053616128745
8.05053616128745
8.05053616128745
8.05053616128745
8.05053616128745
8.05053616128745
8.05053616128745
8.05053616128745
8.05053616128745
8.05053616128745
8.05053616128745
8.05053616128745
8.05053616128745
8.05053616128745
8.05053616128745
8.05053616128745
8.05053616128745
8.05053616128745
8.05053616128745
8.05053616128745
8.05053616128745
8.05053616128745
8.05053616128745
8.05053616128745
8.05053616128745
8.05053616128745
8.05053616128745
8.05053616128745
8.05053616128745
8.05053616128745
8.05053616128745
8.05053616128745
8.05053616128745
8.05053616128745
8.05053616128745
8.05053616128745
8.05053616128745
8.05053616128745
8.05053616128745
8.05053616128745
8.05053616128745
8.05053616128745
8.05053616128745
8.05053616128745
8.05053616128745
8.05053616128745
8.05053616128745
8.05053616128745
8.05053616128745
8.05053616128745
8.05053616128745
8.05053616128745
8.05053616128745
8.05053616128745
8.05053616128745
8.05053616128745
8.05053616128745
8.05053616128745
8.05053616128745
8.05053616128745
8.058144175520583
8.058144175520583
8.058144175520583
8.058144175520583
8.058144175520583
8.058144175520583
8.058144175520583
8.058144175520583
8.058144175520583
8.058144175520583
8.058144175520583
8.058144175520583
8.058144175520583
8.058144175520583
8.058144175520583
8.067209324674698
8.067209324674698
8.067209324674698
8.067209324674698
8.067209324674698
8.067209324674698
8.067209324674698
8.067209324674698
8.067209324674698
8.067209324674698
8.067209324674698
8.067209324674698
8.067209324674698
8.067209324674698
8.067209324674698
8.067209324674698
8.067209324674698
8.067209324674698
8.067209324674698
8.067209324674698
8.067209324674698
8.067209324674698
8.067209324674698
8.067209324674698
8.067209324674698
8.067209324674698
8.067209324674698
8.067209324674698
8.067209324674698
8.067209324674698
8.067209324674698
8.067209324674698
8.067209324674698
8.067209324674698
8.067209324674698
8.067209324674698
8.067209324674698
8.067209324674698
8.067209324674698
8.067209324674698
8.067209324674698
8.067209324674698
8.067209324674698
8.067209324674698
8.067209324674698
8.067209324674698
8.067209324674698
8.067209324674698
8.067209324674698
8.067209324674698
8.067209324674698
8.067209324674698
8.067209324674698
8.067209324674698
8.067209324674698
8.067209324674698
8.067209324674698
8.067209324674698
8.067209324674698
8.067209324674698
8.067209324674698
8.067209324674698
8.067209324674698
8.067209324674698
8.067209324674698
8.067209324674698
8.067209324674698
8.067209324674698
8.067209324674698
8.067209324674698
8.067209324674698
8.067209324674698
8.067209324674698
8.067209324674698
8.067209324674698
8.067209324674698
8.067209324674698
8.067209324674698
8.067209324674698
8.067209324674698
8.067209324674698
8.067209324674698
8.067209324674698
8.067209324674698
8.067209324674698
8.067209324674698
8.067209324674698
8.067209324674698
8.067209324674698
8.067209324674698
8.067209324674698
8.067209324674698
8.067209324674698
8.067209324674698
8.067209324674698
8.067209324674698
8.069433358701403
8.069433358701403
8.069433358701403
8.069433358701403
8.069433358701403
8.069433358701403
8.069433358701403
8.069433358701403
8.069433358701403
8.069433358701403
8.069433358701403
8.069433358701403
8.069433358701403
8.069433358701403
8.073905031025811
8.075262180080697
8.075262180080697
8.075262180080697
8.075262180080697
8.075262180080697
8.075262180080697
8.075262180080697
8.075262180080697
8.075262180080697
8.075262180080697
8.075262180080697
8.075262180080697
8.075262180080697
8.075262180080697
8.075262180080697
8.075262180080697
8.075262180080697
8.075262180080697
8.075262180080697
8.075262180080697
8.075262180080697
8.075262180080697
8.075262180080697
8.075262180080697
8.075262180080697
8.075262180080697
8.075262180080697
8.075262180080697
8.075262180080697
8.075262180080697
8.075262180080697
8.075262180080697
8.075262180080697
8.075262180080697
8.075262180080697
8.075262180080697
8.075262180080697
8.075262180080697
8.075262180080697
8.075262180080697
8.075262180080697
8.075262180080697
8.075262180080697
8.075262180080697
8.075262180080697
8.075262180080697
8.075262180080697
8.075262180080697
8.075262180080697
8.075262180080697
8.075262180080697
8.075262180080697
8.075262180080697
8.075262180080697
8.075262180080697
8.075262180080697
8.075262180080697
8.075262180080697
8.075262180080697
8.075262180080697
8.075262180080697
8.075262180080697
8.075262180080697
8.075262180080697
8.075262180080697
8.075262180080697
8.075262180080697
8.075262180080697
8.075262180080697
8.075262180080697
8.075262180080697
8.075262180080697
8.075262180080697
8.075262180080697
8.075262180080697
8.075262180080697
8.075262180080697
8.075262180080697
8.075262180080697
8.075262180080697
8.075262180080697
8.075262180080697
8.075262180080697
8.093043943248926
8.093043943248926
8.093043943248926
8.093043943248926
8.093043943248926
8.093043943248926
8.093043943248926
8.093043943248926
8.093043943248926
8.093043943248926
8.093043943248926
8.093043943248926
8.093043943248926
8.093043943248926
8.093043943248926
8.093043943248926
8.093043943248926
8.093043943248926
8.093043943248926
8.093043943248926
8.093043943248926
8.093043943248926
8.093043943248926
8.093043943248926
8.093043943248926
8.093043943248926
8.093043943248926
8.093043943248926
8.093043943248926
8.093043943248926
8.093043943248926
8.093043943248926
8.093043943248926
8.093043943248926
8.093043943248926
8.093043943248926
8.093043943248926
8.093043943248926
8.093043943248926
8.093043943248926
8.093043943248926
8.093043943248926
8.093043943248926
8.093043943248926
8.093043943248926
8.093043943248926
8.093043943248926
8.093043943248926
8.093043943248926
8.093043943248926
8.093043943248926
8.093043943248926
8.093043943248926
8.093043943248926
8.093043943248926
8.093043943248926
8.093043943248926
8.093043943248926
8.093043943248926
8.093043943248926
8.093043943248926
8.093043943248926
8.093043943248926
8.093043943248926
8.093043943248926
8.093043943248926
8.093043943248926
8.093043943248926
8.093043943248926
8.093043943248926
8.093043943248926
8.093043943248926
8.093043943248926
8.093043943248926
8.093043943248926
8.093043943248926
8.093043943248926
8.093043943248926
8.093043943248926
8.093043943248926
8.093043943248926
8.093043943248926
8.093043943248926
8.093043943248926
8.093043943248926
8.093043943248926
8.093043943248926
8.093043943248926
8.093043943248926
8.093043943248926
8.093043943248926
8.093043943248926
8.093043943248926
8.093043943248926
8.093043943248926
8.093043943248926
8.093043943248926
8.093043943248926
8.093043943248926
8.093043943248926
8.093043943248926
8.093043943248926
8.093043943248926
8.093043943248926
8.093043943248926
8.093043943248926
8.093043943248926
8.093043943248926
8.093043943248926
8.093043943248926
8.093043943248926
8.093043943248926
8.093043943248926
8.093043943248926
8.093043943248926
8.093043943248926
8.093043943248926
8.093043943248926
8.093043943248926
8.093043943248926
8.093043943248926
8.093043943248926
8.093043943248926
8.093043943248926
8.093043943248926
8.093043943248926
8.093043943248926
8.093043943248926
8.093043943248926
8.093043943248926
8.093043943248926
8.093043943248926
8.093043943248926
8.093043943248926
8.093043943248926
8.093043943248926
8.093043943248926
8.093043943248926
8.093043943248926
8.093043943248926
8.093043943248926
8.093043943248926
8.093043943248926
8.093043943248926
8.093043943248926
8.093043943248926
8.093043943248926
8.093043943248926
8.093043943248926
8.093043943248926
8.093043943248926
8.093043943248926
8.093043943248926
8.093043943248926
8.093043943248926
8.093043943248926
8.093043943248926
8.093043943248926
8.093043943248926
8.093043943248926
8.093043943248926
8.093043943248926
8.093043943248926
8.093043943248926
8.093043943248926
8.093043943248926
8.093043943248926
8.093043943248926
8.093043943248926
8.093043943248926
8.093043943248926
8.093043943248926
8.093043943248926
8.093043943248926
8.093043943248926
8.093043943248926
8.093043943248926
8.093043943248926
8.093043943248926
8.093043943248926
8.093043943248926
8.093043943248926
8.093043943248926
8.093043943248926
8.093043943248926
8.093043943248926
8.093043943248926
8.093043943248926
8.093043943248926
8.093043943248926
8.093043943248926
8.093043943248926
8.093043943248926
8.093043943248926
8.093043943248926
8.093043943248926
8.093043943248926
8.093043943248926
8.093043943248926
8.093043943248926
8.093043943248926
8.093043943248926
8.093043943248926
8.093043943248926
8.093043943248926
8.093043943248926
8.093043943248926
8.093043943248926
8.093043943248926
8.093043943248926
8.093043943248926
8.093043943248926
8.093043943248926
8.093043943248926
8.093043943248926
8.093043943248926
8.093043943248926
8.093043943248926
8.093043943248926
8.093043943248926
8.093043943248926
8.093043943248926
8.093043943248926
8.093043943248926
8.093043943248926
8.093043943248926
8.093043943248926
8.093043943248926
8.093043943248926
8.093043943248926
8.093043943248926
8.093043943248926
8.093043943248926
8.093043943248926
8.093043943248926
8.093043943248926
8.093043943248926
8.093043943248926
8.093043943248926
8.093043943248926
8.093043943248926
8.093043943248926
8.093043943248926
8.093043943248926
8.093043943248926
8.093043943248926
8.093043943248926
8.093043943248926
8.093043943248926
8.093043943248926
8.093043943248926
8.093043943248926
8.093043943248926
8.093043943248926
8.093043943248926
8.093043943248926
8.093043943248926
8.093043943248926
8.093043943248926
8.093043943248926
8.093043943248926
8.093043943248926
8.093043943248926
8.093043943248926
8.093043943248926
8.093043943248926
8.093043943248926
8.093043943248926
8.093043943248926
8.093043943248926
8.093043943248926
8.093043943248926
8.093043943248926
8.093043943248926
8.093043943248926
8.093043943248926
8.093043943248926
8.093043943248926
8.093043943248926
8.093043943248926
8.093043943248926
8.093043943248926
8.093043943248926
8.093043943248926
8.093043943248926
8.093043943248926
8.093043943248926
8.093043943248926
8.093043943248926
8.093043943248926
8.093043943248926
8.093043943248926
8.093043943248926
8.093043943248926
8.093043943248926
8.093043943248926
8.093043943248926
8.093043943248926
8.093043943248926
8.093043943248926
8.093043943248926
8.093043943248926
8.093043943248926
8.093043943248926
8.093043943248926
8.093043943248926
8.093043943248926
8.093043943248926
8.093043943248926
8.093043943248926
8.093043943248926
8.093043943248926
8.093043943248926
8.093043943248926
8.093043943248926
8.093043943248926
8.093043943248926
8.093043943248926
8.093043943248926
8.093043943248926
8.093043943248926
8.093043943248926
8.093043943248926
8.093043943248926
8.093043943248926
8.093043943248926
8.093043943248926
8.093043943248926
8.093043943248926
8.093043943248926
8.093043943248926
8.093043943248926
8.093043943248926
8.093043943248926
8.093043943248926
8.093043943248926
8.093043943248926
8.093043943248926
8.093043943248926
8.093043943248926
8.093043943248926
8.093043943248926
8.093043943248926
8.093043943248926
8.093043943248926
8.093043943248926
8.093043943248926
8.093043943248926
8.093043943248926
8.093043943248926
8.093043943248926
8.093043943248926
8.093043943248926
8.093043943248926
8.093043943248926
8.093043943248926
8.093043943248926
8.093043943248926
8.093043943248926
8.093043943248926
8.093043943248926
8.093043943248926
8.093043943248926
8.093043943248926
8.093043943248926
8.093043943248926
8.093043943248926
8.093043943248926
8.093043943248926
8.093043943248926
8.093043943248926
8.093043943248926
8.093043943248926
8.093043943248926
8.093043943248926
8.093043943248926
8.093043943248926
8.093043943248926
8.093043943248926
8.093043943248926
8.093043943248926
8.093043943248926
8.093043943248926
8.093043943248926
8.093043943248926
8.093043943248926
8.093043943248926
8.093043943248926
8.093043943248926
8.093043943248926
8.093043943248926
8.093043943248926
8.093043943248926
8.093043943248926
8.093043943248926
8.093043943248926
8.093043943248926
8.093043943248926
8.093043943248926
8.093043943248926
8.093043943248926
8.093043943248926
8.093043943248926
8.093043943248926
8.093043943248926
8.093043943248926
8.093043943248926
8.093043943248926
8.093043943248926
8.093043943248926
8.093043943248926
8.093043943248926
8.093043943248926
8.093043943248926
8.093043943248926
8.093043943248926
8.093043943248926
8.093043943248926
8.093043943248926
8.093043943248926
8.093043943248926
8.093043943248926
8.093043943248926
8.093043943248926
8.093043943248926
8.093043943248926
8.093043943248926
8.093043943248926
8.093043943248926
8.093043943248926
8.093043943248926
8.093043943248926
8.093043943248926
8.093043943248926
8.093043943248926
8.093043943248926
8.093043943248926
8.093043943248926
8.093043943248926
8.093043943248926
8.093043943248926
8.093043943248926
8.093043943248926
8.093043943248926
8.093043943248926
8.093043943248926
8.093043943248926
8.093043943248926
8.093043943248926
8.093043943248926
8.093043943248926
8.093043943248926
8.093043943248926
8.093043943248926
8.093043943248926
8.093043943248926
8.093043943248926
8.093043943248926
8.093043943248926
8.093043943248926
8.093043943248926
8.093043943248926
8.093043943248926
8.093043943248926
8.093043943248926
8.093043943248926
8.093043943248926
8.093043943248926
8.093043943248926
8.093043943248926
8.093043943248926
8.093043943248926
8.093043943248926
8.093043943248926
8.093043943248926
8.093043943248926
8.093043943248926
8.093043943248926
8.093043943248926
8.093043943248926
8.093043943248926
8.093043943248926
8.093043943248926
8.093043943248926
8.093043943248926
8.093043943248926
8.093043943248926
8.093043943248926
8.093043943248926
8.093043943248926
8.093043943248926
8.093043943248926
8.093043943248926
8.093043943248926
8.093043943248926
8.093043943248926
8.093043943248926
8.093043943248926
8.093043943248926
8.093043943248926
8.093043943248926
8.093043943248926
8.093043943248926
8.093043943248926
8.093043943248926
8.093043943248926
8.093043943248926
8.093043943248926
8.093043943248926
8.093043943248926
8.093043943248926
8.093043943248926
8.093043943248926
8.093043943248926
8.093043943248926
8.093043943248926
8.093043943248926
8.093043943248926
8.093043943248926
8.093043943248926
8.093043943248926
8.093043943248926
8.093043943248926
8.093043943248926
8.093043943248926
8.093043943248926
8.093043943248926
8.093043943248926
8.093043943248926
8.093043943248926
8.093043943248926
8.093043943248926
8.093043943248926
8.093043943248926
8.093043943248926
8.093043943248926
8.093043943248926
8.093043943248926
8.093043943248926
8.093043943248926
8.093043943248926
8.093043943248926
8.093043943248926
8.093043943248926
8.093043943248926
8.093043943248926
8.093043943248926
8.093043943248926
8.093043943248926
8.093043943248926
8.093043943248926
8.093043943248926
8.093043943248926
8.093043943248926
8.093043943248926
8.093043943248926
8.093043943248926
8.093043943248926
8.093043943248926
8.093043943248926
8.093043943248926
8.093043943248926
8.093043943248926
8.093043943248926
8.093043943248926
8.093043943248926
8.093043943248926
8.093043943248926
8.093043943248926
8.093043943248926
8.093043943248926
8.093043943248926
8.093043943248926
8.093043943248926
8.093043943248926
8.093043943248926
8.093043943248926
8.093043943248926
8.093043943248926
8.093043943248926
8.093043943248926
8.093043943248926
8.093043943248926
8.093043943248926
8.093043943248926
8.093043943248926
8.093043943248926
8.093043943248926
8.093043943248926
8.093043943248926
8.093043943248926
8.093043943248926
8.093043943248926
8.093043943248926
8.093043943248926
8.093043943248926
8.093043943248926
8.093043943248926
8.093043943248926
8.093043943248926
8.093043943248926
8.093043943248926
8.093043943248926
8.093043943248926
8.093043943248926
8.093043943248926
8.093043943248926
8.093043943248926
8.093043943248926
8.093043943248926
8.093043943248926
8.093043943248926
8.093043943248926
8.093043943248926
8.093043943248926
8.093043943248926
8.093043943248926
8.093043943248926
8.093043943248926
8.093043943248926
8.093043943248926
8.093043943248926
8.093043943248926
8.093043943248926
8.093043943248926
8.093043943248926
8.093043943248926
8.093043943248926
8.093043943248926
8.093043943248926
8.093043943248926
8.093043943248926
8.093043943248926
8.093043943248926
8.093043943248926
8.093043943248926
8.093043943248926
8.093043943248926
8.093043943248926
8.093043943248926
8.093043943248926
8.093043943248926
8.093043943248926
8.093043943248926
8.093043943248926
8.093043943248926
8.093043943248926
8.093043943248926
8.093043943248926
8.093043943248926
8.093043943248926
8.093043943248926
8.093043943248926
8.093043943248926
8.093043943248926
8.093043943248926
8.093043943248926
8.093043943248926
8.093043943248926
8.093043943248926
8.093043943248926
8.093043943248926
8.093043943248926
8.093043943248926
8.093043943248926
8.093043943248926
8.093043943248926
8.093043943248926
8.093043943248926
8.093043943248926
8.093043943248926
8.093043943248926
8.093043943248926
8.093043943248926
8.093043943248926
8.093043943248926
8.093043943248926
8.093043943248926
8.093043943248926
8.093043943248926
8.093043943248926
8.093043943248926
8.093043943248926
8.093043943248926
8.093043943248926
8.093043943248926
8.093043943248926
8.093043943248926
8.093043943248926
8.093043943248926
8.093043943248926
8.093043943248926
8.093043943248926
8.093043943248926
8.093043943248926
8.093043943248926
8.093043943248926
8.093043943248926
8.093043943248926
8.093043943248926
8.093043943248926
8.093043943248926
8.093043943248926
8.093043943248926
8.093043943248926
8.093043943248926
8.093043943248926
8.093043943248926
8.093043943248926
8.093043943248926
8.093043943248926
8.093043943248926
8.093043943248926
8.093043943248926
8.093043943248926
8.093043943248926
8.093043943248926
8.093043943248926
8.093043943248926
8.093043943248926
8.093043943248926
8.093043943248926
8.093043943248926
8.093043943248926
8.093043943248926
8.093043943248926
8.093043943248926
8.093043943248926
8.093043943248926
8.093043943248926
8.093043943248926
8.093043943248926
8.093043943248926
8.093043943248926
8.093043943248926
8.093043943248926
8.093043943248926
8.093043943248926
8.093043943248926
8.093043943248926
8.093043943248926
8.093043943248926
8.093043943248926
8.093043943248926
8.093043943248926
8.093043943248926
8.093043943248926
8.093043943248926
8.093043943248926
8.093043943248926
8.093043943248926
8.093043943248926
8.093043943248926
8.093043943248926
8.093043943248926
8.093043943248926
8.093043943248926
8.093043943248926
8.093043943248926
8.093043943248926
8.093043943248926
8.093043943248926
8.093043943248926
8.093043943248926
8.093043943248926
8.093043943248926
8.093043943248926
8.093043943248926
8.093043943248926
8.093043943248926
8.093043943248926
8.093043943248926
8.093043943248926
8.093043943248926
8.093043943248926
8.093043943248926
8.093043943248926
8.093043943248926
8.093043943248926
8.093043943248926
8.093043943248926
8.093043943248926
8.093043943248926
8.093043943248926
8.093043943248926
8.093043943248926
8.093043943248926
8.093043943248926
8.093043943248926
8.093043943248926
8.093043943248926
8.093043943248926
8.093043943248926
8.093043943248926
8.093043943248926
8.093043943248926
8.093043943248926
8.093043943248926
8.093043943248926
8.093043943248926
8.093043943248926
8.093043943248926
8.093043943248926
8.093043943248926
8.093043943248926
8.093043943248926
8.093043943248926
8.093043943248926
8.093043943248926
8.093043943248926
8.093043943248926
8.093043943248926
8.093043943248926
8.093043943248926
8.093043943248926
8.093043943248926
8.093043943248926
8.093043943248926
8.093043943248926
8.093043943248926
8.093043943248926
8.093043943248926
8.093043943248926
8.093043943248926
8.093043943248926
8.093043943248926
8.093043943248926
8.093043943248926
8.093043943248926
8.093043943248926
8.093043943248926
8.093043943248926
8.093043943248926
8.093043943248926
8.093043943248926
8.093043943248926
8.093043943248926
8.093043943248926
8.093043943248926
8.093043943248926
8.093043943248926
8.093043943248926
8.093043943248926
8.093043943248926
8.093043943248926
8.093043943248926
8.093043943248926
8.093043943248926
8.093043943248926
8.093043943248926
8.093043943248926
8.093043943248926
8.093043943248926
8.093043943248926
8.093043943248926
8.093043943248926
8.093043943248926
8.093043943248926
8.093043943248926
8.093043943248926
8.093043943248926
8.093043943248926
8.093043943248926
8.093043943248926
8.093043943248926
8.093043943248926
8.093043943248926
8.093043943248926
8.093043943248926
8.093043943248926
8.093043943248926
8.093043943248926
8.093043943248926
8.093043943248926
8.093043943248926
8.093043943248926
8.093043943248926
8.093043943248926
8.093043943248926
8.093043943248926
8.093043943248926
8.093043943248926
8.093043943248926
8.093043943248926
8.093043943248926
8.093043943248926
8.093043943248926
8.093043943248926
8.093043943248926
8.093043943248926
8.093043943248926
8.093043943248926
8.093043943248926
8.093043943248926
8.093043943248926
8.093043943248926
8.093043943248926
8.093043943248926
8.093043943248926
8.093043943248926
8.093043943248926
8.093043943248926
8.093043943248926
8.093043943248926
8.093043943248926
8.093043943248926
8.093043943248926
8.093043943248926
8.093043943248926
8.093043943248926
8.093043943248926
8.093043943248926
8.093043943248926
8.093043943248926
8.093043943248926
8.093043943248926
8.093043943248926
8.093043943248926
8.093043943248926
8.093043943248926
8.093043943248926
8.093043943248926
8.093043943248926
8.093043943248926
8.093043943248926
8.093043943248926
8.093043943248926
8.093043943248926
8.093043943248926
8.093043943248926
8.093043943248926
8.093043943248926
8.093043943248926
8.093043943248926
8.093043943248926
8.093043943248926
8.093043943248926
8.093043943248926
8.093043943248926
8.093043943248926
8.093043943248926
8.093043943248926
8.093043943248926
8.093043943248926
8.093043943248926
8.093043943248926
8.093043943248926
8.093043943248926
8.093043943248926
8.093043943248926
8.093043943248926
8.093043943248926
8.093043943248926
8.093043943248926
8.093043943248926
8.093043943248926
8.093043943248926
8.093043943248926
8.093043943248926
8.093043943248926
8.093043943248926
8.093043943248926
8.093043943248926
8.093043943248926
8.093043943248926
8.093043943248926
8.093043943248926
8.093043943248926
8.093043943248926
8.093043943248926
8.093043943248926
8.093043943248926
8.093043943248926
8.093043943248926
8.093043943248926
8.093043943248926
8.093043943248926
8.093043943248926
8.093043943248926
8.093043943248926
8.093043943248926
8.093043943248926
8.093043943248926
8.093043943248926
8.093043943248926
8.093043943248926
8.093043943248926
8.093043943248926
8.093043943248926
8.093043943248926
8.093043943248926
8.093043943248926
8.093043943248926
8.093043943248926
8.093043943248926
8.093043943248926
8.093043943248926
8.093043943248926
8.093043943248926
8.093043943248926
8.093043943248926
8.093043943248926
8.093043943248926
8.093043943248926
8.093043943248926
8.093043943248926
8.093043943248926
8.093043943248926
8.093043943248926
8.093043943248926
8.093043943248926
8.093043943248926
8.093043943248926
8.093043943248926
8.093043943248926
8.093043943248926
8.093043943248926
8.093043943248926
8.093043943248926
8.093043943248926
8.093043943248926
8.093043943248926
8.093043943248926
8.093043943248926
8.093043943248926
8.093043943248926
8.093043943248926
8.093043943248926
8.093043943248926
8.093043943248926
8.093043943248926
8.093043943248926
8.093043943248926
8.093043943248926
8.093043943248926
8.093043943248926
8.093043943248926
8.093043943248926
8.093043943248926
8.093043943248926
8.093043943248926
8.093043943248926
8.093043943248926
8.093043943248926
8.093043943248926
8.093043943248926
8.093043943248926
8.093043943248926
8.093043943248926
8.093043943248926
8.093043943248926
8.093043943248926
8.093043943248926
8.093043943248926
8.093043943248926
8.093043943248926
8.093043943248926
8.093043943248926
8.093043943248926
8.093043943248926
8.093043943248926
8.093043943248926
8.093043943248926
8.093043943248926
8.093043943248926
8.093043943248926
8.093043943248926
8.093043943248926
8.093043943248926
8.093043943248926
8.093043943248926
8.093043943248926
8.093043943248926
8.093043943248926
8.093043943248926
8.093043943248926
8.093043943248926
8.093043943248926
8.093043943248926
8.093043943248926
8.093043943248926
8.093043943248926
8.093043943248926
8.093043943248926
8.093043943248926
8.093043943248926
8.093043943248926
8.093043943248926
8.093043943248926
8.093043943248926
8.093043943248926
8.093043943248926
8.093043943248926
8.093043943248926
8.093043943248926
8.093043943248926
8.093043943248926
8.093043943248926
8.093043943248926
8.093043943248926
8.093043943248926
8.093043943248926
8.093043943248926
8.093043943248926
8.093043943248926
8.093043943248926
8.093043943248926
8.093043943248926
8.093043943248926
8.093043943248926
8.093043943248926
8.093043943248926
8.093043943248926
8.093043943248926
8.093043943248926
8.093043943248926
8.093043943248926
8.093043943248926
8.093043943248926
8.093043943248926
8.093043943248926
8.093043943248926
8.093043943248926
8.093043943248926
8.093043943248926
8.093043943248926
8.093043943248926
8.093043943248926
8.093043943248926
8.093043943248926
8.093043943248926
8.093043943248926
8.093043943248926
8.093043943248926
8.093043943248926
8.093043943248926
8.093043943248926
8.093043943248926
8.093043943248926
8.093043943248926
8.093043943248926
8.093043943248926
8.093043943248926
8.093043943248926
8.093043943248926
8.093043943248926
8.093043943248926
8.093043943248926
8.093043943248926
8.093043943248926
8.093043943248926
8.093043943248926
8.093043943248926
8.093043943248926
8.093043943248926
8.093043943248926
8.093043943248926
8.093043943248926
8.093043943248926
8.093043943248926
8.093043943248926
8.093043943248926
8.093043943248926
8.093043943248926
8.093043943248926
8.093043943248926
8.093043943248926
8.093043943248926
8.093043943248926
8.093043943248926
8.093043943248926
8.093043943248926
8.093043943248926
8.093043943248926
8.093043943248926
Score: 8.093043943248926
Runtime: 753ms
