7.217120811826526E-9
7.217120811826526E-9
4.02113502804712E-7
1.2469954868460485E-6
3.093150214163781E-4
3.093150214163781E-4
0.0022780517858875505
0.0022780517858875505
0.005355695594429664
0.005355695594429664
0.005355695594429664
0.005355695594429664
0.005355695594429664
0.018721539578681366
0.04991629204707113
0.04991629204707113
0.04991629204707113
0.04991629204707113
0.050408288956208344
0.05128203184342689
0.08410778976752548
0.08410778976752548
0.08410778976752548
0.39131190099135826
0.39131190099135826
0.39131190099135826
0.39131190099135826
0.39131190099135826
0.39131190099135826
0.48727645604652636
0.8563202998847805
1.5341303646683433
1.5341303646683433
1.5341303646683433
1.5341303646683433
1.5341303646683433
1.5341303646683433
1.5341303646683433
1.5341303646683433
1.5341303646683433
1.5341303646683433
1.5341303646683433
1.5341303646683433
1.5341303646683433
1.5341303646683433
1.5341303646683433
1.5341303646683433
1.5341303646683433
1.5341303646683433
1.5341303646683433
1.5341303646683433
1.5341303646683433
1.5341303646683433
1.5341303646683433
1.5341303646683433
1.5341303646683433
1.5341303646683433
1.5341303646683433
1.5341303646683433
1.5341303646683433
1.5341303646683433
1.5341303646683433
1.5341303646683433
1.5341303646683433
1.5341303646683433
1.5341303646683433
1.5341303646683433
1.5826127470856612
1.680999610360804
1.680999610360804
1.680999610360804
1.680999610360804
1.680999610360804
1.680999610360804
1.9398343992461426
1.9398343992461426
1.9398343992461426
1.9398343992461426
1.9398343992461426
1.9398343992461426
1.9398343992461426
1.9398343992461426
1.9398343992461426
2.5349220328716155
2.5349220328716155
2.5349220328716155
2.5349220328716155
2.5349220328716155
2.5349220328716155
2.5349220328716155
2.5349220328716155
2.5349220328716155
2.5349220328716155
2.5349220328716155
2.5349220328716155
2.5349220328716155
2.5349220328716155
2.5349220328716155
2.5349220328716155
2.5349220328716155
2.5349220328716155
2.5349220328716155
2.5349220328716155
2.5349220328716155
2.5349220328716155
2.5349220328716155
3.1633744121183365
3.1633744121183365
3.1633744121183365
3.1633744121183365
3.1633744121183365
3.1633744121183365
3.1633744121183365
3.1633744121183365
3.1633744121183365
3.1633744121183365
3.1633744121183365
3.1633744121183365
3.1633744121183365
3.1633744121183365
3.1633744121183365
3.1633744121183365
3.9252100348695578
3.9252100348695578
3.9252100348695578
3.9252100348695578
3.9252100348695578
3.9252100348695578
5.107569878904242
5.107569878904242
5.107569878904242
5.107569878904242
5.107569878904242
5.107569878904242
5.107569878904242
5.133281546268645
5.133281546268645
5.133281546268645
5.133281546268645
5.133281546268645
5.133281546268645
5.133281546268645
5.133281546268645
5.133281546268645
5.133281546268645
5.133281546268645
5.133281546268645
5.133281546268645
5.133281546268645
5.133281546268645
5.133281546268645
5.410930241825912
5.410930241825912
5.410930241825912
5.799201998542346
5.799201998542346
5.799201998542346
6.140559384460431
6.140559384460431
6.140559384460431
6.140559384460431
6.389203883581812
6.389203883581812
6.389203883581812
6.389203883581812
6.389203883581812
6.389203883581812
6.389203883581812
6.8167160990912095
6.8167160990912095
6.8167160990912095
6.8167160990912095
6.8167160990912095
6.8167160990912095
7.181796002607572
7.181796002607572
7.2295427387079405
7.2295427387079405
7.2295427387079405
7.2295427387079405
7.2295427387079405
7.2295427387079405
7.2295427387079405
7.2295427387079405
7.2295427387079405
7.2295427387079405
7.2295427387079405
7.2295427387079405
7.2295427387079405
7.2295427387079405
7.2295427387079405
7.2295427387079405
7.2295427387079405
7.2295427387079405
7.2295427387079405
7.2295427387079405
7.2295427387079405
7.2295427387079405
7.308777647976948
7.889953336254296
7.889953336254296
7.889953336254296
7.889953336254296
7.889953336254296
7.889953336254296
7.889953336254296
7.889953336254296
7.889953336254296
7.889953336254296
7.889953336254296
7.889953336254296
7.889953336254296
7.969996737735652
7.969996737735652
8.0169974476485
8.0169974476485
8.0169974476485
8.497070977172626
8.497070977172626
8.497070977172626
8.497070977172626
8.497070977172626
8.497070977172626
8.497070977172626
8.497070977172626
8.651437277063842
8.651437277063842
8.853081342226886
8.853081342226886
8.853081342226886
8.998083953313115
8.998083953313115
8.998083953313115
8.998083953313115
8.998083953313115
8.998083953313115
8.998083953313115
8.998083953313115
8.998083953313115
8.998083953313115
8.998083953313115
8.998083953313115
8.998083953313115
8.998083953313115
8.998083953313115
8.998083953313115
8.998083953313115
8.998083953313115
8.998083953313115
8.998083953313115
8.998083953313115
8.998083953313115
8.998083953313115
8.998083953313115
9.25151725131229
9.25151725131229
9.25151725131229
9.25151725131229
9.25151725131229
9.25151725131229
9.25151725131229
9.25151725131229
9.25151725131229
9.25151725131229
9.25151725131229
9.25151725131229
9.25151725131229
9.25151725131229
9.25151725131229
9.25151725131229
9.25151725131229
9.25151725131229
9.25151725131229
9.25151725131229
9.30920910388075
9.30920910388075
9.387686215359302
9.387686215359302
9.387686215359302
9.387686215359302
9.387686215359302
9.387686215359302
9.387686215359302
9.387686215359302
9.387686215359302
9.38820680030991
9.38820680030991
9.38820680030991
9.38820680030991
9.38820680030991
9.445289802786766
9.445289802786766
9.445289802786766
9.445289802786766
9.445289802786766
9.445289802786766
9.445289802786766
9.459037660768626
9.459037660768626
9.459037660768626
9.459037660768626
9.459037660768626
9.459037660768626
9.459037660768626
9.459037660768626
9.459037660768626
9.459037660768626
9.459037660768626
9.513218102579021
9.517982047861885
9.517982047861885
9.614701669637586
9.614701669637586
9.674613899663854
9.674613899663854
9.674613899663854
9.674613899663854
9.674613899663854
9.674613899663854
9.674613899663854
9.674613899663854
9.674613899663854
9.674613899663854
9.674613899663854
9.674613899663854
9.674613899663854
9.674613899663854
9.674613899663854
9.674613899663854
9.674613899663854
9.674613899663854
9.674613899663854
9.674613899663854
9.674613899663854
9.674613899663854
9.674613899663854
9.674613899663854
9.674613899663854
9.674613899663854
9.674613899663854
9.674613899663854
9.674613899663854
9.674613899663854
9.674613899663854
9.674613899663854
9.674613899663854
9.674613899663854
9.674613899663854
9.674613899663854
9.674613899663854
9.674613899663854
9.674613899663854
9.674613899663854
9.674613899663854
9.696630531776425
9.696630531776425
9.696630531776425
9.696630531776425
9.696630531776425
9.696630531776425
9.696630531776425
9.696630531776425
9.696630531776425
9.696630531776425
9.696630531776425
9.696630531776425
9.696630531776425
9.696630531776425
9.696630531776425
9.696630531776425
9.763776127979266
9.763776127979266
9.763776127979266
9.763776127979266
9.778233159598749
9.778233159598749
9.778233159598749
9.78128464525956
9.78128464525956
9.78128464525956
9.78128464525956
9.78128464525956
9.78128464525956
9.78128464525956
9.78128464525956
9.78128464525956
9.813572454152618
9.813572454152618
9.813572454152618
9.813572454152618
9.813572454152618
9.813572454152618
9.813572454152618
9.813572454152618
9.813572454152618
9.813572454152618
9.813572454152618
9.813572454152618
9.813572454152618
9.813572454152618
9.813572454152618
9.813572454152618
9.813572454152618
9.813572454152618
9.813572454152618
9.813572454152618
9.813572454152618
9.813572454152618
9.813572454152618
9.813572454152618
9.813572454152618
9.817380980674832
9.817380980674832
9.817380980674832
9.817380980674832
9.817380980674832
9.817380980674832
9.817380980674832
9.817987524365419
9.817987524365419
9.817987524365419
9.817987524365419
9.817987524365419
9.817987524365419
9.817987524365419
9.817987524365419
9.817987524365419
9.817987524365419
9.817987524365419
9.84163543833589
9.84163543833589
9.84163543833589
9.849010689682856
9.849010689682856
9.849010689682856
9.849010689682856
9.849010689682856
9.863413381272347
9.863413381272347
9.863413381272347
9.863413381272347
9.863413381272347
9.863413381272347
9.863413381272347
9.863413381272347
9.863413381272347
9.863413381272347
9.863413381272347
9.863413381272347
9.863413381272347
9.863413381272347
9.863413381272347
9.863413381272347
9.863413381272347
9.863413381272347
9.863413381272347
9.863413381272347
9.865852741667533
9.865852741667533
9.865852741667533
9.865852741667533
9.865852741667533
9.865852741667533
9.865852741667533
9.865852741667533
9.871460071627569
9.871460071627569
9.871460071627569
9.871460071627569
9.871460071627569
9.874079231280449
9.874079231280449
9.874079231280449
9.877623203787701
9.877623203787701
9.877623203787701
9.877623203787701
9.877623203787701
9.877623203787701
9.877623203787701
9.877623203787701
9.877623203787701
9.877623203787701
9.877623203787701
9.877623203787701
9.877623203787701
9.877623203787701
9.877623203787701
9.887189037171504
9.887189037171504
9.887189037171504
9.887189037171504
9.887189037171504
9.887189037171504
9.887189037171504
9.887189037171504
9.887189037171504
9.887189037171504
9.887189037171504
9.887189037171504
9.887189037171504
9.887189037171504
9.887189037171504
9.887189037171504
9.887189037171504
9.887189037171504
9.887189037171504
9.887189037171504
9.887189037171504
9.887189037171504
9.887189037171504
9.887189037171504
9.887189037171504
9.887189037171504
9.888034164684182
9.888034164684182
9.888132043067131
9.888132043067131
9.888132043067131
9.888132043067131
9.888132043067131
9.888132043067131
9.888132043067131
9.888132043067131
9.888132043067131
9.891256033305787
9.891256033305787
9.891256033305787
9.891256033305787
9.891256033305787
9.891256033305787
9.891256033305787
9.891256033305787
9.891256033305787
9.891256033305787
9.891256033305787
9.891466795370658
9.891466795370658
9.891466795370658
9.891466795370658
9.891466795370658
9.891466795370658
9.891466795370658
9.891466795370658
9.891466795370658
9.891466795370658
9.891466795370658
9.891466795370658
9.891466795370658
9.891466795370658
9.891466795370658
9.891466795370658
9.891466795370658
9.891466795370658
9.895495722899705
9.895495722899705
9.895495722899705
9.895495722899705
9.895495722899705
9.895495722899705
9.895495722899705
9.895495722899705
9.895495722899705
9.895495722899705
9.895495722899705
9.895495722899705
9.895495722899705
9.895495722899705
9.895495722899705
9.895604972385327
9.895604972385327
9.895604972385327
9.895604972385327
9.895604972385327
9.895604972385327
9.895604972385327
9.895914965062119
9.895914965062119
9.898886275578791
9.898886275578791
9.898886275578791
9.898886275578791
9.898886275578791
9.898886275578791
9.898886275578791
9.898886275578791
9.898886275578791
9.898886275578791
9.898886275578791
9.898886275578791
9.898886275578791
9.898886275578791
9.898886275578791
9.898886275578791
9.898886275578791
9.898886275578791
9.898886275578791
9.898886275578791
9.898886275578791
9.898886275578791
9.898886275578791
9.898886275578791
9.898886275578791
9.898886275578791
9.898886275578791
9.898886275578791
9.898886275578791
9.898886275578791
9.898886275578791
9.898886275578791
9.898886275578791
9.898886275578791
9.898886275578791
9.898886275578791
9.898886275578791
9.898886275578791
9.898886275578791
9.898886275578791
9.898886275578791
9.898886275578791
9.898886275578791
9.898886275578791
9.898886275578791
9.898886275578791
9.898886275578791
9.898886275578791
9.898886275578791
9.898886275578791
9.898886275578791
9.898886275578791
9.898886275578791
9.898886275578791
9.898886275578791
9.898886275578791
9.898886275578791
9.898886275578791
9.898886275578791
9.898886275578791
9.90012363470065
9.90012363470065
9.90012363470065
9.90012363470065
9.90012363470065
9.90012363470065
9.90012363470065
9.90012363470065
9.90012363470065
9.90012363470065
9.90012363470065
9.90012363470065
9.90012363470065
9.90012363470065
9.90012363470065
9.90012363470065
9.90012363470065
9.901211069759428
9.901211069759428
9.901211069759428
9.901211069759428
9.901211069759428
9.901211069759428
9.901211069759428
9.901211069759428
9.901211069759428
9.901211069759428
9.901211069759428
9.901211069759428
9.901211069759428
9.901211069759428
9.901211069759428
9.901211069759428
9.901211069759428
9.901211069759428
9.901211069759428
9.901211069759428
9.901211069759428
9.901211069759428
9.901211069759428
9.901211069759428
9.901211069759428
9.901211069759428
9.901211069759428
9.901211069759428
9.901211069759428
9.901211069759428
9.901211069759428
9.901211069759428
9.901218344987324
9.901218344987324
9.901218344987324
9.901218344987324
9.901218344987324
9.901218344987324
9.901218344987324
9.901218344987324
9.901218344987324
9.901218344987324
9.901218344987324
9.901218344987324
9.901218344987324
9.901218344987324
9.901218344987324
9.901218344987324
9.901218344987324
9.901218344987324
9.901218344987324
9.901218344987324
9.901218344987324
9.901218344987324
9.901218344987324
9.901218344987324
9.901218344987324
9.901218344987324
9.901218344987324
9.901218344987324
9.901218344987324
9.901218344987324
9.901218344987324
9.901218344987324
9.901218344987324
9.901218344987324
9.901218344987324
9.901218344987324
9.901218344987324
9.901218344987324
9.901218344987324
9.901218344987324
9.901218344987324
9.901218344987324
9.901218344987324
9.901218344987324
9.901218344987324
9.901218344987324
9.901506897852594
9.901506897852594
9.901506897852594
9.901506897852594
9.901506897852594
9.901506897852594
9.901506897852594
9.901506897852594
9.901506897852594
9.901506897852594
9.901506897852594
9.901506897852594
9.901506897852594
9.901506897852594
9.901506897852594
9.901506897852594
9.901506897852594
9.901506897852594
9.901506897852594
9.901506897852594
9.901506897852594
9.901506897852594
9.901506897852594
9.901506897852594
9.901506897852594
9.901506897852594
9.901506897852594
9.901506897852594
9.901506897852594
9.901506897852594
9.901506897852594
9.901506897852594
9.901506897852594
9.901506897852594
9.901506897852594
9.901506897852594
9.901506897852594
9.901506897852594
9.901506897852594
9.901506897852594
9.901506897852594
9.901506897852594
9.901506897852594
9.901506897852594
9.901506897852594
9.901506897852594
9.901506897852594
9.901506897852594
9.901506897852594
9.901506897852594
9.901506897852594
9.901506897852594
9.901506897852594
9.901506897852594
9.901506897852594
9.901506897852594
9.901506897852594
9.901506897852594
9.901506897852594
9.901506897852594
9.901506897852594
9.901506897852594
9.901506897852594
9.901506897852594
9.901506897852594
9.901506897852594
9.901506897852594
9.901506897852594
9.901506897852594
9.901506897852594
9.901506897852594
9.901506897852594
9.901506897852594
9.901506897852594
9.901506897852594
9.901506897852594
9.901506897852594
9.901506897852594
9.901506897852594
9.901506897852594
9.901506897852594
9.901506897852594
9.901506897852594
9.901506897852594
9.901506897852594
9.901506897852594
9.901506897852594
9.901506897852594
9.901506897852594
9.901506897852594
9.901506897852594
9.901506897852594
9.901506897852594
9.901506897852594
9.901506897852594
9.901506897852594
9.901506897852594
9.901506897852594
9.901506897852594
9.901506897852594
9.901506897852594
9.901506897852594
9.901506897852594
9.901506897852594
9.901506897852594
9.901506897852594
9.901506897852594
9.901506897852594
9.901506897852594
9.901506897852594
9.90199747391294
9.90199747391294
9.90199747391294
9.90199747391294
9.90199747391294
9.90199747391294
9.90199747391294
9.90199747391294
9.90199747391294
9.90199747391294
9.90199747391294
9.90199747391294
9.90199747391294
9.90199747391294
9.90199747391294
9.90199747391294
9.90199747391294
9.90199747391294
9.90199747391294
9.90199747391294
9.90199747391294
9.90199747391294
9.90199747391294
9.90199747391294
9.90199747391294
9.90199747391294
9.90199747391294
9.90199747391294
9.90199747391294
9.90199747391294
9.90199747391294
9.90199747391294
9.90199747391294
9.90199747391294
9.90199747391294
9.90199747391294
9.90199747391294
9.90199747391294
9.90199747391294
9.90199747391294
9.90199747391294
9.90199747391294
9.90199747391294
9.90199747391294
9.90199747391294
9.90199747391294
9.90199747391294
9.90199747391294
9.90199747391294
9.90199747391294
9.90199747391294
9.90199747391294
9.90199747391294
9.90199747391294
9.90199747391294
9.90199747391294
9.90199747391294
9.90199747391294
9.90199747391294
9.90199747391294
9.90199747391294
9.90199747391294
9.90199747391294
9.90199747391294
9.90199747391294
9.90199747391294
9.90199747391294
9.90199747391294
9.90199747391294
9.90199747391294
9.90199747391294
9.90199747391294
9.90199747391294
9.90199747391294
9.90199747391294
9.90199747391294
9.90199747391294
9.90199747391294
9.90199747391294
9.90199747391294
9.90199747391294
9.90199747391294
9.90199747391294
9.90199747391294
9.90199747391294
9.90199747391294
9.90199747391294
9.90199747391294
9.90199747391294
9.90199747391294
9.90199747391294
9.90199747391294
9.90199747391294
9.90199747391294
9.90199747391294
9.90199747391294
9.90199747391294
9.90199747391294
9.90199747391294
9.90199747391294
9.90199747391294
9.90199747391294
9.90199747391294
9.90199747391294
9.90199747391294
9.90199747391294
9.90199747391294
9.90199747391294
9.90199747391294
9.90199747391294
9.90199747391294
9.90199747391294
9.90199747391294
9.90199747391294
9.90199747391294
9.90199747391294
9.90199747391294
9.90199747391294
9.90199747391294
9.90199747391294
9.90199747391294
9.90199747391294
9.90199747391294
9.90199747391294
9.90199747391294
9.90199747391294
9.90199747391294
9.902091932060682
9.902091932060682
9.902091932060682
9.902091932060682
9.902091932060682
9.902091932060682
9.902091932060682
9.902091932060682
9.902091932060682
9.902091932060682
9.902091932060682
9.902091932060682
9.902091932060682
9.902091932060682
9.902091932060682
9.902091932060682
9.902091932060682
9.902091932060682
9.902091932060682
9.902091932060682
9.902091932060682
9.902091932060682
9.902091932060682
9.9021205189246
9.9021205189246
9.9021205189246
9.9021205189246
9.9021205189246
9.9021205189246
9.9021205189246
9.9021205189246
9.9021205189246
9.9021205189246
9.9021205189246
9.9021205189246
9.9021205189246
9.9021205189246
9.9021205189246
9.9021205189246
9.9021205189246
9.9021205189246
9.9021205189246
9.9021205189246
9.902609913783703
9.902609913783703
9.902910408304814
9.902910408304814
9.902910408304814
9.902910408304814
9.902910408304814
9.902910408304814
9.902910408304814
9.902910408304814
9.902910408304814
9.902910408304814
9.902910408304814
9.902910408304814
9.902910408304814
9.902910408304814
9.902925126035203
9.902925126035203
9.902925126035203
9.902925126035203
9.902925126035203
9.902925126035203
9.902925126035203
9.902925126035203
9.902925126035203
9.902925126035203
9.902925126035203
9.902925126035203
9.902925126035203
9.902925126035203
9.902925126035203
9.902925126035203
9.902925126035203
9.902925126035203
9.902925126035203
9.902925126035203
9.903654179795542
9.903654179795542
9.903654179795542
9.903654179795542
9.903654179795542
9.903654179795542
9.903654179795542
9.903654179795542
9.903654179795542
9.903654179795542
9.903654179795542
9.903654179795542
9.903654179795542
9.903654179795542
9.903654179795542
9.903654179795542
9.903654179795542
9.903654179795542
9.903654179795542
9.903654179795542
9.903654179795542
9.903654179795542
9.903654179795542
9.903654179795542
9.903654179795542
9.903654179795542
9.903654179795542
9.903654179795542
9.903654179795542
9.903654179795542
9.904084354902064
9.904084354902064
9.904084354902064
9.904084354902064
9.904084354902064
9.904084354902064
9.904084354902064
9.904084354902064
9.904084354902064
9.904084354902064
9.904084354902064
9.904084354902064
9.904084354902064
9.904084354902064
9.904084354902064
9.904084354902064
9.904084354902064
9.904084354902064
9.904084354902064
9.904084354902064
9.904084354902064
9.904084354902064
9.904084354902064
9.904084354902064
9.904084354902064
9.904084354902064
9.904084354902064
9.904084354902064
9.904084354902064
9.904084354902064
9.904084354902064
9.904084354902064
9.904084354902064
9.904084354902064
9.904084354902064
9.904084354902064
9.904658603771741
9.904658603771741
9.904658603771741
9.904658603771741
9.904658603771741
9.904658603771741
9.904658603771741
9.904658603771741
9.904658603771741
9.904658603771741
9.904658603771741
9.904658603771741
9.904658603771741
9.904658603771741
9.904658603771741
9.904658603771741
9.904658603771741
9.904658603771741
9.904658603771741
9.904658603771741
9.904658603771741
9.904658603771741
9.904658603771741
9.904658603771741
9.904658603771741
9.904658603771741
9.904658603771741
9.904658603771741
9.904658603771741
9.904658603771741
9.9050549388669
9.9050549388669
9.9050549388669
9.9050549388669
9.9050549388669
9.9050549388669
9.9050549388669
9.9050549388669
9.9050549388669
9.9050549388669
9.9050549388669
9.9050549388669
9.9050549388669
9.9050549388669
9.9050549388669
9.9050549388669
9.9050549388669
9.9050549388669
9.9050549388669
9.9050549388669
9.9050549388669
9.9050549388669
9.9050549388669
9.9050549388669
9.9050549388669
9.9050549388669
9.905156407182535
9.905156407182535
9.905156407182535
9.905156407182535
9.905156407182535
9.905156407182535
9.905156407182535
9.905156407182535
9.905156407182535
9.905156407182535
9.905156407182535
9.905156407182535
9.905156407182535
9.905156407182535
9.905156407182535
9.905156407182535
9.905156407182535
9.905156407182535
9.905156407182535
9.905156407182535
9.905156407182535
9.905156407182535
9.905156407182535
9.905156407182535
9.905156407182535
9.905156407182535
9.905156407182535
9.905156407182535
9.905156407182535
9.905156407182535
9.905156407182535
9.905156407182535
9.905156407182535
9.905156407182535
9.905156407182535
9.905156407182535
9.905156407182535
9.905156407182535
9.905156407182535
9.905156407182535
9.905156407182535
9.905156407182535
9.905156407182535
9.905156407182535
9.905156407182535
9.905156407182535
9.905156407182535
9.905156407182535
9.905156407182535
9.905156407182535
9.905156407182535
9.905156407182535
9.905156407182535
9.905156407182535
9.905156407182535
9.905156407182535
9.905156407182535
9.905156407182535
9.905156407182535
9.905156407182535
9.905156407182535
9.905156407182535
9.905156407182535
9.905156407182535
9.905156407182535
9.905156407182535
9.905156407182535
9.905156407182535
9.905156407182535
9.905156407182535
9.905156407182535
9.905156407182535
9.905156407182535
9.905156407182535
9.905156407182535
9.905156407182535
9.905156407182535
9.905156407182535
9.905156407182535
9.905156407182535
9.905156407182535
9.905156407182535
9.905156407182535
9.905156407182535
9.905156407182535
9.905156407182535
9.905156407182535
9.905156407182535
9.905156407182535
9.905156407182535
9.905156407182535
9.905156407182535
9.905156407182535
9.905156407182535
9.905156407182535
9.905156407182535
9.905156407182535
9.905156407182535
9.905156407182535
9.905156407182535
9.905156407182535
9.905156407182535
9.905156407182535
9.905156407182535
9.905156407182535
9.905156407182535
9.905156407182535
9.905156407182535
9.905156407182535
9.905156407182535
9.905156407182535
9.905156407182535
9.905156407182535
9.905156407182535
9.905156407182535
9.905156407182535
9.905156407182535
9.905156407182535
9.905156407182535
9.905156407182535
9.905156407182535
9.905156407182535
9.905156407182535
9.905156407182535
9.905156407182535
9.905156407182535
9.905156407182535
9.905156407182535
9.905156407182535
9.905156407182535
9.905156407182535
9.905156407182535
9.905156407182535
9.905156407182535
9.905156407182535
9.905156407182535
9.905156407182535
9.905156407182535
9.905156407182535
9.905156407182535
9.905156407182535
9.905156407182535
9.905156407182535
9.905156407182535
9.905156407182535
9.905156407182535
9.905156407182535
9.905156407182535
9.905156407182535
9.905156407182535
9.905156407182535
9.905156407182535
9.905156407182535
9.905156407182535
9.905156407182535
9.905156407182535
9.905156407182535
9.905156407182535
9.905156407182535
9.905156407182535
9.905156407182535
9.905156407182535
9.905156407182535
9.905156407182535
9.905156407182535
9.905156407182535
9.905156407182535
9.905156407182535
9.905156407182535
9.905156407182535
9.905156407182535
9.905156407182535
9.905156407182535
9.905156407182535
9.905156407182535
9.905156407182535
9.905156407182535
9.905156407182535
9.905156407182535
9.905156407182535
9.905156407182535
9.905156407182535
9.905156407182535
9.905156407182535
9.905156407182535
9.905156407182535
9.905156407182535
9.905156407182535
9.905156407182535
9.905156407182535
9.905156407182535
9.905156407182535
9.905156407182535
9.905156407182535
9.905156407182535
9.905156407182535
9.905156407182535
9.905156407182535
9.905156407182535
9.905156407182535
9.905156407182535
9.905156407182535
9.905156407182535
9.905156407182535
9.905156407182535
9.905156407182535
9.905156407182535
9.905156407182535
9.905156407182535
9.905156407182535
9.905156407182535
9.905156407182535
9.905156407182535
9.905156407182535
9.905156407182535
9.905156407182535
9.905156407182535
9.905156407182535
9.905156407182535
9.905156407182535
9.905156407182535
9.905156407182535
9.905156407182535
9.905156407182535
9.905156407182535
9.905156407182535
9.905156407182535
9.905156407182535
9.905156407182535
9.905156407182535
9.905156407182535
9.905156407182535
9.905156407182535
9.905156407182535
9.905695253240053
9.905695253240053
9.905695253240053
9.905695253240053
9.905695253240053
9.905695253240053
9.905695253240053
9.905695253240053
9.905695253240053
9.905695253240053
9.905695253240053
9.905695253240053
9.905695253240053
9.905695253240053
9.905695253240053
9.905695253240053
9.905695253240053
9.905695253240053
9.905695253240053
9.905695253240053
9.905695253240053
9.905695253240053
9.905781726124964
9.905781726124964
9.905781726124964
9.905781726124964
9.905781726124964
9.905781726124964
9.905781726124964
9.905781726124964
9.905781726124964
9.905781726124964
9.905781726124964
9.905781726124964
9.905781726124964
9.905781726124964
9.905781726124964
9.905781726124964
9.905781726124964
9.905781726124964
9.905781726124964
9.905781726124964
9.905781726124964
9.905781726124964
9.905781726124964
9.905781726124964
9.905781726124964
9.905781726124964
9.905781726124964
9.905781726124964
9.905781726124964
9.905781726124964
9.905781726124964
9.905781726124964
9.905781726124964
9.905781726124964
9.905781726124964
9.905781726124964
9.905781726124964
9.905781726124964
9.905781726124964
9.905781726124964
9.905781726124964
9.905781726124964
9.905781726124964
9.905781726124964
9.905781726124964
9.905781726124964
9.905781726124964
9.905781726124964
9.905781726124964
9.905781726124964
9.905781726124964
9.905781726124964
9.906295389281981
9.906295389281981
9.906295389281981
9.906295389281981
9.906295389281981
9.906295389281981
9.906295389281981
9.906295389281981
9.906295389281981
9.906295389281981
9.906295389281981
9.906295389281981
9.906295389281981
9.906295389281981
9.906295389281981
9.906295389281981
9.906295389281981
9.906295389281981
9.906295389281981
9.906295389281981
9.906295389281981
9.906295389281981
9.906295389281981
9.906295389281981
9.906295389281981
9.906295389281981
9.906295389281981
9.906295389281981
9.906295389281981
9.906295389281981
9.906295389281981
9.906295389281981
9.906295389281981
9.906295389281981
9.906295389281981
9.906295389281981
9.906295389281981
9.906295389281981
9.906295389281981
9.906295389281981
9.906295389281981
9.906295389281981
9.906295389281981
9.906295389281981
9.906295389281981
9.906295389281981
9.906295389281981
9.906295389281981
9.906295389281981
9.906295389281981
9.906295389281981
9.906295389281981
9.906295389281981
9.906295389281981
9.906295389281981
9.906295389281981
9.906295389281981
9.906295389281981
9.906295389281981
9.906295389281981
9.906295389281981
9.906295389281981
9.906295389281981
9.906295389281981
9.906295389281981
9.906295389281981
9.906295389281981
9.906295389281981
9.906295389281981
9.906295389281981
9.906295389281981
9.906295389281981
9.906295389281981
9.906295389281981
9.906295389281981
9.906295389281981
9.906295389281981
9.906295389281981
9.906295389281981
9.906295389281981
9.906295389281981
9.906295389281981
9.906295389281981
9.906295389281981
9.906295389281981
9.906295389281981
9.906295389281981
9.906295389281981
9.906295389281981
9.906295389281981
9.906295389281981
9.906295389281981
9.906295389281981
9.906295389281981
9.906295389281981
9.906295389281981
9.906295389281981
9.906295389281981
9.906295389281981
9.906295389281981
9.906295389281981
9.906295389281981
9.906295389281981
9.906295389281981
9.906295389281981
9.906295389281981
9.906295389281981
9.906295389281981
9.906295389281981
9.906295389281981
9.906295389281981
9.906295389281981
9.906295389281981
9.906295389281981
9.906295389281981
9.906295389281981
9.906295389281981
9.906295389281981
9.906295389281981
9.906295389281981
9.906295389281981
9.906295389281981
9.906295389281981
9.906295389281981
9.906295389281981
9.906295389281981
9.906295389281981
9.906295389281981
9.906295389281981
9.906295389281981
9.906295389281981
9.906295389281981
9.906295389281981
9.906295389281981
9.906295389281981
9.906295389281981
9.906295389281981
9.906295389281981
9.906295389281981
9.906295389281981
9.906295389281981
9.906295389281981
9.906295389281981
9.906295389281981
9.906295389281981
9.906295389281981
9.906295389281981
9.906295389281981
9.906295389281981
9.906295389281981
9.906295389281981
9.906295389281981
9.906295389281981
9.906295389281981
9.906295389281981
9.906295389281981
9.906295389281981
9.906295389281981
9.906295389281981
9.906295389281981
9.906295389281981
9.906295389281981
9.906295389281981
9.906295389281981
9.906295389281981
9.906295389281981
9.906295389281981
9.906295389281981
9.906295389281981
9.906295389281981
9.906295389281981
9.906295389281981
9.906295389281981
9.906295389281981
9.906295389281981
9.906295389281981
9.906295389281981
9.906295389281981
9.906295389281981
9.906295389281981
9.906295389281981
9.906295389281981
9.906295389281981
9.906295389281981
9.906295389281981
9.906295389281981
9.906295389281981
9.906295389281981
9.906295389281981
9.906295389281981
9.906295389281981
9.906295389281981
9.906295389281981
9.906295389281981
9.906295389281981
9.906295389281981
9.906295389281981
9.906295389281981
9.906295389281981
9.906295389281981
9.906295389281981
9.906295389281981
9.906295389281981
9.906295389281981
9.906295389281981
9.906295389281981
9.906295389281981
9.906295389281981
9.906295389281981
9.906295389281981
9.906295389281981
9.906295389281981
9.906295389281981
9.906295389281981
9.906295389281981
9.906295389281981
9.906295389281981
9.906295389281981
9.906295389281981
9.906295389281981
9.906295389281981
9.906295389281981
9.906295389281981
9.906295389281981
9.906295389281981
9.906295389281981
9.906295389281981
9.906295389281981
9.906295389281981
9.906295389281981
9.906295389281981
9.906295389281981
9.906295389281981
9.906295389281981
9.906295389281981
9.906295389281981
9.906295389281981
9.906295389281981
9.906295389281981
9.906295389281981
9.906295389281981
9.906295389281981
9.906295389281981
9.906295389281981
9.906295389281981
9.906295389281981
9.906295389281981
9.906295389281981
9.906295389281981
9.906295389281981
9.906295389281981
9.906295389281981
9.906295389281981
9.906295389281981
9.906295389281981
9.906295389281981
9.906295389281981
9.906295389281981
9.906295389281981
9.906295389281981
9.906295389281981
9.906295389281981
9.906295389281981
9.906295389281981
9.906295389281981
9.906295389281981
9.906295389281981
9.906295389281981
9.906295389281981
9.906295389281981
9.906295389281981
9.906295389281981
9.906295389281981
9.906295389281981
9.906295389281981
9.906295389281981
9.906295389281981
9.906295389281981
9.906295389281981
9.906295389281981
9.906295389281981
9.906295389281981
9.906295389281981
9.906295389281981
9.906295389281981
9.906295389281981
9.906295389281981
9.906295389281981
9.906295389281981
9.906295389281981
9.906295389281981
9.906295389281981
9.906295389281981
9.906295389281981
9.906295389281981
9.906295389281981
9.906295389281981
9.906295389281981
9.906295389281981
9.906295389281981
9.906295389281981
9.906295389281981
9.906295389281981
9.906295389281981
9.906295389281981
9.906295389281981
9.906295389281981
9.906295389281981
9.906295389281981
9.906295389281981
9.906295389281981
9.906295389281981
9.906295389281981
9.906295389281981
9.906295389281981
9.906295389281981
9.906295389281981
9.906295389281981
9.906295389281981
9.906295389281981
9.906295389281981
9.906295389281981
9.906295389281981
9.906295389281981
9.906295389281981
9.906295389281981
9.906295389281981
9.906295389281981
9.906295389281981
9.906295389281981
9.906295389281981
9.906295389281981
9.906295389281981
9.906295389281981
9.906295389281981
9.906295389281981
9.906295389281981
9.906295389281981
9.906295389281981
9.906295389281981
9.906295389281981
9.906295389281981
9.906295389281981
9.906295389281981
9.906295389281981
9.906295389281981
9.906295389281981
9.906295389281981
9.906295389281981
9.906295389281981
9.906295389281981
9.906295389281981
9.906295389281981
9.906295389281981
9.906295389281981
9.906295389281981
9.906295389281981
9.906295389281981
9.906295389281981
9.906295389281981
9.906295389281981
9.906295389281981
9.906295389281981
9.906295389281981
9.906295389281981
9.906295389281981
9.906295389281981
9.906295389281981
9.906295389281981
9.906295389281981
9.906295389281981
9.906295389281981
9.906295389281981
9.906295389281981
9.906295389281981
9.906295389281981
9.906295389281981
9.906295389281981
9.906295389281981
9.906295389281981
9.906295389281981
9.906295389281981
9.906295389281981
9.906295389281981
9.906295389281981
9.906295389281981
9.906295389281981
9.906295389281981
9.906295389281981
9.906295389281981
9.906295389281981
9.906295389281981
9.906295389281981
9.906295389281981
9.906295389281981
9.906295389281981
9.906295389281981
9.906295389281981
9.906295389281981
9.906295389281981
9.906295389281981
9.906295389281981
9.906295389281981
9.906295389281981
9.906295389281981
9.906295389281981
9.906295389281981
9.906295389281981
9.906295389281981
9.906295389281981
9.906295389281981
9.906295389281981
9.906295389281981
9.906295389281981
9.906295389281981
9.906295389281981
9.906295389281981
9.906295389281981
9.906295389281981
9.906295389281981
9.906295389281981
9.906295389281981
9.906295389281981
9.906295389281981
9.906295389281981
9.906295389281981
9.906295389281981
9.906295389281981
9.906295389281981
9.906295389281981
9.906295389281981
9.906295389281981
9.906295389281981
9.906295389281981
9.906295389281981
9.906295389281981
9.906295389281981
9.906295389281981
9.906295389281981
9.906295389281981
9.906295389281981
9.906295389281981
9.906295389281981
9.906295389281981
9.906295389281981
9.906295389281981
9.906295389281981
9.906295389281981
9.906295389281981
9.906295389281981
9.906295389281981
9.906295389281981
9.906295389281981
9.906295389281981
9.906295389281981
9.906295389281981
9.906295389281981
9.906295389281981
9.906295389281981
9.906295389281981
9.906295389281981
9.906295389281981
9.906295389281981
9.906295389281981
9.906295389281981
9.906295389281981
9.906295389281981
9.906295389281981
9.906295389281981
9.906295389281981
9.906295389281981
9.906295389281981
9.906295389281981
9.906295389281981
9.906295389281981
9.906295389281981
9.906295389281981
9.906295389281981
9.906295389281981
9.906295389281981
9.906295389281981
9.906295389281981
9.906295389281981
9.906295389281981
9.906295389281981
9.906295389281981
9.906295389281981
9.906295389281981
9.906295389281981
9.906295389281981
9.906295389281981
9.906295389281981
9.906295389281981
9.906295389281981
9.906295389281981
9.906295389281981
9.906295389281981
9.906295389281981
9.906295389281981
9.906295389281981
9.906295389281981
9.906295389281981
9.906295389281981
9.906295389281981
9.906295389281981
9.906295389281981
9.906295389281981
9.906295389281981
9.906295389281981
9.906295389281981
9.906295389281981
9.906295389281981
9.906295389281981
9.906295389281981
9.906295389281981
9.906295389281981
9.906295389281981
9.906295389281981
9.906295389281981
Score: 9.906295389281981
Runtime: 649ms
