2.430067364483934E-7
2.430067364483934E-7
2.430067364483934E-7
9.97676817885202E-7
1.3236282651529154E-5
1.3236282651529154E-5
1.3236282651529154E-5
1.7252537620423268E-4
1.7252537620423268E-4
2.907994585540835E-4
2.907994585540835E-4
3.89406176395168E-4
0.0013901905158631238
0.0013901905158631238
0.0037916275436715692
0.0037916275436715692
0.012223512755689107
0.012223512755689107
0.012223512755689107
0.02072536249871331
0.06810557568688164
0.07210313706055783
0.10515671248468485
0.10515671248468485
0.10515671248468485
0.13153767645334757
0.21500960592491997
0.3086562322809542
0.3086562322809542
0.3086562322809542
0.3086562322809542
0.3086562322809542
0.4468426343570897
0.4468426343570897
0.4468426343570897
0.4468426343570897
0.4468426343570897
0.4468426343570897
0.6348097823287482
0.6348097823287482
0.6348097823287482
0.6348097823287482
0.6348097823287482
0.6348097823287482
0.6348097823287482
0.6992418631841791
0.6992418631841791
0.9011888744227363
0.9011888744227363
0.9011888744227363
0.9011888744227363
0.9011888744227363
0.9011888744227363
0.9011888744227363
1.0860417969020584
1.0860417969020584
1.0860417969020584
1.0860417969020584
1.0860417969020584
1.0860417969020584
1.0860417969020584
1.0860417969020584
1.0860417969020584
1.0860417969020584
1.0860417969020584
1.0860417969020584
1.0860417969020584
1.0860417969020584
1.0860417969020584
1.0860417969020584
1.0860417969020584
1.0860417969020584
1.0860417969020584
1.0860417969020584
1.0860417969020584
1.0860417969020584
1.0860417969020584
1.0860417969020584
1.0860417969020584
1.0860417969020584
1.0860417969020584
1.0860417969020584
1.0860417969020584
1.0860417969020584
1.0860417969020584
1.0860417969020584
1.0860417969020584
1.0860417969020584
1.0860417969020584
1.0860417969020584
1.0860417969020584
1.0860417969020584
1.0860417969020584
1.0860417969020584
1.0860417969020584
1.0860417969020584
1.0860417969020584
1.0860417969020584
1.0860417969020584
1.0860417969020584
1.0860417969020584
1.0860417969020584
1.0860417969020584
1.0860417969020584
1.0860417969020584
1.0860417969020584
1.0860417969020584
1.0860417969020584
1.0860417969020584
1.0860417969020584
1.0860417969020584
1.0860417969020584
1.0860417969020584
1.0860417969020584
1.0860417969020584
1.0860417969020584
1.0860417969020584
1.0860417969020584
1.0860417969020584
1.0860417969020584
1.0860417969020584
1.0860417969020584
1.0860417969020584
1.0860417969020584
1.0860417969020584
1.0860417969020584
1.0860417969020584
1.0860417969020584
1.0860417969020584
1.0860417969020584
1.0860417969020584
1.0860417969020584
1.0860417969020584
1.0860417969020584
1.0860417969020584
1.0860417969020584
1.0860417969020584
1.0860417969020584
1.0860417969020584
1.0860417969020584
1.0860417969020584
1.0860417969020584
1.0860417969020584
1.0860417969020584
1.0860417969020584
1.0860417969020584
1.2201273213218449
1.2201273213218449
1.2201273213218449
1.2201273213218449
1.2201273213218449
1.2201273213218449
1.2201273213218449
1.2201273213218449
1.2201273213218449
1.2201273213218449
1.2201273213218449
1.2201273213218449
1.2201273213218449
1.2201273213218449
1.2201273213218449
1.2201273213218449
1.2201273213218449
1.2201273213218449
1.2815656302179004
1.2815656302179004
1.2815656302179004
1.2815656302179004
1.2815656302179004
1.2815656302179004
1.2815656302179004
1.2815656302179004
1.2815656302179004
1.2815656302179004
1.2815656302179004
1.2815656302179004
1.2815656302179004
1.2815656302179004
1.2815656302179004
1.4562754213798592
1.4617586565297278
1.4617586565297278
1.4617586565297278
1.4617586565297278
1.4617586565297278
1.4617586565297278
1.4617586565297278
1.4617586565297278
1.4617586565297278
1.4617586565297278
1.4617586565297278
1.4617586565297278
2.584157556841779
2.584157556841779
2.584157556841779
2.584157556841779
2.584157556841779
2.584157556841779
2.584157556841779
2.584157556841779
2.584157556841779
2.584157556841779
2.584157556841779
2.7186385113689697
2.7186385113689697
2.8430929267140987
2.8430929267140987
2.8430929267140987
2.876135305317244
2.876135305317244
2.876135305317244
2.876135305317244
2.876135305317244
2.876135305317244
2.876135305317244
2.876135305317244
2.876135305317244
2.876135305317244
2.9966529068137584
2.9966529068137584
2.9966529068137584
3.0586662728949428
3.0586662728949428
3.0586662728949428
3.0586662728949428
3.5161207057061827
3.5161207057061827
3.5161207057061827
3.5161207057061827
3.5161207057061827
3.5161207057061827
3.5161207057061827
3.5161207057061827
3.5161207057061827
3.69599693412506
3.69599693412506
3.69599693412506
3.69599693412506
3.69599693412506
3.69599693412506
3.69599693412506
3.69599693412506
3.8028673527597223
3.8028673527597223
3.8028673527597223
3.8028673527597223
3.8028673527597223
3.8028673527597223
3.8028673527597223
3.8170745814155556
3.8170745814155556
3.8206782047354086
3.8206782047354086
3.8206782047354086
4.009589437700589
4.074337003431846
4.074337003431846
4.166204256486575
4.166204256486575
4.166204256486575
4.166204256486575
4.166204256486575
4.186594472771546
4.419316723015999
4.419316723015999
4.419316723015999
4.419316723015999
4.457093864723711
4.457093864723711
4.457093864723711
4.457093864723711
4.457093864723711
4.457093864723711
4.457093864723711
4.457093864723711
4.4734758131386325
4.4734758131386325
4.4734758131386325
4.4734758131386325
4.4734758131386325
4.519092741632638
4.519092741632638
4.519092741632638
4.519092741632638
4.519092741632638
4.519092741632638
4.519092741632638
4.519092741632638
4.519092741632638
4.519092741632638
4.519092741632638
4.549676762387111
4.549676762387111
4.549676762387111
4.549676762387111
4.549676762387111
4.549676762387111
4.549676762387111
4.549676762387111
4.549676762387111
4.7039513778412045
4.7039513778412045
4.7039513778412045
4.7039513778412045
4.7039513778412045
4.7039513778412045
4.7039513778412045
4.7039513778412045
4.7039513778412045
4.7039513778412045
4.7039513778412045
4.7039513778412045
4.717079199196601
4.717079199196601
4.717079199196601
4.717079199196601
4.717079199196601
4.780803687277536
4.780803687277536
4.780803687277536
4.780803687277536
4.780803687277536
4.780803687277536
4.780803687277536
4.780803687277536
4.84493279084608
4.84493279084608
4.84493279084608
4.84493279084608
4.84493279084608
4.84493279084608
4.84493279084608
4.84493279084608
4.84493279084608
4.84493279084608
4.84493279084608
4.84493279084608
4.84493279084608
4.84493279084608
4.84493279084608
4.84493279084608
4.84493279084608
4.84493279084608
4.84493279084608
4.84493279084608
4.84493279084608
4.84493279084608
4.84493279084608
4.84493279084608
4.84493279084608
4.84493279084608
4.84493279084608
4.84493279084608
4.84493279084608
4.84493279084608
4.84493279084608
4.84493279084608
4.84493279084608
4.84493279084608
4.84493279084608
4.84493279084608
4.84493279084608
4.84493279084608
4.84493279084608
4.84493279084608
4.84493279084608
4.84493279084608
4.84493279084608
4.84493279084608
4.84493279084608
4.84493279084608
4.84493279084608
4.84493279084608
4.84493279084608
4.84493279084608
4.84493279084608
4.84493279084608
4.84493279084608
4.84493279084608
4.84493279084608
4.84493279084608
4.84493279084608
4.84493279084608
4.84493279084608
4.84493279084608
4.84493279084608
4.84493279084608
4.84493279084608
4.84493279084608
4.84493279084608
4.84493279084608
4.84493279084608
4.84493279084608
4.84493279084608
4.84493279084608
4.84493279084608
4.84493279084608
4.84493279084608
4.84493279084608
4.84493279084608
4.84493279084608
4.84493279084608
4.84493279084608
4.84493279084608
4.84493279084608
4.84493279084608
4.84493279084608
4.84493279084608
4.84493279084608
4.84493279084608
4.84493279084608
4.84493279084608
4.84493279084608
4.84493279084608
4.84493279084608
4.84493279084608
4.84493279084608
4.84493279084608
4.84493279084608
4.84493279084608
4.84493279084608
4.84493279084608
4.84493279084608
4.84493279084608
4.84493279084608
4.84493279084608
4.84493279084608
4.84493279084608
4.84493279084608
4.84493279084608
4.84493279084608
4.84493279084608
4.84493279084608
4.84493279084608
4.84493279084608
4.854586768578486
4.854586768578486
4.854586768578486
4.854586768578486
4.854586768578486
4.854586768578486
4.854586768578486
4.854586768578486
4.854586768578486
4.854586768578486
4.854586768578486
4.854586768578486
4.854586768578486
4.854586768578486
4.854586768578486
4.854586768578486
4.854586768578486
4.854586768578486
4.854586768578486
4.854586768578486
4.854586768578486
4.854586768578486
4.854586768578486
4.854586768578486
4.854586768578486
4.854586768578486
4.854586768578486
4.854586768578486
4.854586768578486
4.854586768578486
4.854586768578486
4.854586768578486
4.854586768578486
4.854586768578486
4.854586768578486
4.854586768578486
4.854586768578486
4.854586768578486
4.854586768578486
4.854586768578486
4.854586768578486
4.854586768578486
4.854586768578486
4.879132632596949
5.020497314272965
5.020497314272965
5.020497314272965
5.020497314272965
5.020497314272965
5.020497314272965
5.020497314272965
5.020497314272965
5.020497314272965
5.020497314272965
5.020497314272965
5.020497314272965
5.020497314272965
5.020497314272965
5.020497314272965
5.020497314272965
5.020497314272965
5.020497314272965
5.020497314272965
5.020497314272965
5.020497314272965
5.020497314272965
5.020497314272965
5.020497314272965
5.020497314272965
5.020497314272965
5.020497314272965
5.020497314272965
5.020497314272965
5.020497314272965
5.020497314272965
5.020497314272965
5.020497314272965
5.020497314272965
5.020497314272965
5.020497314272965
5.020497314272965
5.020497314272965
5.020497314272965
5.020497314272965
5.020497314272965
5.020497314272965
5.020497314272965
5.020497314272965
5.020497314272965
5.020497314272965
5.020497314272965
5.020497314272965
5.020497314272965
5.020497314272965
5.020497314272965
5.020497314272965
5.020497314272965
5.020497314272965
5.020497314272965
5.020497314272965
5.020497314272965
5.020497314272965
5.020497314272965
5.020497314272965
5.020497314272965
5.020497314272965
5.020497314272965
5.020497314272965
5.020497314272965
5.020497314272965
5.020497314272965
5.020497314272965
5.020497314272965
5.020497314272965
5.020497314272965
5.020497314272965
5.020497314272965
5.020497314272965
5.020497314272965
5.020497314272965
5.020497314272965
5.020497314272965
5.020497314272965
5.020497314272965
5.020497314272965
5.020497314272965
5.020497314272965
5.020497314272965
5.020497314272965
5.020497314272965
5.020497314272965
5.020497314272965
5.020497314272965
5.020497314272965
5.020497314272965
5.020497314272965
5.020497314272965
5.020497314272965
5.020497314272965
5.020497314272965
5.020497314272965
5.020497314272965
5.020497314272965
5.020497314272965
5.020497314272965
5.020497314272965
5.020497314272965
5.020497314272965
5.020497314272965
5.020497314272965
5.020497314272965
5.020497314272965
5.020497314272965
5.020497314272965
5.020497314272965
5.020497314272965
5.020497314272965
5.020497314272965
5.020497314272965
5.020497314272965
5.020497314272965
5.020497314272965
5.020497314272965
5.020497314272965
5.020497314272965
5.020497314272965
5.020497314272965
5.020497314272965
5.020497314272965
5.020497314272965
5.020497314272965
5.020497314272965
5.020497314272965
5.020497314272965
5.020497314272965
5.020497314272965
5.020497314272965
5.020497314272965
5.020497314272965
5.020497314272965
5.020497314272965
5.020497314272965
5.020497314272965
5.020497314272965
5.020497314272965
5.020497314272965
5.020497314272965
5.020497314272965
5.020497314272965
5.020497314272965
5.020497314272965
5.020497314272965
5.020497314272965
5.020497314272965
5.020497314272965
5.020497314272965
5.020497314272965
5.020497314272965
5.020497314272965
5.020497314272965
5.020497314272965
5.020497314272965
5.020497314272965
5.020497314272965
5.020497314272965
5.020497314272965
5.020497314272965
5.020497314272965
5.020497314272965
5.020497314272965
5.020497314272965
5.020497314272965
5.020497314272965
5.020497314272965
5.020497314272965
5.020497314272965
5.020497314272965
5.020497314272965
5.020497314272965
5.020497314272965
5.020497314272965
5.020497314272965
5.020497314272965
5.020497314272965
5.020497314272965
5.020497314272965
5.020497314272965
5.020497314272965
5.020497314272965
5.020497314272965
5.020497314272965
5.020497314272965
5.020497314272965
5.020497314272965
5.020497314272965
5.020497314272965
5.020497314272965
5.020497314272965
5.020497314272965
5.020497314272965
5.020497314272965
5.020497314272965
5.020497314272965
5.020497314272965
5.020497314272965
5.020497314272965
5.020497314272965
5.020497314272965
5.020497314272965
5.020497314272965
5.020497314272965
5.020497314272965
5.020497314272965
5.020497314272965
5.020497314272965
5.020497314272965
5.020497314272965
5.020497314272965
5.020497314272965
5.020497314272965
5.020497314272965
5.020497314272965
5.020497314272965
5.020497314272965
5.020497314272965
5.020497314272965
5.020497314272965
5.020497314272965
5.020497314272965
5.020497314272965
5.020497314272965
5.020497314272965
5.020497314272965
5.020497314272965
5.020497314272965
5.020497314272965
5.020497314272965
5.020497314272965
5.020497314272965
5.020497314272965
5.020497314272965
5.020497314272965
5.020497314272965
5.020497314272965
5.020497314272965
5.020497314272965
5.020497314272965
5.020497314272965
5.020497314272965
5.020497314272965
5.020497314272965
5.020497314272965
5.020497314272965
5.020497314272965
5.020497314272965
5.020497314272965
5.020497314272965
5.020497314272965
5.020497314272965
5.020497314272965
5.020497314272965
5.020497314272965
5.020497314272965
5.020497314272965
5.020497314272965
5.020497314272965
5.020497314272965
5.020497314272965
5.020497314272965
5.020497314272965
5.020497314272965
5.020497314272965
5.020497314272965
5.020497314272965
5.020497314272965
5.020497314272965
5.020497314272965
5.020497314272965
5.020497314272965
5.020497314272965
5.020497314272965
5.020497314272965
5.020497314272965
5.020497314272965
5.020497314272965
5.020497314272965
5.020497314272965
5.020497314272965
5.020497314272965
5.020497314272965
5.020497314272965
5.020497314272965
5.020497314272965
5.020497314272965
5.020497314272965
5.020497314272965
5.020497314272965
5.020497314272965
5.020497314272965
5.020497314272965
5.020497314272965
5.020497314272965
5.020497314272965
5.020497314272965
5.020497314272965
5.020497314272965
5.020497314272965
5.020497314272965
5.020497314272965
5.020497314272965
5.020497314272965
5.020497314272965
5.020497314272965
5.020497314272965
5.020497314272965
5.020497314272965
5.020497314272965
5.020497314272965
5.020497314272965
5.020497314272965
5.020497314272965
5.020497314272965
5.020497314272965
5.022664000643281
5.022664000643281
5.022664000643281
5.022664000643281
5.022664000643281
5.022664000643281
5.022664000643281
5.022664000643281
5.022664000643281
5.022664000643281
5.022664000643281
5.022664000643281
5.022664000643281
5.022664000643281
5.022664000643281
5.022664000643281
5.022664000643281
5.022664000643281
5.022664000643281
5.022664000643281
5.022664000643281
5.022664000643281
5.022664000643281
5.022664000643281
5.022664000643281
5.022664000643281
5.022664000643281
5.022664000643281
5.022664000643281
5.022664000643281
5.022664000643281
5.022664000643281
5.022664000643281
5.022664000643281
5.022664000643281
5.022664000643281
5.022664000643281
5.022664000643281
5.022664000643281
5.022664000643281
5.022664000643281
5.022664000643281
5.022664000643281
5.022664000643281
5.022664000643281
5.022664000643281
5.022664000643281
5.022664000643281
5.022664000643281
5.022664000643281
5.022664000643281
5.022664000643281
5.022664000643281
5.022664000643281
5.022664000643281
5.022664000643281
5.022664000643281
5.022664000643281
5.022664000643281
5.022664000643281
5.022664000643281
5.022664000643281
5.022664000643281
5.022664000643281
5.022664000643281
5.022664000643281
5.022664000643281
5.022664000643281
5.022664000643281
5.022664000643281
5.022664000643281
5.022664000643281
5.022664000643281
5.022664000643281
5.022664000643281
5.022664000643281
5.022664000643281
5.022664000643281
5.022664000643281
5.022664000643281
5.022664000643281
5.022664000643281
5.022664000643281
5.022664000643281
5.022664000643281
5.022664000643281
5.022664000643281
5.022664000643281
5.022664000643281
5.022664000643281
5.022664000643281
5.022664000643281
5.022664000643281
5.022664000643281
5.022664000643281
5.022664000643281
5.022664000643281
5.022664000643281
5.022664000643281
5.022664000643281
5.022664000643281
5.022664000643281
5.022664000643281
5.022664000643281
5.022664000643281
5.022664000643281
5.022664000643281
5.022664000643281
5.022664000643281
5.022664000643281
5.022664000643281
5.022664000643281
5.022664000643281
5.022664000643281
5.022664000643281
5.022664000643281
5.022664000643281
5.022664000643281
5.022664000643281
5.022664000643281
5.022664000643281
5.022664000643281
5.022664000643281
5.022664000643281
5.022664000643281
5.022664000643281
5.022664000643281
5.022664000643281
5.022664000643281
5.022664000643281
5.022664000643281
5.022664000643281
5.022664000643281
5.022664000643281
5.022664000643281
5.022664000643281
5.022664000643281
5.022664000643281
5.022664000643281
5.022664000643281
5.022664000643281
5.022664000643281
5.022664000643281
5.022664000643281
5.022664000643281
5.022664000643281
5.022664000643281
5.022664000643281
5.022664000643281
5.022664000643281
5.022664000643281
5.022664000643281
5.022664000643281
5.022664000643281
5.022664000643281
5.022664000643281
5.022664000643281
5.022664000643281
5.022664000643281
5.022664000643281
5.022664000643281
5.022664000643281
5.022664000643281
5.022664000643281
5.022664000643281
5.022664000643281
5.022664000643281
5.022664000643281
5.022664000643281
5.022664000643281
5.022664000643281
5.022664000643281
5.022664000643281
5.022664000643281
5.022664000643281
5.022664000643281
5.0544404478635325
5.0544404478635325
5.0544404478635325
5.0544404478635325
5.0544404478635325
5.0544404478635325
5.0544404478635325
5.0544404478635325
5.0544404478635325
5.0544404478635325
5.0544404478635325
5.0544404478635325
5.0544404478635325
5.0544404478635325
5.0544404478635325
5.0544404478635325
5.0544404478635325
5.0544404478635325
5.0544404478635325
5.0544404478635325
5.0544404478635325
5.0544404478635325
5.0544404478635325
5.0544404478635325
5.0544404478635325
5.0544404478635325
5.0544404478635325
5.0544404478635325
5.0544404478635325
5.0544404478635325
5.0544404478635325
5.0544404478635325
5.0544404478635325
5.0544404478635325
5.0544404478635325
5.0544404478635325
5.0544404478635325
5.0544404478635325
5.0544404478635325
5.0544404478635325
5.0544404478635325
5.0544404478635325
5.0544404478635325
5.0544404478635325
5.0544404478635325
5.0544404478635325
5.0544404478635325
5.0544404478635325
5.0544404478635325
5.0544404478635325
5.0544404478635325
5.0544404478635325
5.0544404478635325
5.0544404478635325
5.0544404478635325
5.0544404478635325
5.0544404478635325
5.0544404478635325
5.0544404478635325
5.0544404478635325
5.0544404478635325
5.0544404478635325
5.0544404478635325
5.0544404478635325
5.0544404478635325
5.0544404478635325
5.0544404478635325
5.0544404478635325
5.0544404478635325
5.0544404478635325
5.0544404478635325
5.0544404478635325
5.0544404478635325
5.0544404478635325
5.0544404478635325
5.0544404478635325
5.0544404478635325
5.0544404478635325
5.0544404478635325
5.0544404478635325
5.0544404478635325
5.0544404478635325
5.0544404478635325
5.0544404478635325
5.0544404478635325
5.0544404478635325
5.0544404478635325
5.0544404478635325
5.0544404478635325
5.0544404478635325
5.0544404478635325
5.0544404478635325
5.0544404478635325
5.0544404478635325
5.0544404478635325
5.0544404478635325
5.0544404478635325
5.0544404478635325
5.0544404478635325
5.0544404478635325
5.0544404478635325
5.0544404478635325
5.0544404478635325
5.0544404478635325
5.0544404478635325
5.0544404478635325
5.0544404478635325
5.0544404478635325
5.0544404478635325
5.0544404478635325
5.0544404478635325
5.0544404478635325
5.0544404478635325
5.0544404478635325
5.0544404478635325
5.0544404478635325
5.0544404478635325
5.0544404478635325
5.0544404478635325
5.0544404478635325
5.0544404478635325
5.0544404478635325
5.0544404478635325
5.0544404478635325
5.0544404478635325
5.0544404478635325
5.0544404478635325
5.0544404478635325
5.0544404478635325
5.0544404478635325
5.0544404478635325
5.0544404478635325
5.0544404478635325
5.0544404478635325
5.0544404478635325
5.0544404478635325
5.0544404478635325
5.0544404478635325
5.0544404478635325
5.0544404478635325
5.0544404478635325
5.0544404478635325
5.0544404478635325
5.0544404478635325
5.0544404478635325
5.0544404478635325
5.0544404478635325
5.0544404478635325
5.0544404478635325
5.0544404478635325
5.0544404478635325
5.0544404478635325
5.0544404478635325
5.0544404478635325
5.0544404478635325
5.0544404478635325
5.0544404478635325
5.0544404478635325
5.0544404478635325
5.0544404478635325
5.0544404478635325
5.0544404478635325
5.0544404478635325
5.0544404478635325
5.0544404478635325
5.0544404478635325
5.0544404478635325
5.0544404478635325
5.0544404478635325
5.0544404478635325
5.0544404478635325
5.0544404478635325
5.0544404478635325
5.0544404478635325
5.0544404478635325
5.0544404478635325
5.0544404478635325
5.0544404478635325
5.0544404478635325
5.0544404478635325
5.0544404478635325
5.0544404478635325
5.0544404478635325
5.0544404478635325
5.0544404478635325
5.0544404478635325
5.0544404478635325
5.0544404478635325
5.0544404478635325
5.0544404478635325
5.0544404478635325
5.0544404478635325
5.0544404478635325
5.0544404478635325
5.0544404478635325
5.0544404478635325
5.0544404478635325
5.0544404478635325
5.0544404478635325
5.0544404478635325
5.0544404478635325
5.0544404478635325
5.0544404478635325
5.0544404478635325
5.0544404478635325
5.0544404478635325
5.0544404478635325
5.0544404478635325
5.0544404478635325
5.0544404478635325
5.0544404478635325
5.0544404478635325
5.0544404478635325
5.0544404478635325
5.0544404478635325
5.0544404478635325
5.0544404478635325
5.0544404478635325
5.0544404478635325
5.0544404478635325
5.0544404478635325
5.0544404478635325
5.0544404478635325
5.0544404478635325
5.0544404478635325
5.0544404478635325
5.0544404478635325
5.0544404478635325
5.0544404478635325
5.0544404478635325
5.0544404478635325
5.0544404478635325
5.0544404478635325
5.0544404478635325
5.0544404478635325
5.0544404478635325
5.0544404478635325
5.0544404478635325
5.0544404478635325
5.0544404478635325
5.0544404478635325
5.0544404478635325
5.0544404478635325
5.0544404478635325
5.0544404478635325
5.0544404478635325
5.0544404478635325
5.0544404478635325
5.0544404478635325
5.0544404478635325
5.0544404478635325
5.0544404478635325
5.0544404478635325
5.0544404478635325
5.0544404478635325
5.0544404478635325
5.0544404478635325
5.0544404478635325
5.0544404478635325
5.0544404478635325
5.0544404478635325
5.0544404478635325
5.0544404478635325
5.0544404478635325
5.0544404478635325
5.0544404478635325
5.0544404478635325
5.0544404478635325
5.0544404478635325
5.0544404478635325
5.0544404478635325
5.0544404478635325
5.0544404478635325
5.0544404478635325
5.0544404478635325
5.0544404478635325
5.0544404478635325
5.0544404478635325
5.0544404478635325
5.0544404478635325
5.0544404478635325
5.0544404478635325
5.0544404478635325
5.0544404478635325
5.0544404478635325
5.0544404478635325
5.0544404478635325
5.0544404478635325
5.0544404478635325
5.0544404478635325
5.0544404478635325
5.0544404478635325
5.0544404478635325
5.0544404478635325
5.0544404478635325
5.0544404478635325
5.0544404478635325
5.0544404478635325
5.0544404478635325
5.0544404478635325
5.0544404478635325
5.0544404478635325
5.0544404478635325
5.0544404478635325
5.0544404478635325
5.0544404478635325
5.0544404478635325
5.0544404478635325
5.0544404478635325
5.0544404478635325
5.0544404478635325
5.0544404478635325
5.0544404478635325
5.0544404478635325
5.0544404478635325
5.0544404478635325
5.0544404478635325
5.0544404478635325
5.0544404478635325
5.0544404478635325
5.0544404478635325
5.0544404478635325
5.0544404478635325
5.0544404478635325
5.0544404478635325
5.0544404478635325
5.0544404478635325
5.0544404478635325
5.0544404478635325
5.0544404478635325
5.0544404478635325
5.0544404478635325
5.0544404478635325
5.0544404478635325
5.0544404478635325
5.0544404478635325
5.0544404478635325
5.0544404478635325
5.0544404478635325
5.0544404478635325
5.0544404478635325
5.0544404478635325
5.0544404478635325
5.0544404478635325
5.0544404478635325
5.0544404478635325
5.0544404478635325
5.0544404478635325
5.0544404478635325
5.0544404478635325
5.0544404478635325
5.0544404478635325
5.0544404478635325
5.0544404478635325
5.0544404478635325
5.0544404478635325
5.0544404478635325
5.0544404478635325
5.0544404478635325
5.138173245471451
5.138173245471451
5.138173245471451
5.138173245471451
5.138173245471451
5.138173245471451
5.138173245471451
5.138173245471451
5.138173245471451
5.138173245471451
5.138173245471451
5.138173245471451
5.138173245471451
5.138173245471451
5.138173245471451
5.138173245471451
5.138173245471451
5.138173245471451
5.138173245471451
5.138173245471451
5.138173245471451
5.138173245471451
5.138173245471451
5.138173245471451
5.138173245471451
5.138173245471451
5.138173245471451
5.138173245471451
5.138173245471451
5.138173245471451
5.138173245471451
5.138173245471451
5.138173245471451
5.138173245471451
5.138173245471451
5.138173245471451
5.138173245471451
5.138173245471451
5.138173245471451
5.138173245471451
5.138173245471451
5.138173245471451
5.138173245471451
5.138173245471451
5.138173245471451
5.138173245471451
5.138173245471451
5.138173245471451
5.138173245471451
5.138173245471451
5.138173245471451
5.138173245471451
5.138173245471451
5.138173245471451
5.138173245471451
5.138173245471451
5.138173245471451
5.138173245471451
5.138173245471451
5.138173245471451
5.138173245471451
5.138173245471451
5.138173245471451
5.138173245471451
5.138173245471451
5.138173245471451
5.138173245471451
5.138173245471451
5.138173245471451
5.138173245471451
5.138173245471451
5.138173245471451
5.138173245471451
5.138173245471451
5.138173245471451
5.138173245471451
5.138173245471451
5.138173245471451
5.138173245471451
5.138173245471451
5.138173245471451
5.138173245471451
5.138173245471451
5.138173245471451
5.138173245471451
5.138173245471451
5.138173245471451
5.138173245471451
5.138173245471451
5.138173245471451
5.138173245471451
5.138173245471451
5.138173245471451
5.138173245471451
5.138173245471451
5.138173245471451
5.138173245471451
5.138173245471451
5.138173245471451
5.138173245471451
5.138173245471451
5.138173245471451
5.138173245471451
5.138173245471451
5.138173245471451
5.138173245471451
5.138173245471451
5.138173245471451
5.138173245471451
5.138173245471451
5.138173245471451
5.138173245471451
5.138173245471451
5.138173245471451
5.138173245471451
5.138173245471451
5.138173245471451
5.138173245471451
5.138173245471451
5.138173245471451
5.138173245471451
5.138173245471451
5.138173245471451
5.138173245471451
5.138173245471451
5.138173245471451
5.138173245471451
5.138173245471451
5.138173245471451
5.138173245471451
5.138173245471451
5.138173245471451
5.138173245471451
5.138173245471451
5.138173245471451
5.138173245471451
5.138173245471451
5.138173245471451
5.138173245471451
5.138173245471451
5.138173245471451
5.138173245471451
5.138173245471451
5.138173245471451
5.138173245471451
5.138173245471451
5.138173245471451
5.138173245471451
5.138173245471451
5.138173245471451
5.138173245471451
5.138173245471451
5.138173245471451
5.138173245471451
5.138173245471451
5.138173245471451
5.138173245471451
5.138173245471451
5.138173245471451
5.138173245471451
5.138173245471451
5.138173245471451
5.138173245471451
5.138173245471451
5.138173245471451
5.138173245471451
5.138173245471451
5.138173245471451
5.138173245471451
5.138173245471451
5.138173245471451
5.138173245471451
5.138173245471451
5.138173245471451
5.138173245471451
5.138173245471451
5.138173245471451
5.138173245471451
5.138173245471451
5.138173245471451
5.138173245471451
5.138173245471451
5.138173245471451
5.138173245471451
5.138173245471451
5.138173245471451
5.138173245471451
5.138173245471451
5.138173245471451
5.138173245471451
5.138173245471451
5.138173245471451
5.138173245471451
5.138173245471451
5.138173245471451
5.138173245471451
5.138173245471451
5.138173245471451
5.138173245471451
5.138173245471451
5.138173245471451
5.138173245471451
5.138173245471451
5.138173245471451
5.138173245471451
5.138173245471451
5.138173245471451
5.138173245471451
5.138173245471451
5.138173245471451
5.138173245471451
5.138173245471451
5.138173245471451
5.138173245471451
5.138173245471451
5.138173245471451
5.138173245471451
5.138173245471451
5.138173245471451
5.138173245471451
5.138173245471451
5.138173245471451
5.138173245471451
5.138173245471451
5.138173245471451
5.138173245471451
5.138173245471451
5.138173245471451
5.138173245471451
5.138173245471451
5.138173245471451
5.138173245471451
5.138173245471451
5.138173245471451
5.138173245471451
5.138173245471451
5.138173245471451
5.138173245471451
5.138173245471451
5.138173245471451
5.138173245471451
5.138173245471451
5.138173245471451
5.138173245471451
5.138173245471451
5.138173245471451
5.138173245471451
5.138173245471451
5.138173245471451
5.138173245471451
5.138173245471451
5.138173245471451
5.138173245471451
5.138173245471451
5.138173245471451
5.138173245471451
5.138173245471451
5.138173245471451
5.138173245471451
5.138173245471451
5.138173245471451
5.138173245471451
5.138173245471451
5.138173245471451
5.138173245471451
5.138173245471451
5.138173245471451
5.138173245471451
5.138173245471451
5.138173245471451
5.138173245471451
5.138173245471451
5.138173245471451
5.138173245471451
5.138173245471451
5.138173245471451
5.138173245471451
5.138173245471451
5.138173245471451
5.138173245471451
5.138173245471451
5.138173245471451
5.138173245471451
5.138173245471451
5.138173245471451
5.138173245471451
5.138173245471451
5.138173245471451
5.138173245471451
5.138173245471451
5.138173245471451
5.138173245471451
5.138173245471451
5.138173245471451
5.138173245471451
5.138173245471451
5.138173245471451
5.138173245471451
5.138173245471451
5.138173245471451
5.138173245471451
5.138173245471451
5.138173245471451
5.138173245471451
5.138173245471451
5.138173245471451
5.138173245471451
5.138173245471451
5.138173245471451
5.138173245471451
5.138173245471451
5.138173245471451
5.138173245471451
5.138173245471451
5.138173245471451
5.138173245471451
5.138173245471451
5.138173245471451
5.138173245471451
5.138173245471451
5.138173245471451
5.138173245471451
5.138173245471451
5.138173245471451
5.138173245471451
5.138173245471451
5.138173245471451
5.138173245471451
5.138173245471451
5.138173245471451
5.138173245471451
5.138173245471451
5.138173245471451
5.138173245471451
5.138173245471451
5.138173245471451
5.138173245471451
5.138173245471451
5.138173245471451
5.138173245471451
5.138173245471451
5.138173245471451
5.138173245471451
5.138173245471451
5.138173245471451
5.138173245471451
5.138173245471451
5.138173245471451
5.138173245471451
5.138173245471451
5.138173245471451
5.138173245471451
5.138173245471451
5.138173245471451
5.138173245471451
5.138173245471451
5.138173245471451
5.138173245471451
5.138173245471451
5.138173245471451
5.138173245471451
5.138173245471451
5.138173245471451
5.138173245471451
5.138173245471451
5.138173245471451
5.138173245471451
5.138173245471451
5.138173245471451
5.138173245471451
5.138173245471451
5.138173245471451
5.138173245471451
5.138173245471451
5.138173245471451
5.138173245471451
5.138173245471451
5.138173245471451
5.138173245471451
5.138173245471451
5.138173245471451
5.138173245471451
5.138173245471451
5.138173245471451
5.138173245471451
5.138173245471451
5.138173245471451
5.138173245471451
5.138173245471451
5.138173245471451
5.138173245471451
5.138173245471451
5.138173245471451
5.138173245471451
5.138173245471451
5.138173245471451
5.138173245471451
5.138173245471451
5.138173245471451
5.138173245471451
5.138173245471451
5.138173245471451
5.138173245471451
5.138173245471451
5.138173245471451
5.138173245471451
5.138173245471451
5.138173245471451
5.138173245471451
5.138173245471451
5.138173245471451
5.138173245471451
5.138173245471451
5.138173245471451
5.138173245471451
5.138173245471451
5.138173245471451
5.138173245471451
5.138173245471451
5.138173245471451
5.138173245471451
5.138173245471451
5.138173245471451
5.138173245471451
5.138173245471451
5.138173245471451
5.138173245471451
5.138173245471451
5.138173245471451
5.138173245471451
5.138173245471451
5.138173245471451
5.138173245471451
5.138173245471451
5.138173245471451
5.138173245471451
5.138173245471451
5.138173245471451
5.138173245471451
5.138173245471451
5.138173245471451
5.138173245471451
5.138173245471451
5.138173245471451
5.138173245471451
5.138173245471451
5.138173245471451
5.138173245471451
5.138173245471451
5.138173245471451
5.138173245471451
5.138173245471451
5.138173245471451
5.138173245471451
5.138173245471451
5.138173245471451
5.138173245471451
5.138173245471451
5.138173245471451
5.138173245471451
5.138173245471451
5.138173245471451
5.138173245471451
5.138173245471451
5.138173245471451
5.138173245471451
5.138173245471451
5.138173245471451
5.138173245471451
5.138173245471451
5.138173245471451
5.138173245471451
5.138173245471451
5.138173245471451
5.138173245471451
5.138173245471451
5.138173245471451
5.138173245471451
5.138173245471451
5.138173245471451
5.138173245471451
5.138173245471451
5.138173245471451
5.138173245471451
5.138173245471451
5.138173245471451
5.138173245471451
5.138173245471451
5.138173245471451
5.138173245471451
5.138173245471451
5.138173245471451
5.138173245471451
5.138173245471451
5.138173245471451
5.138173245471451
5.138173245471451
5.138173245471451
5.138173245471451
5.138173245471451
5.138173245471451
5.138173245471451
5.138173245471451
5.138173245471451
5.138173245471451
5.138173245471451
5.138173245471451
5.138173245471451
5.138173245471451
5.138173245471451
5.138173245471451
5.138173245471451
5.138173245471451
5.138173245471451
5.138173245471451
5.138173245471451
5.138173245471451
5.138173245471451
5.138173245471451
5.138173245471451
5.138173245471451
5.138173245471451
5.138173245471451
5.138173245471451
5.138173245471451
5.138173245471451
5.138173245471451
5.138173245471451
5.138173245471451
5.138173245471451
5.138173245471451
5.138173245471451
5.138173245471451
5.138173245471451
5.138173245471451
5.138173245471451
5.138173245471451
5.138173245471451
5.138173245471451
5.138173245471451
5.138173245471451
5.138173245471451
5.138173245471451
5.138173245471451
5.138173245471451
5.138173245471451
5.138173245471451
5.138173245471451
5.138173245471451
5.138173245471451
5.138173245471451
5.138173245471451
5.138173245471451
5.138173245471451
5.138173245471451
5.138173245471451
5.138173245471451
5.138173245471451
5.138173245471451
5.138173245471451
5.138173245471451
5.138173245471451
5.138173245471451
5.138173245471451
5.138173245471451
5.138173245471451
5.138173245471451
5.138173245471451
5.138173245471451
5.138173245471451
5.138173245471451
5.138173245471451
5.138173245471451
5.138173245471451
5.138173245471451
5.138173245471451
5.138173245471451
5.138173245471451
5.138173245471451
5.138173245471451
5.138173245471451
5.138173245471451
5.138173245471451
5.138173245471451
5.138173245471451
5.138173245471451
5.138173245471451
5.138173245471451
5.138173245471451
5.138173245471451
5.138173245471451
5.138173245471451
5.138173245471451
5.138173245471451
5.138173245471451
5.138173245471451
5.138173245471451
5.138173245471451
5.138173245471451
5.138173245471451
5.138173245471451
5.138173245471451
5.138173245471451
5.138173245471451
5.138173245471451
5.138173245471451
5.138173245471451
5.138173245471451
5.138173245471451
5.138173245471451
5.138173245471451
5.138173245471451
5.138173245471451
5.138173245471451
5.138173245471451
5.138173245471451
5.138173245471451
5.138173245471451
5.138173245471451
5.138173245471451
5.138173245471451
5.138173245471451
5.138173245471451
5.138173245471451
5.138173245471451
5.138173245471451
5.138173245471451
5.138173245471451
5.138173245471451
5.138173245471451
5.138173245471451
5.138173245471451
5.138173245471451
5.138173245471451
5.138173245471451
5.138173245471451
5.138173245471451
5.138173245471451
5.138173245471451
5.138173245471451
5.138173245471451
5.138173245471451
5.138173245471451
5.138173245471451
5.138173245471451
5.138173245471451
5.138173245471451
5.138173245471451
5.138173245471451
5.138173245471451
5.138173245471451
5.138173245471451
5.138173245471451
5.138173245471451
5.138173245471451
5.138173245471451
5.138173245471451
5.138173245471451
5.138173245471451
5.138173245471451
5.138173245471451
5.138173245471451
5.138173245471451
5.138173245471451
5.138173245471451
Score: 5.138173245471451
Runtime: 647ms
