1.0312033219782905E-8
6.933258815738633E-5
6.933258815738633E-5
1.7494367359528507E-4
2.0206327681266022E-4
0.004141831346367956
0.009241317570649192
0.009241317570649192
0.009290018058250492
0.009290018058250492
0.0488582044610287
0.0488582044610287
0.13769652816343333
0.13769652816343333
0.13769652816343333
0.14215339778714192
0.2638534543331574
0.38867063657234585
0.38867063657234585
0.38867063657234585
0.8255090247111554
0.8255090247111554
0.8255090247111554
0.8255090247111554
0.8255090247111554
1.1908504266234397
1.4506186480825922
1.4506186480825922
3.029417877590324
3.029417877590324
3.029417877590324
3.029417877590324
3.03910240845239
3.3774833718791597
3.3774833718791597
3.3774833718791597
3.399626046699986
3.5886538011344604
4.205250370627248
4.354308515980906
4.354308515980906
4.354308515980906
4.354308515980906
4.354308515980906
4.385261030535547
4.44093042895336
5.570791960890586
5.570791960890586
5.570791960890586
5.701331138767233
5.701331138767233
5.701331138767233
5.972132127647103
5.972132127647103
6.382985495541293
6.382985495541293
6.382985495541293
6.753453653977997
6.753453653977997
6.753453653977997
6.753453653977997
6.753453653977997
6.753453653977997
7.054993421968346
7.054993421968346
7.054993421968346
7.508513361222347
7.508513361222347
7.508513361222347
7.508513361222347
7.508513361222347
7.508513361222347
7.508513361222347
7.508513361222347
7.508513361222347
7.508513361222347
7.508513361222347
7.508513361222347
7.508513361222347
7.508513361222347
7.508513361222347
7.508513361222347
7.508513361222347
7.508513361222347
7.508513361222347
7.508513361222347
7.508513361222347
7.508513361222347
7.508513361222347
7.508513361222347
7.508513361222347
7.508513361222347
7.847898962897943
7.847898962897943
7.847898962897943
7.847898962897943
7.847898962897943
7.847898962897943
7.847898962897943
7.847898962897943
7.847898962897943
7.847898962897943
7.847898962897943
7.847898962897943
7.847898962897943
7.847898962897943
7.847898962897943
7.847898962897943
7.847898962897943
7.847898962897943
7.847898962897943
7.847898962897943
7.847898962897943
7.847898962897943
7.847898962897943
7.847898962897943
7.847898962897943
7.847898962897943
7.847898962897943
7.847898962897943
7.847898962897943
7.847898962897943
7.847898962897943
7.847898962897943
7.847898962897943
7.847898962897943
7.847898962897943
7.847898962897943
7.847898962897943
7.847898962897943
7.85707712050155
7.85707712050155
7.85707712050155
7.85707712050155
7.85707712050155
7.85707712050155
7.85707712050155
7.85707712050155
7.85707712050155
7.85707712050155
7.85707712050155
7.85707712050155
7.85707712050155
7.85707712050155
7.85707712050155
7.85707712050155
7.85707712050155
7.85707712050155
7.980936466927008
7.980936466927008
7.980936466927008
7.980936466927008
7.980936466927008
7.980936466927008
8.161100923825357
8.161100923825357
8.161100923825357
8.161100923825357
8.212832368677658
8.212832368677658
8.212832368677658
8.212832368677658
8.212832368677658
8.212832368677658
8.212832368677658
8.212832368677658
8.212832368677658
8.665902909756927
8.665902909756927
8.665902909756927
8.665902909756927
8.665902909756927
8.665902909756927
8.665902909756927
8.665902909756927
8.665902909756927
8.665902909756927
8.665902909756927
8.665902909756927
8.665902909756927
8.665902909756927
8.665902909756927
8.665902909756927
8.665902909756927
8.665902909756927
8.665902909756927
8.702792452102027
8.702792452102027
8.702792452102027
8.78046011598221
8.78046011598221
8.78046011598221
8.78046011598221
8.78046011598221
8.78046011598221
8.78046011598221
8.78046011598221
8.78046011598221
8.78046011598221
8.78046011598221
8.78046011598221
8.78046011598221
8.78046011598221
8.78046011598221
8.78046011598221
8.78046011598221
9.028951837179529
9.028951837179529
9.028951837179529
9.028951837179529
9.028951837179529
9.170547872399938
9.170547872399938
9.170547872399938
9.170547872399938
9.170547872399938
9.170547872399938
9.170547872399938
9.170547872399938
9.170547872399938
9.170547872399938
9.170547872399938
9.170547872399938
9.170547872399938
9.170547872399938
9.170547872399938
9.170547872399938
9.170547872399938
9.170547872399938
9.170547872399938
9.170547872399938
9.170547872399938
9.170547872399938
9.170547872399938
9.170547872399938
9.170547872399938
9.170547872399938
9.170547872399938
9.170547872399938
9.170547872399938
9.170547872399938
9.170547872399938
9.170547872399938
9.170547872399938
9.170547872399938
9.170547872399938
9.170547872399938
9.170547872399938
9.170547872399938
9.170547872399938
9.170547872399938
9.170547872399938
9.170547872399938
9.170547872399938
9.170547872399938
9.170547872399938
9.170547872399938
9.170547872399938
9.170547872399938
9.170547872399938
9.170547872399938
9.170547872399938
9.170547872399938
9.170547872399938
9.170547872399938
9.170547872399938
9.170547872399938
9.170547872399938
9.170547872399938
9.170547872399938
9.170547872399938
9.170547872399938
9.170547872399938
9.170547872399938
9.170547872399938
9.185859401753241
9.311310378919604
9.311310378919604
9.311310378919604
9.311310378919604
9.311310378919604
9.311310378919604
9.311310378919604
9.311310378919604
9.311310378919604
9.311310378919604
9.311310378919604
9.311310378919604
9.311310378919604
9.311310378919604
9.311310378919604
9.311310378919604
9.311310378919604
9.311310378919604
9.311310378919604
9.311310378919604
9.311310378919604
9.311310378919604
9.311310378919604
9.311310378919604
9.311310378919604
9.311310378919604
9.311310378919604
9.311310378919604
9.311310378919604
9.344096446247507
9.344096446247507
9.344096446247507
9.344096446247507
9.344096446247507
9.344096446247507
9.344096446247507
9.344096446247507
9.344096446247507
9.344096446247507
9.344096446247507
9.344096446247507
9.344096446247507
9.344096446247507
9.344096446247507
9.344096446247507
9.344096446247507
9.344096446247507
9.344096446247507
9.344096446247507
9.344096446247507
9.344096446247507
9.344096446247507
9.344096446247507
9.344096446247507
9.344096446247507
9.344096446247507
9.344096446247507
9.344096446247507
9.344096446247507
9.344096446247507
9.344096446247507
9.344096446247507
9.344096446247507
9.344096446247507
9.344096446247507
9.344096446247507
9.344096446247507
9.344096446247507
9.344096446247507
9.344096446247507
9.388357678299364
9.388357678299364
9.388357678299364
9.388357678299364
9.388357678299364
9.388357678299364
9.388357678299364
9.388357678299364
9.388357678299364
9.388357678299364
9.388357678299364
9.388357678299364
9.388357678299364
9.388357678299364
9.388357678299364
9.388357678299364
9.388357678299364
9.388357678299364
9.388357678299364
9.388357678299364
9.388357678299364
9.388357678299364
9.388357678299364
9.388357678299364
9.388357678299364
9.388357678299364
9.388357678299364
9.388357678299364
9.388357678299364
9.388357678299364
9.388357678299364
9.388357678299364
9.388357678299364
9.388357678299364
9.388357678299364
9.425446268251306
9.425446268251306
9.425446268251306
9.425446268251306
9.425446268251306
9.425446268251306
9.425446268251306
9.425446268251306
9.425446268251306
9.425446268251306
9.425446268251306
9.425446268251306
9.425446268251306
9.425446268251306
9.425446268251306
9.425446268251306
9.425446268251306
9.425446268251306
9.479883566138575
9.479883566138575
9.479883566138575
9.479883566138575
9.479883566138575
9.479883566138575
9.479883566138575
9.479883566138575
9.479883566138575
9.479883566138575
9.479883566138575
9.479883566138575
9.479883566138575
9.479883566138575
9.479883566138575
9.479883566138575
9.479883566138575
9.479883566138575
9.479883566138575
9.479883566138575
9.479883566138575
9.479883566138575
9.479883566138575
9.479883566138575
9.479883566138575
9.479883566138575
9.479883566138575
9.479883566138575
9.479883566138575
9.479883566138575
9.479883566138575
9.479883566138575
9.479883566138575
9.479883566138575
9.479883566138575
9.479883566138575
9.479883566138575
9.479883566138575
9.479883566138575
9.479883566138575
9.479883566138575
9.479883566138575
9.479883566138575
9.479883566138575
9.479883566138575
9.479883566138575
9.479883566138575
9.479883566138575
9.479883566138575
9.479883566138575
9.479883566138575
9.479883566138575
9.479883566138575
9.479883566138575
9.479883566138575
9.479883566138575
9.479883566138575
9.479883566138575
9.479883566138575
9.479883566138575
9.479883566138575
9.479883566138575
9.479883566138575
9.479883566138575
9.479883566138575
9.479883566138575
9.479883566138575
9.479883566138575
9.479883566138575
9.479883566138575
9.479883566138575
9.479883566138575
9.479883566138575
9.479883566138575
9.479883566138575
9.479883566138575
9.479883566138575
9.479883566138575
9.479883566138575
9.479883566138575
9.479883566138575
9.479883566138575
9.479883566138575
9.479883566138575
9.479883566138575
9.479883566138575
9.479883566138575
9.479883566138575
9.479883566138575
9.479883566138575
9.479883566138575
9.479883566138575
9.479883566138575
9.479883566138575
9.479883566138575
9.479883566138575
9.479883566138575
9.479883566138575
9.479883566138575
9.479883566138575
9.479883566138575
9.479883566138575
9.479883566138575
9.479883566138575
9.479883566138575
9.479883566138575
9.479883566138575
9.479883566138575
9.479883566138575
9.498442617370591
9.498442617370591
9.498442617370591
9.498442617370591
9.498442617370591
9.498442617370591
9.498442617370591
9.498442617370591
9.498442617370591
9.498442617370591
9.498442617370591
9.498442617370591
9.498442617370591
9.498442617370591
9.498442617370591
9.498442617370591
9.498442617370591
9.498442617370591
9.498442617370591
9.498442617370591
9.498442617370591
9.498442617370591
9.498442617370591
9.498442617370591
9.498442617370591
9.498442617370591
9.498442617370591
9.498442617370591
9.498442617370591
9.498442617370591
9.498442617370591
9.498442617370591
9.498442617370591
9.498442617370591
9.498442617370591
9.498442617370591
9.498442617370591
9.498442617370591
9.498442617370591
9.498442617370591
9.498442617370591
9.498442617370591
9.498442617370591
9.498442617370591
9.498442617370591
9.498442617370591
9.498442617370591
9.498442617370591
9.498442617370591
9.498442617370591
9.498442617370591
9.498442617370591
9.498442617370591
9.498442617370591
9.498442617370591
9.498442617370591
9.498442617370591
9.498442617370591
9.498442617370591
9.498442617370591
9.498442617370591
9.498442617370591
9.498442617370591
9.498442617370591
9.498442617370591
9.498442617370591
9.498442617370591
9.498442617370591
9.498442617370591
9.498442617370591
9.498442617370591
9.498442617370591
9.498442617370591
9.498442617370591
9.498442617370591
9.498442617370591
9.498442617370591
9.498442617370591
9.498442617370591
9.498442617370591
9.498442617370591
9.498442617370591
9.498442617370591
9.498442617370591
9.498442617370591
9.498442617370591
9.498442617370591
9.498442617370591
9.498442617370591
9.498442617370591
9.498442617370591
9.498442617370591
9.498442617370591
9.498442617370591
9.498442617370591
9.498442617370591
9.498442617370591
9.498442617370591
9.498442617370591
9.498442617370591
9.498442617370591
9.498442617370591
9.498442617370591
9.498442617370591
9.498442617370591
9.498442617370591
9.498442617370591
9.498442617370591
9.498442617370591
9.498442617370591
9.498442617370591
9.498442617370591
9.498442617370591
9.498442617370591
9.498442617370591
9.498442617370591
9.498442617370591
9.498442617370591
9.498442617370591
9.498442617370591
9.498442617370591
9.498442617370591
9.498442617370591
9.498442617370591
9.498442617370591
9.498442617370591
9.498442617370591
9.498442617370591
9.498442617370591
9.498442617370591
9.498442617370591
9.498442617370591
9.498442617370591
9.501163458194593
9.501163458194593
9.501163458194593
9.501163458194593
9.501163458194593
9.501163458194593
9.501163458194593
9.501163458194593
9.501163458194593
9.501163458194593
9.501163458194593
9.521396532947115
9.521396532947115
9.521396532947115
9.521396532947115
9.521396532947115
9.521396532947115
9.521396532947115
9.521396532947115
9.521396532947115
9.521396532947115
9.521396532947115
9.521396532947115
9.521396532947115
9.521396532947115
9.521396532947115
9.521396532947115
9.521396532947115
9.521396532947115
9.521396532947115
9.521396532947115
9.521396532947115
9.521396532947115
9.521396532947115
9.521396532947115
9.521396532947115
9.521396532947115
9.521396532947115
9.521396532947115
9.521396532947115
9.521396532947115
9.521396532947115
9.521396532947115
9.521396532947115
9.521396532947115
9.521396532947115
9.521396532947115
9.521396532947115
9.521396532947115
9.521396532947115
9.521396532947115
9.521396532947115
9.521396532947115
9.521396532947115
9.521396532947115
9.521396532947115
9.521396532947115
9.521396532947115
9.521396532947115
9.521396532947115
9.521396532947115
9.521396532947115
9.521396532947115
9.521396532947115
9.521396532947115
9.521396532947115
9.521396532947115
9.521396532947115
9.521396532947115
9.521396532947115
9.521396532947115
9.521396532947115
9.521396532947115
9.521396532947115
9.521396532947115
9.521396532947115
9.521396532947115
9.521396532947115
9.521396532947115
9.521396532947115
9.521396532947115
9.521396532947115
9.521396532947115
9.521396532947115
9.521396532947115
9.521396532947115
9.521396532947115
9.521396532947115
9.521396532947115
9.521396532947115
9.521396532947115
9.521396532947115
9.521396532947115
9.521396532947115
9.521396532947115
9.521396532947115
9.521396532947115
9.521396532947115
9.521396532947115
9.521396532947115
9.521396532947115
9.521396532947115
9.521396532947115
9.521396532947115
9.521396532947115
9.521396532947115
9.521396532947115
9.521396532947115
9.521396532947115
9.521396532947115
9.521396532947115
9.521396532947115
9.521396532947115
9.521396532947115
9.521396532947115
9.521396532947115
9.521396532947115
9.521396532947115
9.521396532947115
9.521396532947115
9.521396532947115
9.521396532947115
9.521396532947115
9.521396532947115
9.521396532947115
9.521396532947115
9.521396532947115
9.521396532947115
9.521396532947115
9.521396532947115
9.521396532947115
9.521396532947115
9.521396532947115
9.521396532947115
9.521396532947115
9.521396532947115
9.521396532947115
9.521396532947115
9.521396532947115
9.521396532947115
9.521396532947115
9.521396532947115
9.521396532947115
9.521396532947115
9.521396532947115
9.521396532947115
9.521396532947115
9.521396532947115
9.521396532947115
9.521396532947115
9.521396532947115
9.521396532947115
9.521396532947115
9.521396532947115
9.521396532947115
9.521396532947115
9.521396532947115
9.521396532947115
9.521396532947115
9.521396532947115
9.521396532947115
9.521396532947115
9.521396532947115
9.521396532947115
9.521396532947115
9.521396532947115
9.521396532947115
9.521396532947115
9.521396532947115
9.521396532947115
9.521396532947115
9.521396532947115
9.521396532947115
9.521396532947115
9.521396532947115
9.521396532947115
9.521396532947115
9.521396532947115
9.521396532947115
9.521396532947115
9.521396532947115
9.521396532947115
9.521396532947115
9.521396532947115
9.521396532947115
9.521396532947115
9.521396532947115
9.521396532947115
9.521396532947115
9.521396532947115
9.521396532947115
9.521396532947115
9.521396532947115
9.521396532947115
9.521396532947115
9.521396532947115
9.521396532947115
9.521396532947115
9.521396532947115
9.521396532947115
9.521396532947115
9.521396532947115
9.521396532947115
9.521396532947115
9.521396532947115
9.521396532947115
9.521396532947115
9.521396532947115
9.521396532947115
9.521396532947115
9.521396532947115
9.521396532947115
9.521396532947115
9.521396532947115
9.521396532947115
9.521396532947115
9.521396532947115
9.521396532947115
9.521396532947115
9.521396532947115
9.521396532947115
9.521396532947115
9.521396532947115
9.521396532947115
9.521396532947115
9.521396532947115
9.521396532947115
9.521396532947115
9.521396532947115
9.521396532947115
9.521396532947115
9.521396532947115
9.521396532947115
9.521396532947115
9.521396532947115
9.521396532947115
9.521396532947115
9.521396532947115
9.521396532947115
9.521396532947115
9.521396532947115
9.521396532947115
9.521396532947115
9.521396532947115
9.521396532947115
9.521396532947115
9.521396532947115
9.521396532947115
9.521396532947115
9.521396532947115
9.521396532947115
9.521396532947115
9.521396532947115
9.521396532947115
9.521396532947115
9.521396532947115
9.521396532947115
9.521396532947115
9.521396532947115
9.521396532947115
9.521396532947115
9.521396532947115
9.521396532947115
9.521396532947115
9.521396532947115
9.521396532947115
9.521396532947115
9.521396532947115
9.521396532947115
9.521396532947115
9.521396532947115
9.521396532947115
9.521396532947115
9.521396532947115
9.521396532947115
9.521396532947115
9.521396532947115
9.521396532947115
9.521396532947115
9.521396532947115
9.521396532947115
9.521396532947115
9.521396532947115
9.521396532947115
9.521396532947115
9.521396532947115
9.521396532947115
9.521396532947115
9.521396532947115
9.521396532947115
9.521396532947115
9.521396532947115
9.521396532947115
9.521396532947115
9.521396532947115
9.521396532947115
9.521396532947115
9.521396532947115
9.521396532947115
9.521396532947115
9.521396532947115
9.521396532947115
9.521396532947115
9.521396532947115
9.521396532947115
9.521396532947115
9.521396532947115
9.521396532947115
9.521396532947115
9.521396532947115
9.521396532947115
9.521396532947115
9.521396532947115
9.521396532947115
9.521396532947115
9.521396532947115
9.521396532947115
9.521396532947115
9.521396532947115
9.521396532947115
9.521396532947115
9.521396532947115
9.521396532947115
9.521396532947115
9.521396532947115
9.521396532947115
9.521396532947115
9.521396532947115
9.521396532947115
9.521396532947115
9.521396532947115
9.521396532947115
9.521396532947115
9.521396532947115
9.521396532947115
9.521396532947115
9.521396532947115
9.521396532947115
9.521396532947115
9.521396532947115
9.521396532947115
9.521396532947115
9.521396532947115
9.521396532947115
9.521396532947115
9.521396532947115
9.521396532947115
9.521396532947115
9.521396532947115
9.521396532947115
9.521396532947115
9.521396532947115
9.521396532947115
9.521396532947115
9.521396532947115
9.521396532947115
9.521396532947115
9.521396532947115
9.521396532947115
9.521396532947115
9.521396532947115
9.521396532947115
9.521396532947115
9.521396532947115
9.521396532947115
9.521396532947115
9.521396532947115
9.521396532947115
9.521396532947115
9.521396532947115
9.521396532947115
9.521396532947115
9.521396532947115
9.521396532947115
9.521396532947115
9.521396532947115
9.521396532947115
9.521396532947115
9.521396532947115
9.521396532947115
9.521396532947115
9.521396532947115
9.521396532947115
9.521396532947115
9.521396532947115
9.521396532947115
9.521396532947115
9.521396532947115
9.521396532947115
9.521396532947115
9.521396532947115
9.549498915443584
9.549498915443584
9.549498915443584
9.549498915443584
9.549498915443584
9.549498915443584
9.549498915443584
9.549498915443584
9.549498915443584
9.549498915443584
9.549498915443584
9.549498915443584
9.549498915443584
9.549498915443584
9.549498915443584
9.549498915443584
9.549498915443584
9.549498915443584
9.549498915443584
9.549498915443584
9.549498915443584
9.549498915443584
9.549498915443584
9.549498915443584
9.549498915443584
9.549498915443584
9.549498915443584
9.549498915443584
9.549498915443584
9.549498915443584
9.549498915443584
9.549498915443584
9.549498915443584
9.549498915443584
9.549498915443584
9.549498915443584
9.549498915443584
9.549498915443584
9.549498915443584
9.549498915443584
9.549498915443584
9.549498915443584
9.549498915443584
9.549498915443584
9.549498915443584
9.549498915443584
9.549498915443584
9.549498915443584
9.549498915443584
9.549498915443584
9.549498915443584
9.549498915443584
9.549498915443584
9.549498915443584
9.549498915443584
9.549498915443584
9.549498915443584
9.549498915443584
9.549498915443584
9.549498915443584
9.549498915443584
9.549498915443584
9.549498915443584
9.549498915443584
9.549498915443584
9.549498915443584
9.549498915443584
9.549498915443584
9.549498915443584
9.549498915443584
9.549498915443584
9.549498915443584
9.549498915443584
9.549498915443584
9.549498915443584
9.549498915443584
9.549498915443584
9.549498915443584
9.556268166368175
9.556268166368175
9.556268166368175
9.556268166368175
9.556268166368175
9.556268166368175
9.556268166368175
9.556268166368175
9.556268166368175
9.556268166368175
9.556268166368175
9.556268166368175
9.556268166368175
9.556268166368175
9.556268166368175
9.556268166368175
9.556268166368175
9.556268166368175
9.556268166368175
9.556268166368175
9.556268166368175
9.556268166368175
9.556268166368175
9.556268166368175
9.556268166368175
9.556268166368175
9.556268166368175
9.556268166368175
9.556268166368175
9.556268166368175
9.556268166368175
9.556268166368175
9.556268166368175
9.556268166368175
9.556268166368175
9.556268166368175
9.556268166368175
9.556268166368175
9.556268166368175
9.556268166368175
9.556268166368175
9.556268166368175
9.556268166368175
9.556268166368175
9.556268166368175
9.556268166368175
9.556268166368175
9.556268166368175
9.556268166368175
9.556268166368175
9.556268166368175
9.556268166368175
9.556268166368175
9.556268166368175
9.556268166368175
9.556268166368175
9.556268166368175
9.556268166368175
9.556268166368175
9.556268166368175
9.556268166368175
9.556268166368175
9.556268166368175
9.556268166368175
9.556268166368175
9.556268166368175
9.556268166368175
9.556268166368175
9.556268166368175
9.556268166368175
9.556268166368175
9.556268166368175
9.556268166368175
9.556268166368175
9.556268166368175
9.556268166368175
9.556268166368175
9.556268166368175
9.556268166368175
9.556268166368175
9.556268166368175
9.556268166368175
9.556268166368175
9.556268166368175
9.556268166368175
9.556268166368175
9.556268166368175
9.556268166368175
9.556268166368175
9.556268166368175
9.556268166368175
9.556268166368175
9.556268166368175
9.556268166368175
9.556268166368175
9.556268166368175
9.556268166368175
9.556268166368175
9.556268166368175
9.556268166368175
9.556268166368175
9.556268166368175
9.556268166368175
9.556268166368175
9.556268166368175
9.556268166368175
9.556268166368175
9.556268166368175
9.556268166368175
9.556268166368175
9.556268166368175
9.556268166368175
9.556268166368175
9.556268166368175
9.556268166368175
9.556268166368175
9.556268166368175
9.556268166368175
9.556268166368175
9.556268166368175
9.556268166368175
9.556268166368175
9.556268166368175
9.556268166368175
9.556268166368175
9.556268166368175
9.556268166368175
9.556268166368175
9.556268166368175
9.556268166368175
9.556268166368175
9.556268166368175
9.556268166368175
9.556268166368175
9.556268166368175
9.556268166368175
9.556268166368175
9.556268166368175
9.556268166368175
9.556268166368175
9.556268166368175
9.556268166368175
9.556268166368175
9.556268166368175
9.556268166368175
9.556268166368175
9.556268166368175
9.556268166368175
9.556268166368175
9.556268166368175
9.556268166368175
9.556268166368175
9.556268166368175
9.556268166368175
9.556268166368175
9.556268166368175
9.556268166368175
9.556268166368175
9.556268166368175
9.556268166368175
9.556268166368175
9.556268166368175
9.556268166368175
9.556268166368175
9.556268166368175
9.556268166368175
9.556268166368175
9.556268166368175
9.556268166368175
9.556268166368175
9.556268166368175
9.556268166368175
9.556268166368175
9.556268166368175
9.556268166368175
9.556268166368175
9.556268166368175
9.556268166368175
9.556268166368175
9.556268166368175
9.556268166368175
9.556268166368175
9.556268166368175
9.556268166368175
9.556268166368175
9.556268166368175
9.556268166368175
9.556268166368175
9.556268166368175
9.556268166368175
9.556268166368175
9.556268166368175
9.556268166368175
9.556268166368175
9.556268166368175
9.556268166368175
9.556268166368175
9.556268166368175
9.556268166368175
9.556268166368175
9.556268166368175
9.556268166368175
9.556268166368175
9.556268166368175
9.556268166368175
9.556268166368175
9.556268166368175
9.556268166368175
9.556268166368175
9.556268166368175
9.556268166368175
9.556268166368175
9.556268166368175
9.556268166368175
9.556268166368175
9.556268166368175
9.556268166368175
9.556268166368175
9.556268166368175
9.556268166368175
9.556268166368175
9.556268166368175
9.556268166368175
9.556268166368175
9.556268166368175
9.556268166368175
9.556268166368175
9.556268166368175
9.556268166368175
9.556268166368175
9.556268166368175
9.556268166368175
9.556268166368175
9.556268166368175
9.556268166368175
9.556268166368175
9.556268166368175
9.556268166368175
9.556268166368175
9.556268166368175
9.556268166368175
9.556268166368175
9.556268166368175
9.556268166368175
9.556268166368175
9.556268166368175
9.556268166368175
9.556268166368175
9.556268166368175
9.556268166368175
9.556268166368175
9.556268166368175
9.556268166368175
9.556268166368175
9.556268166368175
9.556268166368175
9.556268166368175
9.556268166368175
9.556268166368175
9.556268166368175
9.556268166368175
9.556268166368175
9.556268166368175
9.556268166368175
9.556268166368175
9.556268166368175
9.556268166368175
9.556268166368175
9.556268166368175
9.556268166368175
9.556268166368175
9.556268166368175
9.556268166368175
9.556268166368175
9.556268166368175
9.556268166368175
9.556268166368175
9.556268166368175
9.556268166368175
9.556268166368175
9.556268166368175
9.556268166368175
9.556268166368175
9.556268166368175
9.556268166368175
9.556268166368175
9.556268166368175
9.556268166368175
9.556268166368175
9.556268166368175
9.556268166368175
9.556268166368175
9.556268166368175
9.556268166368175
9.556268166368175
9.556268166368175
9.556268166368175
9.556268166368175
9.556268166368175
9.556268166368175
9.556268166368175
9.556268166368175
9.556268166368175
9.556268166368175
9.556268166368175
9.556268166368175
9.556268166368175
9.556268166368175
9.556268166368175
9.556268166368175
9.556268166368175
9.556268166368175
9.556268166368175
9.556268166368175
9.556268166368175
9.556268166368175
9.556268166368175
9.556268166368175
9.556268166368175
9.556268166368175
9.556268166368175
9.556268166368175
9.556268166368175
9.556268166368175
9.556268166368175
9.556268166368175
9.556268166368175
9.556268166368175
9.556268166368175
9.556268166368175
9.556268166368175
9.556268166368175
9.556268166368175
9.556268166368175
9.556268166368175
9.556268166368175
9.556268166368175
9.567754817907707
9.567754817907707
9.567754817907707
9.567754817907707
9.567754817907707
9.567754817907707
9.567754817907707
9.567754817907707
9.567754817907707
9.567754817907707
9.567754817907707
9.567754817907707
9.567754817907707
9.567754817907707
9.567754817907707
9.567754817907707
9.567754817907707
9.567754817907707
9.567754817907707
9.567754817907707
9.567754817907707
9.567754817907707
9.567754817907707
9.567754817907707
9.567754817907707
9.567754817907707
9.567754817907707
9.567754817907707
9.567754817907707
9.567754817907707
9.567754817907707
9.59759506700907
9.59759506700907
9.59759506700907
9.59759506700907
9.59759506700907
9.59759506700907
9.59759506700907
9.59759506700907
9.59759506700907
9.59759506700907
9.59759506700907
9.59759506700907
9.59759506700907
9.59759506700907
9.59759506700907
9.59759506700907
9.59759506700907
9.59759506700907
9.59759506700907
9.59759506700907
9.59759506700907
9.59759506700907
9.59759506700907
9.59759506700907
9.59759506700907
9.59759506700907
9.59759506700907
9.59759506700907
9.59759506700907
9.59759506700907
9.59759506700907
9.59759506700907
9.59759506700907
9.59759506700907
9.59759506700907
9.59759506700907
9.59759506700907
9.59759506700907
9.59759506700907
9.59759506700907
9.59759506700907
9.59759506700907
9.59759506700907
9.59759506700907
9.59759506700907
9.59759506700907
9.59759506700907
9.59759506700907
9.59759506700907
9.59759506700907
9.59759506700907
9.59759506700907
9.59759506700907
9.59759506700907
9.59759506700907
9.59759506700907
9.59759506700907
9.59759506700907
9.59759506700907
9.59759506700907
9.59759506700907
9.59759506700907
9.59759506700907
9.59759506700907
9.59759506700907
9.59759506700907
9.59759506700907
9.59759506700907
9.59759506700907
9.59759506700907
9.59759506700907
9.59759506700907
9.59759506700907
9.59759506700907
9.59759506700907
9.59759506700907
9.59759506700907
9.59759506700907
9.59759506700907
9.59759506700907
9.59759506700907
9.59759506700907
9.59759506700907
9.59759506700907
9.59759506700907
9.59759506700907
9.59759506700907
9.59759506700907
9.59759506700907
9.59759506700907
9.59759506700907
9.59759506700907
9.59759506700907
9.59759506700907
9.59759506700907
9.59759506700907
9.59759506700907
9.59759506700907
9.59759506700907
9.59759506700907
9.59759506700907
9.59759506700907
9.59759506700907
9.59759506700907
9.59759506700907
9.59759506700907
9.59759506700907
9.59759506700907
9.59759506700907
9.59759506700907
9.59759506700907
9.59759506700907
9.59759506700907
9.59759506700907
9.59759506700907
9.59759506700907
9.59759506700907
9.59759506700907
9.59759506700907
9.59759506700907
9.59759506700907
9.59759506700907
9.59759506700907
9.59759506700907
9.59759506700907
9.59759506700907
9.59759506700907
9.59759506700907
9.59759506700907
9.59759506700907
9.59759506700907
9.59759506700907
9.59759506700907
9.59759506700907
9.59759506700907
9.59759506700907
9.59759506700907
9.59759506700907
9.59759506700907
9.59759506700907
9.59759506700907
9.59759506700907
9.59759506700907
9.59759506700907
9.59759506700907
9.59759506700907
9.59759506700907
9.59759506700907
9.59759506700907
9.59759506700907
9.59759506700907
9.59759506700907
9.59759506700907
9.59759506700907
9.59759506700907
9.59759506700907
9.59759506700907
9.59759506700907
9.59759506700907
9.59759506700907
9.59759506700907
9.59759506700907
9.59759506700907
9.59759506700907
9.59759506700907
9.59759506700907
9.59759506700907
9.59759506700907
9.59759506700907
9.59759506700907
9.59759506700907
9.59759506700907
9.59759506700907
9.59759506700907
9.59759506700907
9.59759506700907
9.59759506700907
9.59759506700907
9.59759506700907
9.59759506700907
9.59759506700907
9.59759506700907
9.59759506700907
9.59759506700907
9.59759506700907
9.59759506700907
9.59759506700907
9.59759506700907
9.59759506700907
9.59759506700907
9.59759506700907
9.59759506700907
9.59759506700907
9.59759506700907
9.59759506700907
9.59759506700907
9.59759506700907
9.59759506700907
9.59759506700907
9.59759506700907
9.59759506700907
9.59759506700907
9.59759506700907
9.59759506700907
9.59759506700907
9.59759506700907
9.59759506700907
9.59759506700907
9.59759506700907
9.59759506700907
9.59759506700907
9.59759506700907
9.59759506700907
9.59759506700907
9.59759506700907
9.59759506700907
9.59759506700907
9.59759506700907
9.59759506700907
9.59759506700907
9.59759506700907
9.59759506700907
9.59759506700907
9.59759506700907
9.59759506700907
9.59759506700907
9.59759506700907
9.59759506700907
9.59759506700907
9.59759506700907
9.59759506700907
9.59759506700907
9.59759506700907
9.59759506700907
9.59759506700907
9.59759506700907
9.59759506700907
9.59759506700907
9.59759506700907
9.59759506700907
9.59759506700907
9.59759506700907
9.59759506700907
9.59759506700907
9.59759506700907
9.59759506700907
9.59759506700907
9.59759506700907
9.59759506700907
9.59759506700907
9.59759506700907
9.59759506700907
9.59759506700907
9.59759506700907
9.59759506700907
9.59759506700907
9.59759506700907
9.59759506700907
9.59759506700907
9.59759506700907
9.59759506700907
9.59759506700907
9.59759506700907
9.59759506700907
9.59759506700907
9.59759506700907
9.59759506700907
9.59759506700907
9.59759506700907
9.59759506700907
9.59759506700907
9.59759506700907
9.59759506700907
9.59759506700907
9.59759506700907
9.59759506700907
9.59759506700907
9.59759506700907
9.59759506700907
9.59759506700907
9.59759506700907
9.59759506700907
9.59759506700907
9.59759506700907
9.59759506700907
9.59759506700907
9.59759506700907
9.59759506700907
9.59759506700907
9.59759506700907
9.59759506700907
9.59759506700907
9.59759506700907
9.59759506700907
9.59759506700907
9.59759506700907
9.59759506700907
9.59759506700907
9.59759506700907
9.59759506700907
9.59759506700907
9.59759506700907
9.59759506700907
9.59759506700907
9.59759506700907
9.59759506700907
9.59759506700907
9.59759506700907
9.59759506700907
9.59759506700907
9.59759506700907
9.59759506700907
9.59759506700907
9.59759506700907
9.59759506700907
9.59759506700907
9.59759506700907
9.59759506700907
9.59759506700907
9.59759506700907
9.59759506700907
9.59759506700907
9.59759506700907
9.59759506700907
9.59759506700907
9.59759506700907
9.59759506700907
9.59759506700907
9.59759506700907
9.59759506700907
9.59759506700907
9.59759506700907
9.59759506700907
9.59759506700907
9.59759506700907
9.59759506700907
9.59759506700907
9.59759506700907
9.59759506700907
9.59759506700907
9.59759506700907
9.59759506700907
9.59759506700907
9.59759506700907
9.59759506700907
9.59759506700907
9.59759506700907
9.59759506700907
9.59759506700907
9.59759506700907
9.59759506700907
9.59759506700907
9.59759506700907
9.59759506700907
9.59759506700907
9.59759506700907
9.59759506700907
9.59759506700907
9.59759506700907
9.59759506700907
9.59759506700907
9.59759506700907
9.59759506700907
9.59759506700907
9.59759506700907
9.59759506700907
9.59759506700907
9.59759506700907
9.59759506700907
9.59759506700907
9.59759506700907
9.59759506700907
9.59759506700907
9.59759506700907
9.59759506700907
9.59759506700907
9.59759506700907
9.59759506700907
9.59759506700907
9.59759506700907
9.59759506700907
9.59759506700907
9.59759506700907
9.59759506700907
9.59759506700907
9.59759506700907
9.59759506700907
9.59759506700907
9.59759506700907
9.59759506700907
9.59759506700907
9.59759506700907
9.59759506700907
9.59759506700907
9.59759506700907
9.59759506700907
9.59759506700907
9.59759506700907
9.59759506700907
9.59759506700907
9.59759506700907
9.59759506700907
9.59759506700907
9.59759506700907
9.59759506700907
9.59759506700907
9.59759506700907
9.59759506700907
9.59759506700907
9.59759506700907
9.59759506700907
9.59759506700907
9.59759506700907
9.59759506700907
9.59759506700907
9.59759506700907
9.59759506700907
9.59759506700907
9.59759506700907
9.59759506700907
9.59759506700907
9.59759506700907
9.59759506700907
9.59759506700907
9.59759506700907
9.59759506700907
9.59759506700907
9.59759506700907
9.59759506700907
9.59759506700907
9.59759506700907
9.59759506700907
9.59759506700907
9.59759506700907
9.59759506700907
9.59759506700907
9.59759506700907
9.59759506700907
9.59759506700907
9.59759506700907
9.59759506700907
9.59759506700907
9.59759506700907
9.59759506700907
9.59759506700907
9.59759506700907
9.59759506700907
9.59759506700907
9.59759506700907
9.59759506700907
9.59759506700907
9.59759506700907
9.59759506700907
9.59759506700907
9.59759506700907
9.59759506700907
9.59759506700907
9.59759506700907
9.59759506700907
9.59759506700907
9.59759506700907
9.59759506700907
9.59759506700907
9.59759506700907
9.59759506700907
9.59759506700907
9.59759506700907
9.59759506700907
9.59759506700907
9.59759506700907
9.59759506700907
9.59759506700907
9.59759506700907
9.59759506700907
9.59759506700907
9.59759506700907
9.59759506700907
9.59759506700907
9.59759506700907
9.59759506700907
9.59759506700907
9.59759506700907
9.59759506700907
9.59759506700907
9.59759506700907
9.59759506700907
9.59759506700907
9.59759506700907
9.59759506700907
9.59759506700907
9.59759506700907
9.59759506700907
9.59759506700907
9.59759506700907
9.59759506700907
9.59759506700907
9.59759506700907
9.59759506700907
9.59759506700907
9.59759506700907
9.59759506700907
9.59759506700907
9.59759506700907
9.59759506700907
9.59759506700907
9.59759506700907
9.59759506700907
9.59759506700907
9.59759506700907
9.59759506700907
9.59759506700907
9.59759506700907
9.59759506700907
9.59759506700907
9.59759506700907
9.59759506700907
9.59759506700907
9.59759506700907
9.59759506700907
9.59759506700907
Score: 9.59759506700907
Runtime: 666ms
