5.90381175859099E-7
1.621456489138338E-6
7.20586850179878E-6
3.920058002011484E-5
4.318254171051993E-5
7.137098886408762E-5
7.137098886408762E-5
9.637824448688216E-5
0.0011857853064075447
0.0011857853064075447
0.0011857853064075447
0.001300659516900048
0.020290163966660866
0.020290163966660866
0.020290163966660866
0.025465669239972857
0.03414390885590992
0.03414390885590992
0.05942902357483396
0.05942902357483396
0.07501455295814041
0.07501455295814041
0.07501455295814041
0.08052239221253919
0.11555211175402005
0.11555211175402005
0.11555211175402005
0.11555211175402005
0.11555211175402005
0.1323206275651609
0.19120918740048753
0.19120918740048753
0.22926345114042596
0.22926345114042596
0.27684372050497513
0.27684372050497513
0.27684372050497513
0.2803530074587983
0.2803530074587983
0.2803530074587983
0.2803530074587983
0.32239349004577433
0.32239349004577433
0.32239349004577433
0.32239349004577433
0.32239349004577433
0.47402020487651875
0.47402020487651875
0.47402020487651875
0.47402020487651875
0.47402020487651875
0.47402020487651875
0.47402020487651875
0.47402020487651875
0.47402020487651875
0.47402020487651875
0.47402020487651875
0.47402020487651875
0.47402020487651875
0.47402020487651875
0.47402020487651875
0.48458836842129366
0.48458836842129366
0.48458836842129366
0.48458836842129366
0.48458836842129366
0.5220086118357083
0.5220086118357083
0.5220086118357083
0.5220086118357083
0.5220086118357083
0.5220086118357083
0.5220086118357083
0.5220086118357083
0.5343789485499238
0.5343789485499238
0.5343789485499238
0.5395899452114232
0.5501319608664617
0.5501319608664617
0.5501319608664617
0.6074163175346949
0.6074163175346949
0.6074163175346949
0.6074163175346949
0.6074163175346949
0.6074163175346949
0.6074163175346949
0.6362951704124749
0.6362951704124749
0.6362951704124749
0.6362951704124749
0.6362951704124749
0.6606743858977047
0.6606743858977047
0.6606743858977047
0.6606743858977047
0.6606743858977047
0.6606743858977047
0.6606743858977047
0.6606743858977047
0.6606743858977047
0.6606743858977047
0.6606743858977047
0.6606743858977047
0.6606743858977047
0.6606743858977047
0.6606743858977047
0.6890502516066908
0.6890502516066908
0.6890502516066908
0.6890502516066908
0.6890502516066908
0.6890502516066908
0.6890502516066908
0.6890502516066908
0.6942489308976763
0.6942489308976763
0.6942489308976763
0.6942489308976763
0.6942489308976763
0.6942489308976763
0.6942489308976763
0.6942489308976763
0.6942489308976763
0.6942489308976763
0.6942489308976763
0.6942489308976763
0.6942489308976763
0.6942489308976763
0.6942489308976763
0.6942489308976763
0.6942489308976763
0.6942489308976763
0.6942489308976763
0.6942489308976763
0.6942489308976763
0.6942489308976763
0.6942489308976763
0.6942489308976763
0.6942489308976763
0.6942489308976763
0.6942489308976763
0.6942489308976763
0.6942489308976763
0.6942489308976763
0.6942489308976763
0.6942489308976763
0.6942489308976763
0.6942489308976763
0.6942489308976763
0.6942489308976763
0.6942489308976763
0.6942489308976763
0.6942489308976763
0.6942489308976763
0.6942489308976763
0.6942489308976763
0.6942489308976763
0.6942489308976763
0.6942489308976763
0.6942489308976763
0.6942489308976763
0.6942489308976763
0.6949063941049016
0.6949063941049016
0.6949063941049016
0.6949063941049016
0.6949063941049016
0.6949063941049016
0.6949063941049016
0.6949063941049016
0.6949063941049016
0.6949063941049016
0.6949063941049016
0.6949063941049016
0.7002047137187889
0.7002047137187889
0.7002047137187889
0.7002047137187889
0.7002047137187889
0.7002047137187889
0.7002047137187889
0.7002047137187889
0.7002047137187889
0.7002047137187889
0.7002047137187889
0.7002047137187889
0.70643710295083
0.70643710295083
0.70643710295083
0.70643710295083
0.70643710295083
0.70643710295083
0.70643710295083
0.70643710295083
0.70643710295083
0.70643710295083
0.70643710295083
0.70643710295083
0.70643710295083
0.70643710295083
0.7103474856874624
0.7103474856874624
0.7103474856874624
0.7103474856874624
0.7103474856874624
0.7103474856874624
0.7103474856874624
0.7103474856874624
0.7103474856874624
0.7103474856874624
0.7103474856874624
0.7103474856874624
0.7103474856874624
0.7103474856874624
0.7103474856874624
0.7103474856874624
0.7103474856874624
0.7103474856874624
0.7103474856874624
0.7103474856874624
0.7103474856874624
0.7103474856874624
0.7103474856874624
0.7103474856874624
0.7103474856874624
0.7103474856874624
0.7103474856874624
0.7103474856874624
0.7103474856874624
0.7103474856874624
0.7103474856874624
0.7103474856874624
0.7103474856874624
0.7161152741246166
0.7161152741246166
0.7161152741246166
0.7161152741246166
0.7161152741246166
0.7161152741246166
0.7161152741246166
0.7161152741246166
0.7161152741246166
0.7161152741246166
0.7161152741246166
0.7161152741246166
0.7161152741246166
0.7161152741246166
0.7161152741246166
0.7161152741246166
0.7161152741246166
0.7161152741246166
0.7161152741246166
0.7161152741246166
0.7161152741246166
0.7161152741246166
0.7161152741246166
0.7161152741246166
0.7161152741246166
0.7161152741246166
0.7161152741246166
0.7161152741246166
0.7161152741246166
0.7161152741246166
0.7161152741246166
0.7161152741246166
0.7161152741246166
0.7161152741246166
0.7161152741246166
0.7161152741246166
0.7161152741246166
0.7161152741246166
0.7161152741246166
0.7161152741246166
0.7161152741246166
0.7161152741246166
0.7161152741246166
0.7161152741246166
0.7161152741246166
0.7161152741246166
0.7161152741246166
0.7161152741246166
0.7161152741246166
0.7161152741246166
0.7161152741246166
0.7161152741246166
0.7161152741246166
0.7161152741246166
0.7161152741246166
0.7161152741246166
0.7161152741246166
0.7161152741246166
0.7161152741246166
0.7161152741246166
0.7161152741246166
0.7161152741246166
0.7161152741246166
0.7161152741246166
0.7161152741246166
0.7161152741246166
0.7161152741246166
0.7161152741246166
0.7161152741246166
0.7161152741246166
0.7161152741246166
0.7161152741246166
0.7161152741246166
0.7161152741246166
0.7161152741246166
0.7161152741246166
0.7161152741246166
0.7161152741246166
0.7161152741246166
0.7161152741246166
0.7161152741246166
0.7161152741246166
0.7161152741246166
0.7161152741246166
0.7161152741246166
0.7161152741246166
0.7161152741246166
0.7161152741246166
0.7161152741246166
0.7161152741246166
0.7161152741246166
0.7161152741246166
0.7161152741246166
0.7161152741246166
0.7161152741246166
0.7161152741246166
0.7161152741246166
0.7161152741246166
0.7161152741246166
0.7161152741246166
0.7161152741246166
0.7161152741246166
0.7161152741246166
0.7161152741246166
0.7161152741246166
0.7161152741246166
0.7161152741246166
0.7161152741246166
0.7161152741246166
0.7161152741246166
0.7161152741246166
0.7161152741246166
0.7161152741246166
0.7161152741246166
0.7161152741246166
0.7161152741246166
0.7161152741246166
0.7161152741246166
0.7161152741246166
0.7161152741246166
0.7161152741246166
0.7161152741246166
0.7161152741246166
0.7161152741246166
0.7161152741246166
0.7161152741246166
0.7161152741246166
0.7161152741246166
0.7161152741246166
0.7161152741246166
0.7161152741246166
0.7161152741246166
0.7161152741246166
0.7161152741246166
0.7161152741246166
0.7161152741246166
0.7161152741246166
0.7161152741246166
0.7161152741246166
0.7161152741246166
0.7161152741246166
0.721084714854985
0.721084714854985
0.721084714854985
0.721084714854985
0.7216920188062839
0.7216920188062839
0.7216920188062839
0.7216920188062839
0.7216920188062839
0.7216920188062839
0.7216920188062839
0.7216920188062839
0.7216920188062839
0.7216920188062839
0.7216920188062839
0.7216920188062839
0.7216920188062839
0.7216920188062839
0.7216920188062839
0.7216920188062839
0.7216920188062839
0.7216920188062839
0.7216920188062839
0.7216920188062839
0.7216920188062839
0.7216920188062839
0.7216920188062839
0.7216920188062839
0.7216920188062839
0.7216920188062839
0.7216920188062839
0.7216920188062839
0.7216920188062839
0.7216920188062839
0.7216920188062839
0.7216920188062839
0.7216920188062839
0.7216920188062839
0.7216920188062839
0.7216920188062839
0.7216920188062839
0.7216920188062839
0.7216920188062839
0.7216920188062839
0.7216920188062839
0.7216920188062839
0.7216920188062839
0.7216920188062839
0.7216920188062839
0.7216920188062839
0.7216920188062839
0.7216920188062839
0.7216920188062839
0.7216920188062839
0.7216920188062839
0.7216920188062839
0.7216920188062839
0.7216920188062839
0.7216920188062839
0.7216920188062839
0.7216920188062839
0.7216920188062839
0.7216920188062839
0.7216920188062839
0.7216920188062839
0.7216920188062839
0.7216920188062839
0.7216920188062839
0.7216920188062839
0.7216920188062839
0.7216920188062839
0.7216920188062839
0.7216920188062839
0.7216920188062839
0.7216920188062839
0.7216920188062839
0.7216920188062839
0.7216920188062839
0.7216920188062839
0.7246310393117623
0.7246310393117623
0.7246310393117623
0.7246310393117623
0.7246310393117623
0.7246310393117623
0.7246310393117623
0.7246310393117623
0.7246310393117623
0.7246310393117623
0.7246310393117623
0.7246310393117623
0.7246310393117623
0.7246310393117623
0.7246310393117623
0.7246310393117623
0.7246310393117623
0.7246310393117623
0.7246310393117623
0.7246310393117623
0.7246310393117623
0.7246310393117623
0.7246310393117623
0.7246310393117623
0.7246310393117623
0.7246310393117623
0.7246310393117623
0.7246310393117623
0.7246310393117623
0.7246310393117623
0.7246310393117623
0.7246310393117623
0.7246310393117623
0.7246310393117623
0.7246310393117623
0.7246310393117623
0.7246310393117623
0.7246310393117623
0.7246310393117623
0.7246310393117623
0.7246310393117623
0.7246310393117623
0.7246310393117623
0.7246310393117623
0.7246310393117623
0.7246310393117623
0.7246310393117623
0.7246310393117623
0.7246310393117623
0.7246310393117623
0.7246310393117623
0.7246310393117623
0.7246310393117623
0.7246310393117623
0.7246310393117623
0.7246310393117623
0.7246310393117623
0.7246310393117623
0.7246310393117623
0.7246310393117623
0.7246310393117623
0.7246310393117623
0.7246310393117623
0.7246310393117623
0.7246310393117623
0.7246310393117623
0.7246310393117623
0.7246310393117623
0.7246310393117623
0.7246310393117623
0.7246310393117623
0.7246310393117623
0.7246310393117623
0.7246310393117623
0.7246310393117623
0.7246310393117623
0.7246310393117623
0.7246310393117623
0.7246310393117623
0.7246310393117623
0.7246310393117623
0.7246310393117623
0.7246310393117623
0.7246310393117623
0.7246310393117623
0.7246310393117623
0.7246310393117623
0.7246310393117623
0.7246310393117623
0.7246310393117623
0.7246310393117623
0.7246310393117623
0.7246310393117623
0.7246310393117623
0.7246310393117623
0.7246310393117623
0.7246310393117623
0.7246310393117623
0.7246310393117623
0.7246310393117623
0.7246310393117623
0.7246310393117623
0.7246310393117623
0.7246310393117623
0.7246310393117623
0.7274392704909025
0.7274392704909025
0.7274392704909025
0.7274392704909025
0.7274392704909025
0.7274392704909025
0.7274392704909025
0.7274392704909025
0.7274392704909025
0.7274392704909025
0.7274392704909025
0.7274392704909025
0.7274392704909025
0.7274392704909025
0.7274392704909025
0.7274392704909025
0.7274392704909025
0.7274392704909025
0.7274392704909025
0.7274392704909025
0.7274392704909025
0.7274392704909025
0.7274392704909025
0.7274392704909025
0.7274392704909025
0.7274392704909025
0.7274392704909025
0.7274392704909025
0.7274392704909025
0.7274392704909025
0.7274392704909025
0.7274392704909025
0.7274392704909025
0.7274392704909025
0.7274392704909025
0.7274392704909025
0.7274392704909025
0.7274392704909025
0.7274392704909025
0.7274392704909025
0.7274392704909025
0.7274392704909025
0.7294967996577046
0.7294967996577046
0.7294967996577046
0.7294967996577046
0.7294967996577046
0.7294967996577046
0.7294967996577046
0.7294967996577046
0.7294967996577046
0.7294967996577046
0.7294967996577046
0.7324774709681953
0.7324774709681953
0.7324774709681953
0.7324774709681953
0.7324774709681953
0.7324774709681953
0.7324774709681953
0.7324774709681953
0.7324774709681953
0.7324774709681953
0.7324774709681953
0.7324774709681953
0.7324774709681953
0.7324774709681953
0.7324774709681953
0.7324774709681953
0.7324774709681953
0.7324774709681953
0.7324774709681953
0.7324774709681953
0.7324774709681953
0.7324774709681953
0.7324774709681953
0.7324774709681953
0.7324774709681953
0.7324774709681953
0.7324774709681953
0.7324774709681953
0.7324774709681953
0.7324774709681953
0.7324774709681953
0.7324774709681953
0.7324774709681953
0.7324774709681953
0.7324774709681953
0.7324774709681953
0.7324774709681953
0.7324774709681953
0.7324774709681953
0.7324774709681953
0.7324774709681953
0.7324774709681953
0.7324774709681953
0.7324774709681953
0.7324774709681953
0.7324774709681953
0.7324774709681953
0.7324774709681953
0.7324774709681953
0.7324774709681953
0.7324774709681953
0.7324774709681953
0.7324774709681953
0.7324774709681953
0.7324774709681953
0.7324774709681953
0.7324774709681953
0.7324774709681953
0.7324774709681953
0.7324774709681953
0.7324774709681953
0.7324774709681953
0.7324774709681953
0.7324774709681953
0.7324774709681953
0.7324774709681953
0.7324774709681953
0.7324774709681953
0.7324774709681953
0.7324774709681953
0.7324774709681953
0.7324774709681953
0.7324774709681953
0.7324774709681953
0.7324774709681953
0.7324774709681953
0.7324774709681953
0.7324774709681953
0.7324774709681953
0.7324774709681953
0.7324774709681953
0.7324774709681953
0.7324774709681953
0.7324774709681953
0.7324774709681953
0.7324774709681953
0.7324774709681953
0.7324774709681953
0.7324774709681953
0.7324774709681953
0.7324774709681953
0.7324774709681953
0.7324774709681953
0.7324774709681953
0.7324774709681953
0.7324774709681953
0.7324774709681953
0.7324774709681953
0.7324774709681953
0.7324774709681953
0.7324774709681953
0.7324774709681953
0.7324774709681953
0.7324774709681953
0.7324774709681953
0.7324774709681953
0.7324774709681953
0.7324774709681953
0.7324774709681953
0.7324774709681953
0.7324774709681953
0.7324774709681953
0.7324774709681953
0.7324774709681953
0.7324774709681953
0.7324774709681953
0.7324774709681953
0.7324774709681953
0.7324774709681953
0.7324774709681953
0.7324774709681953
0.7324774709681953
0.7324774709681953
0.7324774709681953
0.7324774709681953
0.7324774709681953
0.7324774709681953
0.7324774709681953
0.7324774709681953
0.7324774709681953
0.7324774709681953
0.7324774709681953
0.7324774709681953
0.7324774709681953
0.7324774709681953
0.7324774709681953
0.7324774709681953
0.7324774709681953
0.7324774709681953
0.7324774709681953
0.7324774709681953
0.7324774709681953
0.7324774709681953
0.7324774709681953
0.7324774709681953
0.7324774709681953
0.7324774709681953
0.7324774709681953
0.7324774709681953
0.7324774709681953
0.7324774709681953
0.7324774709681953
0.7324774709681953
0.7324774709681953
0.7324774709681953
0.7324774709681953
0.7324774709681953
0.7324774709681953
0.7324774709681953
0.7324774709681953
0.7324774709681953
0.7324774709681953
0.7324774709681953
0.7324774709681953
0.7324774709681953
0.7324774709681953
0.7324774709681953
0.7324774709681953
0.7324774709681953
0.7324774709681953
0.7324774709681953
0.7324774709681953
0.7324774709681953
0.7324774709681953
0.7324774709681953
0.7324774709681953
0.7324774709681953
0.7324774709681953
0.7324774709681953
0.7324774709681953
0.7324774709681953
0.7324774709681953
0.7324774709681953
0.7324774709681953
0.7324774709681953
0.7324774709681953
0.7324774709681953
0.7324774709681953
0.7324774709681953
0.7324774709681953
0.7324774709681953
0.7324774709681953
0.7324774709681953
0.7324774709681953
0.7324774709681953
0.7324774709681953
0.7324774709681953
0.7324774709681953
0.7324774709681953
0.7324774709681953
0.7324774709681953
0.7324774709681953
0.7324774709681953
0.7324774709681953
0.7324774709681953
0.7324774709681953
0.7324774709681953
0.7324774709681953
0.7324774709681953
0.7324774709681953
0.7324774709681953
0.7324774709681953
0.7324774709681953
0.7324774709681953
0.7324774709681953
0.7324774709681953
0.7324774709681953
0.7324774709681953
0.7324774709681953
0.7324774709681953
0.7324774709681953
0.7324774709681953
0.7324774709681953
0.7324774709681953
0.7324774709681953
0.7324774709681953
0.7324774709681953
0.7324774709681953
0.7324774709681953
0.7324774709681953
0.7324774709681953
0.7324774709681953
0.7324774709681953
0.7324774709681953
0.7324774709681953
0.7324774709681953
0.7324774709681953
0.7324774709681953
0.7324774709681953
0.7324774709681953
0.7324774709681953
0.7324774709681953
0.7324774709681953
0.7324774709681953
0.7324774709681953
0.7324774709681953
0.7324774709681953
0.7324774709681953
0.7324774709681953
0.7324774709681953
0.7324774709681953
0.7324774709681953
0.7324774709681953
0.7324774709681953
0.7324774709681953
0.7324774709681953
0.7324774709681953
0.7324774709681953
0.7324774709681953
0.7324774709681953
0.7324774709681953
0.7324774709681953
0.7324774709681953
0.7324774709681953
0.7324774709681953
0.7324774709681953
0.7324774709681953
0.7324774709681953
0.7324774709681953
0.7324774709681953
0.7324774709681953
0.7324774709681953
0.7324774709681953
0.7324774709681953
0.7324774709681953
0.7324774709681953
0.7324774709681953
0.7324774709681953
0.7324774709681953
0.7324774709681953
0.7324774709681953
0.7324774709681953
0.7324774709681953
0.7324774709681953
0.7324774709681953
0.7324774709681953
0.7324774709681953
0.7324774709681953
0.7324774709681953
0.7324774709681953
0.7324774709681953
0.7324774709681953
0.7324774709681953
0.7324774709681953
0.7324774709681953
0.7324774709681953
0.7324774709681953
0.7324774709681953
0.7324774709681953
0.7324774709681953
0.7324774709681953
0.7324774709681953
0.7324774709681953
0.7324774709681953
0.7324774709681953
0.7324774709681953
0.7324774709681953
0.7324774709681953
0.7324774709681953
0.7324774709681953
0.7324774709681953
0.7324774709681953
0.7324774709681953
0.7324774709681953
0.7324774709681953
0.7324774709681953
0.7324774709681953
0.7324774709681953
0.7324774709681953
0.7324774709681953
0.7324774709681953
0.7324774709681953
0.7324774709681953
0.7324774709681953
0.7324774709681953
0.7324774709681953
0.7324774709681953
0.7324774709681953
0.7324774709681953
0.7324774709681953
0.7324774709681953
0.7324774709681953
0.7324774709681953
0.7324774709681953
0.7324774709681953
0.7324774709681953
0.7324774709681953
0.7324774709681953
0.7324774709681953
0.7324774709681953
0.7324774709681953
0.7324774709681953
0.7324774709681953
0.7324774709681953
0.7324774709681953
0.7324774709681953
0.7324774709681953
0.7324774709681953
0.7324774709681953
0.7324774709681953
0.7324774709681953
0.7324774709681953
0.7324774709681953
0.7324774709681953
0.7324774709681953
0.7324774709681953
0.7324774709681953
0.7324774709681953
0.7324774709681953
0.7324774709681953
0.7324774709681953
0.7324774709681953
0.7324774709681953
0.7324774709681953
0.7324774709681953
0.7324774709681953
0.7324774709681953
0.7324774709681953
0.7324774709681953
0.7324774709681953
0.7324774709681953
0.7324774709681953
0.7324774709681953
0.7324774709681953
0.7324774709681953
0.7324774709681953
0.7324774709681953
0.7324774709681953
0.7324774709681953
0.7324774709681953
0.7324774709681953
0.7324774709681953
0.7324774709681953
0.7324774709681953
0.7324774709681953
0.7324774709681953
0.7324774709681953
0.7324774709681953
0.7324774709681953
0.7324774709681953
0.7324774709681953
0.7324774709681953
0.7324774709681953
0.7324774709681953
0.7324774709681953
0.7324774709681953
0.7324774709681953
0.7324774709681953
0.7324774709681953
0.7324774709681953
0.7324774709681953
0.7324774709681953
0.7324774709681953
0.7324774709681953
0.7324774709681953
0.7324774709681953
0.7324774709681953
0.7324774709681953
0.7324774709681953
0.7324774709681953
0.7324774709681953
0.7324774709681953
0.7324774709681953
0.7324774709681953
0.7324774709681953
0.7324774709681953
0.7324774709681953
0.7324774709681953
0.7324774709681953
0.7324774709681953
0.7324774709681953
0.7324774709681953
0.7324774709681953
0.7324774709681953
0.7324774709681953
0.7324774709681953
0.7324774709681953
0.7324774709681953
0.7324774709681953
0.7324774709681953
0.7324774709681953
0.7324774709681953
0.7324774709681953
0.7324774709681953
0.7324774709681953
0.7324774709681953
0.7324774709681953
0.7324774709681953
0.7324774709681953
0.7324774709681953
0.7324774709681953
0.7324774709681953
0.7324774709681953
0.7324774709681953
0.7324774709681953
0.7324774709681953
0.7324774709681953
0.7324774709681953
0.7324774709681953
0.7324774709681953
0.7324774709681953
0.7324774709681953
0.7324774709681953
0.7324774709681953
0.7324774709681953
0.7324774709681953
0.7324774709681953
0.7324774709681953
0.7324774709681953
0.7324774709681953
0.7324774709681953
0.7324774709681953
0.7324774709681953
0.7324774709681953
0.7324774709681953
0.7324774709681953
0.7324774709681953
0.7324774709681953
0.7324774709681953
0.7324774709681953
0.7324774709681953
0.7324774709681953
0.7324774709681953
0.7324774709681953
0.7324774709681953
0.7324774709681953
0.7324774709681953
0.7324774709681953
0.7324774709681953
0.7324774709681953
0.7324774709681953
0.7324774709681953
0.7324774709681953
0.7324774709681953
0.7324774709681953
0.7324774709681953
0.7324774709681953
0.7324774709681953
0.7324774709681953
0.7324774709681953
0.7324774709681953
0.7324774709681953
0.7324774709681953
0.7324774709681953
0.7324774709681953
0.7324774709681953
0.7324774709681953
0.7324774709681953
0.7324774709681953
0.7324774709681953
0.7324774709681953
0.7324774709681953
0.7324774709681953
0.7324774709681953
0.7324774709681953
0.7324774709681953
0.7324774709681953
0.7324774709681953
0.7324774709681953
0.7324774709681953
0.7324774709681953
0.7324774709681953
0.7324774709681953
0.7324774709681953
0.7324774709681953
0.7324774709681953
0.7324774709681953
0.7324774709681953
0.7324774709681953
0.7324774709681953
0.7324774709681953
0.7324774709681953
0.7324774709681953
0.7324774709681953
0.7324774709681953
0.7324774709681953
0.7324774709681953
0.7324774709681953
0.7324774709681953
0.7324774709681953
0.7324774709681953
0.7324774709681953
0.7324774709681953
0.7324774709681953
0.7324774709681953
0.7324774709681953
0.7324774709681953
0.7324774709681953
0.7324774709681953
0.7324774709681953
0.7324774709681953
0.7324774709681953
0.7324774709681953
0.7324774709681953
0.7324774709681953
0.7324774709681953
0.7324774709681953
0.7324774709681953
0.7324774709681953
0.7324774709681953
0.7324774709681953
0.7324774709681953
0.7324774709681953
0.7324774709681953
0.7324774709681953
0.7324774709681953
0.7324774709681953
0.7324774709681953
0.7324774709681953
0.7324774709681953
0.7324774709681953
0.7324774709681953
0.7324774709681953
0.7324774709681953
0.7324774709681953
0.7324774709681953
0.7324774709681953
0.7324774709681953
0.7324774709681953
0.7324774709681953
0.7324774709681953
0.7324774709681953
0.7324774709681953
0.7324774709681953
0.7324774709681953
0.7324774709681953
0.7324774709681953
0.7324774709681953
0.7324774709681953
0.7324774709681953
0.7324774709681953
0.7324774709681953
0.7324774709681953
0.7324774709681953
0.7324774709681953
0.7324774709681953
0.7324774709681953
0.7324774709681953
0.7324774709681953
0.7324774709681953
0.7324774709681953
0.7324774709681953
0.7324774709681953
0.7324774709681953
0.7324774709681953
0.7324774709681953
0.7324774709681953
0.7324774709681953
0.7324774709681953
0.7324774709681953
0.7324774709681953
0.7324774709681953
0.7324774709681953
0.7324774709681953
0.7324774709681953
0.7324774709681953
0.7324774709681953
0.7324774709681953
0.7324774709681953
0.7324774709681953
0.7324774709681953
0.7324774709681953
0.7324774709681953
0.7324774709681953
0.7324774709681953
0.7324774709681953
0.7324774709681953
0.7324774709681953
0.7324774709681953
0.7324774709681953
0.7324774709681953
0.7324774709681953
0.7324774709681953
0.7324774709681953
0.7324774709681953
0.7324774709681953
0.7324774709681953
0.7324774709681953
0.7324774709681953
0.7324774709681953
0.7324774709681953
0.7324774709681953
0.7324774709681953
0.7324774709681953
0.7324774709681953
0.7324774709681953
0.7324774709681953
0.7324774709681953
0.7324774709681953
0.7324774709681953
0.7324774709681953
0.7324774709681953
0.7324774709681953
0.7324774709681953
0.7324774709681953
0.7324774709681953
0.7324774709681953
0.7324774709681953
0.7324774709681953
0.7324774709681953
0.7324774709681953
0.7324774709681953
0.7324774709681953
0.7324774709681953
0.7324774709681953
0.7324774709681953
0.7324774709681953
0.7324774709681953
0.7324774709681953
0.7324774709681953
0.7324774709681953
0.7324774709681953
0.7324774709681953
0.7324774709681953
0.7324774709681953
0.7324774709681953
0.7324774709681953
0.7324774709681953
0.7324774709681953
0.7324774709681953
0.7324774709681953
0.7324774709681953
0.7324774709681953
0.7324774709681953
0.7324774709681953
0.7324774709681953
0.7324774709681953
0.7324774709681953
0.7324774709681953
0.7324774709681953
0.7324774709681953
0.7324774709681953
0.7324774709681953
0.7324774709681953
0.7324774709681953
0.7324774709681953
0.7324774709681953
0.7324774709681953
0.7324774709681953
0.7324774709681953
0.7324774709681953
0.7324774709681953
0.7324774709681953
0.7324774709681953
0.7324774709681953
0.7324774709681953
0.7324774709681953
0.7324774709681953
0.7324774709681953
0.7324774709681953
0.7324774709681953
0.7324774709681953
0.7324774709681953
0.7324774709681953
0.7324774709681953
0.7324774709681953
0.7324774709681953
0.7324774709681953
0.7324774709681953
0.7324774709681953
0.7324774709681953
0.7324774709681953
0.7324774709681953
0.7324774709681953
0.7324774709681953
0.7324774709681953
0.7324774709681953
0.7324774709681953
0.7324774709681953
0.7324774709681953
0.7324774709681953
0.7324774709681953
0.7324774709681953
0.7324774709681953
0.7324774709681953
0.7324774709681953
0.7324774709681953
0.7324774709681953
0.7324774709681953
0.7324774709681953
0.7324774709681953
0.7324774709681953
0.7324774709681953
0.7324774709681953
0.7324774709681953
0.7324774709681953
0.7324774709681953
0.7324774709681953
0.7324774709681953
0.7324774709681953
0.7324774709681953
0.7324774709681953
0.7324774709681953
0.7324774709681953
0.7324774709681953
0.7324774709681953
0.7324774709681953
0.7324774709681953
0.7324774709681953
0.7324774709681953
0.7324774709681953
0.7324774709681953
0.7324774709681953
0.7324774709681953
0.7324774709681953
0.7324774709681953
0.7324774709681953
0.7324774709681953
0.7324774709681953
0.7324774709681953
0.7324774709681953
0.7324774709681953
0.7324774709681953
0.7324774709681953
0.7324774709681953
0.7324774709681953
0.7324774709681953
0.7324774709681953
0.7324774709681953
0.7324774709681953
0.7324774709681953
0.7324774709681953
0.7324774709681953
0.7324774709681953
0.7324774709681953
0.7324774709681953
0.7324774709681953
0.7324774709681953
0.7324774709681953
0.7324774709681953
0.7324774709681953
0.7324774709681953
0.7324774709681953
0.7324774709681953
0.7324774709681953
0.7324774709681953
0.7324774709681953
0.7324774709681953
0.7324774709681953
0.7324774709681953
0.7324774709681953
0.7324774709681953
0.7324774709681953
0.7324774709681953
0.7324774709681953
0.7324774709681953
0.7324774709681953
0.7324774709681953
0.7324774709681953
0.7324774709681953
0.7324774709681953
0.7324774709681953
0.7324774709681953
0.7324774709681953
0.7324774709681953
0.7324774709681953
0.7324774709681953
0.7324774709681953
0.7324774709681953
0.7324774709681953
0.7324774709681953
0.7324774709681953
0.7324774709681953
0.7324774709681953
0.7324774709681953
0.7324774709681953
0.7324774709681953
0.7324774709681953
0.7324774709681953
0.7324774709681953
0.7324774709681953
0.7324774709681953
0.7324774709681953
0.7324774709681953
0.7324774709681953
0.7324774709681953
0.7324774709681953
0.7324774709681953
0.7324774709681953
0.7324774709681953
0.7324774709681953
0.7324774709681953
0.7324774709681953
0.7324774709681953
0.7324774709681953
0.7324774709681953
0.7324774709681953
0.7324774709681953
0.7324774709681953
0.7324774709681953
0.7324774709681953
0.7324774709681953
0.7324774709681953
0.7324774709681953
0.7324774709681953
0.7324774709681953
0.7324774709681953
0.7324774709681953
0.7324774709681953
0.7324774709681953
0.7324774709681953
0.7324774709681953
0.7324774709681953
0.7324774709681953
0.7324774709681953
0.7324774709681953
0.7324774709681953
0.7324774709681953
0.7324774709681953
0.7324774709681953
0.7324774709681953
0.7324774709681953
0.7324774709681953
0.7324774709681953
0.7324774709681953
0.7324774709681953
0.7324774709681953
0.7324774709681953
0.7324774709681953
0.7324774709681953
0.7324774709681953
0.7324774709681953
0.7324774709681953
0.7324774709681953
0.7324774709681953
0.7324774709681953
0.7324774709681953
0.7324774709681953
0.7324774709681953
0.7324774709681953
0.7324774709681953
0.7324774709681953
0.7324774709681953
0.7324774709681953
0.7324774709681953
0.7324774709681953
0.7324774709681953
0.7324774709681953
0.7324774709681953
0.7324774709681953
0.7324774709681953
0.7324774709681953
0.7324774709681953
0.7324774709681953
0.7324774709681953
0.7324774709681953
0.7324774709681953
0.7324774709681953
0.7324774709681953
0.7324774709681953
0.7324774709681953
0.7324774709681953
0.7324774709681953
0.7324774709681953
0.7324774709681953
0.7324774709681953
0.7324774709681953
0.7324774709681953
0.7324774709681953
0.7324774709681953
0.7324774709681953
0.7324774709681953
0.7324774709681953
0.7324774709681953
0.7324774709681953
0.7324774709681953
0.7324774709681953
0.7324774709681953
0.7324774709681953
0.7324774709681953
0.7324774709681953
0.7324774709681953
0.7324774709681953
0.7324774709681953
0.7324774709681953
0.7324774709681953
0.7324774709681953
0.7324774709681953
0.7324774709681953
0.7324774709681953
0.7324774709681953
0.7324774709681953
0.7324774709681953
0.7324774709681953
0.7324774709681953
0.7324774709681953
0.7324774709681953
0.7324774709681953
0.7324774709681953
0.7324774709681953
0.7324774709681953
0.7324774709681953
0.7324774709681953
0.7324774709681953
0.7324774709681953
0.7324774709681953
0.7324774709681953
0.7324774709681953
0.7324774709681953
0.7324774709681953
0.7324774709681953
0.7324774709681953
0.7324774709681953
0.7324774709681953
0.7324774709681953
0.7324774709681953
0.7324774709681953
0.7324774709681953
0.7324774709681953
0.7324774709681953
0.7324774709681953
0.7324774709681953
0.7324774709681953
0.7324774709681953
0.7324774709681953
0.7324774709681953
0.7324774709681953
0.7324774709681953
0.7324774709681953
0.7324774709681953
0.7324774709681953
0.7324774709681953
0.7324774709681953
0.7324774709681953
0.7324774709681953
0.7324774709681953
0.7324774709681953
0.7324774709681953
0.7324774709681953
0.7324774709681953
0.7324774709681953
0.7324774709681953
0.7324774709681953
0.7324774709681953
0.7324774709681953
0.7324774709681953
0.7324774709681953
0.7324774709681953
0.7324774709681953
0.7324774709681953
0.7324774709681953
0.7324774709681953
0.7324774709681953
0.7324774709681953
0.7324774709681953
0.7324774709681953
0.7324774709681953
0.7324774709681953
0.7324774709681953
0.7324774709681953
0.7324774709681953
0.7324774709681953
0.7324774709681953
0.7324774709681953
0.7324774709681953
0.7324774709681953
0.7324774709681953
0.7324774709681953
0.7324774709681953
0.7324774709681953
0.7324774709681953
0.7324774709681953
0.7324774709681953
0.7324774709681953
0.7324774709681953
0.7324774709681953
0.7324774709681953
0.7324774709681953
0.7324774709681953
0.7324774709681953
0.7324774709681953
0.7324774709681953
0.7324774709681953
0.7324774709681953
0.7324774709681953
0.7324774709681953
0.7324774709681953
0.7324774709681953
0.7324774709681953
0.7324774709681953
0.7324774709681953
0.7324774709681953
0.7324774709681953
0.7324774709681953
0.7324774709681953
0.7324774709681953
0.7324774709681953
0.7324774709681953
0.7324774709681953
0.7324774709681953
0.7324774709681953
0.7324774709681953
0.7324774709681953
0.7324774709681953
0.7324774709681953
0.7324774709681953
0.7324774709681953
0.7324774709681953
0.7324774709681953
0.7324774709681953
0.7324774709681953
0.7324774709681953
0.7324774709681953
0.7324774709681953
0.7324774709681953
0.7324774709681953
0.7324774709681953
0.7324774709681953
0.7324774709681953
0.7324774709681953
0.7324774709681953
0.7324774709681953
0.7324774709681953
0.7324774709681953
0.7324774709681953
0.7324774709681953
0.7324774709681953
0.7324774709681953
0.7324774709681953
0.7324774709681953
0.7324774709681953
0.7324774709681953
0.7324774709681953
0.7324774709681953
0.7324774709681953
0.7324774709681953
0.7324774709681953
0.7324774709681953
0.7324774709681953
0.7324774709681953
0.7324774709681953
0.7324774709681953
0.7324774709681953
0.7324774709681953
0.7324774709681953
0.7324774709681953
0.7324774709681953
0.7324774709681953
0.7324774709681953
0.7324774709681953
0.7324774709681953
0.7324774709681953
0.7324774709681953
0.7324774709681953
0.7324774709681953
0.7324774709681953
0.7324774709681953
0.7324774709681953
0.7324774709681953
0.7324774709681953
0.7324774709681953
0.7324774709681953
0.7324774709681953
0.7324774709681953
0.7324774709681953
0.7324774709681953
0.7324774709681953
0.7324774709681953
0.7324774709681953
0.7324774709681953
0.7324774709681953
0.7324774709681953
0.7324774709681953
0.7324774709681953
0.7324774709681953
0.7324774709681953
0.7324774709681953
0.7324774709681953
0.7324774709681953
0.7324774709681953
0.7324774709681953
0.7324774709681953
0.7324774709681953
0.7324774709681953
0.7324774709681953
0.7324774709681953
0.7324774709681953
0.7324774709681953
0.7324774709681953
0.7324774709681953
0.7324774709681953
0.7324774709681953
0.7324774709681953
0.7324774709681953
0.7324774709681953
0.7324774709681953
0.7324774709681953
0.7324774709681953
0.7324774709681953
0.7324774709681953
0.7324774709681953
0.7324774709681953
0.7324774709681953
0.7324774709681953
0.7324774709681953
0.7324774709681953
0.7324774709681953
0.7324774709681953
0.7324774709681953
0.7324774709681953
0.7324774709681953
0.7324774709681953
0.7324774709681953
0.7324774709681953
0.7324774709681953
0.7324774709681953
0.7324774709681953
0.7324774709681953
0.7324774709681953
0.7324774709681953
0.7324774709681953
0.7324774709681953
0.7324774709681953
0.7324774709681953
0.7324774709681953
0.7324774709681953
0.7324774709681953
0.7324774709681953
0.7324774709681953
0.7324774709681953
0.7324774709681953
0.7324774709681953
0.7324774709681953
0.7324774709681953
0.7324774709681953
0.7324774709681953
0.7324774709681953
0.7324774709681953
0.7324774709681953
0.7324774709681953
0.7324774709681953
0.7324774709681953
0.7324774709681953
0.7324774709681953
0.7324774709681953
0.7324774709681953
0.7324774709681953
0.7324774709681953
0.7324774709681953
0.7324774709681953
0.7324774709681953
0.7324774709681953
0.7324774709681953
0.7324774709681953
0.7324774709681953
0.7324774709681953
0.7324774709681953
0.7324774709681953
0.7324774709681953
0.7324774709681953
0.7324774709681953
0.7324774709681953
0.7324774709681953
0.7324774709681953
0.7324774709681953
0.7324774709681953
0.7324774709681953
0.7324774709681953
0.7324774709681953
0.7324774709681953
0.7324774709681953
0.7324774709681953
0.7324774709681953
0.7324774709681953
0.7324774709681953
0.7324774709681953
0.7324774709681953
0.7324774709681953
0.7324774709681953
0.7324774709681953
0.7324774709681953
0.7324774709681953
0.7324774709681953
0.7324774709681953
0.7324774709681953
0.7324774709681953
0.7324774709681953
0.7324774709681953
0.7324774709681953
0.7324774709681953
0.7324774709681953
0.7324774709681953
0.7324774709681953
0.7324774709681953
0.7324774709681953
0.7324774709681953
0.7324774709681953
0.7324774709681953
0.7324774709681953
0.7324774709681953
0.7324774709681953
0.7324774709681953
0.7324774709681953
0.7324774709681953
0.7324774709681953
0.7324774709681953
0.7324774709681953
0.7324774709681953
0.7324774709681953
0.7324774709681953
0.7324774709681953
0.7324774709681953
0.7324774709681953
0.7324774709681953
0.7324774709681953
0.7324774709681953
0.7324774709681953
0.7324774709681953
0.7324774709681953
0.7324774709681953
0.7324774709681953
0.7324774709681953
0.7324774709681953
0.7324774709681953
0.7324774709681953
0.7324774709681953
0.7324774709681953
0.7324774709681953
0.7324774709681953
0.7324774709681953
0.7324774709681953
0.7324774709681953
0.7324774709681953
0.7324774709681953
0.7324774709681953
0.7324774709681953
0.7324774709681953
0.7324774709681953
0.7324774709681953
0.7324774709681953
0.7324774709681953
0.7324774709681953
0.7324774709681953
0.7324774709681953
0.7324774709681953
0.7324774709681953
0.7324774709681953
0.7324774709681953
0.7324774709681953
0.7324774709681953
0.7324774709681953
0.7324774709681953
0.7324774709681953
0.7324774709681953
0.7324774709681953
0.7324774709681953
0.7324774709681953
0.7324774709681953
0.7324774709681953
0.7324774709681953
0.7324774709681953
0.7324774709681953
0.7324774709681953
0.7324774709681953
0.7324774709681953
0.7324774709681953
0.7324774709681953
0.7324774709681953
0.7324774709681953
0.7324774709681953
0.7324774709681953
0.7324774709681953
0.7324774709681953
0.7324774709681953
0.7324774709681953
0.7324774709681953
0.7324774709681953
0.7324774709681953
0.7324774709681953
0.7324774709681953
0.7324774709681953
0.7324774709681953
0.7324774709681953
0.7324774709681953
0.7324774709681953
0.7324774709681953
0.7324774709681953
0.7324774709681953
0.7324774709681953
0.7324774709681953
0.7324774709681953
0.7324774709681953
0.7324774709681953
0.7324774709681953
0.7324774709681953
0.7324774709681953
0.7324774709681953
0.7324774709681953
0.7324774709681953
0.7324774709681953
0.7324774709681953
0.7324774709681953
0.7324774709681953
0.7324774709681953
0.7324774709681953
0.7324774709681953
0.7324774709681953
0.7324774709681953
0.7324774709681953
0.7324774709681953
0.7324774709681953
0.7324774709681953
0.7324774709681953
0.7324774709681953
0.7324774709681953
0.7324774709681953
0.7324774709681953
0.7324774709681953
0.7324774709681953
0.7324774709681953
0.7324774709681953
0.7324774709681953
0.7324774709681953
0.7324774709681953
0.7324774709681953
0.7324774709681953
0.7324774709681953
0.7324774709681953
0.7324774709681953
0.7324774709681953
0.7324774709681953
0.7324774709681953
0.7324774709681953
0.7324774709681953
0.7324774709681953
0.7324774709681953
0.7324774709681953
0.7324774709681953
0.7324774709681953
0.7324774709681953
0.7324774709681953
0.7324774709681953
0.7324774709681953
0.7324774709681953
0.7324774709681953
Score: 0.7324774709681953
Runtime: 675ms
