6.721872345166657E-8
6.721872345166657E-8
6.721872345166657E-8
8.215697982597598E-7
1.208693676609015E-6
8.016664248921406E-4
8.016664248921406E-4
8.016664248921406E-4
8.016664248921406E-4
8.016664248921406E-4
8.016664248921406E-4
0.0030204084065393174
0.006911949902715726
0.006911949902715726
0.006911949902715726
0.006911949902715726
0.09005436750254987
0.09005436750254987
0.09005436750254987
0.09529993386640628
0.4335228344456975
0.4335228344456975
0.4335228344456975
0.4335228344456975
0.4335228344456975
0.4335228344456975
0.4335228344456975
0.4335228344456975
0.4335228344456975
0.4335228344456975
0.4335228344456975
0.4335228344456975
0.4335228344456975
0.4335228344456975
0.44766740646704184
0.6797565774445374
0.6797565774445374
0.6797565774445374
0.8355259722351136
1.2112057166250714
1.2112057166250714
1.2112057166250714
1.2112057166250714
1.2112057166250714
1.9618173549320053
1.9618173549320053
2.351419046734991
2.351419046734991
2.351419046734991
2.351419046734991
2.351419046734991
2.351419046734991
2.351419046734991
2.351419046734991
2.351419046734991
2.351419046734991
2.351419046734991
2.351419046734991
2.351419046734991
2.351419046734991
2.351419046734991
2.351419046734991
2.9184207967031868
2.9184207967031868
3.2749003073826644
3.2749003073826644
3.2749003073826644
3.2749003073826644
3.2749003073826644
3.2749003073826644
3.2749003073826644
3.2749003073826644
3.2749003073826644
3.2749003073826644
3.2749003073826644
3.2749003073826644
3.2749003073826644
3.3680463040856097
3.3680463040856097
3.3680463040856097
3.3680463040856097
3.3680463040856097
3.3680463040856097
3.3680463040856097
3.3680463040856097
3.3680463040856097
3.3680463040856097
3.3680463040856097
4.346149524318752
4.346149524318752
4.346149524318752
4.346149524318752
4.346149524318752
4.346149524318752
4.346149524318752
4.346149524318752
4.346149524318752
4.346149524318752
4.346149524318752
4.346149524318752
4.4069204351164535
4.4069204351164535
5.212159240950013
5.212159240950013
5.212159240950013
5.212159240950013
5.212159240950013
5.212159240950013
5.212159240950013
5.212159240950013
5.212159240950013
5.212159240950013
5.212159240950013
5.212159240950013
5.212159240950013
5.212159240950013
5.212159240950013
5.212159240950013
5.212159240950013
5.212159240950013
5.212159240950013
5.212159240950013
5.212159240950013
5.212159240950013
5.42149861504908
5.42149861504908
5.42149861504908
5.42149861504908
5.42149861504908
5.42149861504908
5.42149861504908
5.42149861504908
5.42149861504908
5.42149861504908
6.330167603754372
6.330167603754372
6.330167603754372
6.330167603754372
6.330167603754372
6.330167603754372
6.330167603754372
6.330167603754372
6.330167603754372
6.330167603754372
6.330167603754372
6.330167603754372
6.330167603754372
6.440790625925783
6.440790625925783
6.440790625925783
6.440790625925783
6.440790625925783
6.440790625925783
6.440790625925783
6.440790625925783
6.440790625925783
6.489640044198587
6.489640044198587
6.489640044198587
6.489640044198587
6.489640044198587
6.489640044198587
6.489640044198587
6.489640044198587
6.550348384472628
6.550348384472628
6.550348384472628
6.550348384472628
6.550348384472628
6.550348384472628
6.550348384472628
6.550348384472628
7.2294813698681875
7.2294813698681875
7.2294813698681875
7.2294813698681875
7.2294813698681875
7.2294813698681875
7.2294813698681875
7.2294813698681875
7.2294813698681875
7.2294813698681875
7.2294813698681875
7.2294813698681875
7.2294813698681875
7.2294813698681875
7.2294813698681875
7.239655096995541
7.239655096995541
7.239655096995541
7.239655096995541
7.239655096995541
7.239655096995541
7.239655096995541
7.239655096995541
7.239655096995541
7.239655096995541
7.239655096995541
7.239655096995541
7.239655096995541
7.239655096995541
7.239655096995541
7.239655096995541
7.239655096995541
7.239655096995541
7.239655096995541
7.239655096995541
7.239655096995541
7.239655096995541
7.239655096995541
7.239655096995541
7.239655096995541
7.273002237499729
7.273002237499729
7.273002237499729
7.273002237499729
7.273002237499729
7.273002237499729
7.273002237499729
7.273002237499729
7.273002237499729
7.273002237499729
7.273002237499729
7.273002237499729
7.273002237499729
7.273002237499729
7.273002237499729
7.273002237499729
7.273002237499729
7.429894441149808
7.429894441149808
7.429894441149808
7.429894441149808
7.429894441149808
7.429894441149808
7.429894441149808
7.429894441149808
7.429894441149808
7.429894441149808
7.429894441149808
7.429894441149808
7.429894441149808
7.429894441149808
7.429894441149808
7.737171442271013
7.737171442271013
7.737171442271013
7.737171442271013
7.737171442271013
7.737171442271013
7.737171442271013
7.737171442271013
7.737171442271013
7.737171442271013
7.737171442271013
7.737171442271013
7.737171442271013
7.737171442271013
7.737171442271013
7.737171442271013
7.737171442271013
7.737171442271013
7.737171442271013
7.737171442271013
7.737171442271013
7.737171442271013
7.737171442271013
7.737171442271013
7.737171442271013
7.737171442271013
7.737171442271013
7.737171442271013
7.777608448996905
7.777608448996905
7.777608448996905
7.777608448996905
7.777608448996905
7.777608448996905
7.777608448996905
7.777608448996905
7.777608448996905
7.777608448996905
7.777608448996905
7.777608448996905
7.777608448996905
7.777608448996905
7.777608448996905
7.777608448996905
7.777608448996905
7.777608448996905
7.842785127794092
7.842785127794092
7.842785127794092
7.842785127794092
7.842785127794092
7.842785127794092
7.842785127794092
7.842785127794092
8.456352367940013
8.456352367940013
8.456352367940013
8.456352367940013
8.456352367940013
8.456352367940013
8.456352367940013
8.456352367940013
8.456352367940013
8.456352367940013
8.456352367940013
8.456352367940013
8.456352367940013
8.456352367940013
8.456352367940013
8.456352367940013
8.456352367940013
8.456352367940013
8.456352367940013
8.456352367940013
8.456352367940013
8.456352367940013
8.456352367940013
8.456352367940013
8.456352367940013
8.456352367940013
8.456352367940013
8.456352367940013
8.456352367940013
8.456352367940013
8.456352367940013
8.456352367940013
8.456352367940013
8.456352367940013
8.456352367940013
8.456352367940013
8.456352367940013
8.456352367940013
8.456352367940013
8.456352367940013
8.456352367940013
8.456352367940013
8.456352367940013
8.456352367940013
8.456352367940013
8.456352367940013
8.456352367940013
8.456352367940013
8.456352367940013
8.456352367940013
8.456352367940013
8.493502513583138
8.493502513583138
8.493502513583138
8.493502513583138
8.493502513583138
8.52641095394336
8.52641095394336
8.52641095394336
8.52641095394336
8.52641095394336
8.52641095394336
8.52641095394336
8.52641095394336
8.52641095394336
8.52641095394336
8.52641095394336
8.52641095394336
8.52641095394336
8.52641095394336
8.52641095394336
8.52641095394336
8.52641095394336
8.52641095394336
8.52641095394336
8.52641095394336
8.52641095394336
8.52641095394336
8.52641095394336
8.52641095394336
8.52641095394336
8.52641095394336
8.52641095394336
8.52641095394336
8.52641095394336
8.52641095394336
8.52641095394336
8.52641095394336
8.52641095394336
8.52641095394336
8.52641095394336
8.52641095394336
8.52641095394336
8.52641095394336
8.52641095394336
8.52641095394336
8.52641095394336
8.52641095394336
8.52641095394336
8.52641095394336
8.52641095394336
8.52641095394336
8.52641095394336
8.52641095394336
8.52641095394336
8.52641095394336
8.52641095394336
8.52641095394336
8.52641095394336
8.52641095394336
8.52641095394336
8.52641095394336
8.52641095394336
8.52641095394336
8.52641095394336
8.52641095394336
8.52641095394336
8.52641095394336
8.52641095394336
8.52641095394336
8.52641095394336
8.52641095394336
8.52641095394336
8.52641095394336
8.52641095394336
8.52641095394336
8.52641095394336
8.52641095394336
8.52641095394336
8.52641095394336
8.52641095394336
8.52641095394336
8.52641095394336
8.52641095394336
8.52641095394336
8.52641095394336
8.52641095394336
8.52641095394336
8.52641095394336
8.52641095394336
8.52641095394336
8.52641095394336
8.52641095394336
8.52641095394336
8.52641095394336
8.52641095394336
8.52641095394336
8.52641095394336
8.52641095394336
8.52641095394336
8.52641095394336
8.52641095394336
8.52641095394336
8.52641095394336
8.52641095394336
8.52641095394336
8.52641095394336
8.52641095394336
8.52641095394336
8.52641095394336
8.52641095394336
8.52641095394336
8.52641095394336
8.52641095394336
8.52641095394336
8.52641095394336
8.533084122232799
8.533084122232799
8.533084122232799
8.533084122232799
8.533084122232799
8.533084122232799
8.533084122232799
8.533084122232799
8.533084122232799
8.533084122232799
8.533084122232799
8.533084122232799
8.533084122232799
8.533084122232799
8.533084122232799
8.533084122232799
8.533084122232799
8.533084122232799
8.533084122232799
8.533084122232799
8.533084122232799
8.533084122232799
8.533084122232799
8.533084122232799
8.611818865395676
8.611818865395676
8.611818865395676
8.611818865395676
8.611818865395676
8.611818865395676
8.611818865395676
8.611818865395676
8.611818865395676
8.611818865395676
8.611818865395676
8.611818865395676
8.611818865395676
8.611818865395676
8.611818865395676
8.611818865395676
8.611818865395676
8.611818865395676
8.611818865395676
8.611818865395676
8.611818865395676
8.611818865395676
8.611818865395676
8.611818865395676
8.611818865395676
8.611818865395676
8.611818865395676
8.619026397089705
8.619026397089705
8.798400621900518
8.798400621900518
8.798400621900518
8.798400621900518
8.869490771205879
8.869490771205879
8.869490771205879
8.869490771205879
8.869490771205879
8.869490771205879
8.869490771205879
8.869490771205879
8.869490771205879
8.869490771205879
8.869490771205879
8.869490771205879
8.869490771205879
8.869490771205879
8.869490771205879
8.869490771205879
8.869490771205879
8.869490771205879
9.019899401416648
9.019899401416648
9.019899401416648
9.019899401416648
9.019899401416648
9.019899401416648
9.019899401416648
9.019899401416648
9.019899401416648
9.019899401416648
9.019899401416648
9.019899401416648
9.019899401416648
9.019899401416648
9.019899401416648
9.019899401416648
9.019899401416648
9.019899401416648
9.019899401416648
9.019899401416648
9.019899401416648
9.055472521895362
9.055472521895362
9.055472521895362
9.055472521895362
9.055472521895362
9.055472521895362
9.055472521895362
9.055472521895362
9.274416051754104
9.274416051754104
9.274416051754104
9.274416051754104
9.274416051754104
9.274416051754104
9.274416051754104
9.274416051754104
9.274416051754104
9.274416051754104
9.274416051754104
9.274416051754104
9.274416051754104
9.274416051754104
9.274416051754104
9.274416051754104
9.274416051754104
9.274416051754104
9.274416051754104
9.274416051754104
9.274416051754104
9.274416051754104
9.274416051754104
9.274416051754104
9.274416051754104
9.274416051754104
9.274416051754104
9.274416051754104
9.274416051754104
9.274416051754104
9.274416051754104
9.274416051754104
9.274416051754104
9.274416051754104
9.274416051754104
9.274416051754104
9.274416051754104
9.274416051754104
9.274416051754104
9.274416051754104
9.274416051754104
9.274416051754104
9.274416051754104
9.274416051754104
9.274416051754104
9.274416051754104
9.274416051754104
9.274416051754104
9.274416051754104
9.274416051754104
9.274416051754104
9.274416051754104
9.318280388647263
9.318280388647263
9.318280388647263
9.318280388647263
9.318280388647263
9.318280388647263
9.318280388647263
9.318280388647263
9.318280388647263
9.318280388647263
9.318280388647263
9.358143641094562
9.358143641094562
9.358143641094562
9.358143641094562
9.358143641094562
9.358143641094562
9.358143641094562
9.358143641094562
9.358143641094562
9.358143641094562
9.358143641094562
9.358143641094562
9.358143641094562
9.358143641094562
9.358143641094562
9.358143641094562
9.358143641094562
9.358143641094562
9.358143641094562
9.358143641094562
9.358143641094562
9.358143641094562
9.358143641094562
9.358143641094562
9.388335149854115
9.388335149854115
9.388335149854115
9.388335149854115
9.388335149854115
9.388335149854115
9.388335149854115
9.388335149854115
9.388335149854115
9.388335149854115
9.388335149854115
9.388335149854115
9.388335149854115
9.388335149854115
9.388335149854115
9.388335149854115
9.388335149854115
9.388335149854115
9.388335149854115
9.388335149854115
9.388335149854115
9.388335149854115
9.388335149854115
9.388335149854115
9.388335149854115
9.388335149854115
9.388335149854115
9.388335149854115
9.388335149854115
9.388335149854115
9.388335149854115
9.388335149854115
9.388335149854115
9.388335149854115
9.388335149854115
9.388335149854115
9.388335149854115
9.388335149854115
9.388335149854115
9.388335149854115
9.388335149854115
9.388335149854115
9.388335149854115
9.388335149854115
9.388335149854115
9.388335149854115
9.388335149854115
9.388335149854115
9.388335149854115
9.447811956435604
9.447811956435604
9.447811956435604
9.447811956435604
9.447811956435604
9.447811956435604
9.447811956435604
9.447811956435604
9.447811956435604
9.447811956435604
9.447811956435604
9.447811956435604
9.447811956435604
9.447811956435604
9.447811956435604
9.447811956435604
9.447811956435604
9.447811956435604
9.447811956435604
9.447811956435604
9.447811956435604
9.447811956435604
9.447811956435604
9.447811956435604
9.447811956435604
9.447811956435604
9.447811956435604
9.447811956435604
9.447811956435604
9.447811956435604
9.447811956435604
9.447811956435604
9.447811956435604
9.447811956435604
9.447811956435604
9.447811956435604
9.447811956435604
9.447811956435604
9.447811956435604
9.447811956435604
9.447811956435604
9.447811956435604
9.447811956435604
9.6207865195668
9.6207865195668
9.6207865195668
9.6207865195668
9.6207865195668
9.6207865195668
9.6207865195668
9.6207865195668
9.6207865195668
9.6207865195668
9.6207865195668
9.6207865195668
9.6207865195668
9.6207865195668
9.6207865195668
9.6207865195668
9.6207865195668
9.6207865195668
9.6207865195668
9.6207865195668
9.6207865195668
9.6207865195668
9.6207865195668
9.6207865195668
9.6207865195668
9.6207865195668
9.6207865195668
9.6207865195668
9.6207865195668
9.6207865195668
9.6207865195668
9.6207865195668
9.6207865195668
9.6207865195668
9.6207865195668
9.6207865195668
9.6207865195668
9.6207865195668
9.6207865195668
9.6207865195668
9.6207865195668
9.6207865195668
9.6207865195668
9.6207865195668
9.6207865195668
9.6207865195668
9.6207865195668
9.6207865195668
9.6207865195668
9.6207865195668
9.6207865195668
9.6207865195668
9.6207865195668
9.6207865195668
9.6207865195668
9.6207865195668
9.6207865195668
9.6207865195668
9.6207865195668
9.6207865195668
9.6207865195668
9.6207865195668
9.6207865195668
9.6207865195668
9.6207865195668
9.6207865195668
9.6207865195668
9.6207865195668
9.6207865195668
9.6207865195668
9.6207865195668
9.6207865195668
9.6207865195668
9.6207865195668
9.6207865195668
9.6207865195668
9.6207865195668
9.6207865195668
9.6207865195668
9.6207865195668
9.6207865195668
9.6207865195668
9.6207865195668
9.6207865195668
9.6207865195668
9.6207865195668
9.6207865195668
9.6207865195668
9.6207865195668
9.6207865195668
9.6207865195668
9.6207865195668
9.6207865195668
9.6207865195668
9.6207865195668
9.6207865195668
9.6207865195668
9.6207865195668
9.6207865195668
9.6207865195668
9.6207865195668
9.6207865195668
9.6207865195668
9.6207865195668
9.6207865195668
9.6207865195668
9.6207865195668
9.6207865195668
9.6207865195668
9.6207865195668
9.6207865195668
9.6207865195668
9.6207865195668
9.6207865195668
9.6207865195668
9.6207865195668
9.6207865195668
9.6207865195668
9.6207865195668
9.6207865195668
9.6207865195668
9.6207865195668
9.6207865195668
9.6207865195668
9.6207865195668
9.6207865195668
9.6207865195668
9.6207865195668
9.6207865195668
9.6207865195668
9.6207865195668
9.6207865195668
9.6207865195668
9.6207865195668
9.6207865195668
9.6207865195668
9.6207865195668
9.6207865195668
9.6207865195668
9.6207865195668
9.6207865195668
9.6207865195668
9.6207865195668
9.6207865195668
9.6207865195668
9.6207865195668
9.6207865195668
9.6207865195668
9.6207865195668
9.6207865195668
9.6207865195668
9.6207865195668
9.6207865195668
9.6207865195668
9.6207865195668
9.6207865195668
9.6207865195668
9.6207865195668
9.6207865195668
9.6207865195668
9.6207865195668
9.6207865195668
9.6207865195668
9.6207865195668
9.6207865195668
9.6207865195668
9.6207865195668
9.6207865195668
9.6207865195668
9.6207865195668
9.6207865195668
9.6207865195668
9.6207865195668
9.6207865195668
9.6207865195668
9.6207865195668
9.6207865195668
9.6207865195668
9.6207865195668
9.6207865195668
9.6207865195668
9.6207865195668
9.6207865195668
9.6207865195668
9.6207865195668
9.6207865195668
9.6207865195668
9.6207865195668
9.6207865195668
9.6207865195668
9.6207865195668
9.6207865195668
9.6207865195668
9.6207865195668
9.6207865195668
9.6207865195668
9.6207865195668
9.6207865195668
9.6207865195668
9.6207865195668
9.6207865195668
9.6207865195668
9.6207865195668
9.6207865195668
9.6207865195668
9.6207865195668
9.6207865195668
9.6207865195668
9.6207865195668
9.6207865195668
9.6207865195668
9.6207865195668
9.6207865195668
9.6207865195668
9.6207865195668
9.6207865195668
9.6207865195668
9.6207865195668
9.6207865195668
9.6207865195668
9.6207865195668
9.6207865195668
9.6207865195668
9.6207865195668
9.6207865195668
9.6207865195668
9.6207865195668
9.6207865195668
9.6207865195668
9.6207865195668
9.6207865195668
9.6207865195668
9.6207865195668
9.6207865195668
9.6207865195668
9.6207865195668
9.6207865195668
9.6207865195668
9.6207865195668
9.6207865195668
9.6207865195668
9.6207865195668
9.6207865195668
9.6207865195668
9.6207865195668
9.6207865195668
9.6207865195668
9.6207865195668
9.6207865195668
9.6207865195668
9.6207865195668
9.6207865195668
9.6207865195668
9.6207865195668
9.6207865195668
9.6207865195668
9.6207865195668
9.6207865195668
9.6207865195668
9.6207865195668
9.6207865195668
9.6207865195668
9.6207865195668
9.6207865195668
9.6207865195668
9.6207865195668
9.6207865195668
9.6207865195668
9.6207865195668
9.6207865195668
9.6207865195668
9.6207865195668
9.6207865195668
9.6207865195668
9.6207865195668
9.6207865195668
9.6207865195668
9.6207865195668
9.6207865195668
9.6207865195668
9.6207865195668
9.6207865195668
9.6207865195668
9.6207865195668
9.6207865195668
9.6207865195668
9.6207865195668
9.6207865195668
9.6207865195668
9.6207865195668
9.6207865195668
9.6207865195668
9.6207865195668
9.6207865195668
9.6207865195668
9.6207865195668
9.6207865195668
9.6207865195668
9.6207865195668
9.6207865195668
9.6207865195668
9.6207865195668
9.6207865195668
9.6207865195668
9.6207865195668
9.6207865195668
9.6207865195668
9.6207865195668
9.6207865195668
9.6207865195668
9.6207865195668
9.6207865195668
9.6207865195668
9.6207865195668
9.6207865195668
9.6207865195668
9.6207865195668
9.6207865195668
9.6207865195668
9.6207865195668
9.6207865195668
9.6207865195668
9.6207865195668
9.6207865195668
9.6207865195668
9.6207865195668
9.6207865195668
9.6207865195668
9.6207865195668
9.6207865195668
9.6207865195668
9.6207865195668
9.6207865195668
9.6207865195668
9.6207865195668
9.6207865195668
9.6207865195668
9.6207865195668
9.6207865195668
9.6207865195668
9.6207865195668
9.6207865195668
9.6207865195668
9.6207865195668
9.6207865195668
9.6207865195668
9.6207865195668
9.6207865195668
9.6207865195668
9.6207865195668
9.6207865195668
9.6207865195668
9.6207865195668
9.6207865195668
9.6207865195668
9.6207865195668
9.6207865195668
9.6207865195668
9.6207865195668
9.6207865195668
9.6207865195668
9.6207865195668
9.6207865195668
9.6207865195668
9.6207865195668
9.6207865195668
9.6207865195668
9.6207865195668
9.6207865195668
9.6207865195668
9.6207865195668
9.6207865195668
9.6207865195668
9.6207865195668
9.6207865195668
9.6207865195668
9.6207865195668
9.6207865195668
9.6207865195668
9.6207865195668
9.6207865195668
9.6207865195668
9.6207865195668
9.6207865195668
9.6207865195668
9.6207865195668
9.6207865195668
9.6207865195668
9.6207865195668
9.6207865195668
9.6207865195668
9.6207865195668
9.6207865195668
9.6207865195668
9.6207865195668
9.6207865195668
9.6207865195668
9.6207865195668
9.6207865195668
9.6207865195668
9.6207865195668
9.6207865195668
9.6207865195668
9.6207865195668
9.6207865195668
9.6207865195668
9.6207865195668
9.6207865195668
9.6207865195668
9.6207865195668
9.6207865195668
9.6207865195668
9.6207865195668
9.6207865195668
9.6207865195668
9.6207865195668
9.6207865195668
9.6207865195668
9.6207865195668
9.6207865195668
9.6207865195668
9.6207865195668
9.6207865195668
9.6207865195668
9.6207865195668
9.6207865195668
9.6207865195668
9.6207865195668
9.6207865195668
9.6207865195668
9.6207865195668
9.6207865195668
9.6207865195668
9.6207865195668
9.6207865195668
9.6207865195668
9.6207865195668
9.6207865195668
9.6207865195668
9.6207865195668
9.6207865195668
9.6207865195668
9.6207865195668
9.6207865195668
9.6207865195668
9.6207865195668
9.6207865195668
9.6207865195668
9.6207865195668
9.6207865195668
9.6207865195668
9.6207865195668
9.6207865195668
9.6207865195668
9.6207865195668
9.6207865195668
9.6207865195668
9.6207865195668
9.6207865195668
9.6207865195668
9.6207865195668
9.6207865195668
9.6207865195668
9.6207865195668
9.6207865195668
9.6207865195668
9.6207865195668
9.6207865195668
9.6207865195668
9.6207865195668
9.6207865195668
9.6207865195668
9.6207865195668
9.6207865195668
9.6207865195668
9.6207865195668
9.6207865195668
9.6207865195668
9.6207865195668
9.6207865195668
9.6207865195668
9.6207865195668
9.6207865195668
9.6207865195668
9.6207865195668
9.6207865195668
9.6207865195668
9.6207865195668
9.6207865195668
9.6207865195668
9.6207865195668
9.6207865195668
9.6207865195668
9.6207865195668
9.6207865195668
9.6207865195668
9.6207865195668
9.6207865195668
9.6207865195668
9.6207865195668
9.6207865195668
9.6207865195668
9.6207865195668
9.6207865195668
9.6207865195668
9.6207865195668
9.6207865195668
9.6207865195668
9.6207865195668
9.6207865195668
9.6207865195668
9.6207865195668
9.6207865195668
9.6207865195668
9.6207865195668
9.6207865195668
9.6207865195668
9.6207865195668
9.6207865195668
9.6207865195668
9.6207865195668
9.6207865195668
9.6207865195668
9.6207865195668
9.6207865195668
9.6207865195668
9.6207865195668
9.6207865195668
9.6207865195668
9.6207865195668
9.6207865195668
9.6207865195668
9.6207865195668
9.6207865195668
9.6207865195668
9.6207865195668
9.6207865195668
9.6207865195668
9.6207865195668
9.6207865195668
9.6207865195668
9.6207865195668
9.6207865195668
9.6207865195668
9.6207865195668
9.6207865195668
9.6207865195668
9.6207865195668
9.6207865195668
9.6207865195668
9.6207865195668
9.6207865195668
9.6207865195668
9.6207865195668
9.6207865195668
9.6207865195668
9.6207865195668
9.6207865195668
9.6207865195668
9.6207865195668
9.6207865195668
9.6207865195668
9.6207865195668
9.6207865195668
9.6207865195668
9.6207865195668
9.6207865195668
9.6207865195668
9.6207865195668
9.6207865195668
9.6207865195668
9.6207865195668
9.6207865195668
9.6207865195668
9.6207865195668
9.6207865195668
9.6207865195668
9.6207865195668
9.6207865195668
9.6207865195668
9.6207865195668
9.6207865195668
9.6207865195668
9.6207865195668
9.6207865195668
9.6207865195668
9.6207865195668
9.6207865195668
9.6207865195668
9.6207865195668
9.6207865195668
9.6207865195668
9.6207865195668
9.6207865195668
9.6207865195668
9.6207865195668
9.6207865195668
9.6207865195668
9.6207865195668
9.6207865195668
9.6207865195668
9.6207865195668
9.6207865195668
9.6207865195668
9.6207865195668
9.6207865195668
9.6207865195668
9.6207865195668
9.6207865195668
9.6207865195668
9.6207865195668
9.6207865195668
9.6207865195668
9.6207865195668
9.6207865195668
9.6207865195668
9.6207865195668
9.6207865195668
9.6207865195668
9.6207865195668
9.6207865195668
9.6207865195668
9.6207865195668
9.6207865195668
9.6207865195668
9.6207865195668
9.6207865195668
9.6207865195668
9.6207865195668
9.6207865195668
9.6207865195668
9.6207865195668
9.6207865195668
9.6207865195668
9.6207865195668
9.6207865195668
9.6207865195668
9.6207865195668
9.6207865195668
9.6207865195668
9.6207865195668
9.6207865195668
9.6207865195668
9.6207865195668
9.6207865195668
9.6207865195668
9.6207865195668
9.6207865195668
9.6207865195668
9.6207865195668
9.6207865195668
9.6207865195668
9.6207865195668
9.6207865195668
9.6207865195668
9.6207865195668
9.6207865195668
9.6207865195668
9.6207865195668
9.6207865195668
9.6207865195668
9.6207865195668
9.6207865195668
9.6207865195668
9.6207865195668
9.6207865195668
9.6207865195668
9.6207865195668
9.6207865195668
9.6207865195668
9.6207865195668
9.6207865195668
9.6207865195668
9.6207865195668
9.6207865195668
9.6207865195668
9.6207865195668
9.6207865195668
9.6207865195668
9.6207865195668
9.6207865195668
9.6207865195668
9.6207865195668
9.6207865195668
9.6207865195668
9.6207865195668
9.6207865195668
9.6207865195668
9.6207865195668
9.6207865195668
9.6207865195668
9.6207865195668
9.6207865195668
9.6207865195668
9.6207865195668
9.6207865195668
9.6207865195668
9.6207865195668
9.6207865195668
9.6207865195668
9.6207865195668
9.6207865195668
9.6207865195668
9.6207865195668
9.6207865195668
9.6207865195668
9.6207865195668
9.6207865195668
9.6207865195668
9.6207865195668
9.6207865195668
9.6207865195668
9.6207865195668
9.6207865195668
9.6207865195668
9.6207865195668
9.6207865195668
9.6207865195668
9.6207865195668
9.6207865195668
9.6207865195668
9.6207865195668
9.6207865195668
9.6207865195668
9.6207865195668
9.6207865195668
9.6207865195668
9.6207865195668
9.6207865195668
9.6207865195668
9.6207865195668
9.6207865195668
9.6207865195668
9.6207865195668
9.6207865195668
9.6207865195668
9.6207865195668
9.6207865195668
9.6207865195668
9.6207865195668
9.6207865195668
9.6207865195668
9.6207865195668
9.6207865195668
9.6207865195668
9.6207865195668
9.6207865195668
9.6207865195668
9.6207865195668
9.6207865195668
9.6207865195668
9.6207865195668
9.6207865195668
9.6207865195668
9.6207865195668
9.6207865195668
9.6207865195668
9.6207865195668
9.6207865195668
9.6207865195668
9.6207865195668
9.6207865195668
9.6207865195668
9.6207865195668
9.6207865195668
9.6207865195668
9.6207865195668
9.6207865195668
9.6207865195668
9.6207865195668
9.6207865195668
9.6207865195668
9.6207865195668
9.6207865195668
9.6207865195668
9.6207865195668
9.6207865195668
9.6207865195668
9.6207865195668
9.6207865195668
9.6207865195668
9.6207865195668
9.6207865195668
9.6207865195668
9.6207865195668
9.6207865195668
9.6207865195668
9.6207865195668
9.6207865195668
9.6207865195668
9.6207865195668
9.6207865195668
9.6207865195668
9.6207865195668
9.6207865195668
9.6207865195668
9.6207865195668
9.6207865195668
9.6207865195668
9.6207865195668
9.6207865195668
9.6207865195668
9.6207865195668
9.6207865195668
9.6207865195668
9.6207865195668
9.6207865195668
9.6207865195668
9.6207865195668
9.6207865195668
9.6207865195668
9.6207865195668
9.6207865195668
9.6207865195668
9.6207865195668
9.6207865195668
9.6207865195668
9.6207865195668
9.6207865195668
9.6207865195668
9.6207865195668
9.6207865195668
9.6207865195668
9.6207865195668
9.6207865195668
9.6207865195668
9.6207865195668
9.6207865195668
9.6207865195668
9.6207865195668
9.6207865195668
9.6207865195668
9.6207865195668
9.6207865195668
9.6207865195668
9.6207865195668
9.6207865195668
9.6207865195668
9.6207865195668
9.6207865195668
9.6207865195668
9.6207865195668
9.6207865195668
9.6207865195668
9.6207865195668
9.6207865195668
9.6207865195668
9.6207865195668
9.6207865195668
9.6207865195668
9.6207865195668
9.6207865195668
9.6207865195668
9.6207865195668
9.6207865195668
9.6207865195668
9.6207865195668
9.6207865195668
9.6207865195668
9.6207865195668
9.6207865195668
9.6207865195668
9.6207865195668
9.6207865195668
9.6207865195668
9.6207865195668
9.6207865195668
9.6207865195668
9.6207865195668
9.6207865195668
9.6207865195668
9.6207865195668
9.6207865195668
9.6207865195668
9.6207865195668
9.6207865195668
9.6207865195668
9.6207865195668
9.6207865195668
9.6207865195668
9.6207865195668
9.6207865195668
9.6207865195668
9.6207865195668
9.6207865195668
9.6207865195668
9.6207865195668
9.6207865195668
9.6207865195668
9.6207865195668
9.6207865195668
9.6207865195668
9.6207865195668
9.6207865195668
9.6207865195668
9.6207865195668
9.6207865195668
9.6207865195668
9.6207865195668
9.6207865195668
9.6207865195668
9.6207865195668
9.6207865195668
9.6207865195668
9.6207865195668
9.6207865195668
9.6207865195668
9.6207865195668
9.6207865195668
9.6207865195668
9.6207865195668
9.6207865195668
9.6207865195668
9.6207865195668
9.6207865195668
9.6207865195668
9.6207865195668
9.6207865195668
9.6207865195668
9.6207865195668
9.6207865195668
9.6207865195668
9.6207865195668
9.6207865195668
9.6207865195668
9.6207865195668
9.6207865195668
9.6207865195668
9.6207865195668
9.6207865195668
9.6207865195668
9.6207865195668
9.6207865195668
9.6207865195668
9.6207865195668
9.6207865195668
9.6207865195668
9.6207865195668
9.6207865195668
9.6207865195668
9.6207865195668
9.6207865195668
9.6207865195668
9.6207865195668
9.6207865195668
9.6207865195668
9.6207865195668
9.6207865195668
9.6207865195668
9.6207865195668
9.6207865195668
9.6207865195668
9.6207865195668
9.6207865195668
9.6207865195668
9.6207865195668
9.6207865195668
9.6207865195668
9.6207865195668
9.6207865195668
9.6207865195668
9.6207865195668
9.6207865195668
9.6207865195668
9.6207865195668
9.6207865195668
9.6207865195668
9.6207865195668
9.6207865195668
9.6207865195668
9.6207865195668
9.6207865195668
9.6207865195668
9.6207865195668
9.6207865195668
9.6207865195668
9.6207865195668
9.6207865195668
9.6207865195668
9.6207865195668
9.6207865195668
9.6207865195668
9.6207865195668
9.6207865195668
9.6207865195668
9.6207865195668
9.6207865195668
9.6207865195668
9.6207865195668
9.6207865195668
9.6207865195668
9.6207865195668
9.6207865195668
9.6207865195668
9.6207865195668
9.6207865195668
9.6207865195668
9.6207865195668
9.6207865195668
9.6207865195668
9.6207865195668
9.6207865195668
9.6207865195668
9.6207865195668
9.6207865195668
9.6207865195668
9.6207865195668
9.6207865195668
9.6207865195668
9.6207865195668
9.6207865195668
9.6207865195668
9.6207865195668
9.6207865195668
9.6207865195668
9.6207865195668
9.6207865195668
9.6207865195668
9.6207865195668
9.6207865195668
9.6207865195668
9.6207865195668
9.6207865195668
9.6207865195668
9.6207865195668
9.6207865195668
9.6207865195668
9.6207865195668
9.6207865195668
9.6207865195668
9.6207865195668
9.6207865195668
9.6207865195668
9.6207865195668
9.6207865195668
9.6207865195668
9.6207865195668
9.6207865195668
9.6207865195668
9.6207865195668
9.6207865195668
9.6207865195668
9.6207865195668
9.6207865195668
9.6207865195668
9.6207865195668
9.6207865195668
9.6207865195668
9.6207865195668
9.6207865195668
9.6207865195668
9.6207865195668
9.6207865195668
9.6207865195668
9.6207865195668
9.6207865195668
9.6207865195668
9.6207865195668
9.6207865195668
9.6207865195668
9.6207865195668
9.6207865195668
9.6207865195668
9.6207865195668
9.6207865195668
9.6207865195668
9.6207865195668
9.6207865195668
9.6207865195668
9.6207865195668
9.6207865195668
9.6207865195668
9.6207865195668
9.6207865195668
9.6207865195668
9.6207865195668
9.6207865195668
9.6207865195668
9.6207865195668
9.6207865195668
9.6207865195668
9.6207865195668
9.6207865195668
9.6207865195668
9.6207865195668
9.6207865195668
9.6207865195668
9.6207865195668
9.6207865195668
9.6207865195668
9.6207865195668
9.6207865195668
9.6207865195668
9.6207865195668
9.6207865195668
9.6207865195668
9.6207865195668
9.6207865195668
9.6207865195668
9.6207865195668
9.6207865195668
9.6207865195668
9.6207865195668
9.6207865195668
9.6207865195668
9.6207865195668
9.6207865195668
9.6207865195668
9.6207865195668
9.6207865195668
9.6207865195668
9.6207865195668
9.6207865195668
9.6207865195668
9.6207865195668
9.6207865195668
9.6207865195668
9.6207865195668
9.6207865195668
9.6207865195668
9.6207865195668
9.6207865195668
9.6207865195668
9.6207865195668
9.6207865195668
9.6207865195668
9.6207865195668
9.6207865195668
9.6207865195668
9.6207865195668
9.6207865195668
9.6207865195668
9.6207865195668
9.6207865195668
9.6207865195668
9.6207865195668
9.6207865195668
9.6207865195668
9.6207865195668
9.6207865195668
9.6207865195668
9.6207865195668
9.6207865195668
9.6207865195668
9.6207865195668
9.6207865195668
9.6207865195668
9.6207865195668
9.6207865195668
9.6207865195668
9.6207865195668
9.6207865195668
9.6207865195668
9.6207865195668
9.6207865195668
9.6207865195668
9.6207865195668
9.6207865195668
9.6207865195668
9.6207865195668
9.6207865195668
9.6207865195668
9.6207865195668
9.6207865195668
9.6207865195668
9.6207865195668
9.6207865195668
9.6207865195668
9.6207865195668
9.6207865195668
9.6207865195668
9.6207865195668
9.6207865195668
9.6207865195668
9.6207865195668
9.6207865195668
9.6207865195668
9.6207865195668
9.6207865195668
9.6207865195668
9.6207865195668
9.6207865195668
9.6207865195668
9.6207865195668
9.6207865195668
9.6207865195668
9.6207865195668
9.6207865195668
9.6207865195668
9.6207865195668
9.6207865195668
9.6207865195668
9.6207865195668
9.6207865195668
9.6207865195668
9.6207865195668
9.6207865195668
9.6207865195668
9.6207865195668
9.6207865195668
9.6207865195668
9.6207865195668
9.6207865195668
9.6207865195668
9.6207865195668
9.6207865195668
9.6207865195668
9.6207865195668
9.6207865195668
9.6207865195668
9.6207865195668
9.6207865195668
9.6207865195668
9.6207865195668
9.6207865195668
9.6207865195668
9.6207865195668
9.6207865195668
9.6207865195668
9.6207865195668
9.6207865195668
9.6207865195668
9.6207865195668
9.6207865195668
9.6207865195668
9.6207865195668
9.6207865195668
9.6207865195668
9.6207865195668
9.6207865195668
9.6207865195668
9.6207865195668
9.6207865195668
9.6207865195668
9.6207865195668
9.6207865195668
9.6207865195668
9.6207865195668
9.6207865195668
9.6207865195668
9.6207865195668
9.6207865195668
9.6207865195668
9.6207865195668
9.6207865195668
9.6207865195668
9.6207865195668
9.6207865195668
9.6207865195668
9.6207865195668
9.6207865195668
Score: 9.6207865195668
Runtime: 663ms
