7.217120811826526E-9
1.8175219058506466E-7
2.1786687728340508E-5
2.1786687728340508E-5
1.4124048663709265E-4
1.4124048663709265E-4
1.4124048663709265E-4
1.4124048663709265E-4
1.4124048663709265E-4
1.7836944626456103E-4
1.7836944626456103E-4
0.0010813816249644094
0.0010813816249644094
0.0010813816249644094
0.0010813816249644094
0.0010813816249644094
0.0010813816249644094
0.005896417547839486
0.005896417547839486
0.008489937011709888
0.008489937011709888
0.008489937011709888
0.009889889075892874
0.05229960038101865
0.05229960038101865
0.05229960038101865
0.0628554726395201
0.0628554726395201
0.0628554726395201
0.0628554726395201
0.0628554726395201
0.0628554726395201
0.0628554726395201
0.0628554726395201
0.0628554726395201
0.0628554726395201
0.0628554726395201
0.0628554726395201
0.0628554726395201
0.0628554726395201
0.07271775964845942
0.07271775964845942
0.09283280190227361
0.15994720914069557
0.19132041006142744
0.3176452785767929
0.3176452785767929
0.3176452785767929
2.0492705597655663
2.0492705597655663
2.0492705597655663
2.0492705597655663
2.0492705597655663
2.0492705597655663
2.0492705597655663
2.0492705597655663
2.0492705597655663
2.0492705597655663
2.0492705597655663
2.0492705597655663
2.0492705597655663
2.0492705597655663
2.0492705597655663
2.0492705597655663
2.0492705597655663
2.0492705597655663
2.0492705597655663
2.0492705597655663
2.0492705597655663
2.0492705597655663
2.0492705597655663
2.2929938916075923
2.2929938916075923
2.2929938916075923
2.2929938916075923
2.2929938916075923
2.2929938916075923
2.2929938916075923
2.2929938916075923
2.2929938916075923
2.2929938916075923
2.2929938916075923
2.2929938916075923
2.2929938916075923
2.2929938916075923
2.2929938916075923
2.2929938916075923
2.2929938916075923
2.2929938916075923
2.2929938916075923
2.384997071174035
2.384997071174035
2.384997071174035
2.384997071174035
2.384997071174035
3.078067114871041
3.078067114871041
3.5758066517950775
3.5758066517950775
3.5758066517950775
3.5758066517950775
3.5758066517950775
3.5758066517950775
3.5758066517950775
3.5758066517950775
3.5758066517950775
3.5758066517950775
3.5758066517950775
3.5758066517950775
3.5758066517950775
4.2742314712398715
4.2742314712398715
4.2742314712398715
4.2742314712398715
4.2742314712398715
4.2742314712398715
4.2742314712398715
4.296281043735805
4.296281043735805
4.296281043735805
4.296281043735805
4.296281043735805
4.296281043735805
4.296281043735805
4.296281043735805
5.045535340504093
5.045535340504093
5.045535340504093
5.045535340504093
5.045535340504093
5.045535340504093
5.045535340504093
5.045535340504093
5.045535340504093
5.045535340504093
5.045535340504093
5.045535340504093
5.848645290044695
5.848645290044695
5.848645290044695
5.848645290044695
5.848645290044695
5.848645290044695
5.848645290044695
5.848645290044695
5.848645290044695
5.848645290044695
5.848645290044695
5.848645290044695
5.848645290044695
6.171709866254434
6.171709866254434
6.171709866254434
6.171709866254434
6.171709866254434
7.217249673843181
7.217249673843181
7.217249673843181
7.747221747488541
7.747221747488541
7.747221747488541
7.747221747488541
7.747221747488541
7.747221747488541
7.747221747488541
7.747221747488541
7.747221747488541
7.747221747488541
7.747221747488541
7.747221747488541
7.747221747488541
7.747221747488541
7.747221747488541
7.747221747488541
7.747221747488541
7.747221747488541
7.747221747488541
7.747221747488541
7.747221747488541
7.747221747488541
7.747221747488541
7.747221747488541
7.747221747488541
7.747221747488541
7.969040421587645
7.969040421587645
7.969040421587645
7.969040421587645
7.969040421587645
7.969040421587645
8.102081174422178
8.102081174422178
8.102081174422178
8.102081174422178
8.102081174422178
8.102081174422178
8.102081174422178
8.102081174422178
8.102081174422178
8.102081174422178
8.102081174422178
8.102081174422178
8.102081174422178
8.102081174422178
8.102081174422178
8.102081174422178
8.102081174422178
8.102081174422178
8.102081174422178
8.102081174422178
8.102081174422178
8.102081174422178
8.102081174422178
8.102081174422178
8.102081174422178
8.102081174422178
8.102081174422178
8.102081174422178
8.102081174422178
8.102081174422178
8.102081174422178
8.102081174422178
8.102081174422178
8.102081174422178
8.102081174422178
8.102081174422178
8.102081174422178
8.102081174422178
8.102081174422178
8.102081174422178
8.102081174422178
8.102081174422178
8.102081174422178
8.102081174422178
8.102081174422178
8.102081174422178
8.102081174422178
8.102081174422178
8.102081174422178
8.102081174422178
8.102081174422178
8.102081174422178
8.102081174422178
8.102081174422178
8.102081174422178
8.102081174422178
8.102081174422178
8.102081174422178
8.102081174422178
8.102081174422178
8.102081174422178
8.102081174422178
8.102081174422178
8.102081174422178
8.102081174422178
8.102081174422178
8.102081174422178
8.102081174422178
8.102081174422178
8.102081174422178
8.102081174422178
8.102081174422178
8.102081174422178
8.102081174422178
8.102081174422178
8.102081174422178
8.102081174422178
8.102081174422178
8.102081174422178
8.102081174422178
8.102081174422178
8.102081174422178
8.102081174422178
8.102081174422178
8.102081174422178
8.102081174422178
8.198012602115814
8.198012602115814
8.198012602115814
8.198012602115814
8.198012602115814
8.198012602115814
8.198012602115814
8.198012602115814
8.198012602115814
8.198012602115814
8.198012602115814
8.198012602115814
8.198012602115814
8.198012602115814
8.198012602115814
8.198012602115814
8.198012602115814
8.198012602115814
8.198012602115814
8.198012602115814
8.198012602115814
8.198012602115814
8.198012602115814
8.198012602115814
8.198012602115814
8.198012602115814
8.198012602115814
8.198012602115814
8.198012602115814
8.198012602115814
8.198012602115814
8.198012602115814
8.198012602115814
8.198012602115814
8.198012602115814
8.198012602115814
8.198012602115814
8.198012602115814
8.198012602115814
8.198012602115814
8.198012602115814
8.198012602115814
8.198012602115814
8.198012602115814
8.198012602115814
8.198012602115814
8.198012602115814
8.198012602115814
8.198012602115814
8.198012602115814
8.198012602115814
8.198012602115814
8.198012602115814
8.198012602115814
8.198012602115814
8.198012602115814
8.198012602115814
8.198012602115814
8.198012602115814
8.198012602115814
8.198012602115814
8.198012602115814
8.198012602115814
8.198012602115814
8.198012602115814
8.198012602115814
8.198012602115814
8.198012602115814
8.198012602115814
8.198012602115814
8.198012602115814
8.198012602115814
8.198012602115814
8.198012602115814
8.198012602115814
8.198012602115814
8.198012602115814
8.198012602115814
8.198012602115814
8.198012602115814
8.198012602115814
8.198012602115814
8.198012602115814
8.198012602115814
8.198012602115814
8.198012602115814
8.198012602115814
8.198012602115814
8.198012602115814
8.198012602115814
8.198012602115814
8.198012602115814
8.198012602115814
8.198012602115814
8.198012602115814
8.198012602115814
8.198012602115814
8.198012602115814
8.198012602115814
8.198012602115814
8.198012602115814
8.198012602115814
8.198012602115814
8.198012602115814
8.198012602115814
8.198012602115814
8.198012602115814
8.198012602115814
8.198012602115814
8.198012602115814
8.198012602115814
8.198012602115814
8.198012602115814
8.198012602115814
8.198012602115814
8.198012602115814
8.198012602115814
8.198012602115814
8.198012602115814
8.198012602115814
8.198012602115814
8.198012602115814
8.198012602115814
8.198012602115814
8.198012602115814
8.198012602115814
8.198012602115814
8.198012602115814
8.198012602115814
8.198012602115814
8.198012602115814
8.198012602115814
8.198012602115814
8.198012602115814
8.198012602115814
8.198012602115814
8.198012602115814
8.198012602115814
8.198012602115814
8.198012602115814
8.198012602115814
8.198012602115814
8.198012602115814
8.198012602115814
8.198012602115814
8.198012602115814
8.198012602115814
8.198012602115814
8.198012602115814
8.198012602115814
8.198012602115814
8.198012602115814
8.198012602115814
8.198012602115814
8.198012602115814
8.198012602115814
8.198012602115814
8.198012602115814
8.198012602115814
8.198012602115814
8.198012602115814
8.198012602115814
8.198012602115814
8.198012602115814
8.198012602115814
8.198012602115814
8.198012602115814
8.198012602115814
8.198012602115814
8.198012602115814
8.198012602115814
8.198012602115814
8.198012602115814
8.198012602115814
8.198012602115814
8.198012602115814
8.198012602115814
8.198012602115814
8.322373401424572
8.322373401424572
8.322373401424572
8.322373401424572
8.322373401424572
8.322373401424572
8.322373401424572
8.322373401424572
8.322373401424572
8.322373401424572
8.322373401424572
8.322373401424572
8.322373401424572
8.322373401424572
8.322373401424572
8.322373401424572
8.322373401424572
8.437990863325023
8.437990863325023
8.437990863325023
8.437990863325023
8.437990863325023
8.437990863325023
8.437990863325023
8.437990863325023
8.437990863325023
8.437990863325023
8.437990863325023
8.437990863325023
8.437990863325023
8.437990863325023
8.437990863325023
8.437990863325023
8.437990863325023
8.437990863325023
8.437990863325023
8.437990863325023
8.437990863325023
8.437990863325023
8.437990863325023
8.437990863325023
8.437990863325023
8.437990863325023
8.437990863325023
8.437990863325023
8.437990863325023
8.437990863325023
8.437990863325023
8.437990863325023
8.437990863325023
8.437990863325023
8.437990863325023
8.437990863325023
8.437990863325023
8.437990863325023
8.437990863325023
8.437990863325023
8.437990863325023
8.437990863325023
8.437990863325023
8.437990863325023
8.437990863325023
8.437990863325023
8.437990863325023
8.437990863325023
8.437990863325023
8.437990863325023
8.437990863325023
8.437990863325023
8.437990863325023
8.437990863325023
8.437990863325023
8.437990863325023
8.437990863325023
8.437990863325023
8.437990863325023
8.437990863325023
8.437990863325023
8.437990863325023
8.437990863325023
8.607292394671962
8.607292394671962
8.607292394671962
8.607292394671962
8.607292394671962
8.607292394671962
8.607292394671962
8.607292394671962
8.607292394671962
8.607292394671962
8.607292394671962
8.607292394671962
8.607292394671962
8.607292394671962
8.607292394671962
8.607292394671962
8.607292394671962
8.607292394671962
8.607292394671962
8.607292394671962
8.607292394671962
8.607292394671962
8.607292394671962
8.607292394671962
8.607292394671962
8.607292394671962
8.607292394671962
8.607292394671962
8.607292394671962
8.607292394671962
8.607292394671962
8.607292394671962
8.607292394671962
8.607292394671962
8.607292394671962
8.607292394671962
8.607292394671962
8.607292394671962
8.607292394671962
8.607292394671962
8.607292394671962
8.607292394671962
8.607292394671962
8.607292394671962
8.607292394671962
8.607292394671962
8.607292394671962
8.607292394671962
8.607292394671962
8.607292394671962
8.607292394671962
8.607292394671962
8.607292394671962
8.607292394671962
8.607292394671962
8.607292394671962
8.607292394671962
8.607292394671962
8.607292394671962
8.607292394671962
8.607292394671962
8.607292394671962
8.607292394671962
8.607292394671962
8.607292394671962
8.607292394671962
8.607292394671962
8.607292394671962
8.607292394671962
8.607292394671962
8.607292394671962
8.607292394671962
8.607292394671962
8.607292394671962
8.607292394671962
8.607292394671962
8.607292394671962
8.607292394671962
8.607292394671962
8.607292394671962
8.685074891576877
8.685074891576877
8.685074891576877
8.685074891576877
8.685074891576877
8.685074891576877
8.685074891576877
8.856958980450559
8.856958980450559
8.856958980450559
8.856958980450559
8.856958980450559
8.856958980450559
8.856958980450559
8.856958980450559
8.856958980450559
8.856958980450559
8.856958980450559
8.856958980450559
8.856958980450559
8.856958980450559
8.856958980450559
8.856958980450559
8.856958980450559
8.856958980450559
8.856958980450559
8.856958980450559
8.856958980450559
8.856958980450559
8.856958980450559
8.856958980450559
8.856958980450559
8.856958980450559
8.856958980450559
8.856958980450559
8.856958980450559
8.856958980450559
8.856958980450559
8.856958980450559
8.856958980450559
8.856958980450559
8.856958980450559
8.856958980450559
8.856958980450559
8.856958980450559
8.856958980450559
8.856958980450559
8.856958980450559
8.856958980450559
8.856958980450559
8.856958980450559
8.856958980450559
8.856958980450559
8.856958980450559
8.856958980450559
8.856958980450559
8.856958980450559
8.856958980450559
8.856958980450559
8.856958980450559
8.856958980450559
8.856958980450559
8.856958980450559
8.856958980450559
8.856958980450559
8.856958980450559
8.856958980450559
8.856958980450559
8.856958980450559
8.856958980450559
8.856958980450559
8.856958980450559
8.856958980450559
8.856958980450559
8.856958980450559
8.856958980450559
8.856958980450559
8.856958980450559
8.856958980450559
8.856958980450559
8.856958980450559
8.856958980450559
8.856958980450559
8.856958980450559
8.856958980450559
8.856958980450559
8.856958980450559
8.856958980450559
8.856958980450559
8.856958980450559
8.856958980450559
8.856958980450559
8.856958980450559
8.856958980450559
8.856958980450559
8.856958980450559
8.856958980450559
8.856958980450559
8.856958980450559
8.856958980450559
8.856958980450559
8.856958980450559
8.856958980450559
8.856958980450559
8.856958980450559
8.856958980450559
8.856958980450559
8.856958980450559
8.856958980450559
8.856958980450559
8.856958980450559
8.856958980450559
8.856958980450559
8.856958980450559
8.856958980450559
8.856958980450559
8.972340142402794
8.972340142402794
8.972340142402794
8.972340142402794
8.972340142402794
8.972340142402794
8.972340142402794
8.972340142402794
8.972340142402794
8.972340142402794
8.972340142402794
8.972340142402794
8.972340142402794
8.972340142402794
8.972340142402794
8.972340142402794
8.972340142402794
8.972340142402794
8.972340142402794
8.972340142402794
8.972340142402794
8.972340142402794
8.972340142402794
8.972340142402794
8.972340142402794
8.972340142402794
8.993671181017804
8.993671181017804
8.993671181017804
8.993671181017804
9.076870043625595
9.076870043625595
9.076870043625595
9.076870043625595
9.076870043625595
9.076870043625595
9.076870043625595
9.076870043625595
9.076870043625595
9.076870043625595
9.076870043625595
9.076870043625595
9.076870043625595
9.076870043625595
9.076870043625595
9.076870043625595
9.076870043625595
9.076870043625595
9.076870043625595
9.283026055475542
9.283026055475542
9.283026055475542
9.283026055475542
9.283026055475542
9.283026055475542
9.283026055475542
9.283026055475542
9.283026055475542
9.283026055475542
9.283026055475542
9.283026055475542
9.283026055475542
9.283026055475542
9.283026055475542
9.283026055475542
9.283026055475542
9.283026055475542
9.283026055475542
9.283026055475542
9.283026055475542
9.283026055475542
9.283026055475542
9.283026055475542
9.283026055475542
9.283026055475542
9.283026055475542
9.283026055475542
9.283026055475542
9.283026055475542
9.283026055475542
9.283026055475542
9.283026055475542
9.283026055475542
9.283026055475542
9.283026055475542
9.283026055475542
9.283026055475542
9.283026055475542
9.283026055475542
9.283026055475542
9.283026055475542
9.283026055475542
9.283026055475542
9.283026055475542
9.283026055475542
9.283026055475542
9.283026055475542
9.283026055475542
9.283026055475542
9.283026055475542
9.283026055475542
9.283026055475542
9.283026055475542
9.283026055475542
9.283026055475542
9.312286619846274
9.312286619846274
9.312286619846274
9.312286619846274
9.312286619846274
9.312286619846274
9.312286619846274
9.312286619846274
9.312286619846274
9.312286619846274
9.312286619846274
9.312286619846274
9.312286619846274
9.312286619846274
9.312286619846274
9.312286619846274
9.312286619846274
9.312286619846274
9.312286619846274
9.312286619846274
9.312286619846274
9.312286619846274
9.312286619846274
9.312286619846274
9.312286619846274
9.312286619846274
9.312286619846274
9.312286619846274
9.312286619846274
9.37237222397495
9.37237222397495
9.37237222397495
9.37237222397495
9.37237222397495
9.37237222397495
9.37237222397495
9.37237222397495
9.37237222397495
9.37237222397495
9.37237222397495
9.37237222397495
9.37237222397495
9.37237222397495
9.37237222397495
9.37237222397495
9.37237222397495
9.37237222397495
9.37237222397495
9.37237222397495
9.37237222397495
9.37237222397495
9.37237222397495
9.37237222397495
9.448181740406042
9.56221775597169
9.56221775597169
9.56221775597169
9.56221775597169
9.56221775597169
9.56221775597169
9.56221775597169
9.56221775597169
9.56221775597169
9.56221775597169
9.56221775597169
9.56221775597169
9.56221775597169
9.56221775597169
9.56221775597169
9.56221775597169
9.56221775597169
9.56221775597169
9.56221775597169
9.56221775597169
9.56221775597169
9.56221775597169
9.56221775597169
9.56221775597169
9.56221775597169
9.56221775597169
9.5803610631283
9.5803610631283
9.5803610631283
9.5803610631283
9.5803610631283
9.5803610631283
9.5803610631283
9.5803610631283
9.5803610631283
9.5803610631283
9.5803610631283
9.5803610631283
9.5803610631283
9.5803610631283
9.5803610631283
9.5803610631283
9.5803610631283
9.5803610631283
9.602665832152331
9.602665832152331
9.602665832152331
9.602665832152331
9.602665832152331
9.602665832152331
9.602665832152331
9.602665832152331
9.602665832152331
9.602665832152331
9.602665832152331
9.602665832152331
9.602665832152331
9.602665832152331
9.602665832152331
9.602665832152331
9.602665832152331
9.602665832152331
9.602665832152331
9.602665832152331
9.602665832152331
9.602665832152331
9.602665832152331
9.602665832152331
9.602665832152331
9.602665832152331
9.602665832152331
9.602665832152331
9.602665832152331
9.602665832152331
9.602665832152331
9.602665832152331
9.602665832152331
9.602665832152331
9.602665832152331
9.602665832152331
9.602665832152331
9.602665832152331
9.602665832152331
9.602665832152331
9.602665832152331
9.602665832152331
9.602665832152331
9.602665832152331
9.602665832152331
9.602665832152331
9.602665832152331
9.602665832152331
9.602665832152331
9.602665832152331
9.602665832152331
9.602665832152331
9.602665832152331
9.602665832152331
9.602665832152331
9.602665832152331
9.602665832152331
9.602665832152331
9.602665832152331
9.602665832152331
9.602665832152331
9.602665832152331
9.602665832152331
9.602665832152331
9.602665832152331
9.602665832152331
9.602665832152331
9.602665832152331
9.602665832152331
9.650381369850171
9.650381369850171
9.650381369850171
9.650381369850171
9.650381369850171
9.650381369850171
9.650381369850171
9.650381369850171
9.650381369850171
9.650381369850171
9.650381369850171
9.650381369850171
9.650381369850171
9.650381369850171
9.650381369850171
9.650381369850171
9.650381369850171
9.650381369850171
9.650381369850171
9.650381369850171
9.650381369850171
9.650381369850171
9.650381369850171
9.650381369850171
9.650381369850171
9.650381369850171
9.650381369850171
9.650381369850171
9.650381369850171
9.650381369850171
9.650381369850171
9.650381369850171
9.650381369850171
9.650381369850171
9.650381369850171
9.650381369850171
9.650381369850171
9.650381369850171
9.650381369850171
9.650381369850171
9.650381369850171
9.650381369850171
9.650381369850171
9.650381369850171
9.650381369850171
9.650381369850171
9.650381369850171
9.650381369850171
9.650381369850171
9.650381369850171
9.650381369850171
9.650381369850171
9.650381369850171
9.650381369850171
9.650381369850171
9.650381369850171
9.650381369850171
9.650381369850171
9.650381369850171
9.650381369850171
9.650381369850171
9.650381369850171
9.650381369850171
9.650381369850171
9.650381369850171
9.650381369850171
9.650381369850171
9.650381369850171
9.650381369850171
9.650381369850171
9.650381369850171
9.650381369850171
9.650381369850171
9.650381369850171
9.650381369850171
9.650381369850171
9.650381369850171
9.650381369850171
9.650381369850171
9.650381369850171
9.650381369850171
9.650381369850171
9.650381369850171
9.650381369850171
9.650381369850171
9.650381369850171
9.650381369850171
9.650381369850171
9.650381369850171
9.650381369850171
9.650381369850171
9.650381369850171
9.650381369850171
9.650381369850171
9.650381369850171
9.650381369850171
9.650381369850171
9.650381369850171
9.650381369850171
9.650381369850171
9.650381369850171
9.650381369850171
9.650381369850171
9.650381369850171
9.650381369850171
9.650381369850171
9.650381369850171
9.650381369850171
9.650381369850171
9.650381369850171
9.650381369850171
9.650381369850171
9.650381369850171
9.650381369850171
9.650381369850171
9.650381369850171
9.650381369850171
9.650381369850171
9.650381369850171
9.650381369850171
9.671900986279692
9.671900986279692
9.671900986279692
9.671900986279692
9.671900986279692
9.671900986279692
9.671900986279692
9.671900986279692
9.671900986279692
9.671900986279692
9.671900986279692
9.671900986279692
9.671900986279692
9.671900986279692
9.671900986279692
9.671900986279692
9.671900986279692
9.671900986279692
9.671900986279692
9.671900986279692
9.671900986279692
9.671900986279692
9.671900986279692
9.671900986279692
9.671900986279692
9.671900986279692
9.671900986279692
9.671900986279692
9.671900986279692
9.671900986279692
9.671900986279692
9.671900986279692
9.671900986279692
9.671900986279692
9.671900986279692
9.671900986279692
9.671900986279692
9.671900986279692
9.671900986279692
9.671900986279692
9.671900986279692
9.671900986279692
9.671900986279692
9.671900986279692
9.671900986279692
9.671900986279692
9.671900986279692
9.671900986279692
9.671900986279692
9.671900986279692
9.671900986279692
9.671900986279692
9.671900986279692
9.671900986279692
9.671900986279692
9.671900986279692
9.671900986279692
9.671900986279692
9.671900986279692
9.671900986279692
9.671900986279692
9.671900986279692
9.671900986279692
9.671900986279692
9.671900986279692
9.671900986279692
9.671900986279692
9.671900986279692
9.671900986279692
9.671900986279692
9.671900986279692
9.671900986279692
9.671900986279692
9.671900986279692
9.671900986279692
9.671900986279692
9.671900986279692
9.671900986279692
9.671900986279692
9.671900986279692
9.671900986279692
9.671900986279692
9.671900986279692
9.671900986279692
9.671900986279692
9.671900986279692
9.671900986279692
9.671900986279692
9.671900986279692
9.671900986279692
9.671900986279692
9.671900986279692
9.671900986279692
9.671900986279692
9.671900986279692
9.671900986279692
9.671900986279692
9.671900986279692
9.671900986279692
9.671900986279692
9.671900986279692
9.671900986279692
9.671900986279692
9.671900986279692
9.671900986279692
9.671900986279692
9.671900986279692
9.671900986279692
9.671900986279692
9.671900986279692
9.671900986279692
9.671900986279692
9.671900986279692
9.671900986279692
9.671900986279692
9.671900986279692
9.671900986279692
9.671900986279692
9.671900986279692
9.671900986279692
9.671900986279692
9.671900986279692
9.671900986279692
9.671900986279692
9.671900986279692
9.671900986279692
9.671900986279692
9.671900986279692
9.671900986279692
9.671900986279692
9.671900986279692
9.671900986279692
9.671900986279692
9.671900986279692
9.671900986279692
9.671900986279692
9.671900986279692
9.671900986279692
9.671900986279692
9.671900986279692
9.671900986279692
9.671900986279692
9.671900986279692
9.671900986279692
9.671900986279692
9.671900986279692
9.671900986279692
9.671900986279692
9.671900986279692
9.671900986279692
9.671900986279692
9.671900986279692
9.671900986279692
9.671900986279692
9.671900986279692
9.671900986279692
9.671900986279692
9.671900986279692
9.671900986279692
9.671900986279692
9.671900986279692
9.671900986279692
9.671900986279692
9.671900986279692
9.671900986279692
9.671900986279692
9.671900986279692
9.671900986279692
9.671900986279692
9.671900986279692
9.671900986279692
9.671900986279692
9.671900986279692
9.671900986279692
9.671900986279692
9.671900986279692
9.732225974802393
9.732225974802393
9.732225974802393
9.732225974802393
9.732225974802393
9.732225974802393
9.732225974802393
9.732225974802393
9.732225974802393
9.732225974802393
9.732225974802393
9.732225974802393
9.732225974802393
9.732225974802393
9.732225974802393
9.732225974802393
9.732225974802393
9.732225974802393
9.732225974802393
9.732225974802393
9.732225974802393
9.732225974802393
9.732225974802393
9.732225974802393
9.732225974802393
9.732225974802393
9.732225974802393
9.732225974802393
9.732225974802393
9.732225974802393
9.732225974802393
9.732225974802393
9.732225974802393
9.732225974802393
9.732225974802393
9.732225974802393
9.732225974802393
9.732225974802393
9.732225974802393
9.732225974802393
9.732225974802393
9.732225974802393
9.732225974802393
9.732225974802393
9.732225974802393
9.732225974802393
9.732225974802393
9.732225974802393
9.732225974802393
9.732225974802393
9.732225974802393
9.732225974802393
9.732225974802393
9.732225974802393
9.732225974802393
9.732225974802393
9.732225974802393
9.732225974802393
9.732225974802393
9.732225974802393
9.732225974802393
9.732225974802393
9.732225974802393
9.732225974802393
9.732225974802393
9.732225974802393
9.732225974802393
9.732225974802393
9.732225974802393
9.732225974802393
9.732225974802393
9.732225974802393
9.732225974802393
9.732225974802393
9.732225974802393
9.732225974802393
9.732225974802393
9.732225974802393
9.732225974802393
9.732225974802393
9.732225974802393
9.732225974802393
9.732225974802393
9.732225974802393
9.732225974802393
9.732225974802393
9.732225974802393
9.732225974802393
9.732225974802393
9.732225974802393
9.732225974802393
9.732225974802393
9.732225974802393
9.732225974802393
9.732225974802393
9.732225974802393
9.732225974802393
9.732225974802393
9.732225974802393
9.732225974802393
9.732225974802393
9.732225974802393
9.732225974802393
9.732225974802393
9.732225974802393
9.732225974802393
9.732225974802393
9.732225974802393
9.732225974802393
9.732225974802393
9.732225974802393
9.732225974802393
9.732225974802393
9.732225974802393
9.732225974802393
9.732225974802393
9.732225974802393
9.732225974802393
9.732225974802393
9.732225974802393
9.732225974802393
9.732225974802393
9.732225974802393
9.732225974802393
9.732225974802393
9.732225974802393
9.732225974802393
9.732225974802393
9.732225974802393
9.732225974802393
9.732225974802393
9.732225974802393
9.732225974802393
9.732225974802393
9.732225974802393
9.732225974802393
9.732225974802393
9.732225974802393
9.732225974802393
9.732225974802393
9.732225974802393
9.732225974802393
9.732225974802393
9.732225974802393
9.732225974802393
9.732225974802393
9.732225974802393
9.732225974802393
9.732225974802393
9.732225974802393
9.732225974802393
9.732225974802393
9.732225974802393
9.732225974802393
9.732225974802393
9.732225974802393
9.732225974802393
9.732225974802393
9.732225974802393
9.732225974802393
9.732225974802393
9.732225974802393
9.732225974802393
9.732225974802393
9.732225974802393
9.732225974802393
9.732225974802393
9.732225974802393
9.732225974802393
9.732225974802393
9.732225974802393
9.732225974802393
9.732225974802393
9.732225974802393
9.732225974802393
9.732225974802393
9.732225974802393
9.732225974802393
9.732225974802393
9.732225974802393
9.732225974802393
9.732225974802393
9.732225974802393
9.732225974802393
9.732225974802393
9.732225974802393
9.732225974802393
9.732225974802393
9.732225974802393
9.732225974802393
9.732225974802393
9.732225974802393
9.732225974802393
9.732225974802393
9.732225974802393
9.732225974802393
9.732225974802393
9.732225974802393
9.732225974802393
9.732225974802393
9.732225974802393
9.732225974802393
9.732225974802393
9.732225974802393
9.732225974802393
9.732225974802393
9.732225974802393
9.732225974802393
9.732225974802393
9.732225974802393
9.732225974802393
9.732225974802393
9.732225974802393
9.732225974802393
9.732225974802393
9.732225974802393
9.732225974802393
9.732225974802393
9.732225974802393
9.732225974802393
9.732225974802393
9.732225974802393
9.732225974802393
9.732225974802393
9.732225974802393
9.732225974802393
9.732225974802393
9.732225974802393
9.732225974802393
9.732225974802393
9.732225974802393
9.732225974802393
9.732225974802393
9.732225974802393
9.732225974802393
9.732225974802393
9.732225974802393
9.732225974802393
9.732225974802393
9.732225974802393
9.732225974802393
9.732225974802393
9.732225974802393
9.732225974802393
9.732225974802393
9.732225974802393
9.732225974802393
9.732225974802393
9.732225974802393
9.732225974802393
9.732225974802393
9.732225974802393
9.732225974802393
9.732225974802393
9.732225974802393
9.732225974802393
9.732225974802393
9.732225974802393
9.732225974802393
9.732225974802393
9.732225974802393
9.732225974802393
9.732225974802393
9.732225974802393
9.732225974802393
9.732225974802393
9.732225974802393
9.732225974802393
9.732225974802393
9.732225974802393
9.732225974802393
9.732225974802393
9.732225974802393
9.732225974802393
9.732225974802393
9.732225974802393
9.732225974802393
9.732225974802393
9.732225974802393
9.732225974802393
9.732225974802393
9.732225974802393
9.732225974802393
9.732225974802393
9.732225974802393
9.732225974802393
9.732225974802393
9.732225974802393
9.732225974802393
9.732225974802393
9.732225974802393
9.732225974802393
9.732225974802393
9.732225974802393
9.732225974802393
9.732225974802393
9.732225974802393
9.732225974802393
9.732225974802393
9.732225974802393
9.732225974802393
9.732225974802393
9.732225974802393
9.732225974802393
9.732225974802393
9.732225974802393
9.732225974802393
9.732225974802393
9.732225974802393
9.732225974802393
9.732225974802393
9.732225974802393
9.732225974802393
9.732225974802393
9.732225974802393
9.732225974802393
9.732225974802393
9.732225974802393
9.732225974802393
9.732225974802393
9.732225974802393
9.732225974802393
9.732225974802393
9.732225974802393
9.732225974802393
9.732225974802393
9.732225974802393
9.732225974802393
9.732225974802393
9.732225974802393
9.732225974802393
9.732225974802393
9.732225974802393
9.732225974802393
9.732225974802393
9.732225974802393
9.732225974802393
9.732225974802393
9.732225974802393
9.732225974802393
9.732225974802393
9.732225974802393
9.732225974802393
9.732225974802393
9.732225974802393
9.732225974802393
9.732225974802393
9.732225974802393
9.732225974802393
9.732225974802393
9.732225974802393
9.732225974802393
9.732225974802393
9.732225974802393
9.732225974802393
9.732225974802393
9.732225974802393
9.732225974802393
9.732225974802393
9.732225974802393
9.732225974802393
9.732225974802393
9.732225974802393
9.732225974802393
9.732225974802393
9.732225974802393
9.732225974802393
9.732225974802393
9.732225974802393
9.732225974802393
9.732225974802393
9.732225974802393
9.732225974802393
9.732225974802393
9.732225974802393
9.732225974802393
9.732225974802393
9.732225974802393
9.732225974802393
9.732225974802393
9.732225974802393
9.732225974802393
9.732225974802393
9.732225974802393
9.732225974802393
9.732225974802393
9.732225974802393
9.732225974802393
9.732225974802393
9.732225974802393
9.732225974802393
9.732225974802393
9.732225974802393
9.732225974802393
9.732225974802393
9.732225974802393
9.732225974802393
9.732225974802393
9.732225974802393
9.732225974802393
9.732225974802393
9.732225974802393
9.732225974802393
9.732225974802393
9.732225974802393
9.732225974802393
9.732225974802393
9.732225974802393
9.732225974802393
9.732225974802393
9.732225974802393
9.732225974802393
9.732225974802393
9.732225974802393
9.732225974802393
9.732225974802393
9.732225974802393
9.732225974802393
9.732225974802393
9.732225974802393
9.732225974802393
9.732225974802393
9.732225974802393
9.732225974802393
9.732225974802393
9.732225974802393
9.732225974802393
9.732225974802393
9.732225974802393
9.732225974802393
9.732225974802393
9.732225974802393
9.732225974802393
9.732225974802393
9.732225974802393
9.732225974802393
9.732225974802393
9.732225974802393
9.732225974802393
9.732225974802393
9.732225974802393
9.732225974802393
9.732225974802393
9.732225974802393
9.732225974802393
9.732225974802393
9.732225974802393
9.732225974802393
9.732225974802393
9.732225974802393
9.732225974802393
9.732225974802393
9.732225974802393
9.732225974802393
9.732225974802393
9.732225974802393
9.732225974802393
9.732225974802393
9.732225974802393
9.732225974802393
9.732225974802393
9.732225974802393
9.732225974802393
9.732225974802393
9.732225974802393
9.732225974802393
9.732225974802393
9.732225974802393
9.732225974802393
9.732225974802393
9.732225974802393
9.732225974802393
9.732225974802393
9.732225974802393
9.732225974802393
9.732225974802393
9.732225974802393
9.732225974802393
9.732225974802393
9.732225974802393
9.732225974802393
9.732225974802393
9.732225974802393
9.732225974802393
9.732225974802393
9.732225974802393
9.732225974802393
9.732225974802393
9.732225974802393
9.732225974802393
9.732225974802393
9.732225974802393
9.732225974802393
9.732225974802393
9.732225974802393
9.732225974802393
9.732225974802393
9.732225974802393
9.732225974802393
9.732225974802393
9.732225974802393
9.732225974802393
9.732225974802393
9.732225974802393
9.732225974802393
9.732225974802393
9.732225974802393
9.732225974802393
9.732225974802393
9.732225974802393
9.732225974802393
9.732225974802393
9.732225974802393
9.732225974802393
9.732225974802393
9.732225974802393
9.732225974802393
9.732225974802393
9.732225974802393
9.732225974802393
9.732225974802393
9.732225974802393
9.732225974802393
9.732225974802393
9.732225974802393
9.732225974802393
9.732225974802393
9.732225974802393
9.732225974802393
9.732225974802393
9.732225974802393
9.732225974802393
9.732225974802393
9.732225974802393
9.732225974802393
9.732225974802393
9.732225974802393
9.732225974802393
9.732225974802393
9.732225974802393
9.732225974802393
9.732225974802393
9.732225974802393
9.732225974802393
9.732225974802393
9.732225974802393
9.732225974802393
9.732225974802393
9.732225974802393
9.732225974802393
9.732225974802393
9.732225974802393
9.732225974802393
9.732225974802393
9.732225974802393
9.732225974802393
9.732225974802393
9.732225974802393
9.732225974802393
9.732225974802393
9.732225974802393
9.732225974802393
9.732225974802393
9.732225974802393
9.732225974802393
9.732225974802393
9.732225974802393
9.732225974802393
9.732225974802393
9.732225974802393
9.732225974802393
9.732225974802393
9.732225974802393
9.732225974802393
9.732225974802393
9.732225974802393
9.732225974802393
9.732225974802393
9.732225974802393
9.732225974802393
9.732225974802393
9.732225974802393
9.732225974802393
9.732225974802393
9.732225974802393
9.732225974802393
9.732225974802393
9.732225974802393
9.732225974802393
9.732225974802393
9.732225974802393
9.732225974802393
9.732225974802393
9.732225974802393
9.732225974802393
9.732225974802393
9.732225974802393
9.732225974802393
9.732225974802393
9.732225974802393
9.732225974802393
9.732225974802393
9.732225974802393
9.732225974802393
9.732225974802393
9.732225974802393
9.732225974802393
9.732225974802393
9.732225974802393
9.732225974802393
9.732225974802393
9.732225974802393
9.732225974802393
9.732225974802393
9.732225974802393
9.732225974802393
9.732225974802393
9.732225974802393
9.732225974802393
9.732225974802393
9.732225974802393
9.732225974802393
9.732225974802393
9.732225974802393
9.732225974802393
9.732225974802393
9.732225974802393
9.732225974802393
9.732225974802393
9.732225974802393
9.732225974802393
9.732225974802393
9.732225974802393
9.732225974802393
9.732225974802393
9.732225974802393
9.732225974802393
9.732225974802393
9.732225974802393
9.732225974802393
9.732225974802393
9.732225974802393
9.732225974802393
9.732225974802393
9.732225974802393
9.732225974802393
9.732225974802393
9.732225974802393
9.732225974802393
9.732225974802393
9.732225974802393
9.732225974802393
9.732225974802393
9.732225974802393
9.732225974802393
9.732225974802393
9.732225974802393
9.732225974802393
9.732225974802393
9.732225974802393
9.732225974802393
9.732225974802393
9.732225974802393
9.732225974802393
9.732225974802393
9.732225974802393
9.732225974802393
9.732225974802393
9.732225974802393
9.732225974802393
9.732225974802393
9.732225974802393
9.732225974802393
9.732225974802393
9.732225974802393
9.732225974802393
9.732225974802393
9.732225974802393
9.732225974802393
9.732225974802393
9.732225974802393
9.732225974802393
9.732225974802393
9.732225974802393
9.732225974802393
9.732225974802393
9.732225974802393
9.732225974802393
9.732225974802393
9.732225974802393
9.732225974802393
9.732225974802393
9.732225974802393
9.732225974802393
9.732225974802393
9.732225974802393
9.732225974802393
9.732225974802393
9.732225974802393
9.732225974802393
Score: 9.732225974802393
Runtime: 656ms
