6.252177558392212E-8
2.5640764280184867E-6
2.5640764280184867E-6
3.391333977913079E-6
1.8931368297333663E-5
6.404503811183022E-5
1.3970756669620514E-4
1.3970756669620514E-4
1.614825082525735E-4
0.0012149508559584415
0.0012149508559584415
0.03248973875422543
0.03248973875422543
0.03248973875422543
0.03248973875422543
0.21664177762073442
0.21664177762073442
0.21664177762073442
0.21664177762073442
0.21664177762073442
0.21664177762073442
0.27930427188238105
0.5484140204756254
0.5484140204756254
0.5484140204756254
0.5484140204756254
0.5484140204756254
0.5484140204756254
0.9833900356249035
0.9833900356249035
0.9833900356249035
1.1172095398540463
1.1172095398540463
1.2238052298331699
1.5334006691830935
1.5445017001270593
1.5445017001270593
1.5445017001270593
1.5445017001270593
1.5445017001270593
1.5445017001270593
1.5445017001270593
1.5445017001270593
1.5445017001270593
1.5445017001270593
1.6584216034240142
2.613070651790566
2.613070651790566
2.613070651790566
2.613070651790566
2.613070651790566
2.613070651790566
2.613070651790566
2.613070651790566
2.613070651790566
3.0832609139873357
3.0832609139873357
3.0832609139873357
4.352814727174722
4.352814727174722
4.352814727174722
4.352814727174722
4.352814727174722
4.352814727174722
4.352814727174722
4.352814727174722
4.352814727174722
4.41981459871797
4.41981459871797
4.41981459871797
4.41981459871797
4.41981459871797
4.41981459871797
5.357758503076726
5.357758503076726
5.357758503076726
5.357758503076726
5.357758503076726
5.357758503076726
5.357758503076726
5.434668508698733
5.434668508698733
5.434668508698733
5.434668508698733
5.434668508698733
5.434668508698733
5.434668508698733
5.434668508698733
5.678142750474496
5.678142750474496
5.678142750474496
5.678142750474496
5.678142750474496
5.678142750474496
5.678142750474496
5.678142750474496
5.678142750474496
5.678142750474496
5.678142750474496
5.741776789835189
5.741776789835189
5.741776789835189
5.741776789835189
5.741776789835189
5.741776789835189
5.741776789835189
5.9323448086972705
5.9543708019385475
5.9543708019385475
6.671544977138778
6.671544977138778
6.671544977138778
6.671544977138778
6.671544977138778
6.671544977138778
6.671544977138778
6.671544977138778
6.671544977138778
6.671544977138778
6.671544977138778
6.671544977138778
6.671544977138778
6.671544977138778
6.671544977138778
6.671544977138778
6.671544977138778
6.671544977138778
6.671544977138778
6.671544977138778
6.671544977138778
6.671544977138778
6.671544977138778
7.398491849853535
7.398491849853535
7.398491849853535
7.398491849853535
7.398491849853535
7.398491849853535
7.398491849853535
7.398491849853535
7.398491849853535
7.398491849853535
7.398491849853535
7.398491849853535
7.398491849853535
7.398491849853535
7.398491849853535
7.398491849853535
7.398491849853535
7.398491849853535
7.398491849853535
7.398491849853535
7.398491849853535
7.398491849853535
7.398491849853535
7.398491849853535
7.398491849853535
7.398491849853535
7.398491849853535
7.398491849853535
7.398491849853535
7.398491849853535
7.398491849853535
7.398491849853535
7.398491849853535
7.398491849853535
7.398491849853535
7.398491849853535
7.398491849853535
7.398491849853535
7.398491849853535
7.398491849853535
7.398491849853535
7.398491849853535
7.398491849853535
7.398491849853535
7.398491849853535
7.398491849853535
7.398491849853535
7.398491849853535
7.398491849853535
7.398491849853535
7.398491849853535
7.398491849853535
7.398491849853535
7.398491849853535
7.398491849853535
7.398491849853535
7.398491849853535
7.398491849853535
7.398491849853535
7.398491849853535
7.398491849853535
7.774209138441534
7.774209138441534
7.774209138441534
7.774209138441534
7.774209138441534
7.774209138441534
7.774209138441534
7.774209138441534
7.774209138441534
7.774209138441534
7.774209138441534
7.774209138441534
7.774209138441534
7.774209138441534
7.774209138441534
7.774209138441534
7.774209138441534
7.774209138441534
7.774209138441534
7.774209138441534
7.774209138441534
7.774209138441534
7.774209138441534
7.774209138441534
7.774209138441534
7.774209138441534
7.774209138441534
7.774209138441534
7.774209138441534
7.774209138441534
7.774209138441534
7.774209138441534
7.774209138441534
7.774209138441534
7.774209138441534
7.774209138441534
7.774209138441534
7.774209138441534
7.774209138441534
7.774209138441534
7.774209138441534
7.774209138441534
7.774209138441534
7.774209138441534
7.774209138441534
7.774209138441534
7.774209138441534
7.774209138441534
7.774209138441534
7.774209138441534
7.774209138441534
7.893846747174277
7.893846747174277
7.893846747174277
7.893846747174277
7.893846747174277
7.893846747174277
7.893846747174277
7.893846747174277
7.893846747174277
7.893846747174277
7.893846747174277
7.893846747174277
7.893846747174277
7.893846747174277
7.893846747174277
7.893846747174277
7.893846747174277
7.893846747174277
7.893846747174277
7.893846747174277
7.893846747174277
7.893846747174277
7.893846747174277
7.893846747174277
7.893846747174277
7.893846747174277
7.893846747174277
7.893846747174277
7.893846747174277
7.893846747174277
7.893846747174277
7.893846747174277
7.893846747174277
7.893846747174277
7.893846747174277
7.893846747174277
7.893846747174277
7.893846747174277
7.893846747174277
7.893846747174277
7.893846747174277
7.893846747174277
7.893846747174277
7.893846747174277
7.893846747174277
7.893846747174277
7.893846747174277
7.893846747174277
7.893846747174277
7.893846747174277
7.893846747174277
7.893846747174277
7.893846747174277
7.893846747174277
7.893846747174277
7.893846747174277
7.893846747174277
7.893846747174277
7.893846747174277
7.893846747174277
7.893846747174277
7.893846747174277
7.893846747174277
7.893846747174277
7.893846747174277
7.893846747174277
7.893846747174277
7.893846747174277
7.893846747174277
7.893846747174277
7.893846747174277
7.893846747174277
7.893846747174277
7.893846747174277
7.893846747174277
7.893846747174277
7.893846747174277
7.893846747174277
7.893846747174277
7.893846747174277
7.893846747174277
7.893846747174277
7.893846747174277
7.893846747174277
7.893846747174277
7.893846747174277
7.893846747174277
7.893846747174277
7.893846747174277
7.893846747174277
7.893846747174277
7.893846747174277
7.893846747174277
7.893846747174277
7.893846747174277
7.893846747174277
7.893846747174277
7.893846747174277
7.893846747174277
7.893846747174277
7.893846747174277
7.893846747174277
7.893846747174277
7.893846747174277
7.893846747174277
7.893846747174277
7.893846747174277
7.893846747174277
7.893846747174277
7.893846747174277
7.893846747174277
7.893846747174277
7.893846747174277
7.893846747174277
7.893846747174277
7.893846747174277
7.893846747174277
7.893846747174277
7.893846747174277
7.893846747174277
7.893846747174277
7.893846747174277
7.893846747174277
7.893846747174277
7.893846747174277
7.893846747174277
7.893846747174277
7.893846747174277
7.893846747174277
7.893846747174277
7.893846747174277
7.893846747174277
7.893846747174277
7.893846747174277
7.893846747174277
7.893846747174277
7.893846747174277
7.893846747174277
7.893846747174277
7.893846747174277
7.893846747174277
7.893846747174277
7.893846747174277
7.893846747174277
7.893846747174277
7.893846747174277
7.893846747174277
7.893846747174277
7.893846747174277
7.893846747174277
7.893846747174277
7.893846747174277
7.893846747174277
7.893846747174277
7.893846747174277
7.893846747174277
7.893846747174277
7.893846747174277
7.893846747174277
7.893846747174277
7.893846747174277
7.893846747174277
7.893846747174277
7.893846747174277
7.893846747174277
7.893846747174277
7.893846747174277
7.893846747174277
7.893846747174277
7.893846747174277
7.893846747174277
7.893846747174277
7.893846747174277
7.893846747174277
7.893846747174277
7.893846747174277
7.893846747174277
7.893846747174277
7.893846747174277
7.893846747174277
7.893846747174277
7.893846747174277
7.893846747174277
7.893846747174277
7.893846747174277
7.893846747174277
7.893846747174277
7.893846747174277
7.893846747174277
7.893846747174277
7.893846747174277
7.893846747174277
7.893846747174277
7.893846747174277
7.893846747174277
7.893846747174277
7.893846747174277
7.893846747174277
7.893846747174277
7.893846747174277
7.893846747174277
7.893846747174277
7.893846747174277
7.893846747174277
7.893846747174277
7.893846747174277
7.893846747174277
7.893846747174277
7.893846747174277
7.893846747174277
7.893846747174277
7.893846747174277
7.893846747174277
7.893846747174277
7.893846747174277
7.893846747174277
7.893846747174277
7.893846747174277
7.893846747174277
7.893846747174277
7.893846747174277
7.893846747174277
7.893846747174277
7.986853749750597
7.986853749750597
7.986853749750597
7.986853749750597
7.986853749750597
7.986853749750597
7.986853749750597
7.986853749750597
7.986853749750597
7.986853749750597
7.986853749750597
7.986853749750597
7.986853749750597
7.986853749750597
7.986853749750597
7.986853749750597
7.986853749750597
7.986853749750597
7.986853749750597
7.986853749750597
7.986853749750597
7.986853749750597
7.986853749750597
7.986853749750597
7.986853749750597
7.986853749750597
7.986853749750597
7.986853749750597
7.986853749750597
7.986853749750597
7.986853749750597
7.986853749750597
7.986853749750597
7.986853749750597
7.986853749750597
7.986853749750597
7.986853749750597
7.986853749750597
7.986853749750597
7.986853749750597
7.986853749750597
7.986853749750597
7.986853749750597
7.986853749750597
7.986853749750597
7.986853749750597
7.986853749750597
7.986853749750597
7.986853749750597
7.986853749750597
7.986853749750597
7.986853749750597
7.986853749750597
7.986853749750597
7.986853749750597
7.986853749750597
7.986853749750597
7.986853749750597
7.986853749750597
7.986853749750597
7.986853749750597
7.986853749750597
7.986853749750597
7.986853749750597
7.986853749750597
7.986853749750597
7.986853749750597
7.986853749750597
7.986853749750597
7.986853749750597
7.986853749750597
7.986853749750597
7.986853749750597
7.986853749750597
7.986853749750597
7.986853749750597
7.986853749750597
7.986853749750597
7.986853749750597
7.986853749750597
7.986853749750597
7.986853749750597
7.986853749750597
7.986853749750597
7.986853749750597
7.986853749750597
7.986853749750597
7.986853749750597
7.986853749750597
7.986853749750597
7.986853749750597
7.986853749750597
7.986853749750597
7.986853749750597
7.986853749750597
7.986853749750597
7.986853749750597
7.986853749750597
7.986853749750597
7.986853749750597
7.986853749750597
7.986853749750597
7.986853749750597
7.986853749750597
7.986853749750597
7.986853749750597
7.986853749750597
7.986853749750597
7.986853749750597
7.986853749750597
7.986853749750597
7.986853749750597
7.986853749750597
7.986853749750597
7.986853749750597
7.986853749750597
7.986853749750597
7.986853749750597
7.986853749750597
7.986853749750597
7.986853749750597
7.986853749750597
7.986853749750597
7.986853749750597
7.986853749750597
7.986853749750597
7.986853749750597
7.986853749750597
7.986853749750597
7.986853749750597
7.986853749750597
7.986853749750597
7.986853749750597
7.986853749750597
7.986853749750597
7.986853749750597
7.986853749750597
7.986853749750597
7.986853749750597
7.986853749750597
7.986853749750597
7.986853749750597
7.986853749750597
7.986853749750597
7.986853749750597
7.986853749750597
7.986853749750597
7.986853749750597
7.986853749750597
7.986853749750597
7.986853749750597
7.986853749750597
7.986853749750597
7.986853749750597
7.986853749750597
7.986853749750597
7.986853749750597
7.986853749750597
7.986853749750597
7.986853749750597
7.986853749750597
7.986853749750597
7.986853749750597
7.986853749750597
7.986853749750597
7.986853749750597
7.986853749750597
7.986853749750597
7.998217487955018
7.998217487955018
7.998217487955018
7.998217487955018
7.998217487955018
7.998217487955018
7.998217487955018
7.998217487955018
7.998217487955018
7.998217487955018
7.998217487955018
7.998217487955018
7.998217487955018
7.998217487955018
7.998217487955018
7.998217487955018
7.998217487955018
7.998217487955018
7.998217487955018
7.998217487955018
7.998217487955018
7.998217487955018
7.998217487955018
7.998217487955018
7.998217487955018
7.998217487955018
7.998217487955018
7.998217487955018
7.998217487955018
7.998217487955018
7.998217487955018
7.998217487955018
7.998217487955018
7.998217487955018
7.998217487955018
7.998217487955018
7.998217487955018
7.998217487955018
7.998217487955018
7.998217487955018
7.998217487955018
7.998217487955018
7.998217487955018
7.998217487955018
7.998217487955018
7.998217487955018
7.998217487955018
7.998217487955018
7.998217487955018
7.998217487955018
7.998217487955018
7.998217487955018
7.998217487955018
7.998217487955018
7.998217487955018
7.998217487955018
7.998217487955018
7.998217487955018
7.998217487955018
7.998217487955018
7.998217487955018
7.998217487955018
7.998217487955018
7.998217487955018
7.998217487955018
7.998217487955018
7.998217487955018
7.998217487955018
7.998217487955018
7.998217487955018
7.998217487955018
8.025824281367628
8.025824281367628
8.025824281367628
8.025824281367628
8.025824281367628
8.025824281367628
8.025824281367628
8.025824281367628
8.025824281367628
8.025824281367628
8.025824281367628
8.025824281367628
8.025824281367628
8.025824281367628
8.025824281367628
8.025824281367628
8.025824281367628
8.025824281367628
8.025824281367628
8.025824281367628
8.025824281367628
8.025824281367628
8.025824281367628
8.025824281367628
8.025824281367628
8.025824281367628
8.025824281367628
8.025824281367628
8.025824281367628
8.025824281367628
8.025824281367628
8.025824281367628
8.025824281367628
8.025824281367628
8.025824281367628
8.025824281367628
8.025824281367628
8.025824281367628
8.028546264434738
8.028546264434738
8.028546264434738
8.028546264434738
8.028546264434738
8.028546264434738
8.028546264434738
8.028546264434738
8.028546264434738
8.028546264434738
8.028546264434738
8.028546264434738
8.028546264434738
8.028546264434738
8.028546264434738
8.028546264434738
8.028546264434738
8.028546264434738
8.028546264434738
8.028546264434738
8.028546264434738
8.028546264434738
8.028546264434738
8.028546264434738
8.028546264434738
8.028546264434738
8.028546264434738
8.028546264434738
8.028546264434738
8.028546264434738
8.028546264434738
8.028546264434738
8.028546264434738
8.028546264434738
8.028546264434738
8.028546264434738
8.028546264434738
8.028546264434738
8.028546264434738
8.028546264434738
8.028546264434738
8.028546264434738
8.028546264434738
8.028546264434738
8.028546264434738
8.028546264434738
8.028546264434738
8.028546264434738
8.028546264434738
8.028546264434738
8.028546264434738
8.028546264434738
8.028546264434738
8.028546264434738
8.028546264434738
8.028546264434738
8.028546264434738
8.028546264434738
8.028546264434738
8.028546264434738
8.028546264434738
8.028546264434738
8.028546264434738
8.028546264434738
8.028546264434738
8.028546264434738
8.028546264434738
8.028546264434738
8.028546264434738
8.028546264434738
8.028546264434738
8.028546264434738
8.028546264434738
8.028546264434738
8.028546264434738
8.028546264434738
8.028546264434738
8.028546264434738
8.028546264434738
8.028546264434738
8.028546264434738
8.028546264434738
8.028546264434738
8.028546264434738
8.028546264434738
8.028546264434738
8.028546264434738
8.028546264434738
8.028546264434738
8.028546264434738
8.028546264434738
8.028546264434738
8.028546264434738
8.028546264434738
8.028546264434738
8.028546264434738
8.028546264434738
8.028546264434738
8.028546264434738
8.028546264434738
8.028546264434738
8.028546264434738
8.028546264434738
8.028546264434738
8.028546264434738
8.028546264434738
8.028546264434738
8.028546264434738
8.028546264434738
8.028546264434738
8.028546264434738
8.028546264434738
8.028546264434738
8.028546264434738
8.028546264434738
8.028546264434738
8.028546264434738
8.028546264434738
8.028546264434738
8.028546264434738
8.028546264434738
8.028546264434738
8.028546264434738
8.028546264434738
8.028546264434738
8.028546264434738
8.359519856672435
8.359519856672435
8.359519856672435
8.359519856672435
8.359519856672435
8.359519856672435
8.359519856672435
8.359519856672435
8.359519856672435
8.359519856672435
8.359519856672435
8.359519856672435
8.359519856672435
8.359519856672435
8.359519856672435
8.359519856672435
8.359519856672435
8.359519856672435
8.359519856672435
8.359519856672435
8.359519856672435
8.359519856672435
8.359519856672435
8.359519856672435
8.359519856672435
8.359519856672435
8.359519856672435
8.359519856672435
8.359519856672435
8.359519856672435
8.359519856672435
8.359519856672435
8.359519856672435
8.359519856672435
8.359519856672435
8.359519856672435
8.359519856672435
8.359519856672435
8.359519856672435
8.359519856672435
8.359519856672435
8.359519856672435
8.359519856672435
8.359519856672435
8.359519856672435
8.359519856672435
8.359519856672435
8.359519856672435
8.359519856672435
8.359519856672435
8.359519856672435
8.359519856672435
8.359519856672435
8.359519856672435
8.359519856672435
8.359519856672435
8.359519856672435
8.359519856672435
8.359519856672435
8.359519856672435
8.359519856672435
8.359519856672435
8.359519856672435
8.359519856672435
8.359519856672435
8.359519856672435
8.359519856672435
8.359519856672435
8.359519856672435
8.359519856672435
8.359519856672435
8.359519856672435
8.359519856672435
8.359519856672435
8.359519856672435
8.359519856672435
8.359519856672435
8.359519856672435
8.359519856672435
8.359519856672435
8.359519856672435
8.359519856672435
8.359519856672435
8.359519856672435
8.359519856672435
8.359519856672435
8.359519856672435
8.359519856672435
8.359519856672435
8.359519856672435
8.359519856672435
8.359519856672435
8.359519856672435
8.359519856672435
8.359519856672435
8.359519856672435
8.359519856672435
8.359519856672435
8.359519856672435
8.359519856672435
8.359519856672435
8.359519856672435
8.359519856672435
8.359519856672435
8.359519856672435
8.359519856672435
8.359519856672435
8.359519856672435
8.359519856672435
8.359519856672435
8.359519856672435
8.359519856672435
8.359519856672435
8.359519856672435
8.359519856672435
8.359519856672435
8.359519856672435
8.359519856672435
8.359519856672435
8.359519856672435
8.359519856672435
8.359519856672435
8.359519856672435
8.359519856672435
8.359519856672435
8.359519856672435
8.359519856672435
8.359519856672435
8.359519856672435
8.359519856672435
8.359519856672435
8.359519856672435
8.359519856672435
8.359519856672435
8.359519856672435
8.359519856672435
8.359519856672435
8.359519856672435
8.359519856672435
8.359519856672435
8.359519856672435
8.359519856672435
8.359519856672435
8.359519856672435
8.359519856672435
8.359519856672435
8.359519856672435
8.359519856672435
8.359519856672435
8.359519856672435
8.359519856672435
8.359519856672435
8.359519856672435
8.359519856672435
8.359519856672435
8.359519856672435
8.359519856672435
8.359519856672435
8.359519856672435
8.359519856672435
8.359519856672435
8.359519856672435
8.359519856672435
8.359519856672435
8.359519856672435
8.359519856672435
8.359519856672435
8.359519856672435
8.359519856672435
8.359519856672435
8.359519856672435
8.359519856672435
8.359519856672435
8.359519856672435
8.359519856672435
8.359519856672435
8.792915033205661
8.792915033205661
8.792915033205661
8.792915033205661
8.792915033205661
8.792915033205661
8.792915033205661
8.792915033205661
8.792915033205661
8.792915033205661
8.792915033205661
8.792915033205661
8.792915033205661
8.792915033205661
8.792915033205661
8.792915033205661
8.792915033205661
8.792915033205661
8.792915033205661
8.792915033205661
8.792915033205661
8.792915033205661
8.792915033205661
8.792915033205661
8.792915033205661
8.792915033205661
8.792915033205661
8.792915033205661
8.792915033205661
8.792915033205661
8.792915033205661
8.792915033205661
8.792915033205661
8.792915033205661
8.792915033205661
8.792915033205661
8.792915033205661
8.792915033205661
8.792915033205661
8.792915033205661
8.792915033205661
8.792915033205661
8.792915033205661
8.792915033205661
8.792915033205661
8.792915033205661
8.792915033205661
8.792915033205661
8.792915033205661
8.792915033205661
8.792915033205661
8.792915033205661
8.792915033205661
8.792915033205661
8.792915033205661
8.792915033205661
8.792915033205661
8.792915033205661
8.792915033205661
8.792915033205661
8.792915033205661
8.792915033205661
8.792915033205661
8.792915033205661
8.792915033205661
8.792915033205661
8.792915033205661
8.792915033205661
8.792915033205661
8.792915033205661
8.792915033205661
8.792915033205661
8.792915033205661
8.792915033205661
8.792915033205661
8.792915033205661
8.792915033205661
8.792915033205661
8.792915033205661
8.792915033205661
8.792915033205661
8.792915033205661
8.792915033205661
8.792915033205661
8.792915033205661
8.792915033205661
8.792915033205661
8.792915033205661
8.792915033205661
8.792915033205661
8.792915033205661
8.792915033205661
8.792915033205661
8.792915033205661
8.792915033205661
8.792915033205661
8.792915033205661
8.792915033205661
8.792915033205661
8.792915033205661
8.792915033205661
8.792915033205661
8.792915033205661
8.792915033205661
8.792915033205661
8.792915033205661
8.792915033205661
8.792915033205661
8.792915033205661
8.792915033205661
8.792915033205661
8.792915033205661
8.792915033205661
8.792915033205661
8.792915033205661
8.792915033205661
8.792915033205661
8.792915033205661
8.792915033205661
8.792915033205661
8.792915033205661
8.792915033205661
8.792915033205661
8.792915033205661
8.792915033205661
8.792915033205661
8.792915033205661
8.792915033205661
8.792915033205661
8.792915033205661
8.792915033205661
8.792915033205661
8.792915033205661
8.792915033205661
8.792915033205661
8.792915033205661
8.792915033205661
8.792915033205661
8.792915033205661
8.792915033205661
8.792915033205661
8.792915033205661
8.792915033205661
8.792915033205661
8.792915033205661
8.792915033205661
8.792915033205661
8.792915033205661
8.792915033205661
8.792915033205661
8.792915033205661
8.792915033205661
8.792915033205661
8.792915033205661
8.792915033205661
8.792915033205661
8.792915033205661
8.792915033205661
8.792915033205661
8.792915033205661
8.792915033205661
8.792915033205661
8.792915033205661
8.792915033205661
8.792915033205661
8.792915033205661
8.792915033205661
8.792915033205661
8.792915033205661
8.792915033205661
8.792915033205661
8.792915033205661
8.792915033205661
8.792915033205661
8.792915033205661
8.792915033205661
8.792915033205661
8.792915033205661
8.792915033205661
8.792915033205661
8.792915033205661
8.792915033205661
8.792915033205661
8.792915033205661
8.792915033205661
8.792915033205661
8.792915033205661
8.792915033205661
8.792915033205661
8.792915033205661
8.792915033205661
8.792915033205661
8.792915033205661
8.792915033205661
8.792915033205661
8.792915033205661
8.792915033205661
8.792915033205661
8.792915033205661
8.792915033205661
8.792915033205661
8.792915033205661
8.792915033205661
8.792915033205661
8.792915033205661
8.792915033205661
8.792915033205661
8.792915033205661
8.792915033205661
8.792915033205661
8.792915033205661
8.792915033205661
8.792915033205661
8.792915033205661
8.792915033205661
8.792915033205661
8.792915033205661
8.792915033205661
8.792915033205661
8.792915033205661
8.792915033205661
8.792915033205661
8.792915033205661
8.792915033205661
8.792915033205661
8.792915033205661
8.792915033205661
8.792915033205661
8.792915033205661
8.792915033205661
8.792915033205661
8.792915033205661
8.792915033205661
8.792915033205661
8.792915033205661
8.792915033205661
8.792915033205661
8.792915033205661
8.792915033205661
8.792915033205661
8.792915033205661
8.792915033205661
8.792915033205661
8.792915033205661
8.792915033205661
8.792915033205661
8.792915033205661
8.792915033205661
8.792915033205661
8.792915033205661
8.792915033205661
8.792915033205661
8.792915033205661
8.792915033205661
8.792915033205661
8.792915033205661
8.792915033205661
8.792915033205661
8.792915033205661
8.792915033205661
8.792915033205661
8.792915033205661
8.792915033205661
8.792915033205661
8.792915033205661
8.792915033205661
8.792915033205661
8.792915033205661
8.792915033205661
8.792915033205661
8.792915033205661
8.792915033205661
8.792915033205661
8.792915033205661
8.792915033205661
8.792915033205661
8.792915033205661
8.792915033205661
8.792915033205661
8.792915033205661
8.792915033205661
8.792915033205661
8.792915033205661
8.792915033205661
8.792915033205661
8.792915033205661
8.792915033205661
8.792915033205661
8.792915033205661
8.792915033205661
8.792915033205661
8.792915033205661
8.792915033205661
8.792915033205661
8.792915033205661
8.792915033205661
8.792915033205661
8.792915033205661
8.792915033205661
8.792915033205661
8.792915033205661
8.792915033205661
8.792915033205661
8.792915033205661
8.792915033205661
8.792915033205661
8.792915033205661
8.792915033205661
8.792915033205661
8.792915033205661
8.792915033205661
8.792915033205661
8.792915033205661
8.792915033205661
8.792915033205661
8.792915033205661
8.792915033205661
8.792915033205661
8.792915033205661
8.792915033205661
8.792915033205661
8.792915033205661
8.792915033205661
8.792915033205661
8.792915033205661
8.792915033205661
8.792915033205661
8.792915033205661
8.792915033205661
8.792915033205661
8.792915033205661
8.792915033205661
8.792915033205661
8.792915033205661
8.792915033205661
8.792915033205661
8.792915033205661
8.792915033205661
8.792915033205661
8.792915033205661
8.792915033205661
8.792915033205661
8.792915033205661
8.792915033205661
8.792915033205661
8.792915033205661
8.792915033205661
8.792915033205661
8.792915033205661
8.792915033205661
8.792915033205661
8.792915033205661
8.792915033205661
8.792915033205661
8.792915033205661
8.792915033205661
8.792915033205661
8.792915033205661
8.792915033205661
8.792915033205661
8.792915033205661
8.792915033205661
8.792915033205661
8.792915033205661
8.792915033205661
8.792915033205661
8.792915033205661
8.792915033205661
8.792915033205661
8.792915033205661
8.792915033205661
8.792915033205661
8.792915033205661
8.792915033205661
8.792915033205661
8.792915033205661
8.792915033205661
8.792915033205661
8.792915033205661
8.792915033205661
8.792915033205661
8.792915033205661
8.792915033205661
8.792915033205661
8.792915033205661
8.792915033205661
8.792915033205661
8.792915033205661
8.792915033205661
8.792915033205661
8.792915033205661
8.792915033205661
8.792915033205661
8.792915033205661
8.792915033205661
8.792915033205661
8.792915033205661
8.792915033205661
8.792915033205661
8.792915033205661
8.792915033205661
8.792915033205661
8.792915033205661
8.792915033205661
8.792915033205661
8.792915033205661
8.792915033205661
8.792915033205661
8.792915033205661
8.792915033205661
8.792915033205661
8.792915033205661
8.792915033205661
8.792915033205661
8.792915033205661
8.792915033205661
8.792915033205661
8.792915033205661
8.792915033205661
8.792915033205661
8.792915033205661
8.792915033205661
8.792915033205661
8.792915033205661
8.792915033205661
8.792915033205661
8.792915033205661
8.792915033205661
8.792915033205661
8.792915033205661
8.792915033205661
8.792915033205661
8.792915033205661
8.792915033205661
8.792915033205661
8.792915033205661
8.792915033205661
8.792915033205661
8.792915033205661
8.792915033205661
8.792915033205661
8.792915033205661
8.792915033205661
8.792915033205661
8.792915033205661
8.792915033205661
8.792915033205661
8.792915033205661
8.792915033205661
8.792915033205661
8.792915033205661
8.792915033205661
8.792915033205661
8.792915033205661
8.792915033205661
8.792915033205661
8.792915033205661
8.792915033205661
8.792915033205661
8.792915033205661
8.792915033205661
8.792915033205661
8.792915033205661
8.792915033205661
8.792915033205661
8.792915033205661
8.792915033205661
8.792915033205661
8.792915033205661
8.792915033205661
8.792915033205661
8.792915033205661
8.792915033205661
8.792915033205661
8.792915033205661
8.792915033205661
8.792915033205661
8.792915033205661
8.792915033205661
8.792915033205661
8.792915033205661
8.792915033205661
8.792915033205661
8.792915033205661
8.792915033205661
8.792915033205661
8.792915033205661
8.792915033205661
8.792915033205661
8.792915033205661
8.792915033205661
8.792915033205661
8.792915033205661
8.792915033205661
8.792915033205661
8.792915033205661
8.792915033205661
8.792915033205661
8.792915033205661
8.792915033205661
8.792915033205661
8.792915033205661
8.792915033205661
8.792915033205661
8.792915033205661
8.792915033205661
8.792915033205661
8.792915033205661
8.792915033205661
8.792915033205661
8.792915033205661
8.792915033205661
8.792915033205661
8.792915033205661
8.792915033205661
8.792915033205661
8.792915033205661
8.792915033205661
8.792915033205661
8.792915033205661
8.792915033205661
8.792915033205661
8.792915033205661
8.792915033205661
8.792915033205661
8.792915033205661
8.792915033205661
8.792915033205661
8.792915033205661
8.792915033205661
8.792915033205661
8.792915033205661
8.792915033205661
8.792915033205661
8.792915033205661
8.792915033205661
8.792915033205661
8.792915033205661
8.792915033205661
8.792915033205661
8.792915033205661
8.792915033205661
8.792915033205661
8.792915033205661
8.792915033205661
8.792915033205661
8.792915033205661
8.792915033205661
8.792915033205661
8.792915033205661
8.792915033205661
8.792915033205661
8.792915033205661
8.792915033205661
8.792915033205661
8.792915033205661
8.792915033205661
8.792915033205661
8.792915033205661
8.792915033205661
8.792915033205661
8.792915033205661
8.792915033205661
8.792915033205661
8.792915033205661
8.792915033205661
8.792915033205661
8.792915033205661
8.792915033205661
8.792915033205661
8.792915033205661
8.792915033205661
8.792915033205661
8.792915033205661
8.792915033205661
8.792915033205661
8.792915033205661
8.792915033205661
8.792915033205661
8.792915033205661
8.792915033205661
8.792915033205661
8.792915033205661
8.792915033205661
8.792915033205661
8.792915033205661
8.792915033205661
8.792915033205661
8.792915033205661
8.792915033205661
8.792915033205661
8.792915033205661
8.792915033205661
8.792915033205661
8.792915033205661
8.792915033205661
8.792915033205661
8.792915033205661
8.792915033205661
8.792915033205661
8.792915033205661
8.792915033205661
8.792915033205661
8.792915033205661
8.792915033205661
8.792915033205661
8.792915033205661
8.792915033205661
8.792915033205661
8.792915033205661
8.792915033205661
8.792915033205661
8.792915033205661
8.792915033205661
8.792915033205661
8.792915033205661
8.792915033205661
8.792915033205661
8.792915033205661
8.792915033205661
8.792915033205661
8.792915033205661
8.792915033205661
8.792915033205661
8.792915033205661
8.792915033205661
8.792915033205661
8.792915033205661
8.792915033205661
8.792915033205661
8.792915033205661
8.792915033205661
8.792915033205661
8.792915033205661
8.792915033205661
8.792915033205661
8.792915033205661
8.792915033205661
8.792915033205661
8.792915033205661
8.792915033205661
8.792915033205661
8.792915033205661
8.792915033205661
8.792915033205661
8.792915033205661
8.792915033205661
8.792915033205661
8.792915033205661
8.792915033205661
8.792915033205661
8.792915033205661
8.792915033205661
8.792915033205661
8.792915033205661
8.792915033205661
8.792915033205661
8.792915033205661
8.792915033205661
8.792915033205661
8.792915033205661
8.792915033205661
8.792915033205661
8.792915033205661
8.792915033205661
8.792915033205661
8.792915033205661
8.792915033205661
8.792915033205661
8.792915033205661
8.792915033205661
8.792915033205661
8.792915033205661
8.792915033205661
8.792915033205661
8.792915033205661
8.792915033205661
8.792915033205661
8.792915033205661
8.792915033205661
8.792915033205661
8.792915033205661
8.792915033205661
8.792915033205661
8.792915033205661
8.792915033205661
8.792915033205661
8.792915033205661
8.792915033205661
8.792915033205661
8.792915033205661
8.792915033205661
8.792915033205661
8.792915033205661
8.792915033205661
8.792915033205661
8.792915033205661
8.792915033205661
8.792915033205661
8.792915033205661
8.792915033205661
8.792915033205661
8.792915033205661
8.792915033205661
8.792915033205661
8.792915033205661
8.792915033205661
8.792915033205661
8.792915033205661
8.792915033205661
8.792915033205661
8.792915033205661
8.792915033205661
8.792915033205661
8.792915033205661
8.792915033205661
8.792915033205661
8.792915033205661
8.792915033205661
8.792915033205661
8.792915033205661
8.792915033205661
8.792915033205661
8.792915033205661
8.792915033205661
8.792915033205661
8.792915033205661
8.792915033205661
8.792915033205661
8.792915033205661
8.792915033205661
8.792915033205661
8.792915033205661
8.792915033205661
8.792915033205661
8.792915033205661
8.792915033205661
8.792915033205661
8.792915033205661
8.792915033205661
8.792915033205661
8.792915033205661
8.792915033205661
8.792915033205661
8.792915033205661
8.792915033205661
8.792915033205661
8.792915033205661
8.792915033205661
8.792915033205661
8.792915033205661
8.792915033205661
8.792915033205661
8.792915033205661
8.792915033205661
8.792915033205661
8.792915033205661
8.792915033205661
8.792915033205661
8.792915033205661
8.792915033205661
8.792915033205661
8.792915033205661
8.792915033205661
8.792915033205661
8.792915033205661
8.792915033205661
8.792915033205661
8.792915033205661
8.792915033205661
8.792915033205661
8.792915033205661
8.792915033205661
8.792915033205661
8.792915033205661
8.792915033205661
8.792915033205661
8.792915033205661
8.792915033205661
8.792915033205661
8.792915033205661
8.792915033205661
8.792915033205661
8.792915033205661
8.792915033205661
8.792915033205661
8.792915033205661
8.792915033205661
8.792915033205661
8.792915033205661
8.792915033205661
8.792915033205661
8.792915033205661
8.792915033205661
8.792915033205661
8.792915033205661
8.792915033205661
8.792915033205661
8.792915033205661
8.792915033205661
8.792915033205661
8.792915033205661
8.792915033205661
8.792915033205661
8.792915033205661
8.792915033205661
8.792915033205661
8.792915033205661
8.792915033205661
8.792915033205661
8.792915033205661
8.792915033205661
8.792915033205661
8.792915033205661
8.792915033205661
8.792915033205661
8.792915033205661
8.792915033205661
8.792915033205661
8.792915033205661
8.792915033205661
8.792915033205661
8.792915033205661
8.792915033205661
8.792915033205661
8.792915033205661
8.792915033205661
8.792915033205661
8.792915033205661
8.792915033205661
8.792915033205661
8.792915033205661
8.792915033205661
8.792915033205661
8.792915033205661
8.792915033205661
8.792915033205661
8.792915033205661
8.792915033205661
8.792915033205661
8.792915033205661
8.792915033205661
8.792915033205661
8.792915033205661
8.792915033205661
8.792915033205661
8.792915033205661
8.792915033205661
8.792915033205661
8.792915033205661
8.792915033205661
8.792915033205661
8.792915033205661
8.792915033205661
8.792915033205661
8.792915033205661
8.792915033205661
8.792915033205661
8.792915033205661
8.792915033205661
8.792915033205661
8.792915033205661
8.792915033205661
8.792915033205661
8.792915033205661
8.792915033205661
8.792915033205661
8.792915033205661
8.792915033205661
8.792915033205661
8.792915033205661
8.792915033205661
8.792915033205661
8.792915033205661
8.792915033205661
8.792915033205661
8.792915033205661
8.792915033205661
8.792915033205661
8.792915033205661
8.792915033205661
8.792915033205661
8.792915033205661
8.792915033205661
8.792915033205661
8.792915033205661
8.792915033205661
8.792915033205661
8.792915033205661
8.792915033205661
8.792915033205661
8.792915033205661
8.792915033205661
8.792915033205661
8.792915033205661
8.792915033205661
8.792915033205661
8.792915033205661
8.792915033205661
8.792915033205661
8.792915033205661
8.792915033205661
8.792915033205661
8.792915033205661
8.792915033205661
8.792915033205661
8.792915033205661
8.792915033205661
8.792915033205661
8.792915033205661
8.792915033205661
8.792915033205661
8.792915033205661
8.792915033205661
8.792915033205661
8.792915033205661
8.792915033205661
8.792915033205661
8.792915033205661
8.792915033205661
8.792915033205661
8.792915033205661
8.792915033205661
8.792915033205661
8.792915033205661
8.792915033205661
8.792915033205661
8.792915033205661
8.792915033205661
8.792915033205661
8.792915033205661
8.792915033205661
8.792915033205661
8.792915033205661
8.792915033205661
8.792915033205661
8.792915033205661
8.792915033205661
8.792915033205661
8.792915033205661
8.792915033205661
8.792915033205661
8.792915033205661
8.792915033205661
8.792915033205661
8.792915033205661
8.792915033205661
8.792915033205661
8.792915033205661
8.792915033205661
8.792915033205661
8.792915033205661
Score: 8.792915033205661
Runtime: 664ms
