7.217120811826526E-9
2.4345347559306354E-7
2.4345347559306354E-7
2.8266609609989984E-4
2.8266609609989984E-4
2.8266609609989984E-4
2.8266609609989984E-4
5.314851686507525E-4
5.314851686507525E-4
5.504137888725281E-4
0.0025462769732667854
0.0025462769732667854
0.0025462769732667854
0.006121103206606549
0.006121103206606549
0.18679476171582943
0.21871102505189963
0.3374432629310714
0.3374432629310714
0.3374432629310714
0.3374432629310714
0.3374432629310714
0.3374432629310714
0.3374432629310714
0.3374432629310714
0.3374432629310714
0.3374432629310714
0.3374432629310714
0.3374432629310714
0.3374432629310714
0.3374432629310714
0.3374432629310714
0.3374432629310714
0.3374432629310714
0.8104142416538294
0.8104142416538294
0.8104142416538294
0.8104142416538294
0.8104142416538294
0.8104142416538294
0.8104142416538294
0.8104142416538294
0.8104142416538294
0.8104142416538294
0.8104142416538294
0.8104142416538294
0.9939506090072041
0.9939506090072041
1.6012799986596296
1.6012799986596296
1.6012799986596296
1.6012799986596296
1.6012799986596296
1.6012799986596296
2.4501769965896343
2.4501769965896343
2.4501769965896343
2.4501769965896343
2.4501769965896343
2.4501769965896343
2.4501769965896343
2.4501769965896343
2.4501769965896343
2.4501769965896343
2.4501769965896343
2.4501769965896343
2.4501769965896343
2.4501769965896343
2.4501769965896343
2.4501769965896343
2.4501769965896343
2.4501769965896343
2.4501769965896343
2.4501769965896343
2.4501769965896343
2.4501769965896343
2.4501769965896343
2.4501769965896343
2.4501769965896343
2.4501769965896343
2.4501769965896343
2.4501769965896343
2.4501769965896343
2.4501769965896343
2.4501769965896343
2.4501769965896343
2.4501769965896343
2.4501769965896343
2.4501769965896343
4.0550423426344615
4.0550423426344615
4.0550423426344615
4.0550423426344615
4.0550423426344615
4.0550423426344615
4.0550423426344615
4.0550423426344615
4.0550423426344615
4.0550423426344615
4.0550423426344615
4.0550423426344615
4.0550423426344615
4.0550423426344615
4.0550423426344615
4.0550423426344615
4.0550423426344615
4.0550423426344615
4.0550423426344615
4.0550423426344615
4.0550423426344615
4.0550423426344615
4.0550423426344615
4.0550423426344615
4.0550423426344615
4.0550423426344615
4.0550423426344615
4.0550423426344615
4.0550423426344615
4.0550423426344615
4.0550423426344615
4.0550423426344615
4.0550423426344615
4.6552087773787925
4.6552087773787925
5.588709854171473
5.588709854171473
5.588709854171473
5.588709854171473
5.588709854171473
5.588709854171473
5.588709854171473
5.588709854171473
5.588709854171473
5.870068400763745
5.870068400763745
5.870068400763745
5.870068400763745
5.870068400763745
5.870068400763745
5.870068400763745
5.870068400763745
5.870068400763745
5.870068400763745
5.870068400763745
5.870068400763745
5.870068400763745
5.870068400763745
5.870068400763745
5.870068400763745
5.870068400763745
5.870068400763745
5.870068400763745
5.870068400763745
5.922250046939724
5.922250046939724
5.922250046939724
5.922250046939724
5.922250046939724
5.922250046939724
6.165313891152614
6.165313891152614
6.165313891152614
6.165313891152614
6.165313891152614
6.165313891152614
7.219915852219858
7.219915852219858
7.219915852219858
7.219915852219858
7.219915852219858
7.219915852219858
7.219915852219858
7.219915852219858
7.219915852219858
7.219915852219858
7.219915852219858
7.219915852219858
7.219915852219858
7.219915852219858
7.219915852219858
7.219915852219858
7.306410235600561
7.306410235600561
7.306410235600561
7.306410235600561
7.306410235600561
7.306410235600561
7.306410235600561
7.306410235600561
7.306410235600561
7.306410235600561
7.306410235600561
7.306410235600561
7.306410235600561
7.432020393148939
7.501734903584266
7.501734903584266
7.760999316108118
7.760999316108118
7.760999316108118
7.760999316108118
7.760999316108118
7.760999316108118
7.785102821894142
7.785102821894142
7.785102821894142
7.785102821894142
7.785102821894142
7.785102821894142
7.785102821894142
7.785102821894142
7.785102821894142
7.785102821894142
8.01790593597014
8.01790593597014
8.01790593597014
8.01790593597014
8.01790593597014
8.01790593597014
8.01790593597014
8.01790593597014
8.01790593597014
8.01790593597014
8.01790593597014
8.01790593597014
8.01790593597014
8.01790593597014
8.01790593597014
8.01790593597014
8.01790593597014
8.01790593597014
8.01790593597014
8.01790593597014
8.01790593597014
8.01790593597014
8.031700392966858
8.106904360259922
8.106904360259922
8.527079655752623
8.527079655752623
8.527079655752623
8.527079655752623
8.527079655752623
8.527079655752623
8.527079655752623
8.527079655752623
8.527079655752623
8.527079655752623
8.527079655752623
8.527079655752623
8.527079655752623
8.527079655752623
8.527079655752623
8.527079655752623
8.527079655752623
8.527079655752623
8.527079655752623
8.527079655752623
8.527079655752623
8.527079655752623
8.527079655752623
8.527079655752623
8.527079655752623
8.527079655752623
8.527079655752623
8.527079655752623
8.527079655752623
8.527079655752623
8.527079655752623
8.527079655752623
8.589223498138946
8.589223498138946
8.589223498138946
8.589223498138946
8.589223498138946
8.589223498138946
8.589223498138946
8.589223498138946
8.589223498138946
8.589223498138946
8.589223498138946
8.589223498138946
8.589223498138946
8.589223498138946
8.589223498138946
8.589223498138946
8.64412331247288
8.64412331247288
8.64412331247288
8.64412331247288
8.64412331247288
8.64412331247288
8.64412331247288
8.64412331247288
8.64412331247288
8.64412331247288
8.64412331247288
8.64412331247288
8.64412331247288
8.64412331247288
8.64412331247288
8.64412331247288
8.64412331247288
8.64412331247288
8.64412331247288
8.64412331247288
8.64412331247288
8.64412331247288
8.64412331247288
8.64412331247288
8.64412331247288
8.64412331247288
8.64412331247288
8.64412331247288
8.64412331247288
8.64412331247288
8.64412331247288
8.64412331247288
8.64412331247288
8.64412331247288
8.691852703043391
8.691852703043391
8.691852703043391
8.691852703043391
8.691852703043391
8.691852703043391
8.691852703043391
8.691852703043391
8.691852703043391
8.691852703043391
8.691852703043391
8.741599121817439
8.741599121817439
8.741599121817439
8.741599121817439
8.741599121817439
8.741599121817439
8.741599121817439
8.784424354239539
8.784424354239539
8.784424354239539
8.784424354239539
8.784424354239539
8.784424354239539
8.784424354239539
8.784424354239539
8.784424354239539
8.784424354239539
8.784424354239539
8.784424354239539
8.784424354239539
8.784424354239539
8.784424354239539
8.784424354239539
8.784424354239539
8.784424354239539
8.784424354239539
8.784424354239539
8.784424354239539
8.889162506657813
8.889162506657813
8.889162506657813
8.889162506657813
8.889162506657813
8.889162506657813
8.889162506657813
8.889162506657813
8.889162506657813
8.889162506657813
8.889162506657813
8.889162506657813
8.891446258762226
8.891446258762226
8.891446258762226
8.891446258762226
8.891446258762226
8.891446258762226
8.891446258762226
8.891446258762226
8.891446258762226
8.891446258762226
8.891446258762226
8.891446258762226
8.891446258762226
8.891446258762226
8.891446258762226
8.891446258762226
8.891446258762226
8.891446258762226
8.891446258762226
8.891446258762226
8.891446258762226
8.891446258762226
8.891446258762226
8.891446258762226
8.894103482094618
8.894103482094618
8.894103482094618
8.894103482094618
8.894103482094618
8.894103482094618
8.894103482094618
8.894103482094618
8.894103482094618
8.894103482094618
8.894103482094618
8.894103482094618
8.894103482094618
8.894103482094618
8.894103482094618
8.894103482094618
8.894103482094618
8.894103482094618
8.894103482094618
8.894103482094618
8.894103482094618
8.894103482094618
8.894103482094618
8.894103482094618
8.894103482094618
8.894103482094618
8.894103482094618
8.977008813487352
8.977008813487352
8.977008813487352
8.977008813487352
8.977008813487352
8.977008813487352
8.977008813487352
8.977008813487352
8.977008813487352
8.977008813487352
8.977008813487352
8.977008813487352
8.977008813487352
8.977008813487352
8.977008813487352
8.977008813487352
9.020111402989983
9.020111402989983
9.020111402989983
9.020111402989983
9.020111402989983
9.020111402989983
9.020111402989983
9.020111402989983
9.020111402989983
9.020111402989983
9.020111402989983
9.020111402989983
9.021074318101913
9.021074318101913
9.021074318101913
9.021074318101913
9.032861258609529
9.032861258609529
9.032861258609529
9.032861258609529
9.032861258609529
9.032861258609529
9.032861258609529
9.032861258609529
9.032861258609529
9.032861258609529
9.032861258609529
9.032861258609529
9.032861258609529
9.032861258609529
9.032861258609529
9.032861258609529
9.032861258609529
9.053160783809549
9.053160783809549
9.053160783809549
9.053160783809549
9.053160783809549
9.053160783809549
9.066729858377453
9.066729858377453
9.066729858377453
9.066729858377453
9.107093700710497
9.107093700710497
9.107093700710497
9.107093700710497
9.107093700710497
9.107093700710497
9.107093700710497
9.107093700710497
9.107093700710497
9.111608392419793
9.111608392419793
9.111608392419793
9.111608392419793
9.127798055571628
9.127798055571628
9.153199812350666
9.153199812350666
9.153199812350666
9.153199812350666
9.153199812350666
9.153199812350666
9.153199812350666
9.153199812350666
9.153199812350666
9.153199812350666
9.153199812350666
9.153199812350666
9.153199812350666
9.153199812350666
9.153199812350666
9.153199812350666
9.153199812350666
9.173280260421063
9.173280260421063
9.173280260421063
9.173280260421063
9.173280260421063
9.173280260421063
9.1794414882102
9.1794414882102
9.1794414882102
9.1794414882102
9.1794414882102
9.1794414882102
9.1794414882102
9.1794414882102
9.1794414882102
9.1794414882102
9.1794414882102
9.182193833937847
9.182193833937847
9.201447324535609
9.219543285525786
9.243133252807365
9.243133252807365
9.243133252807365
9.243133252807365
9.243133252807365
9.243133252807365
9.243133252807365
9.243133252807365
9.243133252807365
9.243133252807365
9.243133252807365
9.243133252807365
9.243133252807365
9.243133252807365
9.243133252807365
9.243133252807365
9.243133252807365
9.243133252807365
9.243133252807365
9.252822121125654
9.252822121125654
9.252822121125654
9.252822121125654
9.252822121125654
9.252822121125654
9.252822121125654
9.252822121125654
9.252822121125654
9.253283972525658
9.253283972525658
9.253283972525658
9.253283972525658
9.253283972525658
9.253283972525658
9.253283972525658
9.269363563468435
9.273662995070517
9.273662995070517
9.273662995070517
9.273662995070517
9.273662995070517
9.273662995070517
9.273662995070517
9.273662995070517
9.274465652094136
9.274465652094136
9.274465652094136
9.274465652094136
9.274465652094136
9.274465652094136
9.274465652094136
9.274465652094136
9.274465652094136
9.274465652094136
9.274465652094136
9.274465652094136
9.274465652094136
9.274465652094136
9.274465652094136
9.274465652094136
9.274465652094136
9.274465652094136
9.274465652094136
9.274465652094136
9.274465652094136
9.274465652094136
9.286890512584586
9.286890512584586
9.286890512584586
9.286890512584586
9.286890512584586
9.310235609116265
9.310235609116265
9.310235609116265
9.310235609116265
9.312837701377461
9.312837701377461
9.312837701377461
9.312837701377461
9.312837701377461
9.312837701377461
9.312837701377461
9.312837701377461
9.312837701377461
9.312837701377461
9.312837701377461
9.312837701377461
9.312837701377461
9.312837701377461
9.312837701377461
9.312837701377461
9.312837701377461
9.312837701377461
9.312837701377461
9.312837701377461
9.312837701377461
9.312837701377461
9.312837701377461
9.312837701377461
9.312837701377461
9.312837701377461
9.312837701377461
9.312837701377461
9.312837701377461
9.312837701377461
9.312837701377461
9.312837701377461
9.312837701377461
9.312837701377461
9.312837701377461
9.312837701377461
9.312837701377461
9.312837701377461
9.312837701377461
9.312837701377461
9.312837701377461
9.312837701377461
9.312837701377461
9.312837701377461
9.312837701377461
9.312837701377461
9.312837701377461
9.312837701377461
9.312837701377461
9.312837701377461
9.312837701377461
9.312837701377461
9.31637572812109
9.31637572812109
9.31637572812109
9.31637572812109
9.31637572812109
9.31637572812109
9.31637572812109
9.31637572812109
9.31637572812109
9.31637572812109
9.31637572812109
9.31637572812109
9.31637572812109
9.31637572812109
9.31637572812109
9.31637572812109
9.31637572812109
9.31637572812109
9.31637572812109
9.31637572812109
9.31637572812109
9.31637572812109
9.31637572812109
9.31637572812109
9.31637572812109
9.31637572812109
9.31637572812109
9.31637572812109
9.31637572812109
9.31637572812109
9.31637572812109
9.31637572812109
9.31637572812109
9.31637572812109
9.31637572812109
9.31637572812109
9.31637572812109
9.31637572812109
9.31637572812109
9.31637572812109
9.31637572812109
9.31637572812109
9.31637572812109
9.31637572812109
9.31637572812109
9.31637572812109
9.31637572812109
9.31637572812109
9.31637572812109
9.31637572812109
9.31637572812109
9.31637572812109
9.31637572812109
9.31637572812109
9.31637572812109
9.31637572812109
9.31637572812109
9.31637572812109
9.31637572812109
9.31637572812109
9.31637572812109
9.31637572812109
9.31637572812109
9.31637572812109
9.31637572812109
9.31637572812109
9.31637572812109
9.31775336643159
9.31775336643159
9.31775336643159
9.31775336643159
9.31775336643159
9.31775336643159
9.31775336643159
9.31775336643159
9.31775336643159
9.320489151820656
9.320489151820656
9.320489151820656
9.320489151820656
9.320489151820656
9.320489151820656
9.320489151820656
9.320489151820656
9.320489151820656
9.320489151820656
9.320489151820656
9.320489151820656
9.320489151820656
9.320489151820656
9.320489151820656
9.320489151820656
9.320489151820656
9.320489151820656
9.320489151820656
9.320489151820656
9.320489151820656
9.320489151820656
9.320489151820656
9.320489151820656
9.320489151820656
9.320489151820656
9.320489151820656
9.320489151820656
9.320489151820656
9.320489151820656
9.320489151820656
9.320489151820656
9.320489151820656
9.320489151820656
9.320489151820656
9.320489151820656
9.320489151820656
9.320489151820656
9.320489151820656
9.320489151820656
9.320489151820656
9.320489151820656
9.320489151820656
9.320489151820656
9.320489151820656
9.320489151820656
9.320489151820656
9.320489151820656
9.320489151820656
9.320489151820656
9.320489151820656
9.320489151820656
9.320489151820656
9.320489151820656
9.320489151820656
9.320489151820656
9.320489151820656
9.320489151820656
9.323151566497858
9.323151566497858
9.323151566497858
9.323151566497858
9.323151566497858
9.323151566497858
9.323151566497858
9.323151566497858
9.323151566497858
9.323151566497858
9.323151566497858
9.323151566497858
9.323151566497858
9.323151566497858
9.323151566497858
9.323151566497858
9.323151566497858
9.323151566497858
9.323151566497858
9.323151566497858
9.323151566497858
9.323151566497858
9.323151566497858
9.323151566497858
9.323151566497858
9.323151566497858
9.328112884285776
9.328112884285776
9.328112884285776
9.328112884285776
9.328112884285776
9.328112884285776
9.328112884285776
9.328112884285776
9.328112884285776
9.328112884285776
9.328112884285776
9.328112884285776
9.328112884285776
9.328112884285776
9.328112884285776
9.328112884285776
9.328112884285776
9.328112884285776
9.328112884285776
9.328112884285776
9.328112884285776
9.328112884285776
9.328112884285776
9.328112884285776
9.328112884285776
9.328112884285776
9.328112884285776
9.328112884285776
9.328112884285776
9.328112884285776
9.328112884285776
9.328112884285776
9.328112884285776
9.328112884285776
9.328112884285776
9.328112884285776
9.328112884285776
9.328112884285776
9.328112884285776
9.328112884285776
9.328112884285776
9.328112884285776
9.328112884285776
9.328112884285776
9.328112884285776
9.328112884285776
9.328112884285776
9.328112884285776
9.328112884285776
9.328112884285776
9.328112884285776
9.328112884285776
9.328112884285776
9.328112884285776
9.328112884285776
9.328112884285776
9.328112884285776
9.328112884285776
9.328112884285776
9.328112884285776
9.328112884285776
9.328112884285776
9.328112884285776
9.328112884285776
9.328112884285776
9.328112884285776
9.328112884285776
9.328112884285776
9.328112884285776
9.328112884285776
9.328112884285776
9.328112884285776
9.328112884285776
9.328112884285776
9.328112884285776
9.331418268835089
9.331418268835089
9.331418268835089
9.331418268835089
9.331418268835089
9.331418268835089
9.331418268835089
9.331418268835089
9.331418268835089
9.331418268835089
9.331418268835089
9.331418268835089
9.331418268835089
9.331418268835089
9.331418268835089
9.331418268835089
9.331418268835089
9.331418268835089
9.331418268835089
9.331418268835089
9.331418268835089
9.331418268835089
9.331418268835089
9.331637994771345
9.331637994771345
9.331637994771345
9.331637994771345
9.331637994771345
9.331637994771345
9.331637994771345
9.331637994771345
9.331637994771345
9.331637994771345
9.331637994771345
9.331637994771345
9.331637994771345
9.331637994771345
9.331637994771345
9.331637994771345
9.331637994771345
9.331637994771345
9.331637994771345
9.331637994771345
9.331637994771345
9.331637994771345
9.331637994771345
9.331637994771345
9.33552063363375
9.33552063363375
9.33552063363375
9.33552063363375
9.33552063363375
9.33552063363375
9.33552063363375
9.33552063363375
9.33552063363375
9.33552063363375
9.33552063363375
9.33552063363375
9.33552063363375
9.33552063363375
9.33552063363375
9.33552063363375
9.33552063363375
9.33552063363375
9.33552063363375
9.33552063363375
9.33552063363375
9.33552063363375
9.33552063363375
9.33552063363375
9.33552063363375
9.33552063363375
9.33552063363375
9.33552063363375
9.33552063363375
9.33552063363375
9.33552063363375
9.33552063363375
9.33552063363375
9.33552063363375
9.33552063363375
9.33552063363375
9.33552063363375
9.33552063363375
9.33552063363375
9.33552063363375
9.33552063363375
9.33552063363375
9.33552063363375
9.33552063363375
9.33552063363375
9.33552063363375
9.33552063363375
9.33552063363375
9.33552063363375
9.33552063363375
9.33552063363375
9.33552063363375
9.33552063363375
9.33552063363375
9.33552063363375
9.33552063363375
9.33552063363375
9.33552063363375
9.33552063363375
9.33552063363375
9.33552063363375
9.33552063363375
9.33552063363375
9.33552063363375
9.33552063363375
9.33552063363375
9.33552063363375
9.33552063363375
9.33552063363375
9.33552063363375
9.33552063363375
9.33552063363375
9.33552063363375
9.33552063363375
9.33552063363375
9.33552063363375
9.33552063363375
9.33552063363375
9.33552063363375
9.33552063363375
9.33552063363375
9.33552063363375
9.33552063363375
9.33552063363375
9.33552063363375
9.33552063363375
9.33552063363375
9.33552063363375
9.33552063363375
9.33552063363375
9.33552063363375
9.33552063363375
9.33552063363375
9.33552063363375
9.33552063363375
9.33552063363375
9.33552063363375
9.33552063363375
9.33552063363375
9.33552063363375
9.33552063363375
9.33552063363375
9.33552063363375
9.33552063363375
9.33552063363375
9.33552063363375
9.33552063363375
9.33552063363375
9.33552063363375
9.33552063363375
9.33552063363375
9.33552063363375
9.33552063363375
9.33552063363375
9.33552063363375
9.33552063363375
9.33552063363375
9.33552063363375
9.33552063363375
9.33552063363375
9.33552063363375
9.33552063363375
9.33552063363375
9.33552063363375
9.33552063363375
9.33552063363375
9.33552063363375
9.33552063363375
9.33552063363375
9.33552063363375
9.33552063363375
9.33552063363375
9.33552063363375
9.33552063363375
9.33552063363375
9.33552063363375
9.33552063363375
9.33552063363375
9.33552063363375
9.33552063363375
9.33552063363375
9.33552063363375
9.33552063363375
9.33552063363375
9.33552063363375
9.33552063363375
9.33552063363375
9.33552063363375
9.33552063363375
9.33552063363375
9.33552063363375
9.33552063363375
9.33552063363375
9.33552063363375
9.33552063363375
9.33552063363375
9.33552063363375
9.33552063363375
9.33552063363375
9.33552063363375
9.33552063363375
9.33552063363375
9.33552063363375
9.33552063363375
9.33552063363375
9.33552063363375
9.33552063363375
9.33552063363375
9.33552063363375
9.33552063363375
9.33552063363375
9.33552063363375
9.33552063363375
9.33552063363375
9.33552063363375
9.33552063363375
9.33552063363375
9.33552063363375
9.33552063363375
9.33552063363375
9.33552063363375
9.33552063363375
9.33552063363375
9.33552063363375
9.33552063363375
9.335940154732205
9.335940154732205
9.335940154732205
9.335940154732205
9.335940154732205
9.335940154732205
9.335940154732205
9.335940154732205
9.335940154732205
9.335940154732205
9.335940154732205
9.335940154732205
9.335940154732205
9.335940154732205
9.335940154732205
9.335940154732205
9.335940154732205
9.335940154732205
9.335940154732205
9.335940154732205
9.335940154732205
9.335940154732205
9.335940154732205
9.335940154732205
9.335940154732205
9.335940154732205
9.335940154732205
9.335940154732205
9.335940154732205
9.335940154732205
9.335940154732205
9.335940154732205
9.335940154732205
9.335940154732205
9.335940154732205
9.335940154732205
9.335940154732205
9.335940154732205
9.335940154732205
9.335940154732205
9.335940154732205
9.335940154732205
9.335940154732205
9.335940154732205
9.335940154732205
9.335940154732205
9.335940154732205
9.335940154732205
9.335940154732205
9.335940154732205
9.335940154732205
9.335940154732205
9.335940154732205
9.335940154732205
9.335940154732205
9.335940154732205
9.335940154732205
9.335940154732205
9.335940154732205
9.335940154732205
9.335940154732205
9.335940154732205
9.335940154732205
9.335940154732205
9.335940154732205
9.335940154732205
9.335940154732205
9.335940154732205
9.335940154732205
9.335940154732205
9.335940154732205
9.335940154732205
9.335940154732205
9.335940154732205
9.335940154732205
9.335940154732205
9.335940154732205
9.335940154732205
9.335940154732205
9.335940154732205
9.335940154732205
9.335940154732205
9.335940154732205
9.335940154732205
9.335940154732205
9.335940154732205
9.335940154732205
9.335940154732205
9.335940154732205
9.335940154732205
9.335940154732205
9.335940154732205
9.335940154732205
9.335940154732205
9.335940154732205
9.335940154732205
9.335940154732205
9.335940154732205
9.335940154732205
9.335940154732205
9.335940154732205
9.335940154732205
9.335940154732205
9.335940154732205
9.335940154732205
9.335940154732205
9.335940154732205
9.335940154732205
9.335940154732205
9.335940154732205
9.335940154732205
9.335940154732205
9.335940154732205
9.335940154732205
9.335940154732205
9.335940154732205
9.335940154732205
9.335940154732205
9.335940154732205
9.335940154732205
9.335940154732205
9.335940154732205
9.335940154732205
9.335940154732205
9.335940154732205
9.335940154732205
9.335940154732205
9.335940154732205
9.335940154732205
9.335940154732205
9.335940154732205
9.335940154732205
9.335940154732205
9.335940154732205
9.335940154732205
9.335940154732205
9.335940154732205
9.335940154732205
9.335940154732205
9.335940154732205
9.335940154732205
9.335940154732205
9.335940154732205
9.335940154732205
9.335940154732205
9.335940154732205
9.335940154732205
9.335940154732205
9.335940154732205
9.335940154732205
9.335940154732205
9.335940154732205
9.335940154732205
9.335940154732205
9.335940154732205
9.335940154732205
9.335940154732205
9.335940154732205
9.335940154732205
9.335940154732205
9.335940154732205
9.335940154732205
9.335940154732205
9.335940154732205
9.335940154732205
9.335940154732205
9.335940154732205
9.335940154732205
9.335940154732205
9.335940154732205
9.335940154732205
9.335940154732205
9.335940154732205
9.335940154732205
9.335940154732205
9.335940154732205
9.335940154732205
9.335940154732205
9.335940154732205
9.335940154732205
9.335940154732205
9.335940154732205
9.335940154732205
9.335940154732205
9.335940154732205
9.335940154732205
9.335940154732205
9.335940154732205
9.335940154732205
9.335940154732205
9.335940154732205
9.335940154732205
9.335940154732205
9.335940154732205
9.335940154732205
9.335940154732205
9.335940154732205
9.335940154732205
9.335940154732205
9.335940154732205
9.335940154732205
9.335940154732205
9.335940154732205
9.335940154732205
9.335940154732205
9.335940154732205
9.335940154732205
9.335940154732205
9.335940154732205
9.335940154732205
9.335940154732205
9.335940154732205
9.335940154732205
9.335940154732205
9.335940154732205
9.335940154732205
9.335940154732205
9.335940154732205
9.335940154732205
9.335940154732205
9.335940154732205
9.335940154732205
9.335940154732205
9.335940154732205
9.335940154732205
9.335940154732205
9.335940154732205
9.335940154732205
9.335940154732205
9.335940154732205
9.335940154732205
9.335940154732205
9.335940154732205
9.335940154732205
9.335940154732205
9.335940154732205
9.335940154732205
9.335940154732205
9.335940154732205
9.335940154732205
9.335940154732205
9.335940154732205
9.335940154732205
9.335940154732205
9.335940154732205
9.335940154732205
9.335940154732205
9.335940154732205
9.335940154732205
9.335940154732205
9.335940154732205
9.335940154732205
9.335940154732205
9.335940154732205
9.335940154732205
9.335940154732205
9.335940154732205
9.335940154732205
9.335940154732205
9.335940154732205
9.335940154732205
9.335940154732205
9.335940154732205
9.335940154732205
9.335940154732205
9.335940154732205
9.335940154732205
9.335940154732205
9.335940154732205
9.335940154732205
9.335940154732205
9.335940154732205
9.335940154732205
9.335940154732205
9.335940154732205
9.335940154732205
9.335940154732205
9.335940154732205
9.335940154732205
9.335940154732205
9.335940154732205
9.335940154732205
9.335940154732205
9.335940154732205
9.335940154732205
9.335940154732205
9.335940154732205
9.335940154732205
9.335940154732205
9.335940154732205
9.335940154732205
9.335940154732205
9.335940154732205
9.335940154732205
9.335940154732205
9.335940154732205
9.335940154732205
9.335940154732205
9.335940154732205
9.335940154732205
9.335940154732205
9.335940154732205
9.335940154732205
9.335940154732205
9.335940154732205
9.335940154732205
9.335940154732205
9.335940154732205
9.335940154732205
9.335940154732205
9.335940154732205
9.335940154732205
9.335940154732205
9.335940154732205
9.335940154732205
9.335940154732205
9.335940154732205
9.335940154732205
9.335940154732205
9.335940154732205
9.335940154732205
9.335940154732205
9.335940154732205
9.335940154732205
9.335940154732205
9.335940154732205
9.335940154732205
9.335940154732205
9.335940154732205
9.335940154732205
9.335940154732205
9.335940154732205
9.335940154732205
9.335940154732205
9.335940154732205
9.335940154732205
9.335940154732205
9.335940154732205
9.335940154732205
9.335940154732205
9.335940154732205
9.335940154732205
9.335940154732205
9.335940154732205
9.335940154732205
9.335940154732205
9.335940154732205
9.335940154732205
9.335940154732205
9.335940154732205
9.335940154732205
9.335940154732205
9.335940154732205
9.335940154732205
9.335940154732205
9.335940154732205
9.335940154732205
9.335940154732205
9.335940154732205
9.335940154732205
9.335940154732205
9.335940154732205
9.335940154732205
9.335940154732205
9.335940154732205
9.335940154732205
9.335940154732205
9.335940154732205
9.335940154732205
9.335940154732205
9.335940154732205
9.335940154732205
9.335940154732205
9.335940154732205
9.335940154732205
9.335940154732205
9.335940154732205
9.335940154732205
9.335940154732205
9.335940154732205
9.335940154732205
9.335940154732205
9.335940154732205
9.335940154732205
9.335940154732205
9.335940154732205
9.335940154732205
9.335940154732205
9.335940154732205
9.335940154732205
9.335940154732205
9.335940154732205
9.335940154732205
9.335940154732205
9.335940154732205
9.335940154732205
9.335940154732205
9.335940154732205
9.335940154732205
9.335940154732205
9.335940154732205
9.335940154732205
9.335940154732205
9.335940154732205
9.335940154732205
9.335940154732205
9.335940154732205
9.335940154732205
9.335940154732205
9.335940154732205
9.335940154732205
9.335940154732205
9.335940154732205
9.335940154732205
9.335940154732205
9.335940154732205
9.335940154732205
9.335940154732205
9.335940154732205
9.335940154732205
9.335940154732205
9.335940154732205
9.335940154732205
9.335940154732205
9.335940154732205
9.335940154732205
9.335940154732205
9.335940154732205
9.335940154732205
9.335940154732205
9.335940154732205
9.335940154732205
9.335940154732205
9.335940154732205
9.335940154732205
9.335940154732205
9.335940154732205
9.335940154732205
9.335940154732205
9.335940154732205
9.335940154732205
9.335987001720143
9.335987001720143
9.335987001720143
9.335987001720143
9.335987001720143
9.335987001720143
9.335987001720143
9.335987001720143
9.335987001720143
9.335987001720143
9.335987001720143
9.335987001720143
9.335987001720143
9.335987001720143
9.335987001720143
9.335987001720143
9.335987001720143
9.335987001720143
9.335987001720143
9.335987001720143
9.335987001720143
9.335987001720143
9.335987001720143
9.335987001720143
9.335987001720143
9.335987001720143
9.335987001720143
9.335987001720143
9.335987001720143
9.335987001720143
9.335987001720143
9.335987001720143
9.335987001720143
9.335987001720143
9.335987001720143
9.335987001720143
9.335987001720143
9.335987001720143
9.335987001720143
9.335987001720143
9.335987001720143
9.335987001720143
9.335987001720143
9.335987001720143
9.335987001720143
9.335987001720143
9.335987001720143
9.335987001720143
9.335987001720143
9.335987001720143
9.335987001720143
9.335987001720143
9.335987001720143
9.335987001720143
9.335987001720143
9.335987001720143
9.335987001720143
9.335987001720143
9.335987001720143
9.335987001720143
9.335987001720143
9.335987001720143
9.335987001720143
9.335987001720143
9.335987001720143
9.335987001720143
9.335987001720143
9.335987001720143
9.335987001720143
9.335987001720143
9.335987001720143
9.335987001720143
9.335987001720143
9.335987001720143
9.335987001720143
9.335987001720143
9.335987001720143
9.335987001720143
9.335987001720143
9.335987001720143
9.335987001720143
9.335987001720143
9.335987001720143
9.335987001720143
9.335987001720143
9.335987001720143
9.335987001720143
9.335987001720143
9.335987001720143
9.335987001720143
9.335987001720143
9.335987001720143
9.335987001720143
9.335987001720143
9.335987001720143
9.335987001720143
9.335987001720143
9.335987001720143
9.335987001720143
9.335987001720143
9.335987001720143
9.335987001720143
9.335987001720143
9.335987001720143
9.335987001720143
9.335987001720143
9.335987001720143
9.335987001720143
9.335987001720143
9.335987001720143
9.335987001720143
9.335987001720143
9.335987001720143
9.335987001720143
9.335987001720143
9.335987001720143
9.335987001720143
9.335987001720143
9.335987001720143
9.335987001720143
9.335987001720143
9.335987001720143
9.335987001720143
9.335987001720143
9.335987001720143
9.335987001720143
9.335987001720143
9.335987001720143
9.335987001720143
9.335987001720143
9.335987001720143
9.335987001720143
9.335987001720143
9.335987001720143
9.335987001720143
9.335987001720143
9.335987001720143
9.335987001720143
9.335987001720143
9.335987001720143
9.335987001720143
9.335987001720143
9.335987001720143
9.335987001720143
9.335987001720143
9.335987001720143
9.335987001720143
9.335987001720143
9.335987001720143
9.335987001720143
9.335987001720143
9.335987001720143
9.335987001720143
9.335987001720143
9.335987001720143
9.335987001720143
9.335987001720143
9.335987001720143
9.335987001720143
9.335987001720143
9.335987001720143
9.335987001720143
9.335987001720143
9.335987001720143
9.335987001720143
9.335987001720143
9.335987001720143
9.335987001720143
9.335987001720143
9.335987001720143
9.335987001720143
9.335987001720143
9.335987001720143
9.335987001720143
9.335987001720143
9.335987001720143
9.335987001720143
9.335987001720143
9.335987001720143
9.336224729039134
9.336224729039134
9.336224729039134
9.336224729039134
9.336224729039134
9.336224729039134
9.336224729039134
9.336224729039134
9.336224729039134
9.336224729039134
9.336224729039134
9.336224729039134
9.336224729039134
9.336224729039134
9.336224729039134
9.336224729039134
9.336224729039134
9.336224729039134
9.336224729039134
9.336224729039134
9.336224729039134
9.336224729039134
9.336224729039134
9.336224729039134
9.336224729039134
9.336224729039134
9.336224729039134
9.336224729039134
9.336224729039134
9.337777275115982
9.337777275115982
9.337777275115982
9.337777275115982
9.337777275115982
9.337777275115982
9.337777275115982
9.337777275115982
9.337777275115982
9.337777275115982
9.337777275115982
9.337777275115982
9.337777275115982
9.337777275115982
9.337777275115982
9.337777275115982
9.337777275115982
9.337777275115982
9.337777275115982
9.337777275115982
9.337777275115982
9.337777275115982
9.337777275115982
9.337777275115982
9.337777275115982
9.337777275115982
9.337777275115982
9.337777275115982
9.337777275115982
9.337777275115982
9.337777275115982
9.337777275115982
9.337777275115982
9.337777275115982
9.337777275115982
9.337777275115982
9.337777275115982
9.337777275115982
9.337777275115982
9.337777275115982
9.337777275115982
9.337777275115982
9.337777275115982
9.337777275115982
9.337777275115982
9.337777275115982
9.337777275115982
9.337777275115982
9.337777275115982
9.337777275115982
9.337777275115982
9.337777275115982
9.337777275115982
9.337777275115982
9.337777275115982
9.337777275115982
9.337777275115982
9.337777275115982
9.337777275115982
9.337777275115982
9.337777275115982
9.337777275115982
9.337777275115982
9.337777275115982
9.337777275115982
9.337777275115982
9.337777275115982
9.337777275115982
9.337777275115982
9.337777275115982
9.337777275115982
9.337777275115982
9.337777275115982
9.337777275115982
9.337777275115982
9.337777275115982
9.337777275115982
9.337777275115982
9.337777275115982
9.337777275115982
9.337777275115982
9.337777275115982
9.337777275115982
9.337777275115982
9.337777275115982
9.337777275115982
9.337777275115982
9.337777275115982
9.337777275115982
9.338659383381016
9.338659383381016
9.338659383381016
9.338659383381016
9.338659383381016
9.338659383381016
9.338659383381016
9.338659383381016
9.338659383381016
9.338659383381016
9.338659383381016
9.338659383381016
9.338659383381016
9.338659383381016
9.338659383381016
9.338659383381016
9.338659383381016
9.338659383381016
9.338659383381016
9.338659383381016
9.338659383381016
9.338659383381016
9.338659383381016
9.338659383381016
9.338659383381016
9.338659383381016
9.338659383381016
9.338659383381016
9.338659383381016
9.338659383381016
9.338659383381016
9.338659383381016
9.338659383381016
9.338659383381016
9.338659383381016
9.338659383381016
9.338659383381016
9.338659383381016
9.338659383381016
9.338659383381016
9.338659383381016
9.338659383381016
9.338659383381016
9.338659383381016
9.338659383381016
9.338659383381016
9.338659383381016
9.338659383381016
9.338659383381016
9.338659383381016
9.338659383381016
9.338659383381016
9.338659383381016
9.338659383381016
9.338659383381016
9.338659383381016
9.338659383381016
9.338659383381016
9.338659383381016
9.338659383381016
9.338659383381016
9.338659383381016
9.338659383381016
9.338659383381016
9.338659383381016
9.338659383381016
9.338659383381016
9.338659383381016
9.338659383381016
9.338659383381016
9.338659383381016
9.338659383381016
9.338659383381016
9.338659383381016
9.338659383381016
9.338659383381016
9.338659383381016
9.338659383381016
9.338659383381016
9.338659383381016
9.338659383381016
9.338659383381016
9.338659383381016
9.338659383381016
9.338659383381016
9.338659383381016
9.338659383381016
9.338659383381016
9.338659383381016
9.338659383381016
9.338659383381016
9.338659383381016
9.338659383381016
9.338659383381016
9.338659383381016
9.338659383381016
9.338659383381016
9.338659383381016
9.338659383381016
9.338659383381016
9.338659383381016
9.338659383381016
9.338659383381016
9.338659383381016
9.338659383381016
9.338659383381016
9.338659383381016
9.338659383381016
9.338659383381016
9.338659383381016
9.338659383381016
9.338659383381016
9.338659383381016
9.338659383381016
9.338659383381016
9.338659383381016
9.338659383381016
9.338659383381016
9.338659383381016
9.338659383381016
9.338659383381016
9.338659383381016
9.338659383381016
9.338659383381016
9.338659383381016
9.338659383381016
9.338659383381016
9.338659383381016
9.338659383381016
9.338659383381016
9.338659383381016
9.338659383381016
Score: 9.338659383381016
Runtime: 638ms
