1.2514118622186168E-7
1.2514118622186168E-7
1.2514118622186168E-7
2.308269195388381E-6
2.308269195388381E-6
2.308269195388381E-6
2.308269195388381E-6
2.1628437886457512E-5
3.439686562271171E-5
8.710195972586561E-5
0.002474809476748169
0.002474809476748169
0.002474809476748169
0.002474809476748169
0.002474809476748169
0.002474809476748169
0.002474809476748169
0.0033901188806117967
0.026621167093800704
0.026621167093800704
0.026621167093800704
0.04732435944639208
0.04732435944639208
0.04732435944639208
0.04732435944639208
0.04732435944639208
0.04732435944639208
0.04732435944639208
0.04732435944639208
0.04732435944639208
0.04732435944639208
0.04732435944639208
0.04732435944639208
0.04732435944639208
0.09620860599787324
0.11947871948226582
0.11947871948226582
0.11947871948226582
0.11947871948226582
0.11947871948226582
0.34957287549548555
0.34957287549548555
0.34957287549548555
0.34957287549548555
0.34957287549548555
0.39609707689243
0.39609707689243
0.39609707689243
0.39609707689243
0.39609707689243
0.556781814431776
0.556781814431776
0.556781814431776
0.556781814431776
0.8540155194501869
4.089071881527443
4.089071881527443
4.089071881527443
4.089071881527443
4.089071881527443
4.089071881527443
4.089071881527443
4.089071881527443
4.089071881527443
4.089071881527443
4.089071881527443
4.089071881527443
4.089071881527443
4.089071881527443
4.089071881527443
4.089071881527443
4.089071881527443
4.089071881527443
4.089071881527443
4.089071881527443
4.089071881527443
4.089071881527443
4.089071881527443
4.089071881527443
4.089071881527443
4.089071881527443
4.089071881527443
4.089071881527443
4.089071881527443
4.089071881527443
4.089071881527443
4.089071881527443
4.089071881527443
4.089071881527443
4.089071881527443
4.089071881527443
4.089071881527443
4.089071881527443
4.089071881527443
4.089071881527443
4.089071881527443
4.089071881527443
4.089071881527443
4.089071881527443
4.089071881527443
4.089071881527443
4.089071881527443
4.089071881527443
4.089071881527443
4.089071881527443
4.089071881527443
4.089071881527443
4.089071881527443
4.089071881527443
4.089071881527443
4.089071881527443
4.089071881527443
4.089071881527443
4.089071881527443
4.089071881527443
4.089071881527443
4.089071881527443
4.089071881527443
4.089071881527443
4.338801873211558
4.338801873211558
4.338801873211558
4.338801873211558
4.338801873211558
4.338801873211558
4.338801873211558
4.338801873211558
4.338801873211558
4.338801873211558
4.338801873211558
4.338801873211558
4.338801873211558
4.338801873211558
4.338801873211558
4.338801873211558
4.338801873211558
4.338801873211558
4.338801873211558
4.338801873211558
4.338801873211558
4.338801873211558
4.338801873211558
4.338801873211558
4.338801873211558
4.338801873211558
4.338801873211558
4.338801873211558
4.338801873211558
4.338801873211558
4.338801873211558
4.338801873211558
4.338801873211558
4.338801873211558
4.338801873211558
4.338801873211558
4.338801873211558
4.338801873211558
4.338801873211558
4.338801873211558
4.338801873211558
4.338801873211558
4.338801873211558
4.338801873211558
4.338801873211558
4.338801873211558
4.338801873211558
5.953714629590598
5.953714629590598
5.953714629590598
5.953714629590598
5.953714629590598
5.953714629590598
5.953714629590598
5.953714629590598
5.953714629590598
5.953714629590598
5.953714629590598
5.953714629590598
5.953714629590598
5.953714629590598
5.953714629590598
5.953714629590598
5.953714629590598
5.953714629590598
5.953714629590598
5.953714629590598
5.953714629590598
5.953714629590598
5.953714629590598
5.953714629590598
5.953714629590598
5.953714629590598
5.953714629590598
5.953714629590598
5.953714629590598
5.953714629590598
5.953714629590598
5.953714629590598
5.953714629590598
5.953714629590598
5.953714629590598
5.953714629590598
5.953714629590598
5.953714629590598
5.953714629590598
5.953714629590598
5.953714629590598
5.953714629590598
5.953714629590598
5.953714629590598
5.953714629590598
5.953714629590598
5.953714629590598
5.953714629590598
5.953714629590598
5.953714629590598
5.953714629590598
5.953714629590598
5.953714629590598
5.953714629590598
5.953714629590598
5.953714629590598
5.953714629590598
5.953714629590598
5.953714629590598
5.953714629590598
5.953714629590598
5.953714629590598
5.953714629590598
5.953714629590598
6.065047733662281
6.065047733662281
6.065047733662281
6.065047733662281
6.065047733662281
6.065047733662281
6.065047733662281
6.065047733662281
6.065047733662281
6.065047733662281
6.065047733662281
6.065047733662281
6.065047733662281
6.065047733662281
6.065047733662281
6.065047733662281
6.065047733662281
6.065047733662281
6.065047733662281
6.065047733662281
6.065047733662281
6.065047733662281
6.065047733662281
6.065047733662281
6.065047733662281
6.065047733662281
6.065047733662281
6.065047733662281
6.065047733662281
6.065047733662281
6.065047733662281
6.065047733662281
6.065047733662281
6.065047733662281
6.065047733662281
6.065047733662281
6.065047733662281
6.065047733662281
6.065047733662281
6.065047733662281
6.065047733662281
6.065047733662281
6.069897016467589
6.069897016467589
6.069897016467589
6.069897016467589
6.069897016467589
6.069897016467589
6.069897016467589
6.069897016467589
6.568441717747544
6.568441717747544
6.568441717747544
6.568441717747544
6.568441717747544
6.726903010377048
6.726903010377048
6.726903010377048
6.726903010377048
6.726903010377048
6.761183431756178
6.761183431756178
6.761183431756178
6.761183431756178
7.058523365465563
7.559132518900204
7.559132518900204
7.559132518900204
7.559132518900204
7.559132518900204
7.559132518900204
7.559132518900204
7.559132518900204
7.559132518900204
7.559132518900204
7.559132518900204
7.559132518900204
7.559132518900204
7.559132518900204
7.559132518900204
7.559132518900204
7.559132518900204
7.559132518900204
7.559132518900204
7.559132518900204
7.559132518900204
7.559132518900204
7.626042955489747
7.626042955489747
7.626042955489747
7.626042955489747
7.626042955489747
7.626042955489747
7.626042955489747
7.651562734859602
7.651562734859602
7.651562734859602
7.651562734859602
7.651562734859602
7.682267723083282
7.682267723083282
7.682267723083282
7.838206649810772
8.500436674512391
8.500436674512391
8.500436674512391
8.500436674512391
8.500436674512391
8.500436674512391
8.500436674512391
8.500436674512391
8.500436674512391
8.500436674512391
8.500436674512391
8.500436674512391
8.500436674512391
8.500436674512391
8.500436674512391
8.500436674512391
8.500436674512391
8.500436674512391
8.500436674512391
8.500436674512391
8.500436674512391
8.500436674512391
8.500436674512391
8.500436674512391
8.500436674512391
8.500436674512391
8.500436674512391
8.500436674512391
8.500436674512391
8.500436674512391
8.500436674512391
8.500436674512391
8.500436674512391
8.500436674512391
8.500436674512391
8.500436674512391
8.500436674512391
8.500436674512391
8.500436674512391
8.500436674512391
8.500436674512391
8.500436674512391
8.500436674512391
8.500436674512391
8.500436674512391
8.500436674512391
8.500436674512391
8.500436674512391
8.67392210285353
8.67392210285353
8.67392210285353
8.67392210285353
8.67392210285353
8.67392210285353
8.67392210285353
8.783256602827173
8.783256602827173
8.783256602827173
8.783256602827173
8.783256602827173
8.783256602827173
8.783256602827173
8.783256602827173
8.783256602827173
8.783256602827173
8.783256602827173
8.783256602827173
8.783256602827173
8.783256602827173
8.783256602827173
8.783256602827173
8.783256602827173
8.858081524045444
8.858081524045444
8.858081524045444
8.858081524045444
8.858081524045444
8.858081524045444
8.88866957273322
8.88866957273322
8.88866957273322
8.88866957273322
8.88866957273322
8.88866957273322
8.88866957273322
9.027418723878819
9.027418723878819
9.17310980408313
9.17310980408313
9.17310980408313
9.17310980408313
9.17310980408313
9.17310980408313
9.17310980408313
9.17310980408313
9.17310980408313
9.17310980408313
9.17310980408313
9.17310980408313
9.17310980408313
9.17310980408313
9.17310980408313
9.17310980408313
9.17310980408313
9.17310980408313
9.17310980408313
9.17310980408313
9.17310980408313
9.205467558363983
9.292052613537003
9.292052613537003
9.292052613537003
9.292052613537003
9.292052613537003
9.292052613537003
9.292052613537003
9.292052613537003
9.292052613537003
9.314213614662558
9.314213614662558
9.314213614662558
9.314213614662558
9.314213614662558
9.314213614662558
9.314213614662558
9.314213614662558
9.314213614662558
9.40345488347993
9.40345488347993
9.40345488347993
9.40345488347993
9.40345488347993
9.40345488347993
9.40345488347993
9.40345488347993
9.40345488347993
9.40345488347993
9.40345488347993
9.40345488347993
9.513785099233909
9.513785099233909
9.513785099233909
9.513785099233909
9.513785099233909
9.513785099233909
9.513785099233909
9.513785099233909
9.513785099233909
9.558311974984205
9.558311974984205
9.558311974984205
9.558311974984205
9.558311974984205
9.558311974984205
9.558311974984205
9.558311974984205
9.558311974984205
9.558311974984205
9.560663309204035
9.560663309204035
9.560663309204035
9.560663309204035
9.560663309204035
9.560663309204035
9.560663309204035
9.560663309204035
9.560663309204035
9.560663309204035
9.560663309204035
9.560663309204035
9.560663309204035
9.560663309204035
9.560663309204035
9.560663309204035
9.560663309204035
9.560663309204035
9.560663309204035
9.560663309204035
9.560663309204035
9.560663309204035
9.560663309204035
9.560663309204035
9.560663309204035
9.560663309204035
9.560663309204035
9.560663309204035
9.560663309204035
9.560663309204035
9.560663309204035
9.560663309204035
9.560663309204035
9.560663309204035
9.560663309204035
9.560663309204035
9.560663309204035
9.560663309204035
9.560663309204035
9.56753396108852
9.56753396108852
9.56753396108852
9.56753396108852
9.56753396108852
9.56753396108852
9.56753396108852
9.56753396108852
9.650771504979975
9.650771504979975
9.650771504979975
9.650771504979975
9.650771504979975
9.650771504979975
9.650771504979975
9.650771504979975
9.650771504979975
9.650771504979975
9.650771504979975
9.650771504979975
9.650771504979975
9.650771504979975
9.650771504979975
9.650771504979975
9.699335842321116
9.699335842321116
9.699335842321116
9.699335842321116
9.699335842321116
9.699335842321116
9.699335842321116
9.699335842321116
9.699335842321116
9.699335842321116
9.699335842321116
9.699335842321116
9.699335842321116
9.699335842321116
9.699335842321116
9.699335842321116
9.699335842321116
9.699335842321116
9.699335842321116
9.699335842321116
9.699335842321116
9.699335842321116
9.699335842321116
9.699335842321116
9.699335842321116
9.699335842321116
9.699335842321116
9.699335842321116
9.699335842321116
9.699335842321116
9.699335842321116
9.699335842321116
9.703948648872148
9.703948648872148
9.703948648872148
9.703948648872148
9.703948648872148
9.703948648872148
9.703948648872148
9.703948648872148
9.703948648872148
9.703948648872148
9.703948648872148
9.703948648872148
9.703948648872148
9.703948648872148
9.703948648872148
9.703948648872148
9.703948648872148
9.703948648872148
9.703948648872148
9.703948648872148
9.703948648872148
9.703948648872148
9.703948648872148
9.703948648872148
9.703948648872148
9.703948648872148
9.703948648872148
9.703948648872148
9.703948648872148
9.703948648872148
9.703948648872148
9.703948648872148
9.703948648872148
9.703948648872148
9.716381768637524
9.716381768637524
9.716381768637524
9.716381768637524
9.716381768637524
9.716381768637524
9.716381768637524
9.716381768637524
9.716381768637524
9.716381768637524
9.716381768637524
9.716381768637524
9.716381768637524
9.716381768637524
9.716381768637524
9.716381768637524
9.716381768637524
9.716381768637524
9.716381768637524
9.716381768637524
9.716381768637524
9.716381768637524
9.716381768637524
9.716381768637524
9.716381768637524
9.716381768637524
9.716381768637524
9.716381768637524
9.716381768637524
9.716381768637524
9.716381768637524
9.716381768637524
9.716381768637524
9.716381768637524
9.716381768637524
9.716381768637524
9.716381768637524
9.716381768637524
9.716381768637524
9.716381768637524
9.716381768637524
9.716381768637524
9.716381768637524
9.716381768637524
9.716381768637524
9.716381768637524
9.716381768637524
9.716381768637524
9.716381768637524
9.716381768637524
9.716381768637524
9.716381768637524
9.716381768637524
9.716381768637524
9.716381768637524
9.716381768637524
9.716381768637524
9.716381768637524
9.716381768637524
9.716381768637524
9.716381768637524
9.716381768637524
9.716381768637524
9.716381768637524
9.716381768637524
9.716381768637524
9.716381768637524
9.740417217443557
9.740417217443557
9.740417217443557
9.740417217443557
9.740417217443557
9.740417217443557
9.740417217443557
9.740417217443557
9.740417217443557
9.740417217443557
9.740417217443557
9.740417217443557
9.740417217443557
9.740417217443557
9.740417217443557
9.740417217443557
9.740417217443557
9.740417217443557
9.740417217443557
9.740417217443557
9.740417217443557
9.740417217443557
9.740417217443557
9.740417217443557
9.740417217443557
9.740417217443557
9.740417217443557
9.740417217443557
9.740417217443557
9.740417217443557
9.740417217443557
9.740417217443557
9.740417217443557
9.740417217443557
9.740417217443557
9.740417217443557
9.740417217443557
9.740417217443557
9.740417217443557
9.740417217443557
9.740417217443557
9.740417217443557
9.740417217443557
9.740417217443557
9.839035566493429
9.839035566493429
9.839035566493429
9.839035566493429
9.839035566493429
9.839035566493429
9.839035566493429
9.839035566493429
9.839035566493429
9.839035566493429
9.839035566493429
9.839035566493429
9.839035566493429
9.839035566493429
9.839035566493429
9.839035566493429
9.839035566493429
9.839035566493429
9.839035566493429
9.839035566493429
9.839035566493429
9.839035566493429
9.839035566493429
9.839035566493429
9.839035566493429
9.839035566493429
9.839035566493429
9.839035566493429
9.839035566493429
9.839035566493429
9.839035566493429
9.839035566493429
9.839035566493429
9.839035566493429
9.839035566493429
9.839035566493429
9.839035566493429
9.839035566493429
9.839035566493429
9.839035566493429
9.839035566493429
9.839035566493429
9.839035566493429
9.839035566493429
9.839035566493429
9.839035566493429
9.839035566493429
9.839035566493429
9.839035566493429
9.839035566493429
9.839035566493429
9.839035566493429
9.839035566493429
9.839035566493429
9.839035566493429
9.839035566493429
9.839035566493429
9.839035566493429
9.839035566493429
9.839035566493429
9.839035566493429
9.839035566493429
9.839035566493429
9.839035566493429
9.839035566493429
9.839035566493429
9.839035566493429
9.839035566493429
9.839035566493429
9.839035566493429
9.839035566493429
9.839035566493429
9.839035566493429
9.839035566493429
9.839035566493429
9.839035566493429
9.839035566493429
9.839035566493429
9.839035566493429
9.839035566493429
9.839035566493429
9.839035566493429
9.839035566493429
9.839035566493429
9.839035566493429
9.839035566493429
9.839035566493429
9.839035566493429
9.839035566493429
9.839035566493429
9.839035566493429
9.839035566493429
9.839035566493429
9.839035566493429
9.839035566493429
9.839035566493429
9.839035566493429
9.839035566493429
9.839035566493429
9.839035566493429
9.839035566493429
9.839035566493429
9.839035566493429
9.839035566493429
9.839035566493429
9.839035566493429
9.839035566493429
9.839035566493429
9.839035566493429
9.839035566493429
9.839035566493429
9.839035566493429
9.839035566493429
9.839035566493429
9.839035566493429
9.839035566493429
9.839035566493429
9.839035566493429
9.839035566493429
9.839035566493429
9.839035566493429
9.839035566493429
9.839035566493429
9.839035566493429
9.839035566493429
9.839035566493429
9.839035566493429
9.839035566493429
9.839035566493429
9.839035566493429
9.839035566493429
9.839035566493429
9.839035566493429
9.839035566493429
9.839035566493429
9.839035566493429
9.839035566493429
9.839035566493429
9.839035566493429
9.839035566493429
9.839035566493429
9.839035566493429
9.839035566493429
9.839035566493429
9.839035566493429
9.839035566493429
9.839035566493429
9.839035566493429
9.839035566493429
9.839035566493429
9.839035566493429
9.839035566493429
9.839035566493429
9.839035566493429
9.839035566493429
9.839035566493429
9.839035566493429
9.839035566493429
9.839035566493429
9.839035566493429
9.839035566493429
9.839035566493429
9.839035566493429
9.839035566493429
9.839035566493429
9.839035566493429
9.839035566493429
9.839035566493429
9.839035566493429
9.839035566493429
9.839035566493429
9.839035566493429
9.839035566493429
9.839035566493429
9.839035566493429
9.839035566493429
9.839035566493429
9.839035566493429
9.839035566493429
9.839035566493429
9.839035566493429
9.839035566493429
9.839035566493429
9.839035566493429
9.839035566493429
9.839035566493429
9.839035566493429
9.839035566493429
9.839035566493429
9.839035566493429
9.839035566493429
9.839035566493429
9.839035566493429
9.839035566493429
9.839035566493429
9.839035566493429
9.839035566493429
9.839035566493429
9.839035566493429
9.839035566493429
9.839035566493429
9.839035566493429
9.839035566493429
9.839035566493429
9.839035566493429
9.839035566493429
9.839035566493429
9.839035566493429
9.839035566493429
9.839035566493429
9.839035566493429
9.839035566493429
9.839035566493429
9.839035566493429
9.839035566493429
9.839035566493429
9.839035566493429
9.839035566493429
9.839035566493429
9.839035566493429
9.839035566493429
9.839035566493429
9.839035566493429
9.839035566493429
9.839035566493429
9.839035566493429
9.839035566493429
9.839035566493429
9.839035566493429
9.839035566493429
9.839035566493429
9.839035566493429
9.839035566493429
9.839035566493429
9.839035566493429
9.839035566493429
9.839035566493429
9.839035566493429
9.839035566493429
9.839035566493429
9.839035566493429
9.839035566493429
9.839035566493429
9.839035566493429
9.839035566493429
9.839035566493429
9.839035566493429
9.839035566493429
9.839035566493429
9.839035566493429
9.839035566493429
9.839035566493429
9.839035566493429
9.839035566493429
9.839035566493429
9.839035566493429
9.839035566493429
9.839035566493429
9.839035566493429
9.839035566493429
9.839035566493429
9.839035566493429
9.839035566493429
9.839035566493429
9.839035566493429
9.839035566493429
9.839035566493429
9.839035566493429
9.839035566493429
9.839035566493429
9.839035566493429
9.839035566493429
9.839035566493429
9.839035566493429
9.839035566493429
9.839035566493429
9.839035566493429
9.839035566493429
9.839035566493429
9.839035566493429
9.839035566493429
9.839035566493429
9.839035566493429
9.839035566493429
9.839035566493429
9.839035566493429
9.839035566493429
9.839035566493429
9.839035566493429
9.839035566493429
9.839035566493429
9.839035566493429
9.839035566493429
9.839035566493429
9.839035566493429
9.839035566493429
9.839035566493429
9.839035566493429
9.839035566493429
9.839035566493429
9.839035566493429
9.839035566493429
9.839035566493429
9.839035566493429
9.839035566493429
9.839035566493429
9.839035566493429
9.839035566493429
9.839035566493429
9.839035566493429
9.839035566493429
9.839035566493429
9.839035566493429
9.839035566493429
9.839035566493429
9.839035566493429
9.839035566493429
9.839035566493429
9.839035566493429
9.839035566493429
9.839035566493429
9.839035566493429
9.839035566493429
9.839035566493429
9.839035566493429
9.839035566493429
9.839035566493429
9.839035566493429
9.839035566493429
9.839035566493429
9.839035566493429
9.839035566493429
9.839035566493429
9.839035566493429
9.839035566493429
9.839035566493429
9.839035566493429
9.839035566493429
9.839035566493429
9.839035566493429
9.839035566493429
9.839035566493429
9.839035566493429
9.839035566493429
9.839035566493429
9.839035566493429
9.839035566493429
9.839035566493429
9.839035566493429
9.839035566493429
9.839035566493429
9.839035566493429
9.839035566493429
9.839035566493429
9.839035566493429
9.839035566493429
9.839035566493429
9.839035566493429
9.839035566493429
9.839035566493429
9.839035566493429
9.839035566493429
9.839035566493429
9.839035566493429
9.839035566493429
9.839035566493429
9.839035566493429
9.839035566493429
9.839035566493429
9.839035566493429
9.839035566493429
9.839035566493429
9.839035566493429
9.839035566493429
9.839035566493429
9.839035566493429
9.839035566493429
9.839035566493429
9.839035566493429
9.839035566493429
9.839035566493429
9.839035566493429
9.839035566493429
9.839035566493429
9.839035566493429
9.839035566493429
9.839035566493429
9.839035566493429
9.839035566493429
9.839035566493429
9.839035566493429
9.839035566493429
9.839035566493429
9.839035566493429
9.839035566493429
9.839035566493429
9.839035566493429
9.839035566493429
9.839035566493429
9.839035566493429
9.839035566493429
9.839035566493429
9.839035566493429
9.839035566493429
9.839035566493429
9.839035566493429
9.839035566493429
9.839035566493429
9.839035566493429
9.839035566493429
9.839035566493429
9.839035566493429
9.839035566493429
9.839035566493429
9.839035566493429
9.839035566493429
9.839035566493429
9.839035566493429
9.839035566493429
9.839035566493429
9.839035566493429
9.839035566493429
9.839035566493429
9.839035566493429
9.839035566493429
9.839035566493429
9.839035566493429
9.839035566493429
9.839035566493429
9.839035566493429
9.839035566493429
9.839035566493429
9.839035566493429
9.839035566493429
9.839035566493429
9.839035566493429
9.839035566493429
9.839035566493429
9.839035566493429
9.839035566493429
9.839035566493429
9.839035566493429
9.839035566493429
9.839035566493429
9.839035566493429
9.839035566493429
9.839035566493429
9.839035566493429
9.839035566493429
9.839035566493429
9.839035566493429
9.839035566493429
9.839035566493429
9.839035566493429
9.839035566493429
9.839035566493429
9.839035566493429
9.839035566493429
9.839035566493429
9.839035566493429
9.839035566493429
9.839035566493429
9.839035566493429
9.839035566493429
9.839035566493429
9.839035566493429
9.839035566493429
9.839035566493429
9.839035566493429
9.839035566493429
9.839035566493429
9.839035566493429
9.839035566493429
9.839035566493429
9.839035566493429
9.839035566493429
9.839035566493429
9.839035566493429
9.839035566493429
9.839035566493429
9.839035566493429
9.839035566493429
9.839035566493429
9.839035566493429
9.839035566493429
9.839035566493429
9.839035566493429
9.839035566493429
9.839035566493429
9.839035566493429
9.839035566493429
9.839035566493429
9.839035566493429
9.839035566493429
9.839035566493429
9.839035566493429
9.839035566493429
9.839035566493429
9.839035566493429
9.839035566493429
9.839035566493429
9.839035566493429
9.839035566493429
9.839035566493429
9.839035566493429
9.839035566493429
9.839035566493429
9.839035566493429
9.839035566493429
9.839035566493429
9.839035566493429
9.839035566493429
9.839035566493429
9.839035566493429
9.839035566493429
9.839035566493429
9.839035566493429
9.839035566493429
9.839035566493429
9.839035566493429
9.839035566493429
9.839035566493429
9.839035566493429
9.839035566493429
9.839035566493429
9.839035566493429
9.839035566493429
9.839035566493429
9.839035566493429
9.839035566493429
9.839035566493429
9.839035566493429
9.839035566493429
9.839035566493429
9.839035566493429
9.839035566493429
9.839035566493429
9.839035566493429
9.839035566493429
9.839035566493429
9.839035566493429
9.839035566493429
9.839035566493429
9.839035566493429
9.839035566493429
9.839035566493429
9.839035566493429
9.839035566493429
9.839035566493429
9.839035566493429
9.839035566493429
9.839035566493429
9.839035566493429
9.839035566493429
9.839035566493429
9.839035566493429
9.839035566493429
9.839035566493429
9.839035566493429
9.839035566493429
9.839035566493429
9.839035566493429
9.839035566493429
9.839035566493429
9.839035566493429
9.839035566493429
9.839035566493429
9.839035566493429
9.839035566493429
9.839035566493429
9.839035566493429
9.839035566493429
9.839035566493429
9.839035566493429
9.839035566493429
9.839035566493429
9.839035566493429
9.839035566493429
9.839035566493429
9.839035566493429
9.839035566493429
9.839035566493429
9.839035566493429
9.839035566493429
9.839035566493429
9.839035566493429
9.839035566493429
9.839035566493429
9.839035566493429
9.839035566493429
9.839035566493429
9.839035566493429
9.839035566493429
9.839035566493429
9.839035566493429
9.839035566493429
9.839035566493429
9.839035566493429
9.839035566493429
9.839035566493429
9.839035566493429
9.839035566493429
9.839035566493429
9.839035566493429
9.839035566493429
9.839035566493429
9.839035566493429
9.839035566493429
9.839035566493429
9.839035566493429
9.839035566493429
9.839035566493429
9.839035566493429
9.839035566493429
9.839035566493429
9.839035566493429
9.839035566493429
9.839035566493429
9.839035566493429
9.839035566493429
9.839035566493429
9.839035566493429
9.839035566493429
9.839035566493429
9.839035566493429
9.839035566493429
9.839035566493429
9.839035566493429
9.839035566493429
9.839035566493429
9.839035566493429
9.839035566493429
9.839035566493429
9.839035566493429
9.839035566493429
9.839035566493429
9.839035566493429
9.839035566493429
9.839035566493429
9.839035566493429
9.839035566493429
9.839035566493429
9.839035566493429
9.839035566493429
9.839035566493429
9.839035566493429
9.839035566493429
9.839035566493429
9.839035566493429
9.839035566493429
9.839035566493429
9.839035566493429
9.839035566493429
9.839035566493429
9.839035566493429
9.839035566493429
9.839035566493429
9.839035566493429
9.839035566493429
9.839035566493429
9.839035566493429
9.839035566493429
9.839035566493429
9.839035566493429
9.839035566493429
9.839035566493429
9.839035566493429
9.839035566493429
9.839035566493429
9.839035566493429
9.839035566493429
9.839035566493429
9.839035566493429
9.839035566493429
9.839035566493429
9.839035566493429
9.839035566493429
9.839035566493429
9.839035566493429
9.839035566493429
9.839035566493429
9.839035566493429
9.839035566493429
9.839035566493429
9.839035566493429
9.839035566493429
9.839035566493429
9.839035566493429
9.839035566493429
9.839035566493429
9.839035566493429
9.839035566493429
9.839035566493429
9.839035566493429
9.839035566493429
9.839035566493429
9.839035566493429
9.839035566493429
9.839035566493429
9.839035566493429
9.839035566493429
9.839035566493429
9.839035566493429
9.839035566493429
9.839035566493429
9.839035566493429
9.839035566493429
9.839035566493429
9.839035566493429
9.839035566493429
9.839035566493429
9.839035566493429
9.839035566493429
9.839035566493429
9.839035566493429
9.839035566493429
9.839035566493429
9.839035566493429
9.839035566493429
9.839035566493429
9.839035566493429
9.839035566493429
9.839035566493429
9.839035566493429
9.839035566493429
9.839035566493429
9.839035566493429
9.839035566493429
9.839035566493429
9.839035566493429
9.839035566493429
9.839035566493429
9.839035566493429
9.839035566493429
9.839035566493429
9.839035566493429
9.839035566493429
9.839035566493429
9.839035566493429
9.839035566493429
9.839035566493429
9.839035566493429
9.839035566493429
9.839035566493429
9.839035566493429
9.839035566493429
9.839035566493429
9.839035566493429
9.839035566493429
9.839035566493429
9.839035566493429
9.839035566493429
9.839035566493429
9.839035566493429
9.839035566493429
9.839035566493429
9.839035566493429
9.839035566493429
9.839035566493429
9.839035566493429
9.839035566493429
9.839035566493429
9.839035566493429
9.839035566493429
9.839035566493429
9.839035566493429
9.839035566493429
9.839035566493429
9.839035566493429
9.839035566493429
9.839035566493429
9.839035566493429
9.839035566493429
9.839035566493429
9.839035566493429
9.839035566493429
9.839035566493429
9.839035566493429
9.839035566493429
9.839035566493429
9.839035566493429
9.839035566493429
9.839035566493429
9.839035566493429
9.839035566493429
9.839035566493429
9.839035566493429
9.839035566493429
9.839035566493429
9.839035566493429
9.839035566493429
9.839035566493429
9.839035566493429
9.839035566493429
9.839035566493429
9.839035566493429
9.839035566493429
9.839035566493429
9.839035566493429
9.839035566493429
9.839035566493429
9.839035566493429
9.839035566493429
9.839035566493429
9.839035566493429
9.839035566493429
9.839035566493429
9.839035566493429
9.839035566493429
9.839035566493429
9.839035566493429
9.839035566493429
9.839035566493429
9.839035566493429
9.839035566493429
9.839035566493429
9.839035566493429
9.839035566493429
9.839035566493429
9.839035566493429
9.839035566493429
9.839035566493429
9.839035566493429
9.839035566493429
9.839035566493429
9.839035566493429
9.839035566493429
9.839035566493429
9.839035566493429
9.839035566493429
9.839035566493429
9.839035566493429
9.839035566493429
9.839035566493429
9.839035566493429
9.839035566493429
9.839035566493429
9.839035566493429
9.839035566493429
9.839035566493429
9.839035566493429
9.839035566493429
9.839035566493429
9.839035566493429
9.839035566493429
9.839035566493429
9.839035566493429
9.839035566493429
9.839035566493429
9.839035566493429
9.839035566493429
9.839035566493429
9.839035566493429
9.839035566493429
9.839035566493429
9.839035566493429
9.839035566493429
9.839035566493429
9.839035566493429
9.839035566493429
9.839035566493429
9.839035566493429
9.839035566493429
9.839035566493429
9.839035566493429
9.839035566493429
9.839035566493429
9.839035566493429
9.839035566493429
9.839035566493429
9.839035566493429
9.839035566493429
9.839035566493429
9.839035566493429
9.839035566493429
9.839035566493429
9.839035566493429
9.839035566493429
9.839035566493429
9.839035566493429
9.839035566493429
9.839035566493429
9.839035566493429
9.839035566493429
9.839035566493429
9.839035566493429
9.839035566493429
9.839035566493429
9.839035566493429
9.839035566493429
9.839035566493429
9.839035566493429
9.839035566493429
9.839035566493429
9.839035566493429
9.839035566493429
9.839035566493429
9.839035566493429
9.839035566493429
9.839035566493429
9.839035566493429
9.839035566493429
9.839035566493429
9.839035566493429
9.839035566493429
9.839035566493429
9.839035566493429
9.839035566493429
9.839035566493429
9.839035566493429
9.839035566493429
9.839035566493429
9.839035566493429
9.839035566493429
9.839035566493429
9.839035566493429
9.839035566493429
9.839035566493429
9.839035566493429
9.839035566493429
9.839035566493429
9.839035566493429
9.839035566493429
9.839035566493429
9.839035566493429
9.839035566493429
9.839035566493429
9.839035566493429
9.839035566493429
9.839035566493429
9.839035566493429
9.839035566493429
9.839035566493429
9.839035566493429
9.839035566493429
9.839035566493429
9.839035566493429
9.839035566493429
9.839035566493429
9.839035566493429
9.839035566493429
9.839035566493429
9.839035566493429
9.839035566493429
9.839035566493429
9.839035566493429
9.839035566493429
9.839035566493429
9.839035566493429
9.839035566493429
9.839035566493429
9.839035566493429
9.839035566493429
9.839035566493429
9.839035566493429
9.839035566493429
9.839035566493429
9.839035566493429
9.839035566493429
9.839035566493429
9.839035566493429
9.839035566493429
9.839035566493429
9.839035566493429
9.839035566493429
9.839035566493429
9.839035566493429
9.839035566493429
9.839035566493429
9.839035566493429
9.839035566493429
9.839035566493429
9.839035566493429
9.839035566493429
9.839035566493429
9.839035566493429
9.839035566493429
9.839035566493429
9.839035566493429
9.839035566493429
9.839035566493429
9.839035566493429
9.839035566493429
9.839035566493429
9.839035566493429
9.839035566493429
9.839035566493429
9.839035566493429
9.839035566493429
9.839035566493429
9.839035566493429
9.839035566493429
9.839035566493429
9.839035566493429
9.839035566493429
9.839035566493429
9.839035566493429
9.839035566493429
9.839035566493429
9.839035566493429
9.839035566493429
9.839035566493429
9.839035566493429
9.839035566493429
9.839035566493429
9.839035566493429
9.839035566493429
9.839035566493429
9.839035566493429
9.839035566493429
9.839035566493429
9.839035566493429
9.839035566493429
9.839035566493429
9.839035566493429
9.839035566493429
9.839035566493429
9.839035566493429
9.839035566493429
9.839035566493429
9.839035566493429
9.839035566493429
9.839035566493429
9.839035566493429
9.839035566493429
9.839035566493429
9.839035566493429
9.839035566493429
9.839035566493429
9.839035566493429
9.839035566493429
9.839035566493429
9.839035566493429
9.839035566493429
9.839035566493429
9.839035566493429
9.839035566493429
9.839035566493429
9.839035566493429
9.839035566493429
9.839035566493429
9.839035566493429
9.839035566493429
9.839035566493429
9.839035566493429
9.839035566493429
9.839035566493429
9.839035566493429
9.839035566493429
9.839035566493429
9.839035566493429
9.839035566493429
9.839035566493429
9.839035566493429
9.839035566493429
9.839035566493429
9.839035566493429
9.839035566493429
9.839035566493429
9.839035566493429
9.839035566493429
9.839035566493429
9.839035566493429
9.839035566493429
9.839035566493429
9.839035566493429
9.839035566493429
9.839035566493429
9.839035566493429
9.839035566493429
9.839035566493429
9.839035566493429
9.839035566493429
9.839035566493429
9.839035566493429
9.839035566493429
9.839035566493429
9.839035566493429
9.839035566493429
9.839035566493429
9.839035566493429
9.839035566493429
9.839035566493429
9.839035566493429
9.839035566493429
9.839035566493429
9.839035566493429
9.839035566493429
9.839035566493429
9.839035566493429
9.839035566493429
9.839035566493429
9.839035566493429
9.839035566493429
9.839035566493429
9.839035566493429
9.839035566493429
9.839035566493429
9.839035566493429
9.839035566493429
9.839035566493429
9.839035566493429
9.839035566493429
9.839035566493429
9.839035566493429
9.839035566493429
9.839035566493429
9.839035566493429
9.839035566493429
9.839035566493429
9.839035566493429
9.839035566493429
9.839035566493429
9.839035566493429
9.839035566493429
9.839035566493429
9.839035566493429
9.839035566493429
9.839035566493429
9.839035566493429
9.839035566493429
9.839035566493429
9.839035566493429
9.839035566493429
9.839035566493429
9.839035566493429
9.839035566493429
9.839035566493429
9.839035566493429
9.839035566493429
9.839035566493429
9.839035566493429
9.839035566493429
9.839035566493429
9.839035566493429
9.839035566493429
9.839035566493429
9.839035566493429
9.839035566493429
9.839035566493429
9.839035566493429
9.839035566493429
9.839035566493429
9.839035566493429
9.839035566493429
9.839035566493429
9.839035566493429
9.839035566493429
9.839035566493429
9.839035566493429
9.839035566493429
9.839035566493429
9.839035566493429
9.839035566493429
9.839035566493429
9.839035566493429
9.839035566493429
9.839035566493429
9.839035566493429
9.839035566493429
9.839035566493429
9.839035566493429
9.839035566493429
9.839035566493429
9.839035566493429
9.839035566493429
9.839035566493429
9.839035566493429
9.839035566493429
9.839035566493429
9.839035566493429
9.839035566493429
9.839035566493429
9.839035566493429
9.839035566493429
9.839035566493429
9.839035566493429
9.839035566493429
9.839035566493429
9.839035566493429
9.839035566493429
9.839035566493429
9.839035566493429
9.839035566493429
9.839035566493429
9.839035566493429
9.839035566493429
9.839035566493429
9.839035566493429
9.839035566493429
9.839035566493429
9.839035566493429
9.839035566493429
9.839035566493429
9.839035566493429
9.839035566493429
9.839035566493429
9.839035566493429
9.839035566493429
9.839035566493429
9.839035566493429
9.839035566493429
9.839035566493429
9.839035566493429
9.839035566493429
9.839035566493429
9.839035566493429
9.839035566493429
9.839035566493429
9.839035566493429
9.839035566493429
9.839035566493429
9.839035566493429
9.839035566493429
9.839035566493429
9.839035566493429
9.839035566493429
9.839035566493429
9.839035566493429
9.839035566493429
9.839035566493429
9.839035566493429
9.839035566493429
9.839035566493429
9.839035566493429
9.839035566493429
9.839035566493429
9.839035566493429
9.839035566493429
9.839035566493429
9.839035566493429
9.839035566493429
9.839035566493429
9.839035566493429
9.839035566493429
9.839035566493429
9.839035566493429
9.839035566493429
9.839035566493429
9.839035566493429
9.839035566493429
9.839035566493429
9.839035566493429
9.839035566493429
9.839035566493429
9.839035566493429
9.839035566493429
9.839035566493429
9.839035566493429
9.839035566493429
9.839035566493429
9.839035566493429
9.839035566493429
9.839035566493429
9.839035566493429
9.839035566493429
9.839035566493429
9.839035566493429
9.839035566493429
9.839035566493429
9.839035566493429
9.839035566493429
9.839035566493429
9.839035566493429
9.839035566493429
9.839035566493429
9.839035566493429
Score: 9.839035566493429
Runtime: 653ms
