7.217120811826526E-9
7.217120811826526E-9
1.1161512905233126E-7
1.1161512905233126E-7
6.106582950024983E-5
6.106582950024983E-5
6.106582950024983E-5
6.106582950024983E-5
6.106582950024983E-5
0.0012512596670583825
0.0012512596670583825
0.0012512596670583825
0.0012512596670583825
0.0012512596670583825
0.0013380705750768475
0.0038192302548356264
0.0038192302548356264
0.0038192302548356264
0.005182053190858877
0.05476438625831824
0.05476438625831824
0.3897957237870159
0.3897957237870159
0.3897957237870159
0.3897957237870159
0.3897957237870159
0.3897957237870159
0.6657709323087978
0.6657709323087978
1.7299914987223277
1.8561859089105575
1.8561859089105575
2.788339588017115
2.788339588017115
2.788339588017115
2.788339588017115
2.788339588017115
3.9360888842693202
3.9360888842693202
4.3749976531448524
4.3749976531448524
4.3749976531448524
4.3749976531448524
4.3749976531448524
4.3749976531448524
4.3749976531448524
4.3749976531448524
4.3749976531448524
4.3749976531448524
4.3749976531448524
4.3749976531448524
4.5404589285787615
5.184466978087397
5.184466978087397
5.184466978087397
5.184466978087397
5.184466978087397
5.184466978087397
5.184466978087397
5.184466978087397
5.184466978087397
5.184466978087397
5.184466978087397
5.184466978087397
5.184466978087397
5.184466978087397
5.184466978087397
5.184466978087397
5.184466978087397
5.184466978087397
5.184466978087397
6.079265985552242
6.079265985552242
6.079265985552242
6.079265985552242
6.079265985552242
6.079265985552242
6.079265985552242
6.079265985552242
6.079265985552242
6.079265985552242
6.079265985552242
6.079265985552242
6.079265985552242
6.079265985552242
6.079265985552242
6.201295290578703
6.201295290578703
6.201295290578703
6.201295290578703
6.201295290578703
6.201295290578703
6.201295290578703
6.201295290578703
6.201295290578703
6.201295290578703
6.201295290578703
6.201295290578703
6.201295290578703
6.201295290578703
6.201295290578703
6.201295290578703
6.201295290578703
6.201295290578703
6.201295290578703
6.201295290578703
6.201295290578703
6.201295290578703
6.959568613480332
7.435126389193205
7.435126389193205
7.435126389193205
7.435126389193205
7.435126389193205
7.435126389193205
7.435126389193205
7.435126389193205
7.435126389193205
7.435126389193205
7.435126389193205
7.435126389193205
7.435126389193205
7.435126389193205
7.435126389193205
7.435126389193205
7.435126389193205
7.435126389193205
7.435126389193205
7.435126389193205
7.435126389193205
7.435126389193205
7.435126389193205
7.435126389193205
7.435126389193205
7.435126389193205
7.435126389193205
7.435126389193205
7.435126389193205
7.435126389193205
7.435126389193205
7.435126389193205
7.435126389193205
7.435126389193205
7.6234778836128205
7.6234778836128205
7.6234778836128205
7.6234778836128205
7.6234778836128205
7.6234778836128205
7.6234778836128205
7.6234778836128205
7.6234778836128205
7.6234778836128205
7.6234778836128205
7.6234778836128205
7.6234778836128205
7.6234778836128205
7.6234778836128205
7.6234778836128205
7.75359562102283
7.75359562102283
7.75359562102283
7.75359562102283
7.75359562102283
7.75359562102283
7.75359562102283
7.75359562102283
7.75359562102283
7.75359562102283
7.75359562102283
7.75359562102283
7.75359562102283
7.75359562102283
7.75359562102283
7.75359562102283
7.75359562102283
7.75359562102283
7.75359562102283
7.75359562102283
7.75359562102283
7.75359562102283
7.75359562102283
7.75359562102283
7.75359562102283
7.75359562102283
7.75359562102283
7.75359562102283
7.75359562102283
7.75359562102283
7.764091900528108
7.764091900528108
7.764091900528108
7.764091900528108
7.764091900528108
7.764091900528108
7.764091900528108
7.764091900528108
7.764091900528108
7.826158596460777
7.826158596460777
7.826158596460777
7.826158596460777
7.904698285087579
7.904698285087579
7.904698285087579
8.134353403121576
8.134353403121576
8.134353403121576
8.134353403121576
8.134353403121576
8.134353403121576
8.134353403121576
8.134353403121576
8.134353403121576
8.134353403121576
8.134353403121576
8.134353403121576
8.134353403121576
8.134353403121576
8.134353403121576
8.134353403121576
8.134353403121576
8.134353403121576
8.134353403121576
8.134353403121576
8.134353403121576
8.146823969197968
8.146823969197968
8.146823969197968
8.146823969197968
8.334941822675304
8.453939004849348
8.453939004849348
8.453939004849348
8.453939004849348
8.453939004849348
8.453939004849348
8.453939004849348
8.453939004849348
8.64855209413011
8.64855209413011
8.64855209413011
8.64855209413011
8.64855209413011
8.64855209413011
8.64855209413011
8.64855209413011
8.64855209413011
8.64855209413011
8.64855209413011
8.64855209413011
8.64855209413011
8.655811279836506
8.655811279836506
8.655811279836506
8.655811279836506
8.655811279836506
8.655811279836506
8.655811279836506
8.655811279836506
8.769069653029453
8.769069653029453
8.769069653029453
8.769069653029453
8.769069653029453
8.769069653029453
8.769069653029453
8.769069653029453
8.769069653029453
8.769069653029453
8.769069653029453
8.769069653029453
8.769069653029453
8.82529763192759
8.82529763192759
8.82529763192759
8.82529763192759
8.82529763192759
8.82529763192759
8.82529763192759
8.82529763192759
8.82529763192759
8.82529763192759
8.863509387390799
8.863509387390799
8.863509387390799
8.88349416709357
8.88349416709357
8.88349416709357
8.88349416709357
8.932938818873934
8.932938818873934
8.932938818873934
8.932938818873934
8.932938818873934
8.932938818873934
8.932938818873934
8.932938818873934
8.932938818873934
8.932938818873934
8.932938818873934
8.939203596031932
8.939203596031932
9.01115460058201
9.01115460058201
9.01115460058201
9.01115460058201
9.01115460058201
9.01115460058201
9.01115460058201
9.01115460058201
9.01115460058201
9.01115460058201
9.01115460058201
9.01115460058201
9.102265937772158
9.102265937772158
9.102265937772158
9.102265937772158
9.102265937772158
9.102265937772158
9.102265937772158
9.102265937772158
9.102265937772158
9.102265937772158
9.102265937772158
9.102265937772158
9.102265937772158
9.13874590591387
9.13874590591387
9.13874590591387
9.13874590591387
9.13874590591387
9.13874590591387
9.13874590591387
9.13874590591387
9.13874590591387
9.13874590591387
9.16554153071531
9.16554153071531
9.194609374852126
9.194609374852126
9.194609374852126
9.221665746322415
9.221665746322415
9.221665746322415
9.221665746322415
9.221665746322415
9.221665746322415
9.221665746322415
9.221665746322415
9.221665746322415
9.221665746322415
9.221665746322415
9.221665746322415
9.221665746322415
9.221665746322415
9.221665746322415
9.221665746322415
9.233149623330245
9.233149623330245
9.233149623330245
9.266668936629861
9.266668936629861
9.266668936629861
9.326318216206381
9.326318216206381
9.326318216206381
9.326318216206381
9.326318216206381
9.326318216206381
9.326318216206381
9.326318216206381
9.326318216206381
9.388701146691021
9.388701146691021
9.388701146691021
9.388701146691021
9.388701146691021
9.388701146691021
9.388701146691021
9.388701146691021
9.388701146691021
9.388701146691021
9.388701146691021
9.388701146691021
9.388701146691021
9.388701146691021
9.388701146691021
9.388701146691021
9.388701146691021
9.388701146691021
9.388701146691021
9.388701146691021
9.388701146691021
9.388701146691021
9.388701146691021
9.388701146691021
9.388701146691021
9.388701146691021
9.388701146691021
9.394716393246206
9.394716393246206
9.394716393246206
9.394716393246206
9.394716393246206
9.394716393246206
9.394716393246206
9.398983977248319
9.398983977248319
9.398983977248319
9.411591830233727
9.411591830233727
9.411591830233727
9.411591830233727
9.411591830233727
9.411591830233727
9.411591830233727
9.411591830233727
9.423043068780396
9.423043068780396
9.423043068780396
9.423043068780396
9.423043068780396
9.423043068780396
9.473671151869045
9.473671151869045
9.473671151869045
9.473671151869045
9.473671151869045
9.473671151869045
9.473671151869045
9.473671151869045
9.473671151869045
9.473671151869045
9.473671151869045
9.473671151869045
9.473671151869045
9.473671151869045
9.473671151869045
9.473671151869045
9.473671151869045
9.473671151869045
9.473671151869045
9.473671151869045
9.473671151869045
9.473671151869045
9.473671151869045
9.473671151869045
9.473671151869045
9.473671151869045
9.473671151869045
9.473671151869045
9.473671151869045
9.473671151869045
9.473671151869045
9.473671151869045
9.473671151869045
9.473671151869045
9.473671151869045
9.473671151869045
9.473671151869045
9.473671151869045
9.473671151869045
9.473671151869045
9.473671151869045
9.473671151869045
9.478716688279215
9.478716688279215
9.478716688279215
9.478716688279215
9.485378622216949
9.485378622216949
9.485378622216949
9.485378622216949
9.485378622216949
9.485378622216949
9.485378622216949
9.485378622216949
9.485378622216949
9.485378622216949
9.485378622216949
9.485378622216949
9.485378622216949
9.485378622216949
9.485378622216949
9.485378622216949
9.485378622216949
9.485378622216949
9.485378622216949
9.485378622216949
9.485378622216949
9.485378622216949
9.485378622216949
9.485378622216949
9.485378622216949
9.485378622216949
9.485378622216949
9.485378622216949
9.485378622216949
9.485378622216949
9.51275617668814
9.51275617668814
9.51275617668814
9.51275617668814
9.51275617668814
9.51275617668814
9.51275617668814
9.51275617668814
9.51275617668814
9.51275617668814
9.51275617668814
9.51275617668814
9.51275617668814
9.51275617668814
9.51275617668814
9.51827188063932
9.51827188063932
9.51827188063932
9.51827188063932
9.51827188063932
9.51827188063932
9.51827188063932
9.51827188063932
9.51827188063932
9.51827188063932
9.51827188063932
9.51827188063932
9.51827188063932
9.51827188063932
9.51827188063932
9.51827188063932
9.51827188063932
9.51827188063932
9.51827188063932
9.51827188063932
9.51827188063932
9.51827188063932
9.51827188063932
9.51827188063932
9.51827188063932
9.51827188063932
9.51827188063932
9.51827188063932
9.51827188063932
9.51827188063932
9.51827188063932
9.51827188063932
9.525612460943746
9.525612460943746
9.525612460943746
9.525612460943746
9.525612460943746
9.525612460943746
9.525612460943746
9.525612460943746
9.525612460943746
9.525612460943746
9.525612460943746
9.525612460943746
9.525612460943746
9.531071774829606
9.531071774829606
9.531071774829606
9.531071774829606
9.531071774829606
9.531071774829606
9.531071774829606
9.531071774829606
9.531071774829606
9.531071774829606
9.531071774829606
9.531071774829606
9.531071774829606
9.531071774829606
9.531071774829606
9.531071774829606
9.531071774829606
9.531071774829606
9.531071774829606
9.531570372655361
9.531570372655361
9.531570372655361
9.531570372655361
9.531570372655361
9.531570372655361
9.531570372655361
9.531570372655361
9.531570372655361
9.531570372655361
9.531570372655361
9.531570372655361
9.531570372655361
9.531570372655361
9.531570372655361
9.531570372655361
9.531570372655361
9.531570372655361
9.531570372655361
9.531570372655361
9.531570372655361
9.531570372655361
9.531570372655361
9.531570372655361
9.531570372655361
9.531570372655361
9.531570372655361
9.531570372655361
9.531570372655361
9.531570372655361
9.531570372655361
9.531570372655361
9.531570372655361
9.531570372655361
9.531570372655361
9.531570372655361
9.531570372655361
9.531570372655361
9.531570372655361
9.531570372655361
9.531570372655361
9.531570372655361
9.531570372655361
9.531570372655361
9.531570372655361
9.531570372655361
9.531570372655361
9.531570372655361
9.531570372655361
9.531570372655361
9.531570372655361
9.531570372655361
9.531570372655361
9.531570372655361
9.531570372655361
9.531570372655361
9.531570372655361
9.531570372655361
9.531570372655361
9.531570372655361
9.531570372655361
9.531570372655361
9.531570372655361
9.531570372655361
9.531677250781255
9.531677250781255
9.531677250781255
9.531677250781255
9.531677250781255
9.531677250781255
9.531677250781255
9.531677250781255
9.531677250781255
9.531677250781255
9.531677250781255
9.531677250781255
9.531677250781255
9.531677250781255
9.531677250781255
9.531677250781255
9.531677250781255
9.531677250781255
9.531677250781255
9.531677250781255
9.531677250781255
9.531677250781255
9.531677250781255
9.531677250781255
9.538062421972612
9.538062421972612
9.538062421972612
9.538062421972612
9.538062421972612
9.538062421972612
9.538062421972612
9.538062421972612
9.538062421972612
9.538062421972612
9.538062421972612
9.538062421972612
9.538062421972612
9.538062421972612
9.538062421972612
9.538062421972612
9.538062421972612
9.538062421972612
9.538062421972612
9.538062421972612
9.538062421972612
9.538062421972612
9.538062421972612
9.538062421972612
9.538062421972612
9.538062421972612
9.538062421972612
9.538062421972612
9.538062421972612
9.538062421972612
9.538062421972612
9.538062421972612
9.538062421972612
9.538062421972612
9.538062421972612
9.538062421972612
9.538062421972612
9.538062421972612
9.538062421972612
9.538062421972612
9.538062421972612
9.538062421972612
9.538062421972612
9.538062421972612
9.538062421972612
9.538062421972612
9.538062421972612
9.538062421972612
9.538062421972612
9.538062421972612
9.538062421972612
9.538062421972612
9.538062421972612
9.538062421972612
9.538062421972612
9.538062421972612
9.538062421972612
9.538062421972612
9.538062421972612
9.538062421972612
9.538062421972612
9.538062421972612
9.538062421972612
9.538062421972612
9.538062421972612
9.538062421972612
9.538062421972612
9.538062421972612
9.538062421972612
9.538062421972612
9.538062421972612
9.538062421972612
9.538062421972612
9.538062421972612
9.538062421972612
9.538062421972612
9.538062421972612
9.538062421972612
9.538062421972612
9.538062421972612
9.538062421972612
9.538062421972612
9.538062421972612
9.538062421972612
9.538062421972612
9.538062421972612
9.538062421972612
9.538062421972612
9.538062421972612
9.538062421972612
9.538062421972612
9.538062421972612
9.538062421972612
9.538062421972612
9.538062421972612
9.538062421972612
9.538062421972612
9.538062421972612
9.538062421972612
9.538062421972612
9.538062421972612
9.538062421972612
9.538062421972612
9.538062421972612
9.538062421972612
9.538062421972612
9.538062421972612
9.538062421972612
9.538062421972612
9.538062421972612
9.538062421972612
9.538062421972612
9.538062421972612
9.538062421972612
9.538062421972612
9.538062421972612
9.538062421972612
9.538062421972612
9.538062421972612
9.538062421972612
9.538062421972612
9.538062421972612
9.538062421972612
9.538062421972612
9.538062421972612
9.538062421972612
9.538062421972612
9.538062421972612
9.538062421972612
9.538062421972612
9.538062421972612
9.538062421972612
9.538062421972612
9.538062421972612
9.538062421972612
9.538062421972612
9.538062421972612
9.538062421972612
9.538062421972612
9.538062421972612
9.538062421972612
9.538062421972612
9.538062421972612
9.538062421972612
9.538062421972612
9.538062421972612
9.538062421972612
9.538062421972612
9.538062421972612
9.538062421972612
9.538062421972612
9.538062421972612
9.538062421972612
9.538062421972612
9.538062421972612
9.538062421972612
9.538062421972612
9.538062421972612
9.538062421972612
9.538062421972612
9.538062421972612
9.538062421972612
9.538062421972612
9.538062421972612
9.538062421972612
9.538062421972612
9.538062421972612
9.538062421972612
9.538062421972612
9.538062421972612
9.538062421972612
9.538062421972612
9.538062421972612
9.538062421972612
9.538062421972612
9.538062421972612
9.538062421972612
9.538062421972612
9.538062421972612
9.538062421972612
9.538062421972612
9.538062421972612
9.538062421972612
9.538062421972612
9.538062421972612
9.538062421972612
9.538062421972612
9.538062421972612
9.538062421972612
9.538062421972612
9.538062421972612
9.538062421972612
9.538062421972612
9.538062421972612
9.538062421972612
9.538062421972612
9.538062421972612
9.538062421972612
9.538062421972612
9.538062421972612
9.538062421972612
9.538062421972612
9.538062421972612
9.538062421972612
9.538062421972612
9.538062421972612
9.538062421972612
9.538062421972612
9.538062421972612
9.538062421972612
9.538062421972612
9.538062421972612
9.538062421972612
9.538062421972612
9.538062421972612
9.538062421972612
9.538062421972612
9.538062421972612
9.538554760777307
9.538554760777307
9.538554760777307
9.538554760777307
9.538554760777307
9.538554760777307
9.538554760777307
9.538554760777307
9.538554760777307
9.538554760777307
9.538554760777307
9.538554760777307
9.538554760777307
9.538554760777307
9.538554760777307
9.538554760777307
9.538554760777307
9.538554760777307
9.538554760777307
9.538554760777307
9.538554760777307
9.538554760777307
9.538554760777307
9.538554760777307
9.538554760777307
9.538554760777307
9.538554760777307
9.538554760777307
9.538554760777307
9.538554760777307
9.538554760777307
9.538554760777307
9.538554760777307
9.538554760777307
9.538554760777307
9.538554760777307
9.538554760777307
9.538554760777307
9.538554760777307
9.538554760777307
9.538554760777307
9.538554760777307
9.538554760777307
9.538554760777307
9.538554760777307
9.538554760777307
9.538554760777307
9.538554760777307
9.538554760777307
9.538554760777307
9.538554760777307
9.538554760777307
9.538554760777307
9.538554760777307
9.538554760777307
9.538554760777307
9.538554760777307
9.538554760777307
9.538554760777307
9.538554760777307
9.538554760777307
9.538554760777307
9.538554760777307
9.538554760777307
9.538554760777307
9.538554760777307
9.538554760777307
9.538554760777307
9.538554760777307
9.538554760777307
9.538554760777307
9.538554760777307
9.538554760777307
9.538554760777307
9.538554760777307
9.538554760777307
9.538554760777307
9.538554760777307
9.538554760777307
9.538554760777307
9.538554760777307
9.538554760777307
9.538554760777307
9.538554760777307
9.538554760777307
9.538554760777307
9.538554760777307
9.538554760777307
9.538554760777307
9.538554760777307
9.538554760777307
9.538554760777307
9.538554760777307
9.538817053026484
9.538817053026484
9.538817053026484
9.538817053026484
9.538817053026484
9.538817053026484
9.538817053026484
9.538817053026484
9.538817053026484
9.538817053026484
9.538817053026484
9.538817053026484
9.538817053026484
9.538817053026484
9.538817053026484
9.538817053026484
9.538817053026484
9.538817053026484
9.538817053026484
9.539819001896193
9.539819001896193
9.539819001896193
9.539819001896193
9.539819001896193
9.539819001896193
9.539819001896193
9.539819001896193
9.539819001896193
9.539819001896193
9.539819001896193
9.539819001896193
9.539819001896193
9.539819001896193
9.539819001896193
9.539819001896193
9.539819001896193
9.539819001896193
9.539819001896193
9.539819001896193
9.539819001896193
9.539819001896193
9.539819001896193
9.539819001896193
9.539819001896193
9.539819001896193
9.539819001896193
9.539819001896193
9.539819001896193
9.539819001896193
9.539994122286808
9.539994122286808
9.539994122286808
9.539994122286808
9.539994122286808
9.539994122286808
9.539994122286808
9.539994122286808
9.539994122286808
9.539994122286808
9.539994122286808
9.539994122286808
9.539994122286808
9.539994122286808
9.539994122286808
9.539994122286808
9.539994122286808
9.539994122286808
9.539994122286808
9.539994122286808
9.539994122286808
9.539994122286808
9.539994122286808
9.539994122286808
9.539994122286808
9.539994122286808
9.539994122286808
9.539994122286808
9.539994122286808
9.539994122286808
9.539994122286808
9.539994122286808
9.539994122286808
9.539994122286808
9.539994122286808
9.539994122286808
9.539994122286808
9.539994122286808
9.539994122286808
9.539994122286808
9.539994122286808
9.539994122286808
9.539994122286808
9.539994122286808
9.539994122286808
9.539994122286808
9.539994122286808
9.539994122286808
9.539994122286808
9.539994122286808
9.539994122286808
9.539994122286808
9.539994122286808
9.539994122286808
9.539994122286808
9.539994122286808
9.539994122286808
9.539994122286808
9.539994122286808
9.539994122286808
9.539994122286808
9.539994122286808
9.539994122286808
9.539994122286808
9.539994122286808
9.539994122286808
9.539994122286808
9.539994122286808
9.539994122286808
9.539994122286808
9.539994122286808
9.539994122286808
9.539994122286808
9.539994122286808
9.539994122286808
9.539994122286808
9.539994122286808
9.539994122286808
9.539994122286808
9.539994122286808
9.539994122286808
9.539994122286808
9.539994122286808
9.539994122286808
9.539994122286808
9.539994122286808
9.539994122286808
9.539994122286808
9.539994122286808
9.539994122286808
9.539994122286808
9.539994122286808
9.539994122286808
9.539994122286808
9.539994122286808
9.539994122286808
9.539994122286808
9.539994122286808
9.539994122286808
9.539994122286808
9.539994122286808
9.539994122286808
9.539994122286808
9.539994122286808
9.539994122286808
9.539994122286808
9.539994122286808
9.539994122286808
9.539994122286808
9.539994122286808
9.539994122286808
9.539994122286808
9.539994122286808
9.539994122286808
9.539994122286808
9.539994122286808
9.539994122286808
9.539994122286808
9.539994122286808
9.539994122286808
9.539994122286808
9.539994122286808
9.539994122286808
9.539994122286808
9.539994122286808
9.539994122286808
9.539994122286808
9.539994122286808
9.539994122286808
9.539994122286808
9.539994122286808
9.539994122286808
9.539994122286808
9.539994122286808
9.539994122286808
9.539994122286808
9.539994122286808
9.539994122286808
9.539994122286808
9.539994122286808
9.539994122286808
9.539994122286808
9.539994122286808
9.539994122286808
9.539994122286808
9.539994122286808
9.539994122286808
9.539994122286808
9.539994122286808
9.539994122286808
9.539994122286808
9.539994122286808
9.539994122286808
9.539994122286808
9.539994122286808
9.540011424743648
9.540011424743648
9.540011424743648
9.540011424743648
9.540011424743648
9.540011424743648
9.540011424743648
9.540011424743648
9.540011424743648
9.540011424743648
9.540011424743648
9.540011424743648
9.540011424743648
9.540011424743648
9.540011424743648
9.540011424743648
9.540011424743648
9.540011424743648
9.540011424743648
9.540011424743648
9.540011424743648
9.540011424743648
9.540011424743648
9.540011424743648
9.540011424743648
9.540011424743648
9.540011424743648
9.540011424743648
9.540011424743648
9.540011424743648
9.540011424743648
9.540011424743648
9.540011424743648
9.540011424743648
9.540011424743648
9.540011424743648
9.540011424743648
9.540011424743648
9.540011424743648
9.540011424743648
9.540643559665382
9.540643559665382
9.540643559665382
9.540643559665382
9.540643559665382
9.540643559665382
9.540643559665382
9.540643559665382
9.540643559665382
9.540643559665382
9.540643559665382
9.540643559665382
9.540643559665382
9.541223467503269
9.541223467503269
9.541223467503269
9.541223467503269
9.541223467503269
9.541223467503269
9.541223467503269
9.541223467503269
9.541223467503269
9.541223467503269
9.541223467503269
9.541223467503269
9.541223467503269
9.541223467503269
9.541223467503269
9.541223467503269
9.541223467503269
9.541223467503269
9.541223467503269
9.541223467503269
9.541223467503269
9.541223467503269
9.541223467503269
9.541223467503269
9.541223467503269
9.541223467503269
9.541223467503269
9.541223467503269
9.541223467503269
9.541223467503269
9.541223467503269
9.541223467503269
9.541223467503269
9.541223467503269
9.541223467503269
9.541223467503269
9.541223467503269
9.541223467503269
9.541223467503269
9.541223467503269
9.541223467503269
9.541223467503269
9.541223467503269
9.541223467503269
9.541223467503269
9.541223467503269
9.541223467503269
9.541223467503269
9.541223467503269
9.541223467503269
9.541223467503269
9.541223467503269
9.541223467503269
9.541223467503269
9.541223467503269
9.541223467503269
9.541223467503269
9.541223467503269
9.541223467503269
9.541223467503269
9.541223467503269
9.541223467503269
9.541223467503269
9.541223467503269
9.541223467503269
9.541223467503269
9.541223467503269
9.541223467503269
9.541223467503269
9.541223467503269
9.541223467503269
9.541223467503269
9.541223467503269
9.541223467503269
9.541223467503269
9.541223467503269
9.541223467503269
9.541223467503269
9.541223467503269
9.541223467503269
9.541223467503269
9.541223467503269
9.541223467503269
9.541223467503269
9.541223467503269
9.541223467503269
9.541223467503269
9.541223467503269
9.541223467503269
9.541223467503269
9.541223467503269
9.541223467503269
9.541223467503269
9.541223467503269
9.541223467503269
9.541223467503269
9.541223467503269
9.541223467503269
9.541223467503269
9.541223467503269
9.541223467503269
9.541223467503269
9.541223467503269
9.541223467503269
9.541223467503269
9.541223467503269
9.541223467503269
9.541223467503269
9.541223467503269
9.541223467503269
9.541223467503269
9.541223467503269
9.541223467503269
9.541223467503269
9.541223467503269
9.541223467503269
9.541223467503269
9.541223467503269
9.541223467503269
9.541223467503269
9.541223467503269
9.541223467503269
9.541223467503269
9.541223467503269
9.541223467503269
9.541223467503269
9.541223467503269
9.541223467503269
9.541223467503269
9.541223467503269
9.541223467503269
9.541223467503269
9.541223467503269
9.541223467503269
9.541223467503269
9.541223467503269
9.541223467503269
9.541290301516538
9.541290301516538
9.541290301516538
9.541290301516538
9.541290301516538
9.541290301516538
9.541290301516538
9.541290301516538
9.541290301516538
9.541290301516538
9.541290301516538
9.541290301516538
9.541290301516538
9.541290301516538
9.541290301516538
9.541290301516538
9.541290301516538
9.541290301516538
9.541290301516538
9.541290301516538
9.541290301516538
9.541290301516538
9.541290301516538
9.541290301516538
9.541290301516538
9.541290301516538
9.541290301516538
9.541290301516538
9.541290301516538
9.541290301516538
9.541290301516538
9.541290301516538
9.541290301516538
9.541290301516538
9.541290301516538
9.541290301516538
9.541290301516538
9.541290301516538
9.541290301516538
9.541290301516538
9.541946463853332
9.541946463853332
9.541946463853332
9.541946463853332
9.541946463853332
9.541946463853332
9.541946463853332
9.541946463853332
9.541946463853332
9.541946463853332
9.541946463853332
9.541946463853332
9.541946463853332
9.541946463853332
9.541946463853332
9.541946463853332
9.541946463853332
9.541946463853332
9.541946463853332
9.541946463853332
9.541946463853332
9.541946463853332
9.541946463853332
9.541946463853332
9.541946463853332
9.541946463853332
9.541946463853332
9.541946463853332
9.541946463853332
9.541946463853332
9.541946463853332
9.541946463853332
9.541946463853332
9.541946463853332
9.541946463853332
9.541946463853332
9.541946463853332
9.541946463853332
9.541946463853332
9.541946463853332
9.541946463853332
9.541946463853332
9.541946463853332
9.541946463853332
9.541946463853332
9.541946463853332
9.541946463853332
9.541946463853332
9.541946463853332
9.541946463853332
9.541946463853332
9.541946463853332
9.541946463853332
9.541946463853332
9.541946463853332
9.541946463853332
9.541946463853332
9.541946463853332
9.541946463853332
9.541946463853332
9.541946463853332
9.541946463853332
9.541946463853332
9.541946463853332
9.541946463853332
9.541946463853332
9.541946463853332
9.541946463853332
9.541946463853332
9.541946463853332
9.541946463853332
9.541946463853332
9.541946463853332
9.541946463853332
9.541946463853332
9.541946463853332
9.541946463853332
9.541946463853332
9.541946463853332
9.541946463853332
9.541946463853332
9.541946463853332
9.541946463853332
9.541946463853332
9.541946463853332
9.541946463853332
9.541946463853332
9.541946463853332
9.541946463853332
9.541946463853332
9.541946463853332
9.541946463853332
9.541946463853332
9.541946463853332
9.541946463853332
9.541946463853332
9.541946463853332
9.541946463853332
9.541946463853332
9.541946463853332
9.541946463853332
9.541946463853332
9.541946463853332
9.541946463853332
9.541946463853332
9.541946463853332
9.541946463853332
9.541946463853332
9.541946463853332
9.541946463853332
9.541946463853332
9.541946463853332
9.541946463853332
9.541946463853332
9.541946463853332
9.541946463853332
9.541946463853332
9.541946463853332
9.541946463853332
9.541946463853332
9.541946463853332
9.541946463853332
9.541946463853332
9.541946463853332
9.541946463853332
9.541946463853332
9.541946463853332
9.541946463853332
9.541946463853332
9.541946463853332
9.541946463853332
9.541946463853332
9.541946463853332
9.541946463853332
9.541946463853332
9.541946463853332
9.541946463853332
9.541946463853332
9.541946463853332
9.541946463853332
9.541946463853332
9.541946463853332
9.541946463853332
9.541946463853332
9.541946463853332
9.541946463853332
9.541946463853332
9.541946463853332
9.541946463853332
9.541946463853332
9.541946463853332
9.541946463853332
9.541946463853332
9.541946463853332
9.541946463853332
9.541946463853332
9.541946463853332
9.541946463853332
9.541946463853332
9.541946463853332
9.541946463853332
9.541946463853332
9.541946463853332
9.541946463853332
9.541946463853332
9.541946463853332
9.541946463853332
9.541946463853332
9.541946463853332
9.541946463853332
9.541946463853332
9.541946463853332
9.541946463853332
9.541946463853332
9.541946463853332
9.541946463853332
9.541946463853332
9.541946463853332
9.541946463853332
9.541946463853332
9.541946463853332
9.541946463853332
9.541946463853332
9.541946463853332
9.541946463853332
9.541946463853332
9.541946463853332
9.541946463853332
9.541946463853332
9.541946463853332
9.541946463853332
9.541946463853332
9.541946463853332
9.541946463853332
9.541946463853332
9.541946463853332
9.541946463853332
9.541946463853332
9.541946463853332
9.541946463853332
9.541946463853332
9.541946463853332
9.541946463853332
9.541946463853332
9.541946463853332
9.541946463853332
9.541946463853332
9.541946463853332
9.541946463853332
9.541946463853332
9.541946463853332
9.541946463853332
9.541946463853332
9.541946463853332
9.541946463853332
9.541946463853332
9.541946463853332
9.541946463853332
9.541946463853332
9.541946463853332
9.541946463853332
9.541946463853332
9.541946463853332
9.541946463853332
9.541946463853332
9.541946463853332
9.541946463853332
9.541946463853332
9.541946463853332
9.541946463853332
9.541946463853332
9.541946463853332
9.541946463853332
9.541946463853332
9.541946463853332
9.541946463853332
9.541946463853332
9.541946463853332
9.541946463853332
9.541946463853332
9.541946463853332
9.541946463853332
9.541946463853332
9.541946463853332
9.541946463853332
9.541946463853332
9.541946463853332
9.541946463853332
9.541946463853332
9.541946463853332
9.541946463853332
9.541946463853332
9.541946463853332
9.541946463853332
9.541946463853332
9.541946463853332
9.541946463853332
9.541946463853332
9.541946463853332
9.541946463853332
9.541946463853332
9.541946463853332
9.541946463853332
9.541946463853332
9.541946463853332
9.541946463853332
9.541946463853332
9.541946463853332
9.541946463853332
9.541946463853332
9.541946463853332
9.541946463853332
9.541946463853332
9.541946463853332
9.541946463853332
9.541946463853332
9.541946463853332
9.541946463853332
9.541946463853332
9.541946463853332
9.541946463853332
9.541946463853332
9.541946463853332
9.541946463853332
9.541946463853332
9.541946463853332
9.541946463853332
9.541946463853332
9.541946463853332
9.541946463853332
9.541946463853332
9.541946463853332
9.541946463853332
9.541946463853332
9.541946463853332
9.541946463853332
9.541946463853332
9.541946463853332
9.541946463853332
9.541946463853332
9.541946463853332
9.541946463853332
9.541946463853332
9.541946463853332
9.541946463853332
9.541946463853332
9.541946463853332
9.541946463853332
9.541946463853332
9.541946463853332
9.541946463853332
9.541946463853332
9.541946463853332
9.541946463853332
9.541946463853332
9.541946463853332
9.541946463853332
9.541946463853332
9.541946463853332
9.541946463853332
9.541946463853332
9.541946463853332
9.541946463853332
9.541946463853332
9.541946463853332
9.541946463853332
9.541946463853332
9.541946463853332
9.541946463853332
9.541946463853332
9.541946463853332
9.541946463853332
9.541946463853332
9.541946463853332
9.541946463853332
9.541946463853332
9.541946463853332
9.541946463853332
9.541946463853332
9.541946463853332
9.541946463853332
9.541946463853332
9.541946463853332
9.541946463853332
9.541946463853332
9.541946463853332
9.541946463853332
9.541946463853332
9.541946463853332
9.541946463853332
9.541946463853332
9.541946463853332
9.541946463853332
9.541946463853332
9.541946463853332
9.541946463853332
9.541946463853332
9.541946463853332
9.541946463853332
9.541946463853332
9.541946463853332
9.541946463853332
9.541946463853332
9.541946463853332
9.541946463853332
9.541946463853332
9.541946463853332
9.541946463853332
9.541946463853332
9.541946463853332
9.541946463853332
9.541946463853332
9.541946463853332
9.541946463853332
9.541946463853332
9.541946463853332
9.541946463853332
9.541946463853332
9.541946463853332
9.541946463853332
9.541946463853332
9.541946463853332
9.541946463853332
9.541946463853332
9.541946463853332
9.541946463853332
9.541946463853332
9.541946463853332
9.541946463853332
9.541946463853332
9.541946463853332
9.541946463853332
9.541946463853332
9.541946463853332
9.541946463853332
9.541946463853332
9.541946463853332
9.541946463853332
9.541946463853332
9.541946463853332
9.541946463853332
9.541946463853332
9.541946463853332
9.541946463853332
9.541946463853332
9.541946463853332
9.541946463853332
9.541946463853332
9.541946463853332
9.541946463853332
9.541946463853332
9.541946463853332
9.541946463853332
9.541946463853332
9.541946463853332
9.541946463853332
9.541946463853332
9.541946463853332
9.541946463853332
9.541946463853332
9.541946463853332
9.541946463853332
9.541946463853332
9.541946463853332
9.541946463853332
9.541946463853332
9.541946463853332
9.541946463853332
9.541946463853332
9.541946463853332
9.541946463853332
9.541946463853332
9.541946463853332
9.541946463853332
9.541946463853332
9.541946463853332
9.541946463853332
9.541946463853332
9.541946463853332
9.541946463853332
9.541946463853332
9.541946463853332
9.541946463853332
9.541946463853332
9.541946463853332
9.541946463853332
9.541946463853332
9.541946463853332
9.541946463853332
9.541946463853332
9.541946463853332
9.541946463853332
9.541946463853332
9.541946463853332
9.541946463853332
9.541946463853332
9.541946463853332
9.541946463853332
9.541946463853332
9.541946463853332
9.541946463853332
9.541946463853332
9.541946463853332
9.541946463853332
9.541946463853332
9.541946463853332
9.541946463853332
9.541946463853332
9.541946463853332
9.541946463853332
9.541946463853332
9.541946463853332
9.541946463853332
9.541946463853332
9.541946463853332
9.541946463853332
9.541946463853332
9.541946463853332
9.541946463853332
9.541946463853332
9.541946463853332
9.541946463853332
9.541946463853332
9.541946463853332
9.541946463853332
9.541946463853332
9.541946463853332
9.541946463853332
9.541946463853332
9.541946463853332
9.541946463853332
9.541946463853332
9.541946463853332
9.541946463853332
9.541946463853332
9.541946463853332
9.541946463853332
9.541946463853332
9.541946463853332
9.541946463853332
9.541946463853332
9.541946463853332
9.541946463853332
9.541946463853332
9.541946463853332
9.541946463853332
9.541946463853332
9.541946463853332
9.541946463853332
9.541946463853332
9.541946463853332
9.541946463853332
9.541946463853332
9.541946463853332
9.541946463853332
9.541946463853332
9.541946463853332
9.541946463853332
9.541946463853332
9.541946463853332
9.541946463853332
9.541946463853332
9.541946463853332
9.541946463853332
9.541946463853332
9.541946463853332
9.541946463853332
9.541946463853332
9.541946463853332
9.541946463853332
9.541946463853332
9.541946463853332
9.541946463853332
9.541946463853332
9.541946463853332
9.541946463853332
9.541946463853332
9.541946463853332
9.541946463853332
9.541946463853332
9.541946463853332
9.541946463853332
9.541946463853332
9.541946463853332
9.541946463853332
9.541946463853332
9.541946463853332
9.541946463853332
9.541946463853332
9.541946463853332
9.541946463853332
9.541946463853332
9.541946463853332
9.541946463853332
9.541946463853332
9.541946463853332
9.541946463853332
9.541946463853332
9.541946463853332
9.541946463853332
9.541946463853332
9.541946463853332
9.541946463853332
9.541946463853332
9.541946463853332
9.541946463853332
9.541946463853332
9.541946463853332
9.541946463853332
9.541946463853332
9.541946463853332
9.541946463853332
9.541946463853332
9.541946463853332
9.541946463853332
9.541946463853332
9.541946463853332
9.541946463853332
9.541946463853332
9.541946463853332
9.541946463853332
9.541946463853332
9.541946463853332
9.541946463853332
9.541946463853332
Score: 9.541946463853332
Runtime: 827ms
