7.217120811826526E-9
1.4280492111138818E-8
1.4280492111138818E-8
8.489928420104626E-8
8.489928420104626E-8
2.48492349848824E-5
4.8643287531271507E-4
4.8643287531271507E-4
4.8643287531271507E-4
4.8643287531271507E-4
4.8643287531271507E-4
0.011130107260365342
0.011130107260365342
0.011130107260365342
0.011130107260365342
0.06676753595309605
0.06676753595309605
0.06676753595309605
0.06676753595309605
0.06676753595309605
0.06676753595309605
0.06676753595309605
0.06676753595309605
0.06676753595309605
0.06676753595309605
0.06676753595309605
0.06676753595309605
0.07249593026028117
0.07249593026028117
0.073094669335899
0.073094669335899
0.073094669335899
0.073094669335899
0.09557255699599433
0.14699847462515545
0.14699847462515545
0.14699847462515545
0.22312439617130142
0.22312439617130142
0.577397078373598
1.020853015641038
1.020853015641038
1.020853015641038
1.020853015641038
1.020853015641038
1.020853015641038
1.020853015641038
1.020853015641038
1.020853015641038
1.020853015641038
1.020853015641038
1.020853015641038
1.020853015641038
1.020853015641038
1.020853015641038
1.020853015641038
1.020853015641038
1.020853015641038
1.020853015641038
1.020853015641038
1.020853015641038
1.020853015641038
1.020853015641038
1.020853015641038
1.020853015641038
1.020853015641038
1.020853015641038
1.020853015641038
1.020853015641038
1.020853015641038
1.020853015641038
1.1285354846368927
1.1285354846368927
1.2539614504115209
1.2539614504115209
1.2539614504115209
1.2539614504115209
1.2539614504115209
1.2539614504115209
1.2539614504115209
1.2539614504115209
1.2539614504115209
1.6719878429231825
1.6719878429231825
1.6719878429231825
1.6719878429231825
1.6719878429231825
1.6719878429231825
1.6719878429231825
1.6719878429231825
1.6719878429231825
1.978622317623047
1.978622317623047
1.978622317623047
2.0773643291592236
2.0773643291592236
2.9136584199579953
2.9136584199579953
2.9136584199579953
3.201300769253767
3.201300769253767
3.201300769253767
3.201300769253767
3.201300769253767
3.201300769253767
3.201300769253767
3.4236309168663155
3.4236309168663155
3.4236309168663155
3.4236309168663155
3.4236309168663155
3.4236309168663155
3.4236309168663155
3.4236309168663155
3.4236309168663155
3.4236309168663155
3.4373373659710933
3.7763630121956244
3.7763630121956244
3.7763630121956244
4.688023835796797
4.936005231511253
4.936005231511253
4.936005231511253
4.936005231511253
4.936005231511253
4.936005231511253
4.936005231511253
4.936005231511253
4.936005231511253
4.936005231511253
4.936005231511253
4.936005231511253
4.936005231511253
4.936005231511253
4.936005231511253
4.936005231511253
4.936005231511253
4.936005231511253
4.936005231511253
4.936005231511253
4.936005231511253
5.608999023345885
5.608999023345885
5.608999023345885
5.608999023345885
5.608999023345885
5.608999023345885
5.608999023345885
5.608999023345885
5.608999023345885
5.608999023345885
5.608999023345885
5.6518896500310785
5.6518896500310785
5.6518896500310785
5.6518896500310785
5.6518896500310785
5.6518896500310785
5.6518896500310785
5.930642394955143
5.930642394955143
5.930642394955143
5.930642394955143
5.930642394955143
5.930642394955143
5.930642394955143
6.122552241635826
6.122552241635826
6.122552241635826
6.122552241635826
6.122552241635826
6.122552241635826
6.122552241635826
6.122552241635826
6.122552241635826
6.185765547595512
6.185765547595512
6.185765547595512
6.185765547595512
6.185765547595512
6.185765547595512
6.185765547595512
6.185765547595512
6.185765547595512
6.185765547595512
6.185765547595512
6.185765547595512
6.185765547595512
6.185765547595512
6.185765547595512
6.185765547595512
6.185765547595512
6.185765547595512
6.185765547595512
6.185765547595512
6.185765547595512
6.185765547595512
6.185765547595512
6.185765547595512
6.185765547595512
6.185765547595512
6.185765547595512
6.185765547595512
6.185765547595512
6.185765547595512
6.185765547595512
6.185765547595512
6.185765547595512
6.185765547595512
6.185765547595512
6.185765547595512
6.280747518192134
6.280747518192134
6.280747518192134
6.280747518192134
6.280747518192134
6.280747518192134
6.280747518192134
6.441077806243954
6.441077806243954
6.441077806243954
6.441077806243954
6.441077806243954
6.441077806243954
6.50891443327132
6.50891443327132
6.50891443327132
6.50891443327132
6.50891443327132
6.50891443327132
6.50891443327132
6.50891443327132
6.50891443327132
6.50891443327132
6.50891443327132
6.50891443327132
6.50891443327132
6.50891443327132
6.50891443327132
6.50891443327132
6.50891443327132
6.50891443327132
6.50891443327132
6.50891443327132
6.528620834266375
6.528620834266375
6.528620834266375
6.528620834266375
6.528620834266375
6.528620834266375
6.528620834266375
6.528620834266375
6.528620834266375
6.528620834266375
6.528620834266375
6.612248217017043
6.739693026902438
6.739693026902438
7.0207119493117345
7.0207119493117345
7.0207119493117345
7.0207119493117345
7.0207119493117345
7.0207119493117345
7.0207119493117345
7.0207119493117345
7.0207119493117345
7.0207119493117345
7.0207119493117345
7.0207119493117345
7.0207119493117345
7.0207119493117345
7.0207119493117345
7.0207119493117345
7.0207119493117345
7.0207119493117345
7.0207119493117345
7.0207119493117345
7.0207119493117345
7.0207119493117345
7.0207119493117345
7.0207119493117345
7.0207119493117345
7.0207119493117345
7.0207119493117345
7.0207119493117345
7.0207119493117345
7.0207119493117345
7.0207119493117345
7.0207119493117345
7.0207119493117345
7.0207119493117345
7.0207119493117345
7.0207119493117345
7.0207119493117345
7.0207119493117345
7.0207119493117345
7.0207119493117345
7.0207119493117345
7.0207119493117345
7.0207119493117345
7.0207119493117345
7.0207119493117345
7.0207119493117345
7.0207119493117345
7.0207119493117345
7.0207119493117345
7.0207119493117345
7.0207119493117345
7.0207119493117345
7.0207119493117345
7.0207119493117345
7.0207119493117345
7.0207119493117345
7.0207119493117345
7.0207119493117345
7.0207119493117345
7.343495713322737
7.343495713322737
7.343495713322737
7.343495713322737
7.343495713322737
7.343495713322737
7.343495713322737
7.343495713322737
7.343495713322737
7.343495713322737
7.343495713322737
7.343495713322737
7.343495713322737
7.343495713322737
7.343495713322737
7.343495713322737
7.343495713322737
7.343495713322737
7.343495713322737
7.343495713322737
7.343495713322737
7.343495713322737
7.343495713322737
7.343495713322737
7.343495713322737
7.343495713322737
7.343495713322737
7.343495713322737
7.343495713322737
7.343495713322737
7.343495713322737
7.343495713322737
7.437829237656822
7.437829237656822
7.437829237656822
7.437829237656822
7.437829237656822
7.437829237656822
7.437829237656822
7.437829237656822
7.437829237656822
7.437829237656822
7.437829237656822
7.437829237656822
7.437829237656822
8.123081402983791
8.123081402983791
8.123081402983791
8.123081402983791
8.123081402983791
8.123081402983791
8.123081402983791
8.123081402983791
8.123081402983791
8.123081402983791
8.123081402983791
8.123081402983791
8.123081402983791
8.123081402983791
8.123081402983791
8.123081402983791
8.123081402983791
8.123081402983791
8.123081402983791
8.123081402983791
8.123081402983791
8.123081402983791
8.123081402983791
8.123081402983791
8.123081402983791
8.123081402983791
8.123081402983791
8.123081402983791
8.123081402983791
8.123081402983791
8.123081402983791
8.123081402983791
8.123081402983791
8.123081402983791
8.123081402983791
8.123081402983791
8.123081402983791
8.123081402983791
8.123081402983791
8.123081402983791
8.123081402983791
8.123081402983791
8.123081402983791
8.123081402983791
8.123081402983791
8.123081402983791
8.123081402983791
8.123081402983791
8.123081402983791
8.123081402983791
8.123081402983791
8.123081402983791
8.123081402983791
8.123081402983791
8.123081402983791
8.123081402983791
8.123081402983791
8.123081402983791
8.123081402983791
8.123081402983791
8.123081402983791
8.123081402983791
8.123081402983791
8.123081402983791
8.123081402983791
8.123081402983791
8.123081402983791
8.123081402983791
8.123081402983791
8.123081402983791
8.123081402983791
8.123081402983791
8.123081402983791
8.123081402983791
8.123081402983791
8.123081402983791
8.123081402983791
8.123081402983791
8.123081402983791
8.123081402983791
8.123081402983791
8.123081402983791
8.123081402983791
8.123081402983791
8.123081402983791
8.123081402983791
8.123081402983791
8.123081402983791
8.123081402983791
8.123081402983791
8.123081402983791
8.123081402983791
8.123081402983791
8.123081402983791
8.123081402983791
8.123081402983791
8.123081402983791
8.123081402983791
8.123081402983791
8.123081402983791
8.123081402983791
8.123081402983791
8.123081402983791
8.123081402983791
8.123081402983791
8.123081402983791
8.123081402983791
8.123081402983791
8.123081402983791
8.123081402983791
8.123081402983791
8.123081402983791
8.123081402983791
8.123081402983791
8.123081402983791
8.123081402983791
8.123081402983791
8.123081402983791
8.123081402983791
8.123081402983791
8.123081402983791
8.123081402983791
8.123081402983791
8.123081402983791
8.123081402983791
8.123081402983791
8.123081402983791
8.123081402983791
8.123081402983791
8.123081402983791
8.123081402983791
8.123081402983791
8.123081402983791
8.123081402983791
8.123081402983791
8.123081402983791
8.123081402983791
8.123081402983791
8.123081402983791
8.123081402983791
8.123081402983791
8.123081402983791
8.123081402983791
8.123081402983791
8.123081402983791
8.123081402983791
8.123081402983791
8.123081402983791
8.123081402983791
8.123081402983791
8.123081402983791
8.123081402983791
8.123081402983791
8.123081402983791
8.123081402983791
8.123081402983791
8.123081402983791
8.123081402983791
8.123081402983791
8.123081402983791
8.123081402983791
8.123081402983791
8.123081402983791
8.123081402983791
8.123081402983791
8.123081402983791
8.123081402983791
8.123081402983791
8.123081402983791
8.123081402983791
8.123081402983791
8.123081402983791
8.123081402983791
8.123081402983791
8.123081402983791
8.123081402983791
8.123081402983791
8.123081402983791
8.123081402983791
8.123081402983791
8.123081402983791
8.123081402983791
8.123081402983791
8.123081402983791
8.123081402983791
8.123081402983791
8.123081402983791
8.123081402983791
8.123081402983791
8.123081402983791
8.123081402983791
8.123081402983791
8.123081402983791
8.123081402983791
8.123081402983791
8.123081402983791
8.123081402983791
8.123081402983791
8.123081402983791
8.123081402983791
8.123081402983791
8.123081402983791
8.123081402983791
8.123081402983791
8.123081402983791
8.123081402983791
8.123081402983791
8.123081402983791
8.123081402983791
8.123081402983791
8.123081402983791
8.123081402983791
8.123081402983791
8.123081402983791
8.123081402983791
8.123081402983791
8.123081402983791
8.123081402983791
8.123081402983791
8.123081402983791
8.123081402983791
8.123081402983791
8.123081402983791
8.123081402983791
8.123081402983791
8.123081402983791
8.123081402983791
8.123081402983791
8.123081402983791
8.123081402983791
8.123081402983791
8.123081402983791
8.123081402983791
8.123081402983791
8.123081402983791
8.123081402983791
8.123081402983791
8.123081402983791
8.123081402983791
8.123081402983791
8.123081402983791
8.123081402983791
8.123081402983791
8.123081402983791
8.123081402983791
8.123081402983791
8.123081402983791
8.123081402983791
8.123081402983791
8.123081402983791
8.123081402983791
8.123081402983791
8.123081402983791
8.123081402983791
8.123081402983791
8.123081402983791
8.123081402983791
8.123081402983791
8.123081402983791
8.123081402983791
8.123081402983791
8.123081402983791
8.123081402983791
8.123081402983791
8.123081402983791
8.123081402983791
8.123081402983791
8.123081402983791
8.123081402983791
8.123081402983791
8.123081402983791
8.123081402983791
8.123081402983791
8.123081402983791
8.123081402983791
8.123081402983791
8.123081402983791
8.123081402983791
8.123081402983791
8.123081402983791
8.123081402983791
8.123081402983791
8.123081402983791
8.123081402983791
8.123081402983791
8.123081402983791
8.123081402983791
8.123081402983791
8.123081402983791
8.123081402983791
8.123081402983791
8.123081402983791
8.123081402983791
8.123081402983791
8.123081402983791
8.123081402983791
8.123081402983791
8.123081402983791
8.123081402983791
8.123081402983791
8.123081402983791
8.123081402983791
8.123081402983791
8.123081402983791
8.123081402983791
8.123081402983791
8.123081402983791
8.123081402983791
8.123081402983791
8.123081402983791
8.123081402983791
8.123081402983791
8.123081402983791
8.123081402983791
8.123081402983791
8.123081402983791
8.123081402983791
8.123081402983791
8.123081402983791
8.123081402983791
8.123081402983791
8.123081402983791
8.123081402983791
8.123081402983791
8.123081402983791
8.123081402983791
8.123081402983791
8.123081402983791
8.123081402983791
8.123081402983791
8.123081402983791
8.123081402983791
8.123081402983791
8.123081402983791
8.123081402983791
8.123081402983791
8.123081402983791
8.123081402983791
8.123081402983791
8.123081402983791
8.123081402983791
8.123081402983791
8.123081402983791
8.123081402983791
8.123081402983791
8.123081402983791
8.123081402983791
8.123081402983791
8.123081402983791
8.123081402983791
8.123081402983791
8.123081402983791
8.123081402983791
8.123081402983791
8.123081402983791
8.123081402983791
8.123081402983791
8.123081402983791
8.123081402983791
8.123081402983791
8.123081402983791
8.123081402983791
8.123081402983791
8.123081402983791
8.123081402983791
8.123081402983791
8.123081402983791
8.123081402983791
8.123081402983791
8.123081402983791
8.123081402983791
8.123081402983791
8.123081402983791
8.123081402983791
8.123081402983791
8.123081402983791
8.123081402983791
8.123081402983791
8.123081402983791
8.123081402983791
8.123081402983791
8.123081402983791
8.123081402983791
8.123081402983791
8.123081402983791
8.123081402983791
8.123081402983791
8.123081402983791
8.123081402983791
8.123081402983791
8.123081402983791
8.123081402983791
8.123081402983791
8.123081402983791
8.123081402983791
8.123081402983791
8.123081402983791
8.123081402983791
8.123081402983791
8.123081402983791
8.123081402983791
8.123081402983791
8.123081402983791
8.123081402983791
8.123081402983791
8.123081402983791
8.123081402983791
8.123081402983791
8.123081402983791
8.123081402983791
8.123081402983791
8.123081402983791
8.123081402983791
8.123081402983791
8.123081402983791
8.123081402983791
8.123081402983791
8.123081402983791
8.123081402983791
8.123081402983791
8.123081402983791
8.123081402983791
8.123081402983791
8.123081402983791
8.123081402983791
8.123081402983791
8.123081402983791
8.123081402983791
8.123081402983791
8.123081402983791
8.123081402983791
8.123081402983791
8.123081402983791
8.123081402983791
8.123081402983791
8.123081402983791
8.123081402983791
8.123081402983791
8.123081402983791
8.123081402983791
8.123081402983791
8.123081402983791
8.123081402983791
8.123081402983791
8.123081402983791
8.123081402983791
8.123081402983791
8.123081402983791
8.123081402983791
8.123081402983791
8.123081402983791
8.123081402983791
8.123081402983791
8.123081402983791
8.123081402983791
8.123081402983791
8.123081402983791
8.123081402983791
8.123081402983791
8.123081402983791
8.123081402983791
8.123081402983791
8.123081402983791
8.123081402983791
8.123081402983791
8.123081402983791
8.123081402983791
8.123081402983791
8.123081402983791
8.123081402983791
8.123081402983791
8.123081402983791
8.123081402983791
8.123081402983791
8.123081402983791
8.123081402983791
8.123081402983791
8.123081402983791
8.123081402983791
8.123081402983791
8.123081402983791
8.123081402983791
8.123081402983791
8.123081402983791
8.123081402983791
8.123081402983791
8.123081402983791
8.123081402983791
8.123081402983791
8.123081402983791
8.123081402983791
8.123081402983791
8.123081402983791
8.123081402983791
8.123081402983791
8.123081402983791
8.123081402983791
8.123081402983791
8.123081402983791
8.123081402983791
8.123081402983791
8.123081402983791
8.123081402983791
8.123081402983791
8.123081402983791
8.123081402983791
8.123081402983791
8.123081402983791
8.123081402983791
8.123081402983791
8.123081402983791
8.123081402983791
8.123081402983791
8.123081402983791
8.123081402983791
8.123081402983791
8.123081402983791
8.123081402983791
8.123081402983791
8.123081402983791
8.123081402983791
8.123081402983791
8.123081402983791
8.123081402983791
8.123081402983791
8.123081402983791
8.123081402983791
8.123081402983791
8.123081402983791
8.123081402983791
8.123081402983791
8.123081402983791
8.123081402983791
8.123081402983791
8.123081402983791
8.123081402983791
8.123081402983791
8.123081402983791
8.123081402983791
8.123081402983791
8.123081402983791
8.123081402983791
8.123081402983791
8.123081402983791
8.123081402983791
8.123081402983791
8.123081402983791
8.123081402983791
8.123081402983791
8.123081402983791
8.123081402983791
8.123081402983791
8.123081402983791
8.123081402983791
8.123081402983791
8.123081402983791
8.123081402983791
8.123081402983791
8.123081402983791
8.123081402983791
8.123081402983791
8.123081402983791
8.123081402983791
8.123081402983791
8.123081402983791
8.123081402983791
8.123081402983791
8.123081402983791
8.123081402983791
8.123081402983791
8.123081402983791
8.123081402983791
8.123081402983791
8.123081402983791
8.123081402983791
8.123081402983791
8.123081402983791
8.123081402983791
8.123081402983791
8.123081402983791
8.123081402983791
8.123081402983791
8.123081402983791
8.123081402983791
8.123081402983791
8.123081402983791
8.123081402983791
8.123081402983791
8.123081402983791
8.123081402983791
8.123081402983791
8.123081402983791
8.123081402983791
8.123081402983791
8.123081402983791
8.123081402983791
8.123081402983791
8.123081402983791
8.123081402983791
8.123081402983791
8.123081402983791
8.123081402983791
8.123081402983791
8.123081402983791
8.123081402983791
8.123081402983791
8.123081402983791
8.123081402983791
8.123081402983791
8.123081402983791
8.123081402983791
8.123081402983791
8.123081402983791
8.123081402983791
8.123081402983791
8.123081402983791
8.123081402983791
8.123081402983791
8.123081402983791
8.123081402983791
8.123081402983791
8.123081402983791
8.123081402983791
8.123081402983791
8.123081402983791
8.123081402983791
8.123081402983791
8.123081402983791
8.123081402983791
8.123081402983791
8.123081402983791
8.123081402983791
8.123081402983791
8.123081402983791
8.123081402983791
8.123081402983791
8.123081402983791
8.123081402983791
8.123081402983791
8.123081402983791
8.123081402983791
8.123081402983791
8.123081402983791
8.123081402983791
8.123081402983791
8.123081402983791
8.123081402983791
8.123081402983791
8.123081402983791
8.123081402983791
8.123081402983791
8.123081402983791
8.123081402983791
8.123081402983791
8.123081402983791
8.123081402983791
8.123081402983791
8.123081402983791
8.123081402983791
8.123081402983791
8.123081402983791
8.123081402983791
8.123081402983791
8.123081402983791
8.123081402983791
8.123081402983791
8.123081402983791
8.123081402983791
8.123081402983791
8.123081402983791
8.123081402983791
8.123081402983791
8.123081402983791
8.123081402983791
8.123081402983791
8.123081402983791
8.123081402983791
8.123081402983791
8.123081402983791
8.123081402983791
8.123081402983791
8.123081402983791
8.123081402983791
8.123081402983791
8.123081402983791
8.123081402983791
8.123081402983791
8.123081402983791
8.123081402983791
8.123081402983791
8.123081402983791
8.123081402983791
8.123081402983791
8.123081402983791
8.123081402983791
8.123081402983791
8.123081402983791
8.123081402983791
8.123081402983791
8.123081402983791
8.123081402983791
8.123081402983791
8.123081402983791
8.123081402983791
8.123081402983791
8.123081402983791
8.123081402983791
8.123081402983791
8.123081402983791
8.123081402983791
8.123081402983791
8.123081402983791
8.123081402983791
8.123081402983791
8.123081402983791
8.123081402983791
8.123081402983791
8.123081402983791
8.123081402983791
8.123081402983791
8.123081402983791
8.123081402983791
8.123081402983791
8.123081402983791
8.123081402983791
8.123081402983791
8.123081402983791
8.123081402983791
8.123081402983791
8.123081402983791
8.123081402983791
8.123081402983791
8.123081402983791
8.123081402983791
8.123081402983791
8.123081402983791
8.123081402983791
8.123081402983791
8.123081402983791
8.123081402983791
8.123081402983791
8.123081402983791
8.123081402983791
8.123081402983791
8.123081402983791
8.123081402983791
8.123081402983791
8.123081402983791
8.123081402983791
8.123081402983791
8.123081402983791
8.123081402983791
8.123081402983791
8.123081402983791
8.123081402983791
8.123081402983791
8.123081402983791
8.123081402983791
8.123081402983791
8.123081402983791
8.123081402983791
8.123081402983791
8.123081402983791
8.123081402983791
8.123081402983791
8.123081402983791
8.123081402983791
8.123081402983791
8.123081402983791
8.123081402983791
8.123081402983791
8.123081402983791
8.123081402983791
8.123081402983791
8.123081402983791
8.123081402983791
8.123081402983791
8.123081402983791
8.123081402983791
8.123081402983791
8.123081402983791
8.123081402983791
8.123081402983791
8.123081402983791
8.123081402983791
8.123081402983791
8.123081402983791
8.123081402983791
8.123081402983791
8.123081402983791
8.123081402983791
8.123081402983791
8.123081402983791
8.123081402983791
8.123081402983791
8.123081402983791
8.123081402983791
8.123081402983791
8.123081402983791
8.123081402983791
8.123081402983791
8.123081402983791
8.123081402983791
8.123081402983791
8.123081402983791
8.123081402983791
8.123081402983791
8.123081402983791
8.123081402983791
8.123081402983791
8.123081402983791
8.123081402983791
8.123081402983791
8.123081402983791
8.123081402983791
8.123081402983791
8.123081402983791
8.123081402983791
8.123081402983791
8.123081402983791
8.123081402983791
8.123081402983791
8.123081402983791
8.123081402983791
8.123081402983791
8.123081402983791
8.123081402983791
8.123081402983791
8.123081402983791
8.123081402983791
8.123081402983791
8.123081402983791
8.123081402983791
8.123081402983791
8.123081402983791
8.123081402983791
8.123081402983791
8.123081402983791
8.123081402983791
8.123081402983791
8.123081402983791
8.123081402983791
8.123081402983791
8.123081402983791
8.123081402983791
8.123081402983791
8.123081402983791
8.123081402983791
8.123081402983791
8.123081402983791
8.123081402983791
8.123081402983791
8.123081402983791
8.123081402983791
8.123081402983791
8.123081402983791
8.123081402983791
8.123081402983791
8.123081402983791
8.123081402983791
8.123081402983791
8.123081402983791
8.123081402983791
8.123081402983791
8.123081402983791
8.123081402983791
8.123081402983791
8.123081402983791
8.123081402983791
8.123081402983791
8.123081402983791
8.123081402983791
8.123081402983791
8.123081402983791
8.123081402983791
8.123081402983791
8.123081402983791
8.123081402983791
8.123081402983791
8.123081402983791
8.123081402983791
8.123081402983791
8.123081402983791
8.123081402983791
8.123081402983791
8.123081402983791
8.123081402983791
8.123081402983791
8.123081402983791
8.123081402983791
8.123081402983791
8.123081402983791
8.123081402983791
8.123081402983791
8.123081402983791
8.123081402983791
8.123081402983791
8.123081402983791
8.123081402983791
8.123081402983791
8.123081402983791
8.123081402983791
8.123081402983791
8.123081402983791
8.123081402983791
8.123081402983791
8.123081402983791
8.123081402983791
8.123081402983791
8.123081402983791
8.123081402983791
8.123081402983791
8.123081402983791
8.123081402983791
8.123081402983791
8.123081402983791
8.123081402983791
8.123081402983791
8.123081402983791
8.123081402983791
8.123081402983791
8.123081402983791
8.123081402983791
8.123081402983791
8.123081402983791
8.123081402983791
8.123081402983791
8.123081402983791
8.123081402983791
8.123081402983791
8.123081402983791
8.123081402983791
8.123081402983791
8.123081402983791
8.123081402983791
8.123081402983791
8.123081402983791
8.123081402983791
8.123081402983791
8.123081402983791
8.123081402983791
8.123081402983791
8.123081402983791
8.123081402983791
8.123081402983791
8.123081402983791
8.123081402983791
8.123081402983791
8.123081402983791
8.123081402983791
8.123081402983791
8.123081402983791
8.123081402983791
8.123081402983791
8.123081402983791
8.123081402983791
8.123081402983791
8.123081402983791
8.123081402983791
8.123081402983791
8.123081402983791
8.123081402983791
8.123081402983791
8.123081402983791
8.123081402983791
8.123081402983791
8.123081402983791
8.123081402983791
8.123081402983791
8.123081402983791
8.123081402983791
8.123081402983791
8.123081402983791
8.123081402983791
8.123081402983791
8.123081402983791
8.123081402983791
8.123081402983791
8.123081402983791
8.123081402983791
8.123081402983791
8.123081402983791
8.123081402983791
8.123081402983791
8.123081402983791
8.123081402983791
8.123081402983791
8.123081402983791
8.123081402983791
8.123081402983791
8.123081402983791
8.123081402983791
8.123081402983791
8.123081402983791
8.123081402983791
8.123081402983791
8.123081402983791
8.123081402983791
8.123081402983791
8.123081402983791
8.123081402983791
8.123081402983791
8.123081402983791
8.123081402983791
8.123081402983791
8.123081402983791
8.123081402983791
8.123081402983791
8.123081402983791
8.123081402983791
8.123081402983791
8.123081402983791
8.123081402983791
8.123081402983791
8.123081402983791
8.123081402983791
8.123081402983791
8.123081402983791
8.123081402983791
8.123081402983791
8.123081402983791
8.123081402983791
8.123081402983791
8.123081402983791
8.123081402983791
8.123081402983791
8.123081402983791
8.123081402983791
8.123081402983791
8.123081402983791
8.123081402983791
8.123081402983791
8.123081402983791
8.123081402983791
8.123081402983791
8.123081402983791
8.123081402983791
8.123081402983791
8.123081402983791
8.123081402983791
8.123081402983791
8.123081402983791
8.123081402983791
8.123081402983791
8.123081402983791
8.123081402983791
8.123081402983791
8.123081402983791
8.123081402983791
8.123081402983791
8.123081402983791
8.123081402983791
8.123081402983791
8.123081402983791
8.123081402983791
8.123081402983791
8.123081402983791
8.123081402983791
8.123081402983791
8.123081402983791
8.123081402983791
8.123081402983791
8.123081402983791
8.123081402983791
8.123081402983791
8.123081402983791
8.123081402983791
8.123081402983791
8.123081402983791
8.123081402983791
8.123081402983791
8.123081402983791
8.123081402983791
8.123081402983791
8.123081402983791
8.123081402983791
8.123081402983791
8.123081402983791
8.123081402983791
8.123081402983791
8.123081402983791
8.123081402983791
8.123081402983791
8.123081402983791
8.123081402983791
8.123081402983791
8.123081402983791
8.123081402983791
8.123081402983791
8.123081402983791
8.123081402983791
8.123081402983791
8.123081402983791
8.123081402983791
8.123081402983791
8.123081402983791
8.123081402983791
8.123081402983791
8.123081402983791
8.123081402983791
8.123081402983791
8.123081402983791
8.123081402983791
8.123081402983791
8.123081402983791
8.123081402983791
8.123081402983791
8.123081402983791
8.123081402983791
8.123081402983791
8.123081402983791
8.123081402983791
8.123081402983791
8.123081402983791
8.123081402983791
8.123081402983791
8.123081402983791
8.123081402983791
8.123081402983791
8.123081402983791
8.123081402983791
8.123081402983791
8.123081402983791
8.123081402983791
8.123081402983791
8.123081402983791
8.123081402983791
8.123081402983791
8.123081402983791
8.123081402983791
8.123081402983791
8.123081402983791
8.123081402983791
8.123081402983791
8.123081402983791
8.123081402983791
8.123081402983791
8.123081402983791
8.123081402983791
8.123081402983791
8.123081402983791
8.123081402983791
8.123081402983791
8.123081402983791
8.123081402983791
8.123081402983791
8.123081402983791
8.123081402983791
8.123081402983791
8.123081402983791
8.123081402983791
8.123081402983791
8.123081402983791
8.123081402983791
8.123081402983791
8.123081402983791
8.123081402983791
8.123081402983791
8.123081402983791
8.123081402983791
8.123081402983791
8.123081402983791
8.123081402983791
8.123081402983791
8.123081402983791
8.123081402983791
8.123081402983791
8.123081402983791
8.123081402983791
8.123081402983791
8.123081402983791
8.123081402983791
8.123081402983791
8.123081402983791
8.123081402983791
8.123081402983791
8.123081402983791
8.123081402983791
8.123081402983791
8.123081402983791
8.123081402983791
8.123081402983791
8.123081402983791
8.123081402983791
8.123081402983791
8.123081402983791
8.123081402983791
8.123081402983791
8.123081402983791
8.123081402983791
8.123081402983791
8.123081402983791
8.123081402983791
8.123081402983791
8.123081402983791
8.123081402983791
8.123081402983791
8.123081402983791
8.123081402983791
8.123081402983791
8.123081402983791
8.123081402983791
8.123081402983791
8.123081402983791
8.123081402983791
8.123081402983791
8.123081402983791
8.123081402983791
8.123081402983791
8.123081402983791
8.123081402983791
8.123081402983791
8.123081402983791
8.123081402983791
8.123081402983791
8.123081402983791
8.123081402983791
8.123081402983791
8.123081402983791
8.123081402983791
8.123081402983791
8.123081402983791
8.123081402983791
8.123081402983791
8.123081402983791
8.123081402983791
8.123081402983791
8.123081402983791
8.123081402983791
8.123081402983791
8.123081402983791
8.123081402983791
8.123081402983791
8.123081402983791
8.123081402983791
8.123081402983791
8.123081402983791
8.123081402983791
8.123081402983791
8.123081402983791
8.123081402983791
8.123081402983791
8.123081402983791
8.123081402983791
8.123081402983791
8.123081402983791
8.123081402983791
8.123081402983791
8.123081402983791
8.123081402983791
8.123081402983791
8.123081402983791
8.123081402983791
8.123081402983791
8.123081402983791
8.123081402983791
8.123081402983791
8.123081402983791
8.123081402983791
8.123081402983791
8.123081402983791
8.123081402983791
8.123081402983791
8.123081402983791
8.123081402983791
8.123081402983791
8.123081402983791
8.123081402983791
8.123081402983791
8.123081402983791
8.123081402983791
8.123081402983791
8.123081402983791
8.123081402983791
8.123081402983791
8.123081402983791
8.123081402983791
8.123081402983791
8.123081402983791
8.123081402983791
8.123081402983791
8.123081402983791
8.123081402983791
8.123081402983791
8.123081402983791
8.123081402983791
8.123081402983791
8.123081402983791
8.123081402983791
8.123081402983791
8.123081402983791
8.123081402983791
8.123081402983791
8.123081402983791
8.123081402983791
8.123081402983791
8.123081402983791
8.123081402983791
8.123081402983791
8.123081402983791
8.123081402983791
8.123081402983791
8.123081402983791
8.123081402983791
8.123081402983791
8.123081402983791
8.123081402983791
8.123081402983791
8.123081402983791
8.123081402983791
8.123081402983791
8.123081402983791
8.123081402983791
8.123081402983791
8.123081402983791
8.123081402983791
8.123081402983791
8.123081402983791
8.123081402983791
8.123081402983791
8.123081402983791
8.123081402983791
8.123081402983791
8.123081402983791
8.123081402983791
8.123081402983791
8.123081402983791
8.123081402983791
8.123081402983791
8.123081402983791
8.123081402983791
8.123081402983791
8.123081402983791
8.123081402983791
8.123081402983791
8.123081402983791
8.123081402983791
8.123081402983791
8.123081402983791
8.123081402983791
8.123081402983791
8.123081402983791
8.123081402983791
8.123081402983791
8.123081402983791
8.123081402983791
8.123081402983791
8.123081402983791
8.123081402983791
8.123081402983791
8.123081402983791
8.123081402983791
8.123081402983791
8.123081402983791
8.123081402983791
8.123081402983791
8.123081402983791
8.123081402983791
8.123081402983791
8.123081402983791
8.123081402983791
8.123081402983791
8.123081402983791
8.123081402983791
8.123081402983791
8.123081402983791
8.123081402983791
8.123081402983791
8.123081402983791
8.123081402983791
8.123081402983791
8.123081402983791
8.123081402983791
8.123081402983791
8.123081402983791
8.123081402983791
8.123081402983791
8.123081402983791
8.123081402983791
8.123081402983791
8.123081402983791
8.123081402983791
8.123081402983791
8.123081402983791
8.123081402983791
8.123081402983791
8.123081402983791
8.123081402983791
8.123081402983791
8.123081402983791
8.123081402983791
8.123081402983791
8.123081402983791
8.123081402983791
8.123081402983791
8.123081402983791
8.123081402983791
8.123081402983791
8.123081402983791
8.123081402983791
8.123081402983791
8.123081402983791
8.123081402983791
8.123081402983791
8.123081402983791
8.123081402983791
8.123081402983791
8.123081402983791
8.123081402983791
8.123081402983791
8.123081402983791
8.123081402983791
8.123081402983791
8.123081402983791
8.123081402983791
8.123081402983791
8.123081402983791
8.123081402983791
8.123081402983791
8.123081402983791
8.123081402983791
8.123081402983791
8.123081402983791
8.123081402983791
8.123081402983791
8.123081402983791
8.123081402983791
8.123081402983791
8.123081402983791
8.123081402983791
8.123081402983791
8.123081402983791
8.123081402983791
8.123081402983791
8.123081402983791
8.123081402983791
8.123081402983791
8.123081402983791
8.123081402983791
8.123081402983791
8.123081402983791
8.123081402983791
8.123081402983791
8.123081402983791
8.123081402983791
8.123081402983791
8.123081402983791
8.123081402983791
8.123081402983791
8.123081402983791
8.123081402983791
8.123081402983791
8.123081402983791
8.123081402983791
8.123081402983791
8.123081402983791
8.123081402983791
8.123081402983791
8.123081402983791
8.123081402983791
8.123081402983791
8.123081402983791
8.123081402983791
8.123081402983791
8.123081402983791
8.123081402983791
8.123081402983791
8.123081402983791
8.123081402983791
8.123081402983791
8.123081402983791
8.123081402983791
8.123081402983791
8.123081402983791
8.123081402983791
8.123081402983791
8.123081402983791
8.123081402983791
8.123081402983791
8.123081402983791
8.123081402983791
8.123081402983791
8.123081402983791
8.123081402983791
8.123081402983791
8.123081402983791
8.123081402983791
8.123081402983791
8.123081402983791
8.123081402983791
8.123081402983791
8.123081402983791
8.123081402983791
8.123081402983791
8.123081402983791
8.123081402983791
8.123081402983791
8.123081402983791
8.123081402983791
8.123081402983791
8.123081402983791
8.123081402983791
8.123081402983791
8.123081402983791
8.123081402983791
8.123081402983791
8.123081402983791
8.123081402983791
8.123081402983791
8.123081402983791
8.123081402983791
8.123081402983791
8.123081402983791
8.123081402983791
8.123081402983791
8.123081402983791
8.123081402983791
8.123081402983791
8.123081402983791
8.123081402983791
8.123081402983791
8.123081402983791
8.123081402983791
8.123081402983791
8.123081402983791
8.123081402983791
8.123081402983791
8.123081402983791
8.123081402983791
8.123081402983791
8.123081402983791
8.123081402983791
8.123081402983791
8.123081402983791
8.123081402983791
8.123081402983791
8.123081402983791
8.123081402983791
8.123081402983791
8.123081402983791
8.123081402983791
8.123081402983791
8.123081402983791
8.123081402983791
8.123081402983791
8.123081402983791
8.123081402983791
8.123081402983791
8.123081402983791
8.123081402983791
8.123081402983791
8.123081402983791
8.123081402983791
8.123081402983791
8.123081402983791
8.123081402983791
8.123081402983791
8.123081402983791
8.123081402983791
8.123081402983791
8.123081402983791
8.123081402983791
8.123081402983791
8.123081402983791
8.123081402983791
8.123081402983791
8.123081402983791
8.123081402983791
8.123081402983791
8.123081402983791
8.123081402983791
8.123081402983791
8.123081402983791
8.123081402983791
8.123081402983791
8.123081402983791
8.123081402983791
8.123081402983791
8.123081402983791
8.123081402983791
8.123081402983791
8.123081402983791
8.123081402983791
8.123081402983791
8.123081402983791
8.123081402983791
8.123081402983791
8.123081402983791
8.123081402983791
8.123081402983791
8.123081402983791
8.123081402983791
8.123081402983791
8.123081402983791
8.123081402983791
8.123081402983791
8.123081402983791
8.123081402983791
8.123081402983791
8.123081402983791
8.123081402983791
8.123081402983791
8.123081402983791
8.123081402983791
8.123081402983791
8.123081402983791
8.123081402983791
8.123081402983791
8.123081402983791
8.123081402983791
8.123081402983791
8.123081402983791
8.123081402983791
8.123081402983791
8.123081402983791
8.123081402983791
8.123081402983791
8.123081402983791
8.123081402983791
8.123081402983791
8.123081402983791
8.123081402983791
8.123081402983791
8.123081402983791
8.123081402983791
8.123081402983791
8.123081402983791
8.123081402983791
8.123081402983791
8.123081402983791
8.123081402983791
8.123081402983791
8.123081402983791
8.123081402983791
8.123081402983791
Score: 8.123081402983791
Runtime: 650ms
