1.4101049935306521E-8
1.4101049935306521E-8
1.3849880856396742E-6
2.6080088103385333E-5
4.4516628191503914E-5
4.4473315094884034E-4
8.520583342650394E-4
8.520583342650394E-4
0.11709490370745501
0.1373257605163078
0.1373257605163078
0.1373257605163078
0.1373257605163078
0.1373257605163078
0.1373257605163078
0.1373257605163078
0.1373257605163078
0.1373257605163078
0.21569386440354782
0.21569386440354782
0.21569386440354782
0.21569386440354782
0.21569386440354782
0.21569386440354782
0.21569386440354782
0.21569386440354782
0.21569386440354782
0.32999821718558503
0.32999821718558503
0.32999821718558503
0.32999821718558503
0.32999821718558503
0.32999821718558503
0.32999821718558503
0.32999821718558503
0.32999821718558503
0.32999821718558503
0.32999821718558503
0.32999821718558503
0.32999821718558503
0.32999821718558503
0.32999821718558503
0.40275022957712947
0.40275022957712947
0.40275022957712947
1.1378080557433412
1.1378080557433412
1.1378080557433412
1.1378080557433412
1.1378080557433412
1.1378080557433412
1.1378080557433412
1.1378080557433412
1.7319787666026434
1.7319787666026434
1.7319787666026434
1.7319787666026434
1.7319787666026434
1.7319787666026434
1.7319787666026434
1.7319787666026434
1.7319787666026434
1.7319787666026434
1.7319787666026434
2.0197933954499856
2.0197933954499856
2.0197933954499856
2.0197933954499856
2.0197933954499856
2.0197933954499856
2.0197933954499856
2.0197933954499856
2.5458947141894366
2.5458947141894366
2.5458947141894366
2.5458947141894366
2.5458947141894366
2.5458947141894366
2.5458947141894366
2.5458947141894366
2.76955434247438
2.76955434247438
2.76955434247438
2.76955434247438
2.76955434247438
2.76955434247438
2.76955434247438
2.76955434247438
2.76955434247438
2.76955434247438
2.76955434247438
3.0181878444519676
3.0181878444519676
3.472664614395722
3.472664614395722
3.472664614395722
3.472664614395722
3.472664614395722
3.472664614395722
3.472664614395722
3.472664614395722
3.472664614395722
3.472664614395722
3.472664614395722
3.472664614395722
3.472664614395722
3.472664614395722
3.472664614395722
3.472664614395722
3.472664614395722
3.472664614395722
3.472664614395722
3.472664614395722
3.472664614395722
3.472664614395722
3.472664614395722
3.472664614395722
3.472664614395722
4.11272541058438
4.11272541058438
4.11272541058438
4.11272541058438
4.11272541058438
4.11272541058438
4.11272541058438
5.457148908825131
5.457148908825131
5.457148908825131
5.457148908825131
5.457148908825131
5.457148908825131
5.457148908825131
5.457148908825131
5.457148908825131
5.457148908825131
5.457148908825131
5.457148908825131
5.457148908825131
5.457148908825131
5.457148908825131
5.457148908825131
5.457148908825131
5.457148908825131
5.457148908825131
5.457148908825131
5.457148908825131
5.79847507633864
5.79847507633864
5.79847507633864
5.79847507633864
5.79847507633864
5.79847507633864
5.79847507633864
5.817396498992662
5.817396498992662
5.817396498992662
5.817396498992662
5.817396498992662
5.817396498992662
6.044552693220777
6.044552693220777
6.044552693220777
6.044552693220777
6.044552693220777
6.044552693220777
6.044552693220777
6.044552693220777
6.044552693220777
6.044552693220777
6.044552693220777
6.044552693220777
6.044552693220777
6.044552693220777
6.044552693220777
6.044552693220777
6.044552693220777
6.044552693220777
6.044552693220777
6.044552693220777
6.044552693220777
6.044552693220777
6.044552693220777
6.044552693220777
6.044552693220777
6.044552693220777
6.044552693220777
6.044552693220777
6.044552693220777
6.044552693220777
6.044552693220777
6.044552693220777
6.044552693220777
6.044552693220777
6.206434826056837
6.206434826056837
6.206434826056837
6.206434826056837
6.206434826056837
6.206434826056837
6.206434826056837
6.206434826056837
6.206434826056837
6.377268705909969
6.377268705909969
6.377268705909969
6.377268705909969
6.377268705909969
6.377268705909969
6.377268705909969
6.377268705909969
6.377268705909969
6.377268705909969
6.377268705909969
6.377268705909969
6.377268705909969
6.377268705909969
6.377268705909969
6.377268705909969
6.377268705909969
6.377268705909969
6.377268705909969
6.377268705909969
6.377268705909969
6.554418178071723
6.554418178071723
6.554418178071723
6.554418178071723
6.554418178071723
6.554418178071723
6.554418178071723
6.554418178071723
6.554418178071723
6.554418178071723
6.554418178071723
6.554418178071723
6.554418178071723
6.554418178071723
6.554418178071723
6.554418178071723
6.554418178071723
6.554418178071723
6.554418178071723
6.841207369542332
6.841207369542332
6.841207369542332
6.841207369542332
6.841207369542332
6.841207369542332
6.841207369542332
6.841207369542332
6.841207369542332
6.841207369542332
6.841207369542332
7.339199991750959
7.339199991750959
7.339199991750959
7.339199991750959
7.339199991750959
7.339199991750959
7.339199991750959
7.339199991750959
7.339199991750959
7.339199991750959
7.339199991750959
7.339199991750959
7.339199991750959
7.339199991750959
7.339199991750959
7.339199991750959
7.339199991750959
7.339199991750959
7.339199991750959
7.409995506435783
7.409995506435783
7.409995506435783
7.409995506435783
7.409995506435783
7.409995506435783
7.409995506435783
7.409995506435783
7.409995506435783
7.409995506435783
7.409995506435783
7.409995506435783
7.409995506435783
7.409995506435783
7.4226896786419685
7.4226896786419685
7.4226896786419685
7.4226896786419685
7.4226896786419685
7.4226896786419685
7.4226896786419685
7.4226896786419685
7.4226896786419685
7.4226896786419685
7.4226896786419685
7.4226896786419685
7.4226896786419685
7.4226896786419685
7.4226896786419685
7.4226896786419685
7.4226896786419685
7.4226896786419685
7.4226896786419685
7.4226896786419685
7.4226896786419685
7.4226896786419685
7.440771526282562
7.440771526282562
7.641084827911293
7.887243770734441
7.887243770734441
7.887243770734441
7.887243770734441
7.887243770734441
7.887243770734441
7.887243770734441
7.887243770734441
8.43948001335597
8.43948001335597
8.43948001335597
8.43948001335597
8.43948001335597
8.43948001335597
8.43948001335597
8.43948001335597
8.43948001335597
8.43948001335597
8.43948001335597
8.43948001335597
8.43948001335597
8.43948001335597
8.43948001335597
8.43948001335597
8.43948001335597
8.43948001335597
8.43948001335597
8.43948001335597
8.43948001335597
8.43948001335597
8.43948001335597
8.43948001335597
8.43948001335597
8.43948001335597
8.43948001335597
8.43948001335597
8.43948001335597
8.43948001335597
8.734426070407245
8.734426070407245
8.734426070407245
8.734426070407245
8.734426070407245
8.734426070407245
8.734426070407245
8.734426070407245
8.734426070407245
8.734426070407245
8.734426070407245
8.734426070407245
8.734426070407245
8.734426070407245
8.734426070407245
8.734426070407245
8.734426070407245
8.734426070407245
8.734426070407245
8.734426070407245
8.760761136551281
8.760761136551281
8.760761136551281
8.760761136551281
8.760761136551281
8.760761136551281
8.760761136551281
9.015725903877133
9.015725903877133
9.015725903877133
9.015725903877133
9.015725903877133
9.015725903877133
9.015725903877133
9.015725903877133
9.015725903877133
9.015725903877133
9.015725903877133
9.015725903877133
9.015725903877133
9.015725903877133
9.015725903877133
9.015725903877133
9.015725903877133
9.015725903877133
9.015725903877133
9.015725903877133
9.015725903877133
9.132717344391713
9.132717344391713
9.132717344391713
9.132717344391713
9.132717344391713
9.132717344391713
9.132717344391713
9.132717344391713
9.132717344391713
9.132717344391713
9.132717344391713
9.132717344391713
9.192871387578252
9.192871387578252
9.192871387578252
9.192871387578252
9.192871387578252
9.192871387578252
9.192871387578252
9.192871387578252
9.192871387578252
9.192871387578252
9.192871387578252
9.192871387578252
9.192871387578252
9.192871387578252
9.192871387578252
9.192871387578252
9.192871387578252
9.192871387578252
9.192871387578252
9.192871387578252
9.192871387578252
9.192871387578252
9.192871387578252
9.192871387578252
9.436409208723841
9.436409208723841
9.436409208723841
9.436409208723841
9.436409208723841
9.436409208723841
9.436409208723841
9.436409208723841
9.436409208723841
9.436409208723841
9.436409208723841
9.436409208723841
9.436409208723841
9.436409208723841
9.440099391002624
9.440099391002624
9.440099391002624
9.475375433249088
9.475375433249088
9.475375433249088
9.619821872033041
9.619821872033041
9.619821872033041
9.619821872033041
9.619821872033041
9.619821872033041
9.619821872033041
9.619821872033041
9.619821872033041
9.619821872033041
9.619821872033041
9.619821872033041
9.619821872033041
9.619821872033041
9.619821872033041
9.619821872033041
9.619821872033041
9.664465144162488
9.664465144162488
9.664465144162488
9.664465144162488
9.664465144162488
9.664465144162488
9.664465144162488
9.664465144162488
9.664465144162488
9.664465144162488
9.664465144162488
9.664465144162488
9.664465144162488
9.695663531777898
9.695663531777898
9.695663531777898
9.695663531777898
9.695663531777898
9.695663531777898
9.695663531777898
9.695663531777898
9.695663531777898
9.695663531777898
9.695663531777898
9.695663531777898
9.695663531777898
9.695663531777898
9.695663531777898
9.695663531777898
9.695663531777898
9.695663531777898
9.695663531777898
9.695663531777898
9.695663531777898
9.695663531777898
9.695663531777898
9.695663531777898
9.695663531777898
9.695663531777898
9.695663531777898
9.695663531777898
9.695663531777898
9.695663531777898
9.695663531777898
9.695663531777898
9.695663531777898
9.695663531777898
9.695663531777898
9.695663531777898
9.695663531777898
9.695663531777898
9.695663531777898
9.695663531777898
9.695663531777898
9.695663531777898
9.695663531777898
9.695663531777898
9.695663531777898
9.695663531777898
9.695663531777898
9.695663531777898
9.695663531777898
9.695663531777898
9.695663531777898
9.695663531777898
9.695663531777898
9.695663531777898
9.695663531777898
9.695663531777898
9.695663531777898
9.695663531777898
9.695663531777898
9.695663531777898
9.695663531777898
9.695663531777898
9.695663531777898
9.695663531777898
9.695663531777898
9.695663531777898
9.695663531777898
9.695663531777898
9.695663531777898
9.695663531777898
9.695663531777898
9.695663531777898
9.695663531777898
9.695663531777898
9.695663531777898
9.695663531777898
9.695663531777898
9.695663531777898
9.695663531777898
9.695663531777898
9.695663531777898
9.695663531777898
9.695663531777898
9.695663531777898
9.706461637160967
9.706461637160967
9.706461637160967
9.706461637160967
9.706461637160967
9.706461637160967
9.706461637160967
9.706461637160967
9.706461637160967
9.761785671979531
9.761785671979531
9.761785671979531
9.761785671979531
9.761785671979531
9.761785671979531
9.761785671979531
9.761785671979531
9.761785671979531
9.761785671979531
9.761785671979531
9.761785671979531
9.761785671979531
9.761785671979531
9.761785671979531
9.761785671979531
9.761785671979531
9.761785671979531
9.761785671979531
9.761785671979531
9.761785671979531
9.761785671979531
9.761785671979531
9.761785671979531
9.761785671979531
9.761785671979531
9.761785671979531
9.761785671979531
9.761785671979531
9.761785671979531
9.761785671979531
9.761785671979531
9.761785671979531
9.761785671979531
9.761785671979531
9.761785671979531
9.761785671979531
9.761785671979531
9.761785671979531
9.761785671979531
9.761785671979531
9.761785671979531
9.761785671979531
9.761785671979531
9.761785671979531
9.761785671979531
9.761785671979531
9.761785671979531
9.761785671979531
9.761785671979531
9.761785671979531
9.761785671979531
9.761785671979531
9.761785671979531
9.761785671979531
9.761785671979531
9.761785671979531
9.761785671979531
9.761785671979531
9.761785671979531
9.761785671979531
9.761785671979531
9.761785671979531
9.761785671979531
9.761785671979531
9.761785671979531
9.761785671979531
9.761785671979531
9.761785671979531
9.761785671979531
9.761785671979531
9.761785671979531
9.761785671979531
9.761785671979531
9.761785671979531
9.761785671979531
9.761785671979531
9.761785671979531
9.761785671979531
9.761785671979531
9.761785671979531
9.761785671979531
9.761785671979531
9.761785671979531
9.761785671979531
9.761785671979531
9.761785671979531
9.761785671979531
9.761785671979531
9.761785671979531
9.761785671979531
9.761785671979531
9.761785671979531
9.761785671979531
9.761785671979531
9.761785671979531
9.761785671979531
9.761785671979531
9.761785671979531
9.761785671979531
9.761785671979531
9.761785671979531
9.761785671979531
9.761785671979531
9.761785671979531
9.761785671979531
9.761785671979531
9.761785671979531
9.761785671979531
9.761785671979531
9.761785671979531
9.761785671979531
9.761785671979531
9.761785671979531
9.761785671979531
9.761785671979531
9.761785671979531
9.761785671979531
9.761785671979531
9.761785671979531
9.761785671979531
9.761785671979531
9.797406306484266
9.797406306484266
9.797406306484266
9.797406306484266
9.797406306484266
9.797406306484266
9.797406306484266
9.797406306484266
9.797406306484266
9.797406306484266
9.797406306484266
9.797406306484266
9.797406306484266
9.797406306484266
9.797406306484266
9.797406306484266
9.797406306484266
9.797406306484266
9.797406306484266
9.797406306484266
9.797406306484266
9.797406306484266
9.797406306484266
9.797406306484266
9.797406306484266
9.797406306484266
9.797406306484266
9.797406306484266
9.797406306484266
9.797406306484266
9.797406306484266
9.797406306484266
9.797406306484266
9.797406306484266
9.797406306484266
9.797406306484266
9.797406306484266
9.797406306484266
9.797406306484266
9.797406306484266
9.797406306484266
9.797406306484266
9.797406306484266
9.797406306484266
9.797406306484266
9.797406306484266
9.797406306484266
9.797406306484266
9.797406306484266
9.797406306484266
9.797406306484266
9.797406306484266
9.797406306484266
9.797406306484266
9.797406306484266
9.797406306484266
9.797406306484266
9.797406306484266
9.797406306484266
9.797406306484266
9.797406306484266
9.797406306484266
9.797406306484266
9.797406306484266
9.797406306484266
9.797406306484266
9.797406306484266
9.797406306484266
9.797406306484266
9.797406306484266
9.797406306484266
9.797406306484266
9.797406306484266
9.797406306484266
9.797406306484266
9.797406306484266
9.797406306484266
9.797406306484266
9.797406306484266
9.797406306484266
9.797406306484266
9.797406306484266
9.797406306484266
9.797406306484266
9.797406306484266
9.797406306484266
9.797406306484266
9.797406306484266
9.797406306484266
9.797406306484266
9.797406306484266
9.797406306484266
9.797406306484266
9.797406306484266
9.797406306484266
9.797406306484266
9.797406306484266
9.797406306484266
9.797406306484266
9.797406306484266
9.797406306484266
9.797406306484266
9.797406306484266
9.797406306484266
9.797406306484266
9.797406306484266
9.797406306484266
9.797406306484266
9.797406306484266
9.797406306484266
9.797406306484266
9.797406306484266
9.797406306484266
9.797406306484266
9.797406306484266
9.797406306484266
9.797406306484266
9.797406306484266
9.797406306484266
9.797406306484266
9.797406306484266
9.797406306484266
9.797406306484266
9.797406306484266
9.797406306484266
9.797406306484266
9.797406306484266
9.797406306484266
9.797406306484266
9.797406306484266
9.797406306484266
9.797406306484266
9.797406306484266
9.797406306484266
9.797406306484266
9.797406306484266
9.797406306484266
9.797406306484266
9.797406306484266
9.797406306484266
9.797406306484266
9.797406306484266
9.797406306484266
9.797406306484266
9.797406306484266
9.797406306484266
9.797406306484266
9.797406306484266
9.797406306484266
9.797406306484266
9.797406306484266
9.797406306484266
9.797406306484266
9.797406306484266
9.797406306484266
9.797406306484266
9.797406306484266
9.797406306484266
9.797406306484266
9.797406306484266
9.797406306484266
9.797406306484266
9.797406306484266
9.797406306484266
9.797406306484266
9.797406306484266
9.797406306484266
9.797406306484266
9.797406306484266
9.797406306484266
9.797406306484266
9.797406306484266
9.797406306484266
9.797406306484266
9.797406306484266
9.797406306484266
9.797406306484266
9.797406306484266
9.797406306484266
9.797406306484266
9.797406306484266
9.797406306484266
9.797406306484266
9.797406306484266
9.797406306484266
9.797406306484266
9.797406306484266
9.797406306484266
9.797406306484266
9.797406306484266
9.797406306484266
9.797406306484266
9.797406306484266
9.797406306484266
9.797406306484266
9.797406306484266
9.797406306484266
9.797406306484266
9.797406306484266
9.797406306484266
9.797406306484266
9.797406306484266
9.797406306484266
9.797406306484266
9.797406306484266
9.797406306484266
9.797406306484266
9.797406306484266
9.797406306484266
9.797406306484266
9.797406306484266
9.797406306484266
9.797406306484266
9.797406306484266
9.797406306484266
9.797406306484266
9.797406306484266
9.797406306484266
9.797406306484266
9.797406306484266
9.797406306484266
9.797406306484266
9.797406306484266
9.797406306484266
9.797406306484266
9.797406306484266
9.797406306484266
9.797406306484266
9.797406306484266
9.797406306484266
9.797406306484266
9.797406306484266
9.797406306484266
9.797406306484266
9.797406306484266
9.797406306484266
9.797406306484266
9.797406306484266
9.797406306484266
9.797406306484266
9.797406306484266
9.797406306484266
9.797406306484266
9.797406306484266
9.797406306484266
9.797406306484266
9.797406306484266
9.797406306484266
9.797406306484266
9.797406306484266
9.797406306484266
9.797406306484266
9.797406306484266
9.797406306484266
9.797406306484266
9.797406306484266
9.797406306484266
9.797406306484266
9.797406306484266
9.797406306484266
9.797406306484266
9.797406306484266
9.797406306484266
9.797406306484266
9.797406306484266
9.797406306484266
9.797406306484266
9.797406306484266
9.797406306484266
9.797406306484266
9.797406306484266
9.797406306484266
9.797406306484266
9.797406306484266
9.797406306484266
9.797406306484266
9.797406306484266
9.797406306484266
9.797406306484266
9.797406306484266
9.797406306484266
9.797406306484266
9.797406306484266
9.797406306484266
9.797406306484266
9.797406306484266
9.797406306484266
9.797406306484266
9.797406306484266
9.797406306484266
9.797406306484266
9.797406306484266
9.797406306484266
9.797406306484266
9.797406306484266
9.797406306484266
9.797406306484266
9.797406306484266
9.797406306484266
9.797406306484266
9.797406306484266
9.797406306484266
9.797406306484266
9.797406306484266
9.797406306484266
9.797406306484266
9.797406306484266
9.797406306484266
9.797406306484266
9.797406306484266
9.797406306484266
9.797406306484266
9.797406306484266
9.797406306484266
9.797406306484266
9.797406306484266
9.797406306484266
9.797406306484266
9.797406306484266
9.797406306484266
9.797406306484266
9.797406306484266
9.797406306484266
9.797406306484266
9.797406306484266
9.797406306484266
9.797406306484266
9.797406306484266
9.797406306484266
9.797406306484266
9.797406306484266
9.797406306484266
9.797406306484266
9.797406306484266
9.797406306484266
9.797406306484266
9.797406306484266
9.797406306484266
9.797406306484266
9.797406306484266
9.797406306484266
9.797406306484266
9.797406306484266
9.797406306484266
9.797406306484266
9.797406306484266
9.797406306484266
9.797406306484266
9.797406306484266
9.797406306484266
9.797406306484266
9.797406306484266
9.797406306484266
9.797406306484266
9.797406306484266
9.797406306484266
9.797406306484266
9.797406306484266
9.797406306484266
9.797406306484266
9.797406306484266
9.797406306484266
9.797406306484266
9.797406306484266
9.797406306484266
9.797406306484266
9.797406306484266
9.797406306484266
9.797406306484266
9.797406306484266
9.797406306484266
9.797406306484266
9.797406306484266
9.797406306484266
9.797406306484266
9.797406306484266
9.797406306484266
9.797406306484266
9.797406306484266
9.797406306484266
9.797406306484266
9.797406306484266
9.797406306484266
9.797406306484266
9.797406306484266
9.797406306484266
9.797406306484266
9.797406306484266
9.797406306484266
9.797406306484266
9.797406306484266
9.797406306484266
9.797406306484266
9.797406306484266
9.797406306484266
9.797406306484266
9.797406306484266
9.797406306484266
9.797406306484266
9.797406306484266
9.797406306484266
9.797406306484266
9.797406306484266
9.797406306484266
9.797406306484266
9.797406306484266
9.797406306484266
9.797406306484266
9.797406306484266
9.797406306484266
9.797406306484266
9.797406306484266
9.797406306484266
9.797406306484266
9.797406306484266
9.797406306484266
9.797406306484266
9.797406306484266
9.797406306484266
9.797406306484266
9.797406306484266
9.797406306484266
9.797406306484266
9.797406306484266
9.797406306484266
9.797406306484266
9.797406306484266
9.797406306484266
9.797406306484266
9.797406306484266
9.797406306484266
9.797406306484266
9.797406306484266
9.797406306484266
9.797406306484266
9.797406306484266
9.797406306484266
9.797406306484266
9.797406306484266
9.797406306484266
9.797406306484266
9.797406306484266
9.797406306484266
9.797406306484266
9.797406306484266
9.797406306484266
9.797406306484266
9.797406306484266
9.797406306484266
9.797406306484266
9.797406306484266
9.797406306484266
9.797406306484266
9.797406306484266
9.797406306484266
9.797406306484266
9.797406306484266
9.797406306484266
9.797406306484266
9.797406306484266
9.797406306484266
9.797406306484266
9.797406306484266
9.797406306484266
9.797406306484266
9.797406306484266
9.797406306484266
9.797406306484266
9.797406306484266
9.797406306484266
9.797406306484266
9.797406306484266
9.797406306484266
9.797406306484266
9.797406306484266
9.797406306484266
9.797406306484266
9.797406306484266
9.797406306484266
9.797406306484266
9.797406306484266
9.797406306484266
9.797406306484266
9.797406306484266
9.797406306484266
9.797406306484266
9.797406306484266
9.797406306484266
9.797406306484266
9.797406306484266
9.797406306484266
9.797406306484266
9.797406306484266
9.797406306484266
9.797406306484266
9.797406306484266
9.797406306484266
9.797406306484266
9.797406306484266
9.797406306484266
9.797406306484266
9.797406306484266
9.797406306484266
9.797406306484266
9.797406306484266
9.797406306484266
9.797406306484266
9.797406306484266
9.797406306484266
9.797406306484266
9.797406306484266
9.797406306484266
9.797406306484266
9.797406306484266
9.797406306484266
9.797406306484266
9.797406306484266
9.797406306484266
9.797406306484266
9.797406306484266
9.797406306484266
9.797406306484266
9.797406306484266
9.797406306484266
9.797406306484266
9.797406306484266
9.797406306484266
9.797406306484266
9.797406306484266
9.797406306484266
9.797406306484266
9.797406306484266
9.797406306484266
9.797406306484266
9.797406306484266
9.797406306484266
9.797406306484266
9.797406306484266
9.797406306484266
9.797406306484266
9.797406306484266
9.797406306484266
9.797406306484266
9.797406306484266
9.797406306484266
9.797406306484266
9.797406306484266
9.797406306484266
9.797406306484266
9.797406306484266
9.797406306484266
9.797406306484266
9.797406306484266
9.797406306484266
9.797406306484266
9.797406306484266
9.797406306484266
9.797406306484266
9.797406306484266
9.797406306484266
9.797406306484266
9.797406306484266
9.797406306484266
9.797406306484266
9.797406306484266
9.797406306484266
9.797406306484266
9.797406306484266
9.797406306484266
9.797406306484266
9.797406306484266
9.797406306484266
9.797406306484266
9.797406306484266
9.797406306484266
9.797406306484266
9.797406306484266
9.797406306484266
9.797406306484266
9.797406306484266
9.797406306484266
9.797406306484266
9.797406306484266
9.797406306484266
9.797406306484266
9.797406306484266
9.797406306484266
9.797406306484266
9.797406306484266
9.797406306484266
9.797406306484266
9.797406306484266
9.81135768421381
9.81135768421381
9.81135768421381
9.81135768421381
9.81135768421381
9.81135768421381
9.81135768421381
9.81135768421381
9.81135768421381
9.81135768421381
9.81135768421381
9.81135768421381
9.81135768421381
9.81135768421381
9.81135768421381
9.81135768421381
9.81135768421381
9.81135768421381
9.81135768421381
9.81135768421381
9.81135768421381
9.81135768421381
9.81135768421381
9.81135768421381
9.81135768421381
9.81135768421381
9.81135768421381
9.81135768421381
9.81135768421381
9.81135768421381
9.81135768421381
9.81135768421381
9.81135768421381
9.81135768421381
9.81135768421381
9.81135768421381
9.81135768421381
9.81135768421381
9.81135768421381
9.81135768421381
9.81135768421381
9.81135768421381
9.81135768421381
9.81135768421381
9.81135768421381
9.81135768421381
9.81135768421381
9.81135768421381
9.81135768421381
9.81135768421381
9.81135768421381
9.81135768421381
9.81135768421381
9.81135768421381
9.81135768421381
9.81135768421381
9.81135768421381
9.81135768421381
9.81135768421381
9.81135768421381
9.81135768421381
9.81135768421381
9.81135768421381
9.81135768421381
9.81135768421381
9.81135768421381
9.81135768421381
9.81135768421381
9.81135768421381
9.81135768421381
9.81135768421381
9.81135768421381
9.81135768421381
9.81135768421381
9.81135768421381
9.81135768421381
9.81135768421381
9.81135768421381
9.81135768421381
9.81135768421381
9.81135768421381
9.81135768421381
9.81135768421381
9.81135768421381
9.81135768421381
9.81135768421381
9.81135768421381
9.81135768421381
9.81135768421381
9.81135768421381
9.81135768421381
9.81135768421381
9.81135768421381
9.81135768421381
9.81135768421381
9.81135768421381
9.81135768421381
9.81135768421381
9.81135768421381
9.81135768421381
9.81135768421381
9.81135768421381
9.81135768421381
9.81135768421381
9.81135768421381
9.81135768421381
9.81135768421381
9.81135768421381
9.81135768421381
9.81135768421381
9.81135768421381
9.81135768421381
9.81135768421381
9.81135768421381
9.81135768421381
9.81135768421381
9.81135768421381
9.81135768421381
9.81135768421381
9.81135768421381
9.81135768421381
9.81135768421381
9.81135768421381
9.81135768421381
9.81135768421381
9.81135768421381
9.81135768421381
9.81135768421381
9.81135768421381
9.81135768421381
9.81135768421381
9.81135768421381
9.81135768421381
9.81135768421381
9.81135768421381
9.81135768421381
9.81135768421381
9.81135768421381
9.81135768421381
9.81135768421381
9.81135768421381
9.81135768421381
9.81135768421381
9.81135768421381
9.81135768421381
9.81135768421381
9.81135768421381
9.81135768421381
9.81135768421381
9.81135768421381
9.81135768421381
9.81135768421381
9.81135768421381
9.81135768421381
9.81135768421381
9.81135768421381
9.81135768421381
9.81135768421381
9.81135768421381
9.81135768421381
9.81135768421381
9.81135768421381
9.81135768421381
9.81135768421381
9.81135768421381
9.81135768421381
9.81135768421381
9.81135768421381
9.81135768421381
9.81135768421381
9.81135768421381
9.81135768421381
9.81135768421381
9.81135768421381
9.81135768421381
9.81135768421381
9.81135768421381
9.81135768421381
9.81135768421381
9.81135768421381
9.81135768421381
9.81135768421381
9.81135768421381
9.81135768421381
9.81135768421381
9.81135768421381
9.81135768421381
9.81135768421381
9.81135768421381
9.81135768421381
9.81135768421381
9.81135768421381
9.81135768421381
9.81135768421381
9.81135768421381
9.81135768421381
9.81135768421381
9.81135768421381
9.81135768421381
9.81135768421381
9.81135768421381
9.81135768421381
9.81135768421381
9.81135768421381
9.81135768421381
9.81135768421381
9.81135768421381
9.81135768421381
9.81135768421381
9.81135768421381
9.81135768421381
9.81135768421381
9.81135768421381
9.81135768421381
9.81135768421381
9.81135768421381
9.81135768421381
9.81135768421381
9.81135768421381
9.81135768421381
9.81135768421381
9.81135768421381
9.81135768421381
9.81135768421381
9.81135768421381
9.81135768421381
9.81135768421381
9.81135768421381
9.81135768421381
9.81135768421381
9.81135768421381
9.81135768421381
9.81135768421381
9.81135768421381
9.81135768421381
9.81135768421381
9.81135768421381
9.81135768421381
9.81135768421381
9.81135768421381
9.81135768421381
9.81135768421381
9.81135768421381
9.81135768421381
9.81135768421381
9.81135768421381
9.81135768421381
9.81135768421381
9.81135768421381
9.81135768421381
9.81135768421381
9.81135768421381
9.81135768421381
9.81135768421381
9.81135768421381
9.81135768421381
9.81135768421381
9.81135768421381
9.81135768421381
9.81135768421381
9.81135768421381
9.81135768421381
9.81135768421381
9.81135768421381
9.81135768421381
9.81135768421381
9.81135768421381
9.81135768421381
9.81135768421381
9.81135768421381
9.81135768421381
9.81135768421381
9.81135768421381
9.81135768421381
9.81135768421381
9.81135768421381
9.81135768421381
9.81135768421381
9.81135768421381
9.81135768421381
9.81135768421381
9.81135768421381
9.81135768421381
9.81135768421381
9.81135768421381
9.81135768421381
9.81135768421381
9.81135768421381
9.81135768421381
9.81135768421381
9.81135768421381
9.81135768421381
9.81135768421381
9.81135768421381
9.81135768421381
9.81135768421381
9.81135768421381
9.81135768421381
9.81135768421381
9.81135768421381
9.81135768421381
9.81135768421381
9.81135768421381
9.81135768421381
9.81135768421381
9.81135768421381
9.81135768421381
9.81135768421381
9.81135768421381
9.81135768421381
9.81135768421381
9.81135768421381
9.81135768421381
9.81135768421381
9.81135768421381
9.81135768421381
9.81135768421381
9.81135768421381
9.81135768421381
9.81135768421381
9.81135768421381
9.81135768421381
9.81135768421381
9.81135768421381
9.81135768421381
9.81135768421381
9.81135768421381
9.81135768421381
9.81135768421381
9.81135768421381
9.81135768421381
9.81135768421381
9.81135768421381
9.81135768421381
9.81135768421381
9.81135768421381
9.81135768421381
9.81135768421381
9.81135768421381
9.81135768421381
9.81135768421381
9.81135768421381
9.81135768421381
9.81135768421381
9.81135768421381
9.81135768421381
9.81135768421381
9.81135768421381
9.81135768421381
9.81135768421381
9.81135768421381
9.81135768421381
9.81135768421381
9.81135768421381
9.81135768421381
9.81135768421381
9.81135768421381
9.81135768421381
9.81135768421381
9.81135768421381
9.81135768421381
9.81135768421381
9.815981172665683
9.815981172665683
9.815981172665683
9.815981172665683
9.815981172665683
9.815981172665683
9.815981172665683
9.815981172665683
9.815981172665683
9.815981172665683
9.815981172665683
9.815981172665683
9.815981172665683
9.815981172665683
9.815981172665683
9.815981172665683
9.815981172665683
9.815981172665683
9.815981172665683
9.815981172665683
9.815981172665683
9.815981172665683
9.815981172665683
9.815981172665683
9.815981172665683
9.815981172665683
9.815981172665683
9.815981172665683
9.815981172665683
9.815981172665683
9.815981172665683
9.815981172665683
9.815981172665683
9.815981172665683
9.815981172665683
9.815981172665683
9.815981172665683
9.815981172665683
9.815981172665683
9.815981172665683
9.815981172665683
9.815981172665683
9.815981172665683
9.815981172665683
9.815981172665683
9.815981172665683
9.815981172665683
9.815981172665683
9.815981172665683
9.815981172665683
9.815981172665683
9.815981172665683
9.815981172665683
9.815981172665683
9.815981172665683
9.815981172665683
9.815981172665683
9.815981172665683
9.815981172665683
9.815981172665683
9.815981172665683
9.815981172665683
9.815981172665683
9.815981172665683
9.815981172665683
9.815981172665683
9.815981172665683
9.815981172665683
9.815981172665683
9.815981172665683
9.815981172665683
9.815981172665683
9.815981172665683
9.815981172665683
9.815981172665683
9.815981172665683
9.815981172665683
9.815981172665683
9.815981172665683
9.815981172665683
9.815981172665683
9.815981172665683
9.815981172665683
9.815981172665683
9.815981172665683
9.815981172665683
9.815981172665683
9.815981172665683
9.815981172665683
9.815981172665683
9.815981172665683
9.815981172665683
9.815981172665683
9.815981172665683
9.815981172665683
9.815981172665683
9.815981172665683
9.815981172665683
9.815981172665683
9.815981172665683
9.815981172665683
9.815981172665683
9.815981172665683
9.815981172665683
9.815981172665683
9.815981172665683
9.815981172665683
9.815981172665683
9.815981172665683
9.815981172665683
9.815981172665683
9.815981172665683
9.815981172665683
9.815981172665683
9.815981172665683
9.815981172665683
9.815981172665683
9.815981172665683
9.815981172665683
9.815981172665683
9.815981172665683
9.815981172665683
9.815981172665683
9.815981172665683
9.815981172665683
9.815981172665683
9.815981172665683
9.815981172665683
9.815981172665683
9.815981172665683
9.815981172665683
9.815981172665683
9.815981172665683
9.815981172665683
9.815981172665683
9.815981172665683
9.815981172665683
9.815981172665683
9.815981172665683
9.815981172665683
9.815981172665683
9.815981172665683
9.815981172665683
9.815981172665683
9.815981172665683
9.815981172665683
9.815981172665683
9.815981172665683
9.815981172665683
9.815981172665683
9.815981172665683
9.815981172665683
9.815981172665683
9.815981172665683
9.815981172665683
9.815981172665683
9.815981172665683
9.815981172665683
9.815981172665683
9.815981172665683
9.815981172665683
9.815981172665683
9.815981172665683
9.815981172665683
9.815981172665683
9.815981172665683
9.815981172665683
9.815981172665683
9.815981172665683
9.815981172665683
9.815981172665683
9.815981172665683
9.815981172665683
9.815981172665683
9.815981172665683
9.815981172665683
9.815981172665683
9.815981172665683
9.815981172665683
9.815981172665683
9.815981172665683
9.815981172665683
9.815981172665683
9.815981172665683
9.815981172665683
9.815981172665683
9.815981172665683
9.815981172665683
9.815981172665683
9.815981172665683
9.815981172665683
9.815981172665683
9.815981172665683
9.815981172665683
9.815981172665683
9.815981172665683
9.815981172665683
9.815981172665683
9.815981172665683
9.815981172665683
9.815981172665683
9.815981172665683
9.815981172665683
9.815981172665683
9.815981172665683
9.815981172665683
9.815981172665683
9.815981172665683
9.815981172665683
9.815981172665683
9.815981172665683
9.815981172665683
9.815981172665683
9.815981172665683
9.815981172665683
9.815981172665683
9.815981172665683
9.815981172665683
9.815981172665683
9.815981172665683
9.815981172665683
9.815981172665683
9.815981172665683
9.815981172665683
9.815981172665683
9.815981172665683
9.815981172665683
9.815981172665683
9.815981172665683
9.815981172665683
9.815981172665683
9.815981172665683
9.815981172665683
9.815981172665683
9.815981172665683
9.815981172665683
9.815981172665683
9.815981172665683
9.815981172665683
9.815981172665683
9.815981172665683
9.815981172665683
9.815981172665683
9.815981172665683
9.815981172665683
9.815981172665683
9.815981172665683
9.815981172665683
9.815981172665683
9.815981172665683
9.815981172665683
9.815981172665683
9.815981172665683
9.815981172665683
9.815981172665683
9.815981172665683
9.815981172665683
9.815981172665683
9.815981172665683
9.815981172665683
9.815981172665683
9.815981172665683
9.815981172665683
9.815981172665683
9.815981172665683
9.815981172665683
9.815981172665683
9.815981172665683
9.815981172665683
9.815981172665683
9.815981172665683
9.815981172665683
9.815981172665683
9.815981172665683
9.815981172665683
9.815981172665683
9.815981172665683
9.815981172665683
9.815981172665683
9.815981172665683
9.815981172665683
9.815981172665683
9.815981172665683
9.815981172665683
9.815981172665683
9.815981172665683
9.815981172665683
9.815981172665683
9.815981172665683
9.815981172665683
9.815981172665683
9.815981172665683
9.815981172665683
9.815981172665683
9.815981172665683
9.815981172665683
9.815981172665683
9.822224238536668
9.822224238536668
9.822224238536668
9.822224238536668
9.822224238536668
9.822224238536668
9.822224238536668
9.822224238536668
9.822224238536668
9.822224238536668
9.822224238536668
9.822224238536668
9.822224238536668
9.822224238536668
9.822224238536668
9.822224238536668
9.822224238536668
9.822224238536668
9.822224238536668
9.822224238536668
9.822224238536668
9.822224238536668
9.822224238536668
9.822224238536668
9.822224238536668
9.822224238536668
9.822224238536668
9.822224238536668
9.822224238536668
9.822224238536668
9.822224238536668
9.822224238536668
9.822224238536668
9.822224238536668
9.822224238536668
9.822224238536668
9.822224238536668
9.822224238536668
9.822224238536668
9.822224238536668
9.822224238536668
9.822224238536668
9.822224238536668
9.822224238536668
9.822224238536668
9.822224238536668
9.822224238536668
9.822224238536668
9.822224238536668
Score: 9.822224238536668
Runtime: 636ms
