7.217120811826526E-9
7.217120811826526E-9
7.217120811826526E-9
4.729652768887594E-5
4.729652768887594E-5
4.729652768887594E-5
0.007025489886033002
0.007025489886033002
0.007025489886033002
0.007025489886033002
0.009982490047749553
0.009982490047749553
0.009982490047749553
0.009982490047749553
0.009982490047749553
0.009982490047749553
0.009982490047749553
0.03226629197678815
0.03226629197678815
0.03226629197678815
0.03226629197678815
0.03226629197678815
0.034187737982936214
0.034187737982936214
0.06965596415492847
0.0881206559447941
0.0881206559447941
0.0881206559447941
0.16666932522049877
0.2681821280998052
0.35358349432350045
0.35358349432350045
0.35358349432350045
1.1247535413015242
1.1247535413015242
1.1247535413015242
1.1247535413015242
1.1247535413015242
1.1247535413015242
1.1247535413015242
1.1247535413015242
1.1247535413015242
1.1247535413015242
1.1247535413015242
1.1247535413015242
1.1247535413015242
1.1247535413015242
1.1247535413015242
1.1247535413015242
1.1247535413015242
1.8454870252027615
1.8454870252027615
1.8454870252027615
1.8454870252027615
1.8454870252027615
1.8454870252027615
1.8454870252027615
1.8454870252027615
1.8454870252027615
2.3436749002328088
2.3436749002328088
2.3436749002328088
2.3436749002328088
2.3436749002328088
2.3436749002328088
2.3436749002328088
2.3436749002328088
2.3436749002328088
2.3436749002328088
2.3436749002328088
2.3436749002328088
2.3436749002328088
2.3436749002328088
2.3436749002328088
2.3436749002328088
2.3436749002328088
2.3436749002328088
2.3436749002328088
2.3436749002328088
2.3436749002328088
2.3436749002328088
2.3436749002328088
2.3436749002328088
2.3436749002328088
2.3436749002328088
2.3436749002328088
2.3436749002328088
2.3436749002328088
2.3436749002328088
2.3436749002328088
2.3436749002328088
2.3436749002328088
2.3436749002328088
2.3436749002328088
2.3436749002328088
2.3436749002328088
2.3436749002328088
2.3436749002328088
2.3436749002328088
3.215494550961255
3.215494550961255
4.072253976567481
4.072253976567481
4.072253976567481
4.072253976567481
4.072253976567481
4.072253976567481
4.072253976567481
4.072253976567481
4.072253976567481
4.072253976567481
4.072253976567481
4.072253976567481
4.072253976567481
4.072253976567481
4.072253976567481
4.072253976567481
4.072253976567481
4.072253976567481
4.072253976567481
4.072253976567481
4.072253976567481
4.072253976567481
4.072253976567481
4.072253976567481
4.072253976567481
4.072253976567481
4.072253976567481
4.072253976567481
4.072253976567481
4.109896380546952
5.18084807058191
5.18084807058191
5.18084807058191
5.18084807058191
5.18084807058191
5.18084807058191
5.18084807058191
5.18084807058191
5.18084807058191
5.18084807058191
5.18084807058191
5.18084807058191
5.18084807058191
5.18084807058191
5.18084807058191
5.18084807058191
5.18084807058191
5.18084807058191
5.18084807058191
5.18084807058191
5.18084807058191
5.18084807058191
5.18084807058191
5.18084807058191
5.222580441323905
5.784002983825624
5.784002983825624
5.784002983825624
5.784002983825624
5.784002983825624
5.784002983825624
5.784002983825624
5.784002983825624
5.784002983825624
5.784002983825624
5.784002983825624
5.784002983825624
5.784002983825624
5.784002983825624
5.784002983825624
5.784002983825624
5.784002983825624
5.784002983825624
5.784002983825624
5.784002983825624
6.306611317573768
6.306611317573768
6.306611317573768
6.732191108551685
6.732191108551685
6.83927683286753
7.569487032996344
7.569487032996344
8.106111043534458
8.106111043534458
8.106111043534458
8.106111043534458
8.106111043534458
8.106111043534458
8.106111043534458
8.106111043534458
8.106111043534458
8.106111043534458
8.106111043534458
8.106111043534458
8.106111043534458
8.106111043534458
8.106111043534458
8.106111043534458
8.106111043534458
8.111292492662916
8.111292492662916
8.592390645665265
8.592390645665265
8.592390645665265
8.592390645665265
8.592390645665265
8.592390645665265
8.592390645665265
8.592390645665265
8.592390645665265
8.592390645665265
8.592390645665265
8.592390645665265
8.592390645665265
8.592390645665265
8.592390645665265
8.592390645665265
8.592390645665265
8.592390645665265
8.592390645665265
8.592390645665265
8.592390645665265
8.592390645665265
8.592390645665265
8.592390645665265
8.592390645665265
8.592390645665265
8.592390645665265
8.592390645665265
8.592390645665265
8.592390645665265
8.592390645665265
8.592390645665265
8.592390645665265
8.592390645665265
8.592390645665265
8.592390645665265
8.592390645665265
8.592390645665265
8.592390645665265
8.592390645665265
8.592390645665265
8.592390645665265
8.592390645665265
8.592390645665265
8.592390645665265
8.592390645665265
8.592390645665265
8.592390645665265
8.65618978763406
8.65618978763406
8.65618978763406
8.65618978763406
8.65618978763406
8.65618978763406
8.65618978763406
8.65618978763406
8.65618978763406
8.65618978763406
8.65618978763406
8.65618978763406
8.65618978763406
8.65618978763406
8.65618978763406
8.65618978763406
8.65618978763406
8.65618978763406
8.65618978763406
8.65618978763406
8.65618978763406
8.65618978763406
8.65618978763406
8.65618978763406
8.65618978763406
8.65618978763406
8.65618978763406
8.65618978763406
8.65618978763406
8.65618978763406
8.65618978763406
8.65618978763406
8.65618978763406
8.65618978763406
8.65618978763406
8.65618978763406
8.65618978763406
8.65618978763406
8.65618978763406
8.65618978763406
8.65618978763406
8.65618978763406
8.65618978763406
8.65618978763406
8.72369668311067
8.7553299201198
8.7553299201198
8.7553299201198
8.7553299201198
8.758034707868234
8.758034707868234
8.758034707868234
8.758034707868234
8.758034707868234
8.758034707868234
8.758034707868234
8.758034707868234
8.758034707868234
8.758034707868234
8.940774022088844
8.940774022088844
8.940774022088844
8.940774022088844
8.940774022088844
8.99188393377604
8.99188393377604
8.99188393377604
8.99188393377604
8.99188393377604
8.99188393377604
8.99188393377604
8.99188393377604
8.99188393377604
9.038375402497007
9.038375402497007
9.038375402497007
9.038375402497007
9.038375402497007
9.038375402497007
9.038375402497007
9.038375402497007
9.038375402497007
9.038375402497007
9.038375402497007
9.038375402497007
9.109823621824187
9.109823621824187
9.109823621824187
9.109823621824187
9.109823621824187
9.109823621824187
9.109823621824187
9.109823621824187
9.109823621824187
9.111714273526454
9.111714273526454
9.111714273526454
9.111714273526454
9.111714273526454
9.111714273526454
9.111714273526454
9.111714273526454
9.111714273526454
9.111714273526454
9.111714273526454
9.111714273526454
9.111714273526454
9.111714273526454
9.111714273526454
9.111714273526454
9.111714273526454
9.111714273526454
9.111714273526454
9.111714273526454
9.111714273526454
9.111714273526454
9.111714273526454
9.111714273526454
9.111714273526454
9.111714273526454
9.111714273526454
9.336352691099243
9.336352691099243
9.336352691099243
9.336352691099243
9.336352691099243
9.336352691099243
9.336352691099243
9.336352691099243
9.336352691099243
9.336352691099243
9.336352691099243
9.336352691099243
9.336352691099243
9.336352691099243
9.336352691099243
9.336352691099243
9.336352691099243
9.336352691099243
9.336352691099243
9.336352691099243
9.336352691099243
9.336352691099243
9.336352691099243
9.336352691099243
9.336352691099243
9.336352691099243
9.336352691099243
9.336352691099243
9.336352691099243
9.336352691099243
9.336352691099243
9.336352691099243
9.336352691099243
9.336352691099243
9.336352691099243
9.336352691099243
9.336928102122137
9.336928102122137
9.336928102122137
9.336928102122137
9.336928102122137
9.336928102122137
9.336928102122137
9.336928102122137
9.336928102122137
9.336928102122137
9.336928102122137
9.336928102122137
9.336928102122137
9.336928102122137
9.336928102122137
9.336928102122137
9.336928102122137
9.336928102122137
9.336928102122137
9.367718321736675
9.367718321736675
9.367718321736675
9.367718321736675
9.367718321736675
9.426085964209204
9.426085964209204
9.426085964209204
9.426085964209204
9.426085964209204
9.426085964209204
9.426085964209204
9.426085964209204
9.426085964209204
9.426085964209204
9.426085964209204
9.426085964209204
9.492142754507785
9.492142754507785
9.492142754507785
9.492142754507785
9.492142754507785
9.492142754507785
9.492142754507785
9.510735133277253
9.510735133277253
9.510735133277253
9.510735133277253
9.510735133277253
9.510735133277253
9.510735133277253
9.510735133277253
9.530843854725036
9.530843854725036
9.530843854725036
9.530843854725036
9.530843854725036
9.530843854725036
9.530843854725036
9.530843854725036
9.530843854725036
9.534433958211935
9.534433958211935
9.534433958211935
9.534433958211935
9.543522825591975
9.600266063609599
9.600266063609599
9.600266063609599
9.600266063609599
9.600266063609599
9.600266063609599
9.600266063609599
9.600266063609599
9.600266063609599
9.600266063609599
9.600266063609599
9.600266063609599
9.600266063609599
9.600266063609599
9.600266063609599
9.600266063609599
9.600266063609599
9.600266063609599
9.600266063609599
9.600266063609599
9.600266063609599
9.600266063609599
9.600266063609599
9.600266063609599
9.600266063609599
9.600266063609599
9.60537834226195
9.612343869853891
9.612343869853891
9.612343869853891
9.625055005970948
9.625055005970948
9.625055005970948
9.625055005970948
9.625055005970948
9.625055005970948
9.625055005970948
9.631777784405324
9.631777784405324
9.631777784405324
9.631777784405324
9.631777784405324
9.631777784405324
9.631777784405324
9.632806640646422
9.632806640646422
9.632806640646422
9.632806640646422
9.632806640646422
9.632806640646422
9.632806640646422
9.653708294367972
9.653708294367972
9.653708294367972
9.653708294367972
9.653708294367972
9.653708294367972
9.653708294367972
9.653708294367972
9.653708294367972
9.653708294367972
9.653708294367972
9.653708294367972
9.653708294367972
9.654000803798496
9.654000803798496
9.67083124333804
9.67083124333804
9.67083124333804
9.67083124333804
9.67083124333804
9.67083124333804
9.67083124333804
9.67083124333804
9.67083124333804
9.67083124333804
9.67083124333804
9.67083124333804
9.67083124333804
9.67083124333804
9.67083124333804
9.67083124333804
9.67083124333804
9.67083124333804
9.67083124333804
9.67083124333804
9.67083124333804
9.677095548752913
9.677095548752913
9.677095548752913
9.677095548752913
9.677095548752913
9.677095548752913
9.677095548752913
9.677095548752913
9.677095548752913
9.677095548752913
9.677095548752913
9.677095548752913
9.677095548752913
9.677095548752913
9.677095548752913
9.677095548752913
9.677095548752913
9.677095548752913
9.677095548752913
9.677095548752913
9.677095548752913
9.677095548752913
9.677095548752913
9.677095548752913
9.677095548752913
9.687415071280688
9.687415071280688
9.687415071280688
9.687415071280688
9.687415071280688
9.687415071280688
9.687415071280688
9.687415071280688
9.687415071280688
9.687415071280688
9.687415071280688
9.687415071280688
9.687415071280688
9.687415071280688
9.687415071280688
9.687415071280688
9.687415071280688
9.687415071280688
9.687415071280688
9.687415071280688
9.687415071280688
9.687415071280688
9.687415071280688
9.687415071280688
9.687415071280688
9.687415071280688
9.687415071280688
9.687415071280688
9.687415071280688
9.687415071280688
9.687415071280688
9.687415071280688
9.687415071280688
9.687415071280688
9.687415071280688
9.687415071280688
9.687415071280688
9.687415071280688
9.687415071280688
9.687415071280688
9.687415071280688
9.687415071280688
9.687415071280688
9.687415071280688
9.687415071280688
9.687415071280688
9.687415071280688
9.687415071280688
9.687415071280688
9.687415071280688
9.687415071280688
9.687415071280688
9.687415071280688
9.687415071280688
9.687415071280688
9.687415071280688
9.687415071280688
9.68985859932837
9.68985859932837
9.68985859932837
9.68985859932837
9.68985859932837
9.68985859932837
9.68985859932837
9.68985859932837
9.69154050766404
9.69154050766404
9.69154050766404
9.69154050766404
9.69493500267481
9.69493500267481
9.697523990153702
9.697523990153702
9.697523990153702
9.697523990153702
9.697523990153702
9.697523990153702
9.712788613708893
9.712788613708893
9.712788613708893
9.712788613708893
9.712788613708893
9.712788613708893
9.712788613708893
9.712788613708893
9.712788613708893
9.712788613708893
9.712788613708893
9.712788613708893
9.712788613708893
9.712788613708893
9.712788613708893
9.712788613708893
9.712788613708893
9.712788613708893
9.712788613708893
9.712788613708893
9.712788613708893
9.712788613708893
9.712788613708893
9.712788613708893
9.712788613708893
9.712788613708893
9.712788613708893
9.712788613708893
9.712788613708893
9.712788613708893
9.712788613708893
9.712788613708893
9.712788613708893
9.712788613708893
9.712788613708893
9.712788613708893
9.712788613708893
9.712788613708893
9.712788613708893
9.712788613708893
9.712788613708893
9.712788613708893
9.712788613708893
9.712788613708893
9.712788613708893
9.712788613708893
9.712788613708893
9.712788613708893
9.712788613708893
9.712788613708893
9.712788613708893
9.712788613708893
9.712788613708893
9.712788613708893
9.712788613708893
9.712788613708893
9.712788613708893
9.712788613708893
9.712788613708893
9.712788613708893
9.712788613708893
9.712788613708893
9.712788613708893
9.712788613708893
9.712788613708893
9.712788613708893
9.712788613708893
9.712788613708893
9.712788613708893
9.712788613708893
9.712788613708893
9.712788613708893
9.712788613708893
9.712788613708893
9.712788613708893
9.712788613708893
9.712788613708893
9.712788613708893
9.712788613708893
9.712788613708893
9.712788613708893
9.712788613708893
9.712788613708893
9.712788613708893
9.712788613708893
9.712788613708893
9.712788613708893
9.712788613708893
9.712788613708893
9.712788613708893
9.712788613708893
9.712788613708893
9.712788613708893
9.712788613708893
9.712788613708893
9.712788613708893
9.712788613708893
9.712788613708893
9.712788613708893
9.712788613708893
9.712788613708893
9.712788613708893
9.712788613708893
9.712788613708893
9.712788613708893
9.712788613708893
9.712788613708893
9.712788613708893
9.712788613708893
9.712788613708893
9.712788613708893
9.712788613708893
9.712788613708893
9.712788613708893
9.712788613708893
9.712788613708893
9.712788613708893
9.712788613708893
9.712788613708893
9.712788613708893
9.712788613708893
9.712788613708893
9.712788613708893
9.712788613708893
9.712788613708893
9.712788613708893
9.712788613708893
9.712788613708893
9.712788613708893
9.712788613708893
9.712788613708893
9.712788613708893
9.712788613708893
9.712788613708893
9.712788613708893
9.712788613708893
9.712788613708893
9.712788613708893
9.712788613708893
9.712788613708893
9.712788613708893
9.712788613708893
9.712788613708893
9.712788613708893
9.712788613708893
9.712788613708893
9.712788613708893
9.712788613708893
9.712788613708893
9.712788613708893
9.712788613708893
9.712788613708893
9.712788613708893
9.712788613708893
9.712788613708893
9.712788613708893
9.712788613708893
9.712788613708893
9.712788613708893
9.712788613708893
9.712788613708893
9.712788613708893
9.713747284523977
9.713747284523977
9.713747284523977
9.713747284523977
9.713747284523977
9.713747284523977
9.713747284523977
9.713747284523977
9.713747284523977
9.713747284523977
9.713747284523977
9.713747284523977
9.713747284523977
9.713747284523977
9.713747284523977
9.713747284523977
9.713747284523977
9.713747284523977
9.713747284523977
9.713747284523977
9.713747284523977
9.713747284523977
9.713747284523977
9.713747284523977
9.723380678429827
9.723380678429827
9.723380678429827
9.723380678429827
9.723380678429827
9.723380678429827
9.723380678429827
9.723380678429827
9.723380678429827
9.723380678429827
9.723380678429827
9.723380678429827
9.723380678429827
9.723380678429827
9.723380678429827
9.723380678429827
9.723380678429827
9.723380678429827
9.723380678429827
9.723380678429827
9.723380678429827
9.723380678429827
9.723380678429827
9.723380678429827
9.723380678429827
9.723380678429827
9.723380678429827
9.723380678429827
9.723380678429827
9.723380678429827
9.723380678429827
9.723380678429827
9.723380678429827
9.723380678429827
9.723380678429827
9.723380678429827
9.723380678429827
9.723380678429827
9.723380678429827
9.723380678429827
9.723380678429827
9.723380678429827
9.723380678429827
9.723380678429827
9.723380678429827
9.723380678429827
9.723380678429827
9.723380678429827
9.723380678429827
9.723380678429827
9.723380678429827
9.723380678429827
9.723380678429827
9.723380678429827
9.723380678429827
9.723380678429827
9.723380678429827
9.723380678429827
9.723380678429827
9.723380678429827
9.723380678429827
9.723380678429827
9.723380678429827
9.723380678429827
9.723380678429827
9.723380678429827
9.723380678429827
9.723380678429827
9.723380678429827
9.723380678429827
9.723380678429827
9.723380678429827
9.723380678429827
9.723380678429827
9.723380678429827
9.723380678429827
9.723380678429827
9.723380678429827
9.723380678429827
9.723380678429827
9.723380678429827
9.723380678429827
9.723380678429827
9.723380678429827
9.723380678429827
9.723380678429827
9.723380678429827
9.723380678429827
9.723380678429827
9.723380678429827
9.723380678429827
9.723380678429827
9.723380678429827
9.72405066385388
9.72405066385388
9.72405066385388
9.72405066385388
9.72405066385388
9.72405066385388
9.72405066385388
9.72405066385388
9.72405066385388
9.72405066385388
9.72405066385388
9.72405066385388
9.72405066385388
9.72405066385388
9.72405066385388
9.72405066385388
9.72405066385388
9.72405066385388
9.72405066385388
9.72405066385388
9.72405066385388
9.72405066385388
9.72405066385388
9.72405066385388
9.72405066385388
9.72405066385388
9.72405066385388
9.72405066385388
9.72405066385388
9.72405066385388
9.72405066385388
9.72405066385388
9.72405066385388
9.72405066385388
9.72405066385388
9.72405066385388
9.72405066385388
9.72405066385388
9.72405066385388
9.72405066385388
9.72405066385388
9.72405066385388
9.72405066385388
9.72405066385388
9.72405066385388
9.72405066385388
9.72405066385388
9.72405066385388
9.72405066385388
9.725717837594456
9.725717837594456
9.725717837594456
9.725717837594456
9.725717837594456
9.725717837594456
9.725717837594456
9.725717837594456
9.725717837594456
9.725717837594456
9.725717837594456
9.725717837594456
9.725717837594456
9.725717837594456
9.725717837594456
9.725717837594456
9.725717837594456
9.725717837594456
9.725717837594456
9.725717837594456
9.725717837594456
9.725717837594456
9.725717837594456
9.725717837594456
9.725717837594456
9.725717837594456
9.725717837594456
9.725717837594456
9.725717837594456
9.725717837594456
9.725717837594456
9.725717837594456
9.725717837594456
9.725717837594456
9.725717837594456
9.725717837594456
9.725717837594456
9.725717837594456
9.725717837594456
9.725717837594456
9.725717837594456
9.725717837594456
9.725717837594456
9.725717837594456
9.725717837594456
9.725717837594456
9.725717837594456
9.725717837594456
9.725717837594456
9.725717837594456
9.725717837594456
9.725717837594456
9.725717837594456
9.725717837594456
9.725717837594456
9.730828760750562
9.730828760750562
9.730828760750562
9.730828760750562
9.730828760750562
9.730828760750562
9.730828760750562
9.730828760750562
9.730828760750562
9.730828760750562
9.730828760750562
9.730828760750562
9.730828760750562
9.730828760750562
9.730828760750562
9.730828760750562
9.730828760750562
9.730828760750562
9.730828760750562
9.730828760750562
9.730828760750562
9.730828760750562
9.730828760750562
9.730828760750562
9.730828760750562
9.730828760750562
9.730828760750562
9.730828760750562
9.730828760750562
9.730828760750562
9.730828760750562
9.730828760750562
9.730828760750562
9.730828760750562
9.730828760750562
9.730828760750562
9.730828760750562
9.730828760750562
9.730828760750562
9.730828760750562
9.730828760750562
9.730828760750562
9.730828760750562
9.730828760750562
9.730828760750562
9.730828760750562
9.730828760750562
9.730828760750562
9.730828760750562
9.730828760750562
9.730828760750562
9.730828760750562
9.730828760750562
9.730828760750562
9.730828760750562
9.730828760750562
9.730828760750562
9.730828760750562
9.730828760750562
9.730828760750562
9.730828760750562
9.730828760750562
9.730828760750562
9.730828760750562
9.730828760750562
9.730828760750562
9.730828760750562
9.730828760750562
9.730828760750562
9.730828760750562
9.730828760750562
9.730828760750562
9.730828760750562
9.730828760750562
9.730828760750562
9.730828760750562
9.733442968917615
9.733442968917615
9.733442968917615
9.733442968917615
9.733442968917615
9.733442968917615
9.733442968917615
9.733442968917615
9.733442968917615
9.733442968917615
9.733442968917615
9.733442968917615
9.733442968917615
9.733442968917615
9.733442968917615
9.733442968917615
9.733442968917615
9.733442968917615
9.733442968917615
9.735518686948438
9.735518686948438
9.735518686948438
9.735518686948438
9.735518686948438
9.735518686948438
9.735518686948438
9.735518686948438
9.735518686948438
9.735518686948438
9.735518686948438
9.735518686948438
9.735518686948438
9.735518686948438
9.735518686948438
9.735518686948438
9.735518686948438
9.735518686948438
9.735518686948438
9.735518686948438
9.735518686948438
9.735518686948438
9.735518686948438
9.735518686948438
9.735518686948438
9.735518686948438
9.735518686948438
9.735518686948438
9.735518686948438
9.735518686948438
9.738481975598182
9.738481975598182
9.738481975598182
9.738481975598182
9.738481975598182
9.738481975598182
9.738481975598182
9.738481975598182
9.738481975598182
9.738481975598182
9.738481975598182
9.738481975598182
9.738481975598182
9.738481975598182
9.738481975598182
9.738481975598182
9.738481975598182
9.738481975598182
9.738481975598182
9.738481975598182
9.738481975598182
9.738481975598182
9.738481975598182
9.738481975598182
9.738481975598182
9.738481975598182
9.738481975598182
9.738481975598182
9.738481975598182
9.738481975598182
9.738481975598182
9.738481975598182
9.738481975598182
9.738481975598182
9.738481975598182
9.738481975598182
9.738481975598182
9.738481975598182
9.738481975598182
9.738481975598182
9.738481975598182
9.738481975598182
9.738481975598182
9.738481975598182
9.738481975598182
9.738481975598182
9.741389366558828
9.741389366558828
9.741389366558828
9.741389366558828
9.741389366558828
9.741389366558828
9.741389366558828
9.741389366558828
9.741389366558828
9.741389366558828
9.741389366558828
9.741389366558828
9.741389366558828
9.741389366558828
9.741389366558828
9.741389366558828
9.743714493982237
9.743714493982237
9.743714493982237
9.743714493982237
9.743714493982237
9.743714493982237
9.743714493982237
9.743714493982237
9.743714493982237
9.743714493982237
9.743714493982237
9.74420732651277
9.74420732651277
9.74420732651277
9.74420732651277
9.74420732651277
9.74420732651277
9.744350581881896
9.744350581881896
9.744350581881896
9.744350581881896
9.744350581881896
9.744350581881896
9.746167722509448
9.746167722509448
9.746167722509448
9.746167722509448
9.746167722509448
9.746167722509448
9.746167722509448
9.746167722509448
9.746167722509448
9.746167722509448
9.746167722509448
9.746167722509448
9.746167722509448
9.746167722509448
9.746167722509448
9.746167722509448
9.746167722509448
9.746167722509448
9.746167722509448
9.746167722509448
9.746167722509448
9.746167722509448
9.746167722509448
9.746167722509448
9.746167722509448
9.746167722509448
9.746167722509448
9.746167722509448
9.746167722509448
9.746167722509448
9.746167722509448
9.746762253974282
9.746762253974282
9.746762253974282
9.746762253974282
9.746762253974282
9.746762253974282
9.746762253974282
9.746762253974282
9.746762253974282
9.746762253974282
9.746762253974282
9.746762253974282
9.746762253974282
9.746762253974282
9.746762253974282
9.746762253974282
9.746762253974282
9.746762253974282
9.746762253974282
9.746762253974282
9.746762253974282
9.746762253974282
9.746762253974282
9.746762253974282
9.746762253974282
9.746762253974282
9.746762253974282
9.746762253974282
9.746762253974282
9.746762253974282
9.746762253974282
9.746762253974282
9.746762253974282
9.746762253974282
9.746762253974282
9.746762253974282
9.746762253974282
9.746762253974282
9.746762253974282
9.746762253974282
9.746762253974282
9.746762253974282
9.746762253974282
9.746762253974282
9.746762253974282
9.746762253974282
9.746762253974282
9.746762253974282
9.746762253974282
9.746762253974282
9.746762253974282
9.746762253974282
9.746762253974282
9.748133398462512
9.748227070320219
9.748227070320219
9.748227070320219
9.748227070320219
9.748227070320219
9.74851188479116
9.74851188479116
9.74851188479116
9.74851188479116
9.74851188479116
9.74851188479116
9.74851188479116
9.74851188479116
9.74851188479116
9.74851188479116
9.74851188479116
9.74851188479116
9.74851188479116
9.74851188479116
9.74851188479116
9.74851188479116
9.74851188479116
9.74851188479116
9.74851188479116
9.74851188479116
9.74851188479116
9.74851188479116
9.74851188479116
9.74851188479116
9.74851188479116
9.74851188479116
9.74851188479116
9.74851188479116
9.74851188479116
9.74851188479116
9.74851188479116
9.74851188479116
9.74851188479116
9.74851188479116
9.74851188479116
9.748789208590644
9.748789208590644
9.748789208590644
9.748789208590644
9.748789208590644
9.748789208590644
9.748789208590644
9.748789208590644
9.748789208590644
9.748789208590644
9.748789208590644
9.748789208590644
9.748789208590644
9.748789208590644
9.748789208590644
9.748789208590644
9.748789208590644
9.748789208590644
9.748789208590644
9.748789208590644
9.748789208590644
9.748789208590644
9.748789208590644
9.748789208590644
9.748789208590644
9.748789208590644
9.748789208590644
9.748789208590644
9.748789208590644
9.748789208590644
9.748789208590644
9.748789208590644
9.748789208590644
9.748789208590644
9.748789208590644
9.748789208590644
9.748789208590644
9.748789208590644
9.748789208590644
9.748789208590644
9.748789208590644
9.748789208590644
9.748789208590644
9.748789208590644
9.748789208590644
9.748789208590644
9.748789208590644
9.748789208590644
9.748789208590644
9.748793315223322
9.748793315223322
9.748793315223322
9.748793315223322
9.748793315223322
9.748793315223322
9.748793315223322
9.748793315223322
9.748793315223322
9.748793315223322
9.748793315223322
9.748793315223322
9.748793315223322
9.748793315223322
9.748793315223322
9.748793315223322
9.748793315223322
9.748793315223322
9.749053799817663
9.749053799817663
9.749053799817663
9.749053799817663
9.749053799817663
9.749053799817663
9.749053799817663
9.749053799817663
9.749053799817663
9.749053799817663
9.749053799817663
9.749053799817663
9.749053799817663
9.749053799817663
9.749053799817663
9.749053799817663
9.749053799817663
9.749053799817663
9.749053799817663
9.749053799817663
9.749053799817663
9.749053799817663
9.749053799817663
9.749053799817663
9.749053799817663
9.749053799817663
9.749053799817663
9.749053799817663
9.749053799817663
9.749053799817663
9.749053799817663
9.749053799817663
9.749053799817663
9.749053799817663
9.749053799817663
9.749053799817663
9.749053799817663
9.749053799817663
9.749053799817663
9.749053799817663
9.749053799817663
9.749053799817663
9.749053799817663
9.749053799817663
9.749053799817663
9.749053799817663
9.749053799817663
9.749053799817663
9.74914234147963
9.74914234147963
9.74914234147963
9.74914234147963
9.74914234147963
9.74914234147963
9.74914234147963
9.74914234147963
9.74934493213143
9.74934493213143
9.74934493213143
9.74934493213143
9.74934493213143
9.74934493213143
9.74934493213143
9.74934493213143
9.74934493213143
9.74934493213143
9.74934493213143
9.74934493213143
9.74934493213143
9.74934493213143
9.74934493213143
9.74934493213143
9.74934493213143
9.74934493213143
9.74934493213143
9.74934493213143
9.74934493213143
9.74934493213143
9.74934493213143
9.74934493213143
9.74934493213143
9.74934493213143
9.74934493213143
9.74934493213143
9.74934493213143
9.74934493213143
9.74934493213143
9.74934493213143
9.74934493213143
9.74934493213143
9.74934493213143
9.74934493213143
9.74934493213143
9.74934493213143
9.74934493213143
9.74934493213143
9.74934493213143
9.74934493213143
9.74934493213143
9.74934493213143
9.749392718526064
9.749392718526064
9.749392718526064
9.749392718526064
9.749392718526064
9.749392718526064
9.749392718526064
9.749392718526064
9.749392718526064
9.749392718526064
9.749392718526064
9.749392718526064
9.749392718526064
9.749392718526064
9.749392718526064
9.749392718526064
9.749392718526064
9.749392718526064
9.749392718526064
9.749392718526064
9.749392718526064
9.749392718526064
9.749392718526064
9.749392718526064
9.749392718526064
9.749392718526064
9.749392718526064
9.749392718526064
9.749392718526064
9.749392718526064
9.749392718526064
9.749392718526064
9.749392718526064
9.749392718526064
9.749392718526064
9.749392718526064
9.749392718526064
9.749392718526064
9.749392718526064
9.749392718526064
9.749392718526064
9.749392718526064
9.749392718526064
9.749392718526064
9.749392718526064
9.749392718526064
9.749392718526064
9.749392718526064
9.749392718526064
9.749392718526064
9.749392718526064
9.749392718526064
9.749392718526064
9.749392718526064
9.749392718526064
9.749392718526064
9.749392718526064
9.749392718526064
9.749392718526064
9.749392718526064
9.749392718526064
9.749392718526064
9.749392718526064
9.749392718526064
9.749392718526064
9.749392718526064
9.749392718526064
9.749392718526064
9.749392718526064
9.749392718526064
9.749392718526064
9.749392718526064
9.749392718526064
9.749392718526064
9.749392718526064
9.749392718526064
9.749392718526064
9.749392718526064
9.749392718526064
9.749392718526064
9.749392718526064
9.749392718526064
9.749392718526064
9.749392718526064
9.749392718526064
9.749392718526064
9.749392718526064
9.749392718526064
9.749392718526064
9.749392718526064
9.749392718526064
9.749392718526064
9.749392718526064
9.749392718526064
9.749392718526064
9.749392718526064
9.749392718526064
9.749392718526064
9.749392718526064
9.749392718526064
9.749392718526064
9.749392718526064
9.749392718526064
9.749392718526064
9.749392718526064
9.749392718526064
9.749392718526064
9.749392718526064
9.749392718526064
9.749392718526064
9.749392718526064
9.749392718526064
9.749392718526064
9.749434958742052
9.749434958742052
9.749434958742052
9.749434958742052
9.749434958742052
9.749434958742052
9.749434958742052
9.749434958742052
9.749434958742052
9.749434958742052
9.749434958742052
9.749434958742052
9.749434958742052
9.749434958742052
9.749434958742052
9.749434958742052
9.749434958742052
9.749434958742052
9.749434958742052
9.749434958742052
9.749434958742052
9.749434958742052
9.749434958742052
9.749434958742052
9.749434958742052
9.749434958742052
9.749434958742052
9.749434958742052
9.749434958742052
9.749434958742052
9.749434958742052
9.749434958742052
9.749434958742052
9.749434958742052
9.749434958742052
9.749434958742052
9.749434958742052
9.749434958742052
9.749434958742052
9.749434958742052
9.749434958742052
9.749434958742052
9.749434958742052
9.749434958742052
9.749434958742052
9.749434958742052
9.749434958742052
9.749434958742052
9.749434958742052
9.749434958742052
9.749434958742052
9.749434958742052
9.749434958742052
9.749434958742052
9.749434958742052
9.749434958742052
9.749434958742052
9.749434958742052
9.749434958742052
9.749434958742052
9.749434958742052
9.749434958742052
9.749434958742052
9.749434958742052
9.749434958742052
9.749434958742052
9.749434958742052
9.749434958742052
9.749434958742052
9.749434958742052
9.749434958742052
9.749434958742052
9.749434958742052
9.749434958742052
9.749434958742052
9.749434958742052
9.749434958742052
9.749434958742052
9.749434958742052
9.749434958742052
9.749434958742052
9.749434958742052
9.749434958742052
9.749434958742052
9.749434958742052
9.749434958742052
9.749434958742052
9.749434958742052
9.749434958742052
9.749434958742052
9.749434958742052
9.749434958742052
9.749434958742052
9.749434958742052
9.749434958742052
9.749434958742052
9.749434958742052
9.749434958742052
9.749434958742052
9.749434958742052
9.749434958742052
9.749434958742052
9.749434958742052
9.749434958742052
9.749434958742052
9.749434958742052
9.749434958742052
9.749434958742052
9.749434958742052
9.749434958742052
9.749434958742052
9.749434958742052
9.749434958742052
9.749434958742052
9.749434958742052
9.749434958742052
9.749434958742052
9.749434958742052
9.749434958742052
9.749434958742052
9.749434958742052
9.749434958742052
9.749434958742052
9.749434958742052
9.749434958742052
9.749434958742052
9.749434958742052
9.749434958742052
9.749434958742052
9.749434958742052
9.749434958742052
9.749434958742052
9.749434958742052
9.749434958742052
9.749434958742052
9.749434958742052
9.749434958742052
9.749434958742052
9.749434958742052
9.749434958742052
9.749434958742052
9.749434958742052
9.749434958742052
9.749434958742052
9.749434958742052
9.749434958742052
9.749434958742052
9.749434958742052
9.749434958742052
9.749434958742052
9.749434958742052
9.749464732128786
9.749464732128786
9.749464732128786
9.749464732128786
9.749464732128786
9.749464732128786
9.749464732128786
9.749464732128786
9.749464732128786
9.749464732128786
9.749464732128786
9.749464732128786
9.749464732128786
9.749464732128786
9.749464732128786
9.749464732128786
9.749464732128786
9.749464732128786
9.749464732128786
9.749464732128786
9.749464732128786
9.749464732128786
9.749464732128786
9.749464732128786
9.749464732128786
9.749464732128786
9.749464732128786
9.749464732128786
9.749464732128786
9.749464732128786
9.749464732128786
9.749464732128786
9.749464732128786
9.749464732128786
9.749464732128786
9.749464732128786
9.749464732128786
9.749464732128786
9.749464732128786
9.749464732128786
9.749464732128786
9.749464732128786
9.749464732128786
9.749464732128786
9.749464732128786
9.749464732128786
9.749464732128786
9.749464732128786
9.749464732128786
9.749464732128786
9.749464732128786
9.749464732128786
9.749464732128786
9.749464732128786
9.749464732128786
9.749464732128786
9.749464732128786
9.749464732128786
9.749464732128786
9.749464732128786
9.749464732128786
9.749464732128786
9.749464732128786
9.749464732128786
9.749464732128786
9.749464732128786
9.749464732128786
9.749464732128786
9.749464732128786
9.749464732128786
9.749464732128786
9.749464732128786
9.749464732128786
9.749464732128786
9.749464732128786
9.749464732128786
9.749464732128786
9.749464732128786
9.749464732128786
9.749464732128786
9.749464732128786
9.749464732128786
9.749464732128786
9.749464732128786
9.749464732128786
9.749464732128786
9.749464732128786
9.749464732128786
9.749464732128786
9.749464732128786
9.749464732128786
9.749464732128786
9.749464732128786
9.749464732128786
9.749464732128786
9.749464732128786
9.749464732128786
9.749464732128786
9.749464732128786
9.749464732128786
9.749464732128786
9.749464732128786
9.749464732128786
9.749543124740281
9.749543124740281
9.749543124740281
9.749543124740281
9.749543124740281
9.749543124740281
9.749543124740281
9.749543124740281
9.749543124740281
9.749543124740281
9.749543124740281
9.749543124740281
9.749543124740281
9.749543124740281
9.749543124740281
9.749543124740281
9.749543124740281
9.749543124740281
9.749543124740281
9.749543124740281
9.749543124740281
9.749543124740281
9.749543124740281
9.749543124740281
9.749543124740281
9.749543124740281
9.749543124740281
9.749543124740281
9.749543124740281
9.749543124740281
9.749543124740281
9.749543124740281
9.749543124740281
9.749543124740281
9.749543124740281
9.749543124740281
9.749543124740281
9.749543124740281
9.749543124740281
9.749550657990273
9.749550657990273
9.749550657990273
9.749550657990273
9.749550657990273
9.749550657990273
9.749550657990273
9.749550657990273
9.749550657990273
9.749550657990273
9.749550657990273
9.749550657990273
9.749550657990273
9.749550657990273
9.749550657990273
9.749550657990273
9.749550657990273
9.749550657990273
9.749550657990273
9.749550657990273
9.749550657990273
9.749550657990273
9.749550657990273
9.749550657990273
9.749550657990273
9.749550657990273
9.749550657990273
9.749550657990273
9.749550657990273
9.749550657990273
9.749550657990273
9.749550657990273
9.749550657990273
9.749550657990273
9.749550657990273
9.749550657990273
9.749550657990273
9.749550657990273
9.749550657990273
9.749550657990273
9.749550657990273
9.749550657990273
9.749550657990273
9.749550657990273
9.749550657990273
Score: 9.749550657990273
Runtime: 643ms
