7.217120811826526E-9
7.217120811826526E-9
8.594604677121305E-7
8.594604677121305E-7
3.952788931760681E-5
3.952788931760681E-5
6.313453413783175E-4
7.429933090266821E-4
7.429933090266821E-4
7.429933090266821E-4
0.09557003811022675
0.09557003811022675
0.09557003811022675
0.09557003811022675
0.09557003811022675
0.09557003811022675
0.09557003811022675
0.09557003811022675
0.09557003811022675
0.09557003811022675
0.09557003811022675
0.09557003811022675
0.09557003811022675
0.14105461548906803
0.21216600029129745
0.21216600029129745
0.22234349070712822
0.5177614866765863
0.5177614866765863
0.5177614866765863
0.5177614866765863
0.5177614866765863
0.5177614866765863
0.5177614866765863
0.5177614866765863
0.5177614866765863
0.5177614866765863
0.5177614866765863
0.5177614866765863
0.5177614866765863
0.581992633541777
0.581992633541777
0.7103185517817365
0.7103185517817365
0.7103185517817365
0.7103185517817365
0.7103185517817365
0.7103185517817365
0.7103185517817365
1.0968464059496605
1.0968464059496605
1.0968464059496605
1.4630342678321842
1.4630342678321842
1.4630342678321842
1.4630342678321842
1.4630342678321842
1.4630342678321842
1.8642936325543624
1.8642936325543624
2.170230008730561
2.170230008730561
2.170230008730561
2.170230008730561
2.170230008730561
2.170230008730561
2.170230008730561
2.170230008730561
2.3140171268800707
2.3140171268800707
2.647248738144177
2.647248738144177
2.647248738144177
2.647248738144177
2.647248738144177
2.647248738144177
3.2771162421729065
3.2771162421729065
3.2771162421729065
3.2771162421729065
3.2771162421729065
3.2771162421729065
3.4357006046136678
3.4357006046136678
3.4357006046136678
3.4357006046136678
3.4357006046136678
3.4357006046136678
3.4357006046136678
3.4357006046136678
3.4357006046136678
3.4357006046136678
3.5729626899372366
3.5729626899372366
3.5729626899372366
3.6823045466990396
3.6823045466990396
3.6823045466990396
3.6823045466990396
3.6823045466990396
3.6823045466990396
3.6823045466990396
3.6823045466990396
3.6823045466990396
3.6823045466990396
3.6823045466990396
3.6823045466990396
3.6823045466990396
3.6823045466990396
3.725550238110347
3.795096108781345
5.748234327653297
5.748234327653297
5.748234327653297
5.748234327653297
5.748234327653297
5.748234327653297
5.748234327653297
5.748234327653297
5.748234327653297
5.748234327653297
6.1050323846992605
6.1050323846992605
6.1050323846992605
6.1050323846992605
6.1050323846992605
6.1050323846992605
6.14511670083102
7.187237279741251
7.187237279741251
7.187237279741251
7.187237279741251
7.27569587592831
7.27569587592831
7.27569587592831
7.27569587592831
7.27569587592831
7.27569587592831
7.27569587592831
7.27569587592831
7.937814789040155
7.937814789040155
7.937814789040155
7.937814789040155
7.937814789040155
7.937814789040155
7.937814789040155
7.937814789040155
7.937814789040155
7.943326547140439
7.943326547140439
7.943326547140439
7.943326547140439
7.943326547140439
7.943326547140439
7.943326547140439
7.943326547140439
7.943326547140439
7.943326547140439
7.943326547140439
7.98910855101437
7.98910855101437
7.98910855101437
7.98910855101437
7.98910855101437
7.98910855101437
7.98910855101437
7.98910855101437
8.23805340777337
8.23805340777337
8.23805340777337
8.23805340777337
8.23805340777337
8.23805340777337
8.23805340777337
8.23805340777337
8.23805340777337
8.23805340777337
8.23805340777337
8.23805340777337
8.23805340777337
8.388833828445474
8.388833828445474
8.388833828445474
8.388833828445474
8.388833828445474
8.388833828445474
8.388833828445474
8.388833828445474
8.388833828445474
8.388833828445474
8.388833828445474
8.388833828445474
8.388833828445474
8.388833828445474
8.388833828445474
8.388833828445474
8.388833828445474
8.388833828445474
8.388833828445474
8.388833828445474
8.388833828445474
8.388833828445474
8.388833828445474
8.388833828445474
8.388833828445474
8.388833828445474
8.388833828445474
8.388833828445474
8.388833828445474
8.388833828445474
8.388833828445474
8.388833828445474
8.388833828445474
8.453527376192529
8.453527376192529
8.453527376192529
8.453527376192529
8.453527376192529
8.453527376192529
8.453527376192529
8.453527376192529
8.453527376192529
8.453527376192529
8.453527376192529
8.453527376192529
8.453527376192529
8.453527376192529
8.453527376192529
8.453527376192529
8.453527376192529
8.453527376192529
8.453527376192529
8.453527376192529
8.453527376192529
8.453527376192529
8.453527376192529
8.453527376192529
8.453527376192529
8.453527376192529
8.453527376192529
8.453527376192529
8.453527376192529
8.453527376192529
8.453527376192529
8.453527376192529
8.453527376192529
8.453527376192529
8.453527376192529
8.453527376192529
8.453527376192529
8.453527376192529
8.453527376192529
8.453527376192529
8.453527376192529
8.453527376192529
8.453527376192529
8.453527376192529
8.453527376192529
8.453527376192529
8.453527376192529
8.554152151930944
8.554152151930944
8.554152151930944
8.554152151930944
8.554152151930944
8.554152151930944
8.554152151930944
8.554152151930944
8.554152151930944
8.554152151930944
8.554152151930944
8.554152151930944
8.623805797896821
8.623805797896821
8.623805797896821
8.623805797896821
8.623805797896821
8.623805797896821
8.623805797896821
8.623805797896821
8.623805797896821
8.623805797896821
8.678505899942886
8.678505899942886
8.678505899942886
8.678505899942886
8.678505899942886
8.678505899942886
8.688612552788712
8.688612552788712
8.688612552788712
8.688612552788712
8.688612552788712
8.688612552788712
8.688612552788712
8.688612552788712
8.688612552788712
8.688612552788712
8.688612552788712
8.688612552788712
8.688612552788712
8.688612552788712
8.688612552788712
8.688612552788712
8.688612552788712
8.688612552788712
8.688612552788712
8.688612552788712
8.688612552788712
8.688612552788712
8.735945529119366
8.735945529119366
8.735945529119366
8.739181452674195
8.739181452674195
8.739181452674195
8.739181452674195
8.749235192223352
8.749235192223352
8.749235192223352
8.749235192223352
8.749235192223352
8.749235192223352
8.749235192223352
8.749235192223352
8.749235192223352
8.749235192223352
8.749235192223352
8.749235192223352
8.749235192223352
8.749235192223352
8.749235192223352
8.827215167378863
8.827215167378863
9.00000494054485
9.00000494054485
9.00000494054485
9.00000494054485
9.00000494054485
9.00000494054485
9.00000494054485
9.00000494054485
9.00000494054485
9.00000494054485
9.00000494054485
9.00000494054485
9.00000494054485
9.00000494054485
9.00000494054485
9.00000494054485
9.00000494054485
9.00000494054485
9.00000494054485
9.00000494054485
9.00000494054485
9.00000494054485
9.00000494054485
9.00000494054485
9.00000494054485
9.00000494054485
9.00000494054485
9.00000494054485
9.064923963257707
9.064923963257707
9.064923963257707
9.064923963257707
9.064923963257707
9.064923963257707
9.064923963257707
9.064923963257707
9.116177525030867
9.116177525030867
9.116177525030867
9.116177525030867
9.116177525030867
9.116177525030867
9.116177525030867
9.116177525030867
9.116177525030867
9.116177525030867
9.116177525030867
9.116177525030867
9.116177525030867
9.116177525030867
9.116177525030867
9.116177525030867
9.116177525030867
9.116177525030867
9.116177525030867
9.116177525030867
9.116177525030867
9.116177525030867
9.116177525030867
9.116177525030867
9.116177525030867
9.116177525030867
9.116177525030867
9.116177525030867
9.116177525030867
9.116177525030867
9.116177525030867
9.116177525030867
9.116177525030867
9.116177525030867
9.116177525030867
9.116177525030867
9.116177525030867
9.116177525030867
9.116177525030867
9.116177525030867
9.116177525030867
9.116177525030867
9.116177525030867
9.116177525030867
9.116177525030867
9.116177525030867
9.116177525030867
9.116177525030867
9.116177525030867
9.116177525030867
9.116177525030867
9.116177525030867
9.116177525030867
9.116177525030867
9.116177525030867
9.116177525030867
9.116177525030867
9.116177525030867
9.116177525030867
9.118889598090727
9.118889598090727
9.118889598090727
9.118889598090727
9.118889598090727
9.118889598090727
9.118889598090727
9.118889598090727
9.118889598090727
9.118889598090727
9.118889598090727
9.118889598090727
9.118889598090727
9.118889598090727
9.118889598090727
9.118889598090727
9.118889598090727
9.118889598090727
9.118889598090727
9.118889598090727
9.118889598090727
9.118889598090727
9.118889598090727
9.118889598090727
9.118889598090727
9.118889598090727
9.118889598090727
9.118889598090727
9.118889598090727
9.118889598090727
9.118889598090727
9.118889598090727
9.118889598090727
9.118889598090727
9.118889598090727
9.118889598090727
9.118889598090727
9.118889598090727
9.118889598090727
9.118889598090727
9.118889598090727
9.118889598090727
9.118889598090727
9.118889598090727
9.118889598090727
9.118889598090727
9.118889598090727
9.118889598090727
9.118889598090727
9.118889598090727
9.118889598090727
9.118889598090727
9.118889598090727
9.118889598090727
9.118889598090727
9.118889598090727
9.118889598090727
9.118889598090727
9.126753943464342
9.126753943464342
9.126753943464342
9.126753943464342
9.126753943464342
9.126753943464342
9.126753943464342
9.126753943464342
9.154114651174304
9.154114651174304
9.154114651174304
9.154114651174304
9.154114651174304
9.154114651174304
9.154114651174304
9.154114651174304
9.154114651174304
9.154114651174304
9.154114651174304
9.154114651174304
9.154114651174304
9.154114651174304
9.154114651174304
9.154114651174304
9.154114651174304
9.154114651174304
9.154114651174304
9.16315714610801
9.16315714610801
9.16315714610801
9.16315714610801
9.16315714610801
9.16315714610801
9.16315714610801
9.16315714610801
9.16315714610801
9.16315714610801
9.16315714610801
9.16315714610801
9.16315714610801
9.16315714610801
9.16315714610801
9.16315714610801
9.16315714610801
9.16315714610801
9.16315714610801
9.16315714610801
9.16315714610801
9.16315714610801
9.16315714610801
9.16315714610801
9.16315714610801
9.16315714610801
9.16315714610801
9.16315714610801
9.16315714610801
9.16315714610801
9.16315714610801
9.16315714610801
9.16315714610801
9.16315714610801
9.16315714610801
9.171181767734808
9.171181767734808
9.171181767734808
9.171181767734808
9.218630998042148
9.218630998042148
9.218630998042148
9.218630998042148
9.218630998042148
9.218630998042148
9.218630998042148
9.218630998042148
9.218630998042148
9.218630998042148
9.218630998042148
9.218630998042148
9.218630998042148
9.218630998042148
9.218630998042148
9.218630998042148
9.218630998042148
9.218630998042148
9.218630998042148
9.218630998042148
9.218630998042148
9.218630998042148
9.218630998042148
9.218630998042148
9.218630998042148
9.218630998042148
9.218630998042148
9.218630998042148
9.218630998042148
9.218630998042148
9.218630998042148
9.218630998042148
9.218630998042148
9.218630998042148
9.218630998042148
9.218630998042148
9.218630998042148
9.218630998042148
9.218630998042148
9.218630998042148
9.218630998042148
9.218630998042148
9.218630998042148
9.218630998042148
9.218630998042148
9.218630998042148
9.218630998042148
9.218630998042148
9.218630998042148
9.218630998042148
9.218630998042148
9.218630998042148
9.218630998042148
9.218630998042148
9.218630998042148
9.218630998042148
9.218630998042148
9.218630998042148
9.218630998042148
9.218630998042148
9.218630998042148
9.218630998042148
9.218630998042148
9.218630998042148
9.218630998042148
9.218630998042148
9.218630998042148
9.218630998042148
9.218630998042148
9.218630998042148
9.218630998042148
9.218630998042148
9.218630998042148
9.218630998042148
9.218630998042148
9.218630998042148
9.218630998042148
9.218630998042148
9.218630998042148
9.218630998042148
9.218630998042148
9.218630998042148
9.218630998042148
9.218630998042148
9.218630998042148
9.218630998042148
9.218630998042148
9.218630998042148
9.218630998042148
9.218630998042148
9.218630998042148
9.218630998042148
9.218630998042148
9.218630998042148
9.218630998042148
9.218630998042148
9.218630998042148
9.218630998042148
9.218630998042148
9.218630998042148
9.218630998042148
9.218630998042148
9.218630998042148
9.218630998042148
9.218630998042148
9.218630998042148
9.218630998042148
9.218630998042148
9.218630998042148
9.218630998042148
9.218630998042148
9.218630998042148
9.218630998042148
9.218630998042148
9.218630998042148
9.218630998042148
9.222371394517275
9.222371394517275
9.222371394517275
9.222371394517275
9.222371394517275
9.222371394517275
9.222371394517275
9.222371394517275
9.222371394517275
9.222371394517275
9.222371394517275
9.222371394517275
9.222371394517275
9.222371394517275
9.222371394517275
9.222371394517275
9.222371394517275
9.222371394517275
9.222371394517275
9.222371394517275
9.222371394517275
9.222371394517275
9.222371394517275
9.222371394517275
9.222371394517275
9.222371394517275
9.222371394517275
9.222371394517275
9.222371394517275
9.222371394517275
9.222371394517275
9.222371394517275
9.222371394517275
9.222371394517275
9.222371394517275
9.222371394517275
9.222371394517275
9.222371394517275
9.222371394517275
9.222371394517275
9.222371394517275
9.222371394517275
9.222371394517275
9.222371394517275
9.222371394517275
9.222371394517275
9.222371394517275
9.222371394517275
9.222371394517275
9.222371394517275
9.222371394517275
9.222371394517275
9.222371394517275
9.222371394517275
9.222371394517275
9.222371394517275
9.222371394517275
9.222371394517275
9.222371394517275
9.222371394517275
9.222371394517275
9.222371394517275
9.222371394517275
9.222371394517275
9.222371394517275
9.222371394517275
9.222371394517275
9.222371394517275
9.222371394517275
9.222371394517275
9.222371394517275
9.222371394517275
9.222371394517275
9.222371394517275
9.222371394517275
9.222371394517275
9.222371394517275
9.222371394517275
9.222371394517275
9.222371394517275
9.222371394517275
9.222371394517275
9.222371394517275
9.222371394517275
9.222371394517275
9.222371394517275
9.222371394517275
9.222371394517275
9.222371394517275
9.222371394517275
9.222371394517275
9.222371394517275
9.222371394517275
9.222371394517275
9.222371394517275
9.222371394517275
9.222371394517275
9.222371394517275
9.222371394517275
9.222371394517275
9.222371394517275
9.222371394517275
9.222371394517275
9.222371394517275
9.222371394517275
9.222371394517275
9.222371394517275
9.222371394517275
9.222371394517275
9.222371394517275
9.222371394517275
9.222371394517275
9.222371394517275
9.222371394517275
9.222371394517275
9.222371394517275
9.222371394517275
9.222371394517275
9.222371394517275
9.222371394517275
9.222371394517275
9.222371394517275
9.222371394517275
9.222371394517275
9.222371394517275
9.222371394517275
9.222371394517275
9.222371394517275
9.222371394517275
9.222371394517275
9.222371394517275
9.222371394517275
9.222371394517275
9.222371394517275
9.222371394517275
9.222371394517275
9.222371394517275
9.222371394517275
9.222371394517275
9.222371394517275
9.222371394517275
9.222371394517275
9.222371394517275
9.222371394517275
9.222371394517275
9.222371394517275
9.222371394517275
9.222371394517275
9.222371394517275
9.222371394517275
9.222371394517275
9.222371394517275
9.222371394517275
9.222371394517275
9.222371394517275
9.222371394517275
9.222371394517275
9.222371394517275
9.222371394517275
9.222371394517275
9.222371394517275
9.222371394517275
9.222371394517275
9.222371394517275
9.222371394517275
9.222371394517275
9.222371394517275
9.222371394517275
9.222371394517275
9.222371394517275
9.222371394517275
9.222371394517275
9.222371394517275
9.222371394517275
9.222371394517275
9.222371394517275
9.222371394517275
9.222371394517275
9.222371394517275
9.222371394517275
9.222371394517275
9.222371394517275
9.222371394517275
9.222371394517275
9.222371394517275
9.222371394517275
9.222371394517275
9.222371394517275
9.222371394517275
9.222371394517275
9.222371394517275
9.222371394517275
9.222371394517275
9.222371394517275
9.222371394517275
9.222371394517275
9.222371394517275
9.222371394517275
9.222371394517275
9.222371394517275
9.222371394517275
9.222371394517275
9.222371394517275
9.222371394517275
9.222371394517275
9.222371394517275
9.222371394517275
9.222371394517275
9.222371394517275
9.222371394517275
9.222371394517275
9.222371394517275
9.222371394517275
9.222371394517275
9.222371394517275
9.222371394517275
9.222371394517275
9.222371394517275
9.222371394517275
9.222371394517275
9.222371394517275
9.222371394517275
9.222371394517275
9.222371394517275
9.222371394517275
9.222371394517275
9.222371394517275
9.222371394517275
9.222371394517275
9.222371394517275
9.222371394517275
9.222371394517275
9.222371394517275
9.222371394517275
9.222371394517275
9.222371394517275
9.222371394517275
9.222371394517275
9.222371394517275
9.222371394517275
9.222371394517275
9.222371394517275
9.222371394517275
9.222371394517275
9.222371394517275
9.222371394517275
9.222371394517275
9.222371394517275
9.222371394517275
9.222371394517275
9.222371394517275
9.222371394517275
9.222371394517275
9.222371394517275
9.222371394517275
9.222371394517275
9.222371394517275
9.222371394517275
9.222371394517275
9.222371394517275
9.222371394517275
9.222371394517275
9.222371394517275
9.222371394517275
9.222371394517275
9.222371394517275
9.222371394517275
9.222371394517275
9.222371394517275
9.222371394517275
9.222371394517275
9.222371394517275
9.222371394517275
9.222371394517275
9.222371394517275
9.222371394517275
9.222371394517275
9.222371394517275
9.222371394517275
9.222371394517275
9.222371394517275
9.222371394517275
9.222371394517275
9.222371394517275
9.222371394517275
9.222371394517275
9.222371394517275
9.222371394517275
9.222371394517275
9.222371394517275
9.222371394517275
9.222371394517275
9.222371394517275
9.222371394517275
9.222371394517275
9.222371394517275
9.222371394517275
9.222371394517275
9.222371394517275
9.222371394517275
9.222371394517275
9.222371394517275
9.222371394517275
9.222371394517275
9.222371394517275
9.222371394517275
9.222371394517275
9.222371394517275
9.222371394517275
9.222371394517275
9.222371394517275
9.222371394517275
9.222371394517275
9.222371394517275
9.222371394517275
9.222371394517275
9.222371394517275
9.222371394517275
9.222371394517275
9.222371394517275
9.222371394517275
9.222371394517275
9.222371394517275
9.222371394517275
9.222371394517275
9.222371394517275
9.222371394517275
9.222371394517275
9.222371394517275
9.222371394517275
9.222371394517275
9.222371394517275
9.222371394517275
9.222371394517275
9.222371394517275
9.222371394517275
9.222371394517275
9.222371394517275
9.222371394517275
9.222371394517275
9.222371394517275
9.222371394517275
9.222371394517275
9.222371394517275
9.222371394517275
9.222371394517275
9.222371394517275
9.222371394517275
9.222371394517275
9.222371394517275
9.222371394517275
9.222371394517275
9.222371394517275
9.222371394517275
9.222371394517275
9.222371394517275
9.222371394517275
9.222371394517275
9.222371394517275
9.222371394517275
9.222371394517275
9.222371394517275
9.222371394517275
9.222371394517275
9.222371394517275
9.222371394517275
9.222371394517275
9.222371394517275
9.222371394517275
9.222371394517275
9.222371394517275
9.222371394517275
9.222371394517275
9.222371394517275
9.222371394517275
9.222371394517275
9.222371394517275
9.222371394517275
9.222371394517275
9.222371394517275
9.222371394517275
9.222371394517275
9.222371394517275
9.222371394517275
9.222371394517275
9.222371394517275
9.222371394517275
9.222371394517275
9.222371394517275
9.222371394517275
9.222371394517275
9.222371394517275
9.222371394517275
9.222371394517275
9.222371394517275
9.222371394517275
9.222371394517275
9.222371394517275
9.222371394517275
9.222371394517275
9.222371394517275
9.222371394517275
9.222371394517275
9.222371394517275
9.222371394517275
9.222371394517275
9.222371394517275
9.222371394517275
9.222371394517275
9.222371394517275
9.222371394517275
9.222371394517275
9.222371394517275
9.222371394517275
9.222371394517275
9.222371394517275
9.222371394517275
9.222371394517275
9.222371394517275
9.222371394517275
9.222371394517275
9.222371394517275
9.232719726642246
9.232719726642246
9.232719726642246
9.232719726642246
9.232719726642246
9.232719726642246
9.232719726642246
9.232719726642246
9.232719726642246
9.232719726642246
9.232719726642246
9.232719726642246
9.232719726642246
9.232719726642246
9.232719726642246
9.232719726642246
9.232719726642246
9.232719726642246
9.232719726642246
9.232719726642246
9.232719726642246
9.232719726642246
9.232719726642246
9.232719726642246
9.232719726642246
9.232719726642246
9.232719726642246
9.232719726642246
9.232719726642246
9.232719726642246
9.232719726642246
9.232719726642246
9.232719726642246
9.232719726642246
9.232719726642246
9.232719726642246
9.232719726642246
9.232719726642246
9.232719726642246
9.232719726642246
9.232719726642246
9.232719726642246
9.232719726642246
9.232719726642246
9.232719726642246
9.232719726642246
9.232719726642246
9.232719726642246
9.232719726642246
9.232719726642246
9.232719726642246
9.232719726642246
9.232719726642246
9.232719726642246
9.232719726642246
9.232719726642246
9.232719726642246
9.232719726642246
9.232719726642246
9.232719726642246
9.232719726642246
9.232719726642246
9.232719726642246
9.232719726642246
9.232719726642246
9.232719726642246
9.232719726642246
9.232719726642246
9.232719726642246
9.232719726642246
9.232719726642246
9.232719726642246
9.232719726642246
9.232719726642246
9.232719726642246
9.232719726642246
9.232719726642246
9.232719726642246
9.232719726642246
9.232719726642246
9.232719726642246
9.232719726642246
9.232719726642246
9.232719726642246
9.232719726642246
9.232719726642246
9.232719726642246
9.232719726642246
9.232719726642246
9.232719726642246
9.232719726642246
9.232719726642246
9.232719726642246
9.232719726642246
9.232719726642246
9.232719726642246
9.232719726642246
9.232719726642246
9.232719726642246
9.232719726642246
9.232719726642246
9.232719726642246
9.232719726642246
9.232719726642246
9.232719726642246
9.232719726642246
9.232719726642246
9.232719726642246
9.232719726642246
9.23561883302499
9.23561883302499
9.23561883302499
9.23561883302499
9.23561883302499
9.23561883302499
9.23561883302499
9.23561883302499
9.23561883302499
9.23561883302499
9.23561883302499
9.23561883302499
9.23561883302499
9.23561883302499
9.23561883302499
9.23561883302499
9.23561883302499
9.23561883302499
9.23561883302499
9.23561883302499
9.23561883302499
9.23561883302499
9.23561883302499
9.23561883302499
9.23561883302499
9.23561883302499
9.23561883302499
9.23561883302499
9.23561883302499
9.23561883302499
9.23561883302499
9.23561883302499
9.23561883302499
9.23561883302499
9.23561883302499
9.23561883302499
9.23561883302499
9.23561883302499
9.23561883302499
9.23561883302499
9.23561883302499
9.23561883302499
9.23561883302499
9.23561883302499
9.23561883302499
9.23561883302499
9.23561883302499
9.23561883302499
9.23561883302499
9.23561883302499
9.23561883302499
9.23561883302499
9.23561883302499
9.23561883302499
9.23561883302499
9.23561883302499
9.23561883302499
9.23561883302499
9.23561883302499
9.23561883302499
9.23561883302499
9.23561883302499
9.23561883302499
9.23561883302499
9.23561883302499
9.23561883302499
9.23561883302499
9.23561883302499
9.23561883302499
9.23561883302499
9.23561883302499
9.23561883302499
9.23561883302499
9.23561883302499
9.23561883302499
9.23561883302499
9.23561883302499
9.23561883302499
9.23561883302499
9.23561883302499
9.23561883302499
9.23561883302499
9.23561883302499
9.23561883302499
9.23561883302499
9.23561883302499
9.23561883302499
9.23561883302499
9.23561883302499
9.23561883302499
9.23561883302499
9.23561883302499
9.23561883302499
9.23561883302499
9.23561883302499
9.23561883302499
9.23561883302499
9.23561883302499
9.23561883302499
9.23561883302499
9.23561883302499
9.23561883302499
9.23561883302499
9.23561883302499
9.23561883302499
9.23561883302499
9.23561883302499
9.23561883302499
9.23561883302499
9.23561883302499
9.23561883302499
9.23561883302499
9.23561883302499
9.23561883302499
9.23561883302499
9.23561883302499
9.23561883302499
9.23561883302499
9.23561883302499
9.23561883302499
9.23561883302499
9.23561883302499
9.23561883302499
9.23561883302499
9.23561883302499
9.23561883302499
9.23561883302499
9.23561883302499
9.23561883302499
9.23561883302499
9.23561883302499
9.23561883302499
9.23561883302499
9.23561883302499
9.23561883302499
9.23561883302499
9.23561883302499
9.23561883302499
9.23561883302499
9.23561883302499
9.23561883302499
9.23561883302499
9.23561883302499
9.23561883302499
9.23561883302499
9.23561883302499
9.23561883302499
9.23561883302499
9.23561883302499
9.23561883302499
9.23561883302499
9.23561883302499
9.267487304107599
9.267487304107599
9.267487304107599
9.267487304107599
9.267487304107599
9.267487304107599
9.267487304107599
9.267487304107599
9.267487304107599
9.267487304107599
9.267487304107599
9.267487304107599
9.267487304107599
9.267487304107599
9.267487304107599
9.267487304107599
9.267487304107599
9.267487304107599
9.267487304107599
9.267487304107599
9.267487304107599
9.267487304107599
9.267487304107599
9.267487304107599
9.267487304107599
9.267487304107599
9.267487304107599
9.267487304107599
9.267487304107599
9.267487304107599
9.267487304107599
9.267487304107599
9.267487304107599
9.267487304107599
9.267487304107599
9.267487304107599
9.267487304107599
9.267487304107599
9.267487304107599
9.267487304107599
9.267487304107599
9.267487304107599
9.267487304107599
9.267487304107599
9.267487304107599
9.267487304107599
9.267487304107599
9.267487304107599
9.267487304107599
9.267487304107599
9.267487304107599
9.267487304107599
9.267487304107599
9.267487304107599
9.267487304107599
9.267487304107599
9.267487304107599
9.267487304107599
9.267487304107599
9.267487304107599
9.267487304107599
9.267487304107599
9.267487304107599
9.267487304107599
9.267487304107599
9.267487304107599
9.267487304107599
9.267487304107599
9.267487304107599
9.267487304107599
9.267487304107599
9.267487304107599
9.267487304107599
9.267487304107599
9.267487304107599
9.267487304107599
9.267487304107599
9.267487304107599
9.267487304107599
9.267487304107599
9.267487304107599
9.267487304107599
9.267487304107599
9.267487304107599
9.267487304107599
9.267487304107599
9.267487304107599
9.267487304107599
9.267487304107599
9.267487304107599
9.267487304107599
9.267487304107599
9.267487304107599
9.267487304107599
9.267487304107599
9.267487304107599
9.267487304107599
9.267487304107599
9.267487304107599
9.267487304107599
9.267487304107599
9.267487304107599
9.267487304107599
9.267487304107599
9.267487304107599
9.267487304107599
9.267487304107599
9.267487304107599
9.267487304107599
9.267487304107599
9.267487304107599
9.267487304107599
9.267487304107599
9.267487304107599
9.267487304107599
9.267487304107599
9.267487304107599
9.267487304107599
9.267487304107599
9.267487304107599
9.267487304107599
9.267487304107599
9.267487304107599
9.267487304107599
9.267487304107599
9.267487304107599
9.267487304107599
9.267487304107599
9.267487304107599
9.267487304107599
9.267487304107599
9.267487304107599
9.267487304107599
9.267487304107599
9.267487304107599
9.267487304107599
9.267487304107599
9.267487304107599
9.267487304107599
9.267487304107599
9.267487304107599
9.267487304107599
9.267487304107599
9.267487304107599
9.267487304107599
9.267487304107599
9.267487304107599
9.267487304107599
9.267487304107599
9.267487304107599
9.267487304107599
9.267487304107599
9.267487304107599
9.267487304107599
9.267487304107599
9.267487304107599
9.267487304107599
9.267487304107599
9.267487304107599
9.267487304107599
9.267487304107599
9.267487304107599
9.267487304107599
9.267487304107599
9.267487304107599
9.267487304107599
9.267487304107599
9.267487304107599
9.267487304107599
9.267487304107599
9.267487304107599
9.267487304107599
9.267487304107599
9.267487304107599
9.267487304107599
9.267487304107599
9.267487304107599
9.267487304107599
9.267487304107599
9.267487304107599
9.267487304107599
9.267487304107599
9.267487304107599
9.267487304107599
9.267487304107599
9.267487304107599
9.267487304107599
9.267487304107599
9.267487304107599
9.267487304107599
9.267487304107599
9.267487304107599
9.267487304107599
9.267487304107599
9.267487304107599
9.267487304107599
9.267487304107599
9.267487304107599
9.267487304107599
9.267487304107599
9.267487304107599
9.267487304107599
9.267487304107599
9.267487304107599
9.267487304107599
9.267487304107599
9.267487304107599
9.267487304107599
9.267487304107599
9.267487304107599
9.267487304107599
9.267487304107599
9.267487304107599
9.267487304107599
9.267487304107599
9.267487304107599
9.267487304107599
9.267487304107599
9.267487304107599
9.267487304107599
9.267487304107599
9.267487304107599
9.267487304107599
9.267487304107599
9.267487304107599
9.267487304107599
9.267487304107599
9.267487304107599
9.267487304107599
9.267487304107599
9.267487304107599
9.267487304107599
9.267487304107599
9.267487304107599
9.267487304107599
9.267487304107599
9.267487304107599
9.267487304107599
9.267487304107599
9.267487304107599
9.267487304107599
9.267487304107599
9.267487304107599
9.267487304107599
9.267487304107599
9.267487304107599
9.267487304107599
9.267487304107599
9.267487304107599
9.267487304107599
9.267487304107599
9.267487304107599
9.267487304107599
9.267487304107599
9.267487304107599
9.267487304107599
9.267487304107599
9.267487304107599
9.267487304107599
9.267487304107599
9.267487304107599
9.267487304107599
9.267487304107599
9.267487304107599
9.267487304107599
9.267487304107599
9.267487304107599
9.267487304107599
9.267487304107599
9.267487304107599
9.267487304107599
9.267487304107599
9.267487304107599
9.267487304107599
9.267487304107599
9.267487304107599
9.267487304107599
9.267487304107599
9.267487304107599
9.267487304107599
9.267487304107599
9.267487304107599
9.267487304107599
9.267487304107599
9.267487304107599
9.267487304107599
9.267487304107599
9.267487304107599
9.267487304107599
9.267487304107599
9.267487304107599
9.267487304107599
9.267487304107599
9.267487304107599
9.267487304107599
9.267487304107599
9.267487304107599
9.267487304107599
9.267487304107599
9.267487304107599
9.267487304107599
9.267487304107599
9.267487304107599
9.267487304107599
9.267487304107599
9.267487304107599
9.267487304107599
9.267487304107599
9.267487304107599
9.267487304107599
9.267487304107599
9.267487304107599
9.267487304107599
9.267487304107599
9.267487304107599
9.267487304107599
9.267487304107599
9.267487304107599
9.267487304107599
9.267487304107599
9.267487304107599
9.267487304107599
9.267487304107599
9.267487304107599
9.267487304107599
9.267487304107599
9.267487304107599
9.267487304107599
9.267487304107599
9.267487304107599
9.267487304107599
9.267487304107599
9.267487304107599
9.267487304107599
9.267487304107599
9.267487304107599
9.267487304107599
9.267487304107599
9.267487304107599
9.267487304107599
9.267487304107599
9.267487304107599
9.267487304107599
9.267487304107599
9.267487304107599
9.267487304107599
9.267487304107599
9.267487304107599
9.267487304107599
9.267487304107599
9.267487304107599
9.267487304107599
9.267487304107599
9.267487304107599
9.267487304107599
9.267487304107599
9.267487304107599
9.267487304107599
9.267487304107599
9.267487304107599
9.267487304107599
9.267487304107599
9.267487304107599
9.267487304107599
9.267487304107599
9.267487304107599
9.267487304107599
9.267487304107599
9.267487304107599
9.267487304107599
9.267487304107599
9.267487304107599
9.267487304107599
9.267487304107599
9.267487304107599
9.267487304107599
9.267487304107599
9.267487304107599
9.267487304107599
9.267487304107599
9.267487304107599
9.267487304107599
9.267487304107599
9.267487304107599
9.267487304107599
9.267487304107599
9.267487304107599
9.267487304107599
9.267487304107599
9.267487304107599
9.267487304107599
9.267487304107599
9.267487304107599
9.267487304107599
9.267487304107599
9.267487304107599
9.267487304107599
9.267487304107599
9.267487304107599
9.267487304107599
9.267487304107599
9.267487304107599
9.267487304107599
9.267487304107599
9.267487304107599
9.267487304107599
9.267487304107599
9.267487304107599
9.267487304107599
9.267487304107599
9.267487304107599
9.267487304107599
9.267487304107599
9.267487304107599
9.267487304107599
9.267487304107599
9.267487304107599
9.267487304107599
9.267487304107599
9.267487304107599
9.267487304107599
9.267487304107599
9.267487304107599
9.267487304107599
9.267487304107599
9.267487304107599
9.267487304107599
9.267487304107599
9.267487304107599
9.267487304107599
9.267487304107599
9.267487304107599
9.267487304107599
9.267487304107599
9.267487304107599
9.267487304107599
9.267487304107599
9.267487304107599
9.267487304107599
9.267487304107599
9.267487304107599
9.267487304107599
9.267487304107599
9.267487304107599
9.267487304107599
9.267487304107599
9.267487304107599
9.267487304107599
9.267487304107599
9.267487304107599
9.267487304107599
9.267487304107599
9.267487304107599
9.267487304107599
9.267487304107599
9.267487304107599
9.267487304107599
9.267487304107599
9.267487304107599
9.267487304107599
9.267487304107599
9.267487304107599
9.267487304107599
9.267487304107599
9.267487304107599
9.267487304107599
9.267487304107599
9.267487304107599
9.267487304107599
9.267487304107599
9.267487304107599
9.267487304107599
9.267487304107599
9.267487304107599
9.267487304107599
9.267487304107599
9.267487304107599
9.267487304107599
9.267487304107599
9.267487304107599
9.267487304107599
9.267487304107599
9.267487304107599
9.267487304107599
9.267487304107599
9.267487304107599
9.267487304107599
9.267487304107599
9.267487304107599
9.267487304107599
9.267487304107599
9.267487304107599
9.267487304107599
9.267487304107599
9.267487304107599
9.267487304107599
9.267487304107599
9.267487304107599
9.267487304107599
9.267487304107599
9.267487304107599
9.267487304107599
9.267487304107599
9.267487304107599
9.267487304107599
9.267487304107599
9.267487304107599
9.267487304107599
9.267487304107599
9.267487304107599
9.267487304107599
9.267487304107599
9.267487304107599
9.267487304107599
9.267487304107599
9.267487304107599
9.267487304107599
9.267487304107599
9.267487304107599
9.267487304107599
9.267487304107599
9.267487304107599
9.267487304107599
9.267487304107599
9.267487304107599
9.267487304107599
9.267487304107599
9.267487304107599
9.267487304107599
9.267487304107599
9.267487304107599
9.267487304107599
9.267487304107599
9.267487304107599
9.267487304107599
9.267487304107599
9.267487304107599
9.267487304107599
9.267487304107599
9.267487304107599
9.267487304107599
9.267487304107599
9.267487304107599
9.267487304107599
9.267487304107599
9.267487304107599
9.267487304107599
9.267487304107599
9.267487304107599
9.267487304107599
9.267487304107599
9.267487304107599
9.267487304107599
9.267487304107599
9.267487304107599
9.267487304107599
9.267487304107599
9.267487304107599
9.267487304107599
9.267487304107599
9.267487304107599
9.267487304107599
9.267487304107599
9.267487304107599
9.267487304107599
9.267487304107599
9.267487304107599
9.267487304107599
9.267487304107599
9.267487304107599
9.267487304107599
9.267487304107599
9.267487304107599
9.267487304107599
9.267487304107599
9.267487304107599
9.267487304107599
9.267487304107599
9.267487304107599
9.267487304107599
9.267487304107599
9.267487304107599
9.267487304107599
9.267487304107599
9.267487304107599
9.267487304107599
9.267487304107599
9.267487304107599
9.267487304107599
9.267487304107599
9.267487304107599
9.267487304107599
9.267487304107599
9.267487304107599
9.267487304107599
9.267487304107599
9.267487304107599
9.267487304107599
9.267487304107599
9.267487304107599
9.267487304107599
9.267487304107599
9.267487304107599
9.267487304107599
9.267487304107599
9.267487304107599
9.267487304107599
9.267487304107599
9.267487304107599
9.267487304107599
9.267487304107599
9.267487304107599
9.267487304107599
9.267487304107599
9.267487304107599
9.267487304107599
9.267487304107599
9.267487304107599
9.267487304107599
9.267487304107599
9.267487304107599
9.267487304107599
9.267487304107599
9.267487304107599
9.267487304107599
9.267487304107599
9.267487304107599
9.267487304107599
9.267487304107599
9.267487304107599
9.267487304107599
9.267487304107599
9.267487304107599
9.267487304107599
9.267487304107599
9.267487304107599
9.267487304107599
9.267487304107599
9.267487304107599
9.267487304107599
9.267487304107599
9.267487304107599
9.267487304107599
9.267487304107599
9.267487304107599
Score: 9.267487304107599
Runtime: 641ms
