7.217120811826526E-9
7.217120811826526E-9
2.2273517697500044E-6
1.007449061916799E-4
1.007449061916799E-4
1.007449061916799E-4
1.007449061916799E-4
1.007449061916799E-4
1.007449061916799E-4
1.3171963167682037E-4
4.637735363318917E-4
4.637735363318917E-4
0.034244509667241824
0.034244509667241824
0.034244509667241824
0.053360482539698
0.053360482539698
0.053360482539698
0.053360482539698
0.053360482539698
0.053360482539698
0.053360482539698
0.053360482539698
0.053360482539698
0.053360482539698
0.053360482539698
0.053360482539698
0.053360482539698
0.053360482539698
0.058945068440407436
0.058945068440407436
0.058945068440407436
0.315677449568866
0.4352732981196853
0.4352732981196853
0.4352732981196853
0.4352732981196853
0.4352732981196853
0.4352732981196853
0.4352732981196853
0.4352732981196853
0.5418670134782628
0.7874117824730554
0.7874117824730554
0.7874117824730554
1.0111207780587452
1.0111207780587452
1.0111207780587452
1.0111207780587452
1.0111207780587452
1.0170328935776531
1.4300997767011139
1.4300997767011139
1.4300997767011139
1.478191817008501
1.6462563221349664
1.6462563221349664
1.6462563221349664
1.6462563221349664
1.6462563221349664
1.6462563221349664
1.6462563221349664
1.6462563221349664
1.6462563221349664
1.6462563221349664
1.6718357889006978
1.6718357889006978
1.6718357889006978
1.6718357889006978
1.6718357889006978
1.6718357889006978
1.6718357889006978
1.6718357889006978
1.9555984533840562
1.9555984533840562
2.181538536486679
2.181538536486679
2.5332082925709454
2.5332082925709454
2.5332082925709454
2.7512874786540205
2.7512874786540205
2.985592508395855
3.2094241359290576
3.2094241359290576
3.2094241359290576
3.2094241359290576
5.578692512071272
5.578692512071272
5.578692512071272
5.578692512071272
5.578692512071272
5.578692512071272
5.578692512071272
5.578692512071272
5.578692512071272
5.578692512071272
5.578692512071272
5.578692512071272
5.578692512071272
5.578692512071272
5.578692512071272
5.578692512071272
5.578692512071272
5.578692512071272
5.578692512071272
5.68839854530024
5.68839854530024
5.68839854530024
5.68839854530024
5.68839854530024
5.68839854530024
5.68839854530024
5.68839854530024
5.68839854530024
5.68839854530024
5.68839854530024
5.68839854530024
5.68839854530024
5.938853524749607
5.938853524749607
5.938853524749607
5.938853524749607
5.938853524749607
5.938853524749607
6.24743053255513
6.24743053255513
6.288509454282812
6.288509454282812
6.288509454282812
6.288509454282812
6.288509454282812
7.491595368277553
7.491595368277553
7.491595368277553
7.491595368277553
7.491595368277553
7.491595368277553
7.491595368277553
7.491595368277553
7.491595368277553
7.491595368277553
7.491595368277553
7.491595368277553
7.491595368277553
7.491595368277553
7.491595368277553
7.491595368277553
7.491595368277553
7.491595368277553
7.491595368277553
7.491595368277553
7.491595368277553
8.30678338351389
8.30678338351389
8.30678338351389
8.30678338351389
8.30678338351389
8.30678338351389
8.30678338351389
8.30678338351389
8.30678338351389
8.30678338351389
8.30678338351389
8.30678338351389
8.30678338351389
8.30678338351389
8.30678338351389
8.30678338351389
8.30678338351389
8.30678338351389
8.30678338351389
8.30678338351389
8.30678338351389
8.30678338351389
8.30678338351389
8.30678338351389
8.30678338351389
8.30678338351389
8.30678338351389
8.30678338351389
8.30678338351389
8.30678338351389
8.30678338351389
8.30678338351389
8.30678338351389
8.30678338351389
8.30678338351389
8.30678338351389
8.30678338351389
8.30678338351389
8.30678338351389
8.30678338351389
8.30678338351389
8.486066728862042
8.486066728862042
8.486066728862042
8.486066728862042
8.486066728862042
8.486066728862042
8.742883727924372
8.742883727924372
8.742883727924372
8.742883727924372
8.742883727924372
8.742883727924372
8.742883727924372
8.742883727924372
8.742883727924372
8.742883727924372
8.775415625328339
8.775415625328339
8.775415625328339
8.853601736070209
8.911695577012486
9.189857570041223
9.189857570041223
9.189857570041223
9.189857570041223
9.189857570041223
9.189857570041223
9.189857570041223
9.224172414173466
9.224172414173466
9.224172414173466
9.224172414173466
9.27795159274866
9.27795159274866
9.27795159274866
9.27795159274866
9.27795159274866
9.27795159274866
9.27795159274866
9.27795159274866
9.27795159274866
9.27795159274866
9.27795159274866
9.27795159274866
9.27795159274866
9.27795159274866
9.27795159274866
9.27795159274866
9.27795159274866
9.27795159274866
9.27795159274866
9.27795159274866
9.27795159274866
9.27795159274866
9.27795159274866
9.27795159274866
9.27795159274866
9.327403323909223
9.327403323909223
9.327403323909223
9.327403323909223
9.327403323909223
9.327403323909223
9.327403323909223
9.327403323909223
9.34381916021658
9.370663101871408
9.370663101871408
9.370663101871408
9.370663101871408
9.370663101871408
9.370663101871408
9.370663101871408
9.370663101871408
9.370663101871408
9.370663101871408
9.370663101871408
9.370663101871408
9.370663101871408
9.370663101871408
9.370663101871408
9.376541201836675
9.416235268502835
9.416235268502835
9.433895078010856
9.433895078010856
9.433895078010856
9.433895078010856
9.433895078010856
9.433895078010856
9.433895078010856
9.52339552290166
9.52339552290166
9.52339552290166
9.52339552290166
9.52339552290166
9.52339552290166
9.52339552290166
9.52339552290166
9.52339552290166
9.52339552290166
9.52339552290166
9.52339552290166
9.6132550357727
9.6132550357727
9.6132550357727
9.6132550357727
9.6132550357727
9.6132550357727
9.629706365789662
9.728759244381438
9.728759244381438
9.728759244381438
9.728759244381438
9.728759244381438
9.728759244381438
9.728759244381438
9.728759244381438
9.728759244381438
9.728759244381438
9.728759244381438
9.728759244381438
9.728759244381438
9.728759244381438
9.728759244381438
9.728759244381438
9.728759244381438
9.728759244381438
9.728759244381438
9.728759244381438
9.728759244381438
9.728759244381438
9.728759244381438
9.728759244381438
9.728759244381438
9.728759244381438
9.728759244381438
9.728759244381438
9.728923050897517
9.728923050897517
9.758422171855374
9.758422171855374
9.758422171855374
9.758422171855374
9.758422171855374
9.758422171855374
9.758422171855374
9.758422171855374
9.758422171855374
9.758422171855374
9.758422171855374
9.758422171855374
9.758422171855374
9.758422171855374
9.758422171855374
9.758422171855374
9.758422171855374
9.758422171855374
9.758422171855374
9.758422171855374
9.758422171855374
9.758422171855374
9.758422171855374
9.758422171855374
9.758422171855374
9.758422171855374
9.758422171855374
9.786753722519748
9.786753722519748
9.786753722519748
9.786753722519748
9.786753722519748
9.786753722519748
9.786753722519748
9.786753722519748
9.786753722519748
9.786753722519748
9.786753722519748
9.786753722519748
9.786753722519748
9.786753722519748
9.786753722519748
9.786753722519748
9.786753722519748
9.786753722519748
9.786753722519748
9.786753722519748
9.786753722519748
9.786753722519748
9.786753722519748
9.786753722519748
9.786753722519748
9.786753722519748
9.786753722519748
9.786753722519748
9.786753722519748
9.786753722519748
9.786753722519748
9.786753722519748
9.786753722519748
9.786753722519748
9.786753722519748
9.786753722519748
9.786753722519748
9.786753722519748
9.786753722519748
9.786753722519748
9.786753722519748
9.786753722519748
9.786753722519748
9.786753722519748
9.786753722519748
9.786753722519748
9.793462944440057
9.793462944440057
9.793462944440057
9.793462944440057
9.793462944440057
9.793462944440057
9.793462944440057
9.793462944440057
9.793462944440057
9.793462944440057
9.793462944440057
9.793462944440057
9.793462944440057
9.793462944440057
9.799884257404285
9.799884257404285
9.799884257404285
9.799884257404285
9.799884257404285
9.799884257404285
9.799884257404285
9.799884257404285
9.799884257404285
9.799884257404285
9.799884257404285
9.799884257404285
9.799884257404285
9.799884257404285
9.799884257404285
9.799884257404285
9.799884257404285
9.799884257404285
9.799884257404285
9.799884257404285
9.799884257404285
9.799884257404285
9.799884257404285
9.799884257404285
9.801018033167606
9.801018033167606
9.801018033167606
9.801018033167606
9.801018033167606
9.801018033167606
9.801018033167606
9.801018033167606
9.801018033167606
9.801018033167606
9.801018033167606
9.801018033167606
9.80369034736119
9.80369034736119
9.80369034736119
9.80369034736119
9.80369034736119
9.80369034736119
9.80369034736119
9.80369034736119
9.80369034736119
9.80369034736119
9.80369034736119
9.80369034736119
9.80369034736119
9.80369034736119
9.804614593861894
9.804614593861894
9.804614593861894
9.804614593861894
9.804614593861894
9.804614593861894
9.804614593861894
9.804614593861894
9.804614593861894
9.804614593861894
9.804614593861894
9.804614593861894
9.804614593861894
9.804614593861894
9.804614593861894
9.804614593861894
9.804614593861894
9.804614593861894
9.804614593861894
9.804614593861894
9.804614593861894
9.804614593861894
9.804614593861894
9.804614593861894
9.804614593861894
9.804614593861894
9.804614593861894
9.804614593861894
9.804614593861894
9.804614593861894
9.804614593861894
9.804614593861894
9.804614593861894
9.80995235061207
9.80995235061207
9.80995235061207
9.80995235061207
9.80995235061207
9.80995235061207
9.80995235061207
9.80995235061207
9.80995235061207
9.80995235061207
9.80995235061207
9.80995235061207
9.80995235061207
9.80995235061207
9.80995235061207
9.80995235061207
9.80995235061207
9.80995235061207
9.80995235061207
9.80995235061207
9.80995235061207
9.80995235061207
9.80995235061207
9.80995235061207
9.80995235061207
9.80995235061207
9.80995235061207
9.80995235061207
9.80995235061207
9.80995235061207
9.80995235061207
9.80995235061207
9.80995235061207
9.80995235061207
9.80995235061207
9.80995235061207
9.80995235061207
9.821913791515916
9.821913791515916
9.821913791515916
9.821913791515916
9.821913791515916
9.821913791515916
9.821913791515916
9.821913791515916
9.821913791515916
9.821913791515916
9.821913791515916
9.821913791515916
9.821913791515916
9.821913791515916
9.821913791515916
9.821913791515916
9.821913791515916
9.821913791515916
9.821913791515916
9.821913791515916
9.821913791515916
9.821913791515916
9.821913791515916
9.821913791515916
9.821913791515916
9.821913791515916
9.821913791515916
9.821913791515916
9.821913791515916
9.821913791515916
9.821913791515916
9.821913791515916
9.821913791515916
9.821913791515916
9.821913791515916
9.821913791515916
9.821913791515916
9.821913791515916
9.821913791515916
9.821913791515916
9.821913791515916
9.821913791515916
9.821913791515916
9.821913791515916
9.821913791515916
9.821913791515916
9.821913791515916
9.821913791515916
9.821913791515916
9.821913791515916
9.821913791515916
9.821913791515916
9.821913791515916
9.821913791515916
9.821913791515916
9.821913791515916
9.821913791515916
9.821913791515916
9.821913791515916
9.821913791515916
9.821913791515916
9.821913791515916
9.821913791515916
9.821913791515916
9.821913791515916
9.821913791515916
9.821913791515916
9.821913791515916
9.821913791515916
9.821913791515916
9.821913791515916
9.821913791515916
9.821913791515916
9.821913791515916
9.821913791515916
9.821913791515916
9.821913791515916
9.821913791515916
9.821913791515916
9.821913791515916
9.821913791515916
9.821913791515916
9.821913791515916
9.821913791515916
9.821913791515916
9.821913791515916
9.821913791515916
9.821913791515916
9.821913791515916
9.821913791515916
9.821913791515916
9.821913791515916
9.821913791515916
9.821913791515916
9.821913791515916
9.821913791515916
9.821913791515916
9.821913791515916
9.821913791515916
9.821913791515916
9.821913791515916
9.821913791515916
9.821913791515916
9.821913791515916
9.821913791515916
9.821913791515916
9.821913791515916
9.821913791515916
9.821913791515916
9.821913791515916
9.821913791515916
9.821913791515916
9.821913791515916
9.821913791515916
9.821913791515916
9.821913791515916
9.821913791515916
9.821913791515916
9.821913791515916
9.821913791515916
9.821913791515916
9.82923875083893
9.82923875083893
9.82923875083893
9.82923875083893
9.82923875083893
9.82923875083893
9.82923875083893
9.82923875083893
9.82923875083893
9.82923875083893
9.82923875083893
9.82923875083893
9.82923875083893
9.82923875083893
9.835340846307867
9.835340846307867
9.835340846307867
9.835340846307867
9.835340846307867
9.835340846307867
9.835340846307867
9.835340846307867
9.835340846307867
9.835340846307867
9.835340846307867
9.835340846307867
9.835340846307867
9.835340846307867
9.835340846307867
9.835340846307867
9.835340846307867
9.835340846307867
9.835340846307867
9.835340846307867
9.835340846307867
9.835340846307867
9.835340846307867
9.835340846307867
9.835340846307867
9.835340846307867
9.83754696982836
9.83754696982836
9.83754696982836
9.83754696982836
9.83754696982836
9.83754696982836
9.83754696982836
9.83754696982836
9.83754696982836
9.83754696982836
9.83754696982836
9.83754696982836
9.83754696982836
9.83754696982836
9.83754696982836
9.83754696982836
9.83754696982836
9.83754696982836
9.83754696982836
9.83754696982836
9.83754696982836
9.83754696982836
9.83754696982836
9.83754696982836
9.83754696982836
9.83754696982836
9.83754696982836
9.83754696982836
9.83754696982836
9.83754696982836
9.845401633804638
9.860702746505272
9.860702746505272
9.860702746505272
9.860702746505272
9.860702746505272
9.860702746505272
9.860702746505272
9.860702746505272
9.860702746505272
9.860702746505272
9.860702746505272
9.860702746505272
9.860702746505272
9.860702746505272
9.860702746505272
9.860702746505272
9.860702746505272
9.860702746505272
9.860702746505272
9.860702746505272
9.860702746505272
9.860702746505272
9.860702746505272
9.860702746505272
9.860702746505272
9.860702746505272
9.860702746505272
9.860702746505272
9.860702746505272
9.860702746505272
9.860702746505272
9.860702746505272
9.860702746505272
9.860702746505272
9.860702746505272
9.860702746505272
9.860702746505272
9.860702746505272
9.860702746505272
9.860702746505272
9.860702746505272
9.860702746505272
9.860702746505272
9.860702746505272
9.860702746505272
9.860702746505272
9.860702746505272
9.860702746505272
9.860702746505272
9.860702746505272
9.860702746505272
9.860702746505272
9.860702746505272
9.860702746505272
9.860702746505272
9.860702746505272
9.860702746505272
9.860702746505272
9.860702746505272
9.860702746505272
9.860702746505272
9.860702746505272
9.860702746505272
9.862049998600531
9.862049998600531
9.862049998600531
9.862049998600531
9.862049998600531
9.862049998600531
9.862049998600531
9.862049998600531
9.862049998600531
9.862049998600531
9.862049998600531
9.862049998600531
9.862049998600531
9.862049998600531
9.862049998600531
9.862049998600531
9.862049998600531
9.862049998600531
9.862049998600531
9.862049998600531
9.862049998600531
9.862049998600531
9.862049998600531
9.862049998600531
9.862049998600531
9.862049998600531
9.862049998600531
9.862049998600531
9.862049998600531
9.862049998600531
9.862049998600531
9.862049998600531
9.862049998600531
9.862049998600531
9.862049998600531
9.862049998600531
9.862049998600531
9.862049998600531
9.862049998600531
9.862049998600531
9.862049998600531
9.862049998600531
9.862049998600531
9.862049998600531
9.862049998600531
9.862049998600531
9.862049998600531
9.862049998600531
9.862049998600531
9.862049998600531
9.862049998600531
9.862049998600531
9.862049998600531
9.862049998600531
9.862049998600531
9.862049998600531
9.862049998600531
9.862049998600531
9.862049998600531
9.862049998600531
9.862049998600531
9.862049998600531
9.862049998600531
9.862049998600531
9.862049998600531
9.862049998600531
9.862049998600531
9.862049998600531
9.862049998600531
9.863363416651069
9.863363416651069
9.863363416651069
9.863363416651069
9.863363416651069
9.863363416651069
9.863363416651069
9.863363416651069
9.863363416651069
9.863363416651069
9.863363416651069
9.863363416651069
9.863363416651069
9.863363416651069
9.863363416651069
9.863363416651069
9.863363416651069
9.863363416651069
9.863363416651069
9.863363416651069
9.863363416651069
9.863363416651069
9.863363416651069
9.863363416651069
9.863363416651069
9.863363416651069
9.863363416651069
9.863363416651069
9.863363416651069
9.863363416651069
9.863363416651069
9.863363416651069
9.863363416651069
9.863363416651069
9.863363416651069
9.863363416651069
9.863363416651069
9.863363416651069
9.863363416651069
9.863363416651069
9.863363416651069
9.863363416651069
9.863363416651069
9.863363416651069
9.863363416651069
9.863363416651069
9.863363416651069
9.863363416651069
9.863363416651069
9.863363416651069
9.863363416651069
9.863363416651069
9.863363416651069
9.863363416651069
9.863363416651069
9.863363416651069
9.863363416651069
9.863363416651069
9.863363416651069
9.863363416651069
9.863363416651069
9.863363416651069
9.863363416651069
9.863363416651069
9.863363416651069
9.863363416651069
9.863363416651069
9.863363416651069
9.863363416651069
9.863363416651069
9.863363416651069
9.863363416651069
9.863363416651069
9.863363416651069
9.863363416651069
9.863363416651069
9.866000283263762
9.866000283263762
9.866000283263762
9.866000283263762
9.866000283263762
9.866000283263762
9.866000283263762
9.866000283263762
9.866000283263762
9.866000283263762
9.866000283263762
9.866000283263762
9.866000283263762
9.866000283263762
9.866000283263762
9.866000283263762
9.866000283263762
9.866000283263762
9.866000283263762
9.866000283263762
9.866000283263762
9.866000283263762
9.866000283263762
9.866000283263762
9.866000283263762
9.866000283263762
9.866000283263762
9.866000283263762
9.866000283263762
9.866000283263762
9.866000283263762
9.866000283263762
9.866000283263762
9.866000283263762
9.866000283263762
9.866000283263762
9.866000283263762
9.86634056369507
9.86634056369507
9.86634056369507
9.86634056369507
9.86634056369507
9.86634056369507
9.86634056369507
9.86634056369507
9.86634056369507
9.86634056369507
9.86634056369507
9.86634056369507
9.86634056369507
9.86634056369507
9.86862820400702
9.86862820400702
9.86862820400702
9.86862820400702
9.86862820400702
9.86862820400702
9.86862820400702
9.86862820400702
9.86862820400702
9.86862820400702
9.86862820400702
9.86862820400702
9.86862820400702
9.86862820400702
9.86862820400702
9.86862820400702
9.86862820400702
9.86862820400702
9.86862820400702
9.86862820400702
9.86862820400702
9.86862820400702
9.86862820400702
9.86862820400702
9.86862820400702
9.86862820400702
9.86862820400702
9.86862820400702
9.86862820400702
9.86862820400702
9.86862820400702
9.86862820400702
9.86862820400702
9.86862820400702
9.86862820400702
9.86862820400702
9.86862820400702
9.86862820400702
9.86862820400702
9.86862820400702
9.86862820400702
9.86862820400702
9.86862820400702
9.86862820400702
9.86862820400702
9.86862820400702
9.86862820400702
9.86862820400702
9.86862820400702
9.86862820400702
9.86862820400702
9.86862820400702
9.86862820400702
9.86862820400702
9.86862820400702
9.86862820400702
9.86862820400702
9.86862820400702
9.86862820400702
9.86862820400702
9.86862820400702
9.86862820400702
9.86862820400702
9.86862820400702
9.86862820400702
9.86862820400702
9.86862820400702
9.86862820400702
9.86862820400702
9.86862820400702
9.86862820400702
9.86862820400702
9.86862820400702
9.86862820400702
9.86862820400702
9.86862820400702
9.86862820400702
9.86862820400702
9.86862820400702
9.86862820400702
9.86862820400702
9.86862820400702
9.86862820400702
9.86862820400702
9.86862820400702
9.86862820400702
9.86862820400702
9.86862820400702
9.86862820400702
9.86862820400702
9.86862820400702
9.86862820400702
9.86862820400702
9.86862820400702
9.86862820400702
9.86862820400702
9.86862820400702
9.86862820400702
9.86862820400702
9.86862820400702
9.86862820400702
9.86862820400702
9.86862820400702
9.86862820400702
9.86862820400702
9.86862820400702
9.86862820400702
9.86862820400702
9.868902353085117
9.868902353085117
9.868902353085117
9.868902353085117
9.868902353085117
9.868902353085117
9.868902353085117
9.868902353085117
9.868902353085117
9.868902353085117
9.868902353085117
9.868902353085117
9.868902353085117
9.868902353085117
9.868902353085117
9.868936363822485
9.868936363822485
9.868936363822485
9.868936363822485
9.868936363822485
9.868936363822485
9.868936363822485
9.868936363822485
9.868936363822485
9.868977486681274
9.868977486681274
9.869289584254952
9.869289584254952
9.869289584254952
9.869289584254952
9.869289584254952
9.869289584254952
9.869289584254952
9.869289584254952
9.869289584254952
9.869289584254952
9.869289584254952
9.869289584254952
9.869289584254952
9.869289584254952
9.869289584254952
9.869289584254952
9.869886627480994
9.870054160972952
9.870054160972952
9.870054160972952
9.870054160972952
9.870054160972952
9.870054160972952
9.870054160972952
9.870054160972952
9.870054160972952
9.870054160972952
9.870054160972952
9.870054160972952
9.870054160972952
9.874198305271994
9.874198305271994
9.874198305271994
9.874198305271994
9.874198305271994
9.874198305271994
9.874198305271994
9.874198305271994
9.874198305271994
9.874198305271994
9.874198305271994
9.874198305271994
9.874198305271994
9.874198305271994
9.874198305271994
9.874198305271994
9.874198305271994
9.874198305271994
9.874198305271994
9.874198305271994
9.874198305271994
9.874198305271994
9.874198305271994
9.874198305271994
9.874198305271994
9.874198305271994
9.874198305271994
9.874198305271994
9.874198305271994
9.874198305271994
9.874198305271994
9.874198305271994
9.874198305271994
9.874198305271994
9.874198305271994
9.874198305271994
9.874198305271994
9.874198305271994
9.874198305271994
9.874198305271994
9.874198305271994
9.874198305271994
9.874198305271994
9.874198305271994
9.874198305271994
9.874759414119792
9.874759414119792
9.874759414119792
9.874759414119792
9.874759414119792
9.874759414119792
9.874759414119792
9.874759414119792
9.874759414119792
9.874759414119792
9.874759414119792
9.874759414119792
9.874759414119792
9.874759414119792
9.874759414119792
9.874759414119792
9.874759414119792
9.874759414119792
9.874759414119792
9.874759414119792
9.874759414119792
9.874759414119792
9.874759414119792
9.874759414119792
9.874759414119792
9.874759414119792
9.874759414119792
9.874759414119792
9.874759414119792
9.874759414119792
9.874759414119792
9.874759414119792
9.874759414119792
9.874759414119792
9.874759414119792
9.874759414119792
9.874759414119792
9.874759414119792
9.874759414119792
9.874759414119792
9.874759414119792
9.874759414119792
9.874759414119792
9.874759414119792
9.874759414119792
9.874759414119792
9.874759414119792
9.874759414119792
9.874759414119792
9.874759414119792
9.874759414119792
9.874759414119792
9.874759414119792
9.874759414119792
9.874759414119792
9.874759414119792
9.874759414119792
9.874759414119792
9.874759414119792
9.874759414119792
9.874759414119792
9.874759414119792
9.874759414119792
9.874759414119792
9.874759414119792
9.874759414119792
9.874759414119792
9.874759414119792
9.874759414119792
9.874759414119792
9.874759414119792
9.874759414119792
9.874759414119792
9.874759414119792
9.876214721198837
9.876214721198837
9.876214721198837
9.876214721198837
9.876214721198837
9.876214721198837
9.876214721198837
9.876214721198837
9.876214721198837
9.876214721198837
9.876214721198837
9.876214721198837
9.876214721198837
9.876214721198837
9.876520614914186
9.876520614914186
9.876520614914186
9.876520614914186
9.876520614914186
9.876520614914186
9.876520614914186
9.876520614914186
9.876520614914186
9.876520614914186
9.876520614914186
9.876520614914186
9.876520614914186
9.876520614914186
9.876520614914186
9.876520614914186
9.876520614914186
9.876520614914186
9.876520614914186
9.876520614914186
9.876520614914186
9.876520614914186
9.876520614914186
9.876520614914186
9.876520614914186
9.876520614914186
9.876520614914186
9.876520614914186
9.876520614914186
9.876520614914186
9.876520614914186
9.876520614914186
9.876520614914186
9.876520614914186
9.876520614914186
9.876520614914186
9.876520614914186
9.876520614914186
9.876520614914186
9.876520614914186
9.876520614914186
9.876520614914186
9.876520614914186
9.876520614914186
9.876520614914186
9.876520614914186
9.876520614914186
9.876520614914186
9.876520614914186
9.876520614914186
9.876520614914186
9.876520614914186
9.876520614914186
9.876520614914186
9.876520614914186
9.876520614914186
9.876520614914186
9.876520614914186
9.876520614914186
9.876520614914186
9.876520614914186
9.876520614914186
9.876520614914186
9.876520614914186
9.876520614914186
9.876520614914186
9.876520614914186
9.876520614914186
9.876520614914186
9.876520614914186
9.876520614914186
9.876520614914186
9.876520614914186
9.876520614914186
9.876520614914186
9.876520614914186
9.876520614914186
9.876520614914186
9.876520614914186
9.876520614914186
9.876520614914186
9.876520614914186
9.876520614914186
9.876520614914186
9.876520614914186
9.876520614914186
9.876520614914186
9.876520614914186
9.876520614914186
9.876520614914186
9.876520614914186
9.876520614914186
9.876520614914186
9.876520614914186
9.876520614914186
9.876520614914186
9.876520614914186
9.876520614914186
9.876520614914186
9.876520614914186
9.876520614914186
9.876520614914186
9.876520614914186
9.876520614914186
9.876520614914186
9.876520614914186
9.876724869943226
9.876724869943226
9.876724869943226
9.876724869943226
9.876724869943226
9.876724869943226
9.876724869943226
9.876724869943226
9.876724869943226
9.876724869943226
9.876724869943226
9.876724869943226
9.876724869943226
9.876724869943226
9.876724869943226
9.876724869943226
9.876724869943226
9.876724869943226
9.876724869943226
9.876724869943226
9.877574157165688
9.877574157165688
9.877574157165688
9.877574157165688
9.877574157165688
9.877574157165688
9.877574157165688
9.877574157165688
9.877574157165688
9.877574157165688
9.877574157165688
9.877574157165688
9.877574157165688
9.877574157165688
9.877574157165688
9.877574157165688
9.877574157165688
9.877574157165688
9.877574157165688
9.877574157165688
9.877574157165688
9.877574157165688
9.877574157165688
9.877574157165688
9.877574157165688
9.8780607453164
9.8780607453164
9.8780607453164
9.8780607453164
9.8780607453164
9.8780607453164
9.8780607453164
9.8780607453164
9.8780607453164
9.8780607453164
9.8780607453164
9.8780607453164
9.8780607453164
9.8780607453164
9.8780607453164
9.8780607453164
9.8780607453164
9.8780607453164
9.8780607453164
9.8780607453164
9.8780607453164
9.8780607453164
9.8780607453164
9.8780607453164
9.8780607453164
9.8780607453164
9.8780607453164
9.8780607453164
9.8780607453164
9.8780607453164
9.8780607453164
9.8780607453164
9.8780607453164
9.8780607453164
9.8780607453164
9.8780607453164
9.8780607453164
9.8780607453164
9.8780607453164
9.8780607453164
9.8780607453164
9.8780607453164
9.8780607453164
9.8780607453164
9.8780607453164
9.8780607453164
9.8780607453164
9.878681594415578
9.878681594415578
9.878681594415578
9.878681594415578
9.878681594415578
9.878681594415578
9.878681594415578
9.878681594415578
9.878681594415578
9.878681594415578
9.878681594415578
9.878681594415578
9.878681594415578
9.87956526972466
9.87956526972466
9.87956526972466
9.87956526972466
9.87956526972466
9.87956526972466
9.87956526972466
9.87956526972466
9.87956526972466
9.87956526972466
9.87956526972466
9.87956526972466
9.87956526972466
9.879977140367835
9.879977140367835
9.879977140367835
9.879977140367835
9.879977140367835
9.879977140367835
9.879977140367835
9.879977140367835
9.879977140367835
9.879977140367835
9.879977140367835
9.879977140367835
9.879977140367835
9.879977140367835
9.879977140367835
9.879977140367835
9.879977140367835
9.879977140367835
9.879977140367835
9.880139879445792
9.880139879445792
9.881539054833665
9.881539054833665
9.881539054833665
9.881539054833665
9.881539054833665
9.881539054833665
9.881539054833665
9.881539054833665
9.881539054833665
9.881539054833665
9.881539054833665
9.881539054833665
9.881539054833665
9.881539054833665
9.881539054833665
9.881539054833665
9.881539054833665
9.881539054833665
9.881539054833665
9.881539054833665
9.881539054833665
9.881539054833665
9.881539054833665
9.881539054833665
9.881539054833665
9.881539054833665
9.881539054833665
9.881539054833665
9.881539054833665
9.881539054833665
9.881539054833665
9.881539054833665
9.881539054833665
9.881539054833665
9.881539054833665
9.881539054833665
9.881539054833665
9.881539054833665
9.881539054833665
9.881539054833665
9.881539054833665
9.881539054833665
9.881539054833665
9.881539054833665
9.881539054833665
9.881539054833665
9.881539054833665
9.881539054833665
9.881539054833665
9.881539054833665
9.881539054833665
9.881539054833665
9.881539054833665
9.881539054833665
9.881539054833665
9.881539054833665
9.881539054833665
9.881539054833665
9.881539054833665
9.881539054833665
9.881539054833665
9.881539054833665
9.881539054833665
9.881539054833665
9.881539054833665
9.881539054833665
9.881539054833665
9.881539054833665
9.881539054833665
9.881539054833665
9.881539054833665
9.881539054833665
9.881539054833665
9.881539054833665
9.881539054833665
9.881539054833665
9.881539054833665
9.881539054833665
9.881539054833665
9.881539054833665
9.881539054833665
9.881539054833665
9.881539054833665
9.881539054833665
9.881539054833665
9.881539054833665
9.881539054833665
9.881539054833665
9.881539054833665
9.881539054833665
9.881539054833665
9.881539054833665
9.881539054833665
9.881539054833665
9.881539054833665
9.881539054833665
9.881539054833665
9.881539054833665
9.881539054833665
9.881539054833665
9.881539054833665
9.881539054833665
9.881539054833665
9.881539054833665
9.881539054833665
9.881539054833665
9.881539054833665
9.881539054833665
9.881539054833665
9.881539054833665
9.881539054833665
9.881539054833665
9.881539054833665
9.881539054833665
9.881539054833665
9.881539054833665
9.881539054833665
9.881539054833665
9.881539054833665
9.881539054833665
9.881539054833665
9.881539054833665
9.881539054833665
9.881539054833665
9.881539054833665
9.881539054833665
9.881539054833665
9.881539054833665
9.881539054833665
9.881539054833665
9.881539054833665
9.881539054833665
9.881539054833665
9.881539054833665
9.881539054833665
9.881539054833665
9.881539054833665
9.881539054833665
9.881539054833665
9.881539054833665
9.881539054833665
9.881539054833665
9.881539054833665
9.881539054833665
9.881539054833665
9.881539054833665
9.881539054833665
9.881539054833665
9.881539054833665
9.881539054833665
9.881539054833665
9.881539054833665
9.881539054833665
9.881539054833665
9.881539054833665
9.881539054833665
9.881539054833665
9.881539054833665
9.881539054833665
9.881539054833665
9.881539054833665
9.881539054833665
9.881539054833665
9.881539054833665
9.881539054833665
9.881539054833665
9.881539054833665
9.881539054833665
9.881539054833665
9.881539054833665
9.881539054833665
9.881539054833665
9.881539054833665
9.881539054833665
9.881539054833665
9.881539054833665
9.881539054833665
9.881539054833665
9.881539054833665
9.881539054833665
9.881539054833665
9.881539054833665
9.881539054833665
9.881539054833665
9.881539054833665
9.881539054833665
9.881539054833665
9.881539054833665
9.881539054833665
9.881539054833665
9.881539054833665
9.881539054833665
9.881539054833665
9.881539054833665
9.881539054833665
9.881539054833665
9.881539054833665
9.881539054833665
9.881539054833665
9.881539054833665
9.881539054833665
9.881539054833665
9.881539054833665
9.881539054833665
9.881539054833665
9.881539054833665
9.881539054833665
9.881539054833665
9.881539054833665
9.881539054833665
9.881539054833665
9.881539054833665
9.881539054833665
9.881539054833665
9.881539054833665
9.881539054833665
9.881539054833665
9.881539054833665
9.881539054833665
9.881539054833665
9.881539054833665
9.881539054833665
9.881539054833665
9.881539054833665
9.881539054833665
9.881539054833665
9.881539054833665
9.881539054833665
9.881539054833665
9.881539054833665
9.881539054833665
9.881539054833665
9.881539054833665
9.881539054833665
9.881539054833665
9.881539054833665
9.881539054833665
9.881539054833665
9.881539054833665
9.881539054833665
9.881539054833665
9.881539054833665
9.881539054833665
9.881539054833665
9.881539054833665
9.881539054833665
9.881539054833665
9.881539054833665
9.881539054833665
9.881539054833665
9.881539054833665
9.881539054833665
9.881539054833665
9.881539054833665
9.881539054833665
9.881539054833665
9.881539054833665
9.881539054833665
9.881539054833665
9.881539054833665
9.881539054833665
9.881539054833665
9.881539054833665
9.881539054833665
9.881539054833665
9.881539054833665
9.881539054833665
9.881539054833665
9.881539054833665
9.881539054833665
9.881539054833665
9.881539054833665
9.881539054833665
9.881539054833665
9.881539054833665
9.881539054833665
9.881539054833665
9.881539054833665
9.881539054833665
9.881539054833665
9.881539054833665
9.881539054833665
9.881539054833665
9.881539054833665
9.881539054833665
9.881539054833665
9.881539054833665
9.881539054833665
9.881539054833665
9.881539054833665
9.881539054833665
9.881539054833665
9.881539054833665
9.881539054833665
9.881539054833665
9.881539054833665
9.881539054833665
9.881539054833665
9.881539054833665
9.881539054833665
9.881539054833665
9.881539054833665
9.881539054833665
9.881539054833665
9.881539054833665
9.881539054833665
9.881539054833665
9.881539054833665
9.881539054833665
9.881539054833665
9.881539054833665
9.881539054833665
9.881539054833665
9.881539054833665
9.881539054833665
9.881539054833665
9.881539054833665
9.881539054833665
9.881539054833665
9.881539054833665
9.881539054833665
9.881539054833665
9.881539054833665
9.881539054833665
9.881539054833665
9.881539054833665
9.881539054833665
9.881539054833665
9.881539054833665
9.881539054833665
9.881539054833665
9.881539054833665
9.881539054833665
9.881539054833665
9.881539054833665
9.881539054833665
9.881539054833665
9.881539054833665
9.881539054833665
9.881539054833665
9.881539054833665
9.881539054833665
9.881539054833665
9.881539054833665
9.881539054833665
9.881539054833665
9.881539054833665
9.881539054833665
9.881539054833665
9.881539054833665
9.881539054833665
9.881539054833665
9.881539054833665
9.881539054833665
9.881539054833665
9.881539054833665
9.881539054833665
9.881539054833665
9.881539054833665
9.881539054833665
9.881539054833665
9.881539054833665
9.881539054833665
9.881539054833665
9.881539054833665
9.881539054833665
9.881539054833665
9.881539054833665
9.881539054833665
9.881539054833665
9.881539054833665
9.881539054833665
9.881539054833665
9.881539054833665
9.881539054833665
9.881539054833665
9.881539054833665
9.881539054833665
9.881539054833665
9.881539054833665
9.881539054833665
9.881539054833665
9.881539054833665
9.881539054833665
9.881539054833665
9.881539054833665
9.881539054833665
9.881539054833665
9.881539054833665
9.881539054833665
9.881539054833665
9.881539054833665
9.881539054833665
9.881539054833665
9.881539054833665
9.881539054833665
9.881539054833665
9.881539054833665
9.881539054833665
9.881539054833665
9.881539054833665
9.881539054833665
9.881539054833665
9.881539054833665
9.881539054833665
9.881539054833665
9.881539054833665
9.881539054833665
9.881539054833665
9.881539054833665
9.881539054833665
9.881539054833665
9.881539054833665
9.881539054833665
9.881539054833665
9.881539054833665
9.881539054833665
9.881539054833665
9.881539054833665
9.881539054833665
9.881539054833665
9.881539054833665
9.881539054833665
9.881539054833665
9.881539054833665
9.881539054833665
9.881539054833665
9.881539054833665
9.881539054833665
9.881539054833665
9.881539054833665
9.881539054833665
9.881539054833665
9.881539054833665
9.881539054833665
9.881539054833665
9.881539054833665
9.881539054833665
9.881539054833665
9.881539054833665
9.881539054833665
9.881539054833665
9.881539054833665
9.881539054833665
9.881539054833665
9.881539054833665
9.881539054833665
9.881539054833665
9.881539054833665
9.881539054833665
9.881539054833665
9.881539054833665
9.881539054833665
9.881539054833665
9.881539054833665
9.881539054833665
9.881539054833665
9.881539054833665
9.881539054833665
9.881539054833665
9.881539054833665
9.881539054833665
9.881539054833665
9.881539054833665
Score: 9.881539054833665
Runtime: 966ms
