7.217120811826526E-9
7.217120811826526E-9
1.3509168152585651E-7
4.272152478147283E-6
4.5869746543935886E-5
3.390359349607616E-4
3.390359349607616E-4
0.002611321894850156
0.01752155940060374
0.01752155940060374
0.07226028164546394
0.16925869153502113
0.16925869153502113
0.16925869153502113
0.3231581998688081
0.3231581998688081
0.3231581998688081
0.34520034130377497
0.34520034130377497
0.5716709800547419
0.5716709800547419
0.5716709800547419
0.5716709800547419
0.5716709800547419
0.5771965474785612
0.9186523259657298
0.9186523259657298
0.9186523259657298
0.9186523259657298
0.9186523259657298
1.3244662190073508
1.3244662190073508
1.4631918744578665
1.4631918744578665
1.4631918744578665
1.5169364796784615
1.5169364796784615
1.5169364796784615
1.9464367256432358
1.9992240439220363
1.9992240439220363
1.9992240439220363
1.9992240439220363
1.9992240439220363
1.9992240439220363
1.9992240439220363
2.0314334843047805
2.954600653807228
2.954600653807228
2.954600653807228
2.954600653807228
2.954600653807228
2.954600653807228
2.954600653807228
3.1183440322524674
3.1183440322524674
3.414608144693017
4.206087165362215
4.206087165362215
4.206087165362215
4.206087165362215
4.206087165362215
4.206087165362215
4.206087165362215
4.206087165362215
4.206087165362215
4.206087165362215
4.206087165362215
4.206087165362215
4.206087165362215
4.206087165362215
4.206087165362215
4.206087165362215
4.206087165362215
4.206087165362215
4.206087165362215
4.206087165362215
4.206087165362215
4.206087165362215
4.206087165362215
4.206087165362215
4.206087165362215
4.206087165362215
4.6326865018426275
4.6326865018426275
4.819317123062686
4.819317123062686
4.819317123062686
4.819317123062686
5.8576727459779825
5.8576727459779825
5.8576727459779825
5.8576727459779825
5.8576727459779825
5.8576727459779825
5.8576727459779825
5.8576727459779825
5.8576727459779825
5.8576727459779825
5.8576727459779825
5.8576727459779825
5.8576727459779825
5.8576727459779825
6.113096625404059
6.113096625404059
6.113096625404059
6.113096625404059
6.113096625404059
6.113096625404059
6.113096625404059
6.113096625404059
6.113096625404059
6.70243923478613
6.70243923478613
6.70243923478613
6.70243923478613
6.70243923478613
6.70243923478613
6.70243923478613
6.70243923478613
6.70243923478613
6.70243923478613
6.70243923478613
6.70243923478613
6.70243923478613
6.70243923478613
6.70243923478613
6.70243923478613
6.70243923478613
6.70243923478613
6.70243923478613
6.70243923478613
6.70243923478613
6.70243923478613
6.70243923478613
6.70243923478613
6.70243923478613
6.70243923478613
6.70243923478613
6.70243923478613
6.70243923478613
6.70243923478613
6.70243923478613
6.70243923478613
6.70243923478613
6.70243923478613
6.70243923478613
6.70243923478613
6.70243923478613
6.70243923478613
6.70243923478613
6.70243923478613
6.70243923478613
6.70243923478613
6.70243923478613
6.70243923478613
6.70243923478613
6.70243923478613
6.70243923478613
6.70243923478613
6.70243923478613
6.70243923478613
6.70243923478613
6.70243923478613
6.70243923478613
6.70243923478613
6.70243923478613
6.70243923478613
6.70243923478613
6.70243923478613
6.70243923478613
6.70243923478613
6.70243923478613
6.70243923478613
6.70243923478613
6.70243923478613
6.70243923478613
6.70243923478613
6.70243923478613
6.70243923478613
6.70243923478613
6.70243923478613
6.70243923478613
6.70243923478613
6.70243923478613
6.70243923478613
6.70243923478613
6.70243923478613
6.70243923478613
6.70243923478613
6.70243923478613
6.70243923478613
6.70243923478613
6.70243923478613
6.70243923478613
6.70243923478613
6.70243923478613
6.70243923478613
6.70243923478613
6.70243923478613
6.70243923478613
6.70243923478613
6.70243923478613
6.70243923478613
6.70243923478613
6.70243923478613
6.70243923478613
6.70243923478613
6.70243923478613
6.70243923478613
6.70243923478613
6.70243923478613
6.70243923478613
6.70243923478613
6.70243923478613
6.70243923478613
6.70243923478613
6.70243923478613
6.70243923478613
6.70243923478613
6.70243923478613
6.70243923478613
6.70243923478613
6.70243923478613
6.70243923478613
6.70243923478613
6.70243923478613
6.70243923478613
6.70243923478613
6.70243923478613
6.70243923478613
6.70243923478613
6.70243923478613
6.70243923478613
6.70243923478613
6.70243923478613
6.70243923478613
6.70243923478613
6.70243923478613
6.70243923478613
6.70243923478613
6.94693727203565
6.94693727203565
6.94693727203565
6.94693727203565
6.94693727203565
6.94693727203565
6.94693727203565
6.94693727203565
6.94693727203565
7.157537602579112
7.157537602579112
7.157537602579112
7.157537602579112
7.157537602579112
7.157537602579112
7.157537602579112
7.617943820410557
7.617943820410557
7.617943820410557
7.617943820410557
7.755328023316049
7.755328023316049
7.755328023316049
7.755328023316049
7.755328023316049
7.755328023316049
7.755328023316049
7.755328023316049
7.755328023316049
7.755328023316049
7.755328023316049
7.755328023316049
7.755328023316049
7.86835424366899
7.86835424366899
7.86835424366899
7.86835424366899
7.86835424366899
8.054249059618034
8.054249059618034
8.054249059618034
8.054249059618034
8.054249059618034
8.054249059618034
8.054249059618034
8.054249059618034
8.054249059618034
8.273193760795913
8.273193760795913
8.273193760795913
8.273193760795913
8.273193760795913
8.273193760795913
8.273193760795913
8.273193760795913
8.273193760795913
8.273193760795913
8.273193760795913
8.273193760795913
8.273193760795913
8.273193760795913
8.273193760795913
8.273193760795913
8.273193760795913
8.273193760795913
8.273193760795913
8.273193760795913
8.273193760795913
8.273193760795913
8.28154918998862
8.28154918998862
8.28154918998862
8.28154918998862
8.28154918998862
8.28154918998862
8.28154918998862
8.406931687966084
8.406931687966084
8.406931687966084
8.406931687966084
8.406931687966084
8.406931687966084
8.406931687966084
8.406931687966084
8.406931687966084
8.406931687966084
8.406931687966084
8.406931687966084
8.406931687966084
8.406931687966084
8.406931687966084
8.406931687966084
8.45754638771864
8.45754638771864
8.45754638771864
8.45754638771864
8.5702999712087
8.5702999712087
8.5702999712087
8.5702999712087
8.5702999712087
8.5702999712087
8.5702999712087
8.5702999712087
8.5702999712087
8.5702999712087
8.5702999712087
8.5702999712087
8.5702999712087
8.5702999712087
8.5702999712087
8.5702999712087
8.699890739826362
8.699890739826362
8.699890739826362
8.699890739826362
8.699890739826362
8.699890739826362
8.699890739826362
8.699890739826362
8.699890739826362
8.699890739826362
8.699890739826362
9.037436788159269
9.037436788159269
9.037436788159269
9.037436788159269
9.037436788159269
9.037436788159269
9.037436788159269
9.037436788159269
9.037436788159269
9.037436788159269
9.037436788159269
9.037436788159269
9.037436788159269
9.037436788159269
9.037436788159269
9.037436788159269
9.037436788159269
9.037436788159269
9.037436788159269
9.037436788159269
9.037436788159269
9.037436788159269
9.037436788159269
9.037436788159269
9.037436788159269
9.037436788159269
9.037436788159269
9.037436788159269
9.037436788159269
9.037436788159269
9.037436788159269
9.037436788159269
9.037436788159269
9.037436788159269
9.037436788159269
9.037436788159269
9.037436788159269
9.037436788159269
9.037436788159269
9.037436788159269
9.037436788159269
9.037436788159269
9.037436788159269
9.037436788159269
9.037436788159269
9.037436788159269
9.037436788159269
9.037436788159269
9.037436788159269
9.037436788159269
9.037436788159269
9.037436788159269
9.037436788159269
9.037436788159269
9.037436788159269
9.037436788159269
9.037436788159269
9.037436788159269
9.037436788159269
9.037436788159269
9.037436788159269
9.037436788159269
9.190875446601275
9.190875446601275
9.190875446601275
9.190875446601275
9.190875446601275
9.190875446601275
9.190875446601275
9.190875446601275
9.190875446601275
9.190875446601275
9.190875446601275
9.190875446601275
9.190875446601275
9.190875446601275
9.190875446601275
9.190875446601275
9.190875446601275
9.190875446601275
9.190875446601275
9.190875446601275
9.190875446601275
9.190875446601275
9.190875446601275
9.190875446601275
9.190875446601275
9.190875446601275
9.190875446601275
9.190875446601275
9.190875446601275
9.190875446601275
9.190875446601275
9.190875446601275
9.190875446601275
9.190875446601275
9.190875446601275
9.190875446601275
9.190875446601275
9.190875446601275
9.190875446601275
9.225874070401815
9.225874070401815
9.226695682787671
9.226695682787671
9.226695682787671
9.226695682787671
9.226695682787671
9.226695682787671
9.226695682787671
9.226695682787671
9.226695682787671
9.226695682787671
9.226695682787671
9.226695682787671
9.226695682787671
9.226695682787671
9.226695682787671
9.226695682787671
9.226695682787671
9.226695682787671
9.226695682787671
9.226695682787671
9.226695682787671
9.226695682787671
9.226695682787671
9.226695682787671
9.226695682787671
9.226695682787671
9.226695682787671
9.226695682787671
9.226695682787671
9.226695682787671
9.226695682787671
9.226695682787671
9.226695682787671
9.226695682787671
9.226695682787671
9.226695682787671
9.226695682787671
9.226695682787671
9.226695682787671
9.226695682787671
9.226695682787671
9.226695682787671
9.226695682787671
9.226695682787671
9.226695682787671
9.226695682787671
9.226695682787671
9.226695682787671
9.226695682787671
9.226695682787671
9.226695682787671
9.226695682787671
9.226695682787671
9.226695682787671
9.226695682787671
9.226695682787671
9.226695682787671
9.226695682787671
9.226695682787671
9.226695682787671
9.226695682787671
9.226695682787671
9.226695682787671
9.226695682787671
9.226695682787671
9.226695682787671
9.226695682787671
9.226695682787671
9.226695682787671
9.226695682787671
9.226695682787671
9.226695682787671
9.226695682787671
9.226695682787671
9.226695682787671
9.226695682787671
9.226695682787671
9.226695682787671
9.226695682787671
9.226695682787671
9.226695682787671
9.226695682787671
9.226695682787671
9.226695682787671
9.226695682787671
9.226695682787671
9.226695682787671
9.226695682787671
9.226695682787671
9.226695682787671
9.226695682787671
9.226695682787671
9.226695682787671
9.226695682787671
9.226695682787671
9.226695682787671
9.226695682787671
9.226695682787671
9.226695682787671
9.226695682787671
9.226695682787671
9.226695682787671
9.226695682787671
9.226695682787671
9.226695682787671
9.226695682787671
9.226695682787671
9.226695682787671
9.226695682787671
9.226695682787671
9.226695682787671
9.226695682787671
9.226695682787671
9.226695682787671
9.226695682787671
9.226695682787671
9.226695682787671
9.226695682787671
9.226695682787671
9.226695682787671
9.226695682787671
9.226695682787671
9.226695682787671
9.226695682787671
9.226695682787671
9.226695682787671
9.226695682787671
9.226695682787671
9.226695682787671
9.226695682787671
9.226695682787671
9.226695682787671
9.226695682787671
9.226695682787671
9.226695682787671
9.226695682787671
9.226695682787671
9.226695682787671
9.226695682787671
9.226695682787671
9.226695682787671
9.226695682787671
9.226695682787671
9.226695682787671
9.226695682787671
9.226695682787671
9.226695682787671
9.226695682787671
9.226695682787671
9.226695682787671
9.226695682787671
9.226695682787671
9.226695682787671
9.226695682787671
9.226695682787671
9.226695682787671
9.226695682787671
9.226695682787671
9.226695682787671
9.226695682787671
9.226695682787671
9.226695682787671
9.226695682787671
9.226695682787671
9.226695682787671
9.226695682787671
9.226695682787671
9.226695682787671
9.226695682787671
9.226695682787671
9.226695682787671
9.226695682787671
9.226695682787671
9.226695682787671
9.226695682787671
9.226695682787671
9.226695682787671
9.226695682787671
9.226695682787671
9.226695682787671
9.226695682787671
9.226695682787671
9.226695682787671
9.226695682787671
9.226695682787671
9.226695682787671
9.226695682787671
9.226695682787671
9.226695682787671
9.226695682787671
9.226695682787671
9.226695682787671
9.226695682787671
9.226695682787671
9.226695682787671
9.226695682787671
9.226695682787671
9.226695682787671
9.226695682787671
9.226695682787671
9.226695682787671
9.226695682787671
9.226695682787671
9.226695682787671
9.226695682787671
9.226695682787671
9.226695682787671
9.226695682787671
9.226695682787671
9.226695682787671
9.226695682787671
9.226695682787671
9.226695682787671
9.226695682787671
9.226695682787671
9.226695682787671
9.226695682787671
9.226695682787671
9.226695682787671
9.226695682787671
9.226695682787671
9.226695682787671
9.226695682787671
9.226695682787671
9.226695682787671
9.226695682787671
9.226695682787671
9.226695682787671
9.226695682787671
9.226695682787671
9.226695682787671
9.226695682787671
9.226695682787671
9.226695682787671
9.226695682787671
9.226695682787671
9.226695682787671
9.226695682787671
9.226695682787671
9.226695682787671
9.226695682787671
9.226695682787671
9.226695682787671
9.226695682787671
9.226695682787671
9.226695682787671
9.226695682787671
9.226695682787671
9.226695682787671
9.226695682787671
9.226695682787671
9.226695682787671
9.226695682787671
9.226695682787671
9.226695682787671
9.226695682787671
9.226695682787671
9.226695682787671
9.226695682787671
9.226695682787671
9.226695682787671
9.226695682787671
9.226695682787671
9.226695682787671
9.226695682787671
9.226695682787671
9.226695682787671
9.226695682787671
9.226695682787671
9.226695682787671
9.226695682787671
9.226695682787671
9.226695682787671
9.226695682787671
9.226695682787671
9.226695682787671
9.226695682787671
9.226695682787671
9.226695682787671
9.226695682787671
9.226695682787671
9.226695682787671
9.226695682787671
9.226695682787671
9.226695682787671
9.226695682787671
9.226695682787671
9.226695682787671
9.226695682787671
9.226695682787671
9.226695682787671
9.226695682787671
9.226695682787671
9.226695682787671
9.226695682787671
9.226695682787671
9.226695682787671
9.226695682787671
9.226695682787671
9.226695682787671
9.226695682787671
9.226695682787671
9.226695682787671
9.226695682787671
9.226695682787671
9.226695682787671
9.226695682787671
9.226695682787671
9.226695682787671
9.226695682787671
9.226695682787671
9.226695682787671
9.226695682787671
9.226695682787671
9.226695682787671
9.226695682787671
9.226695682787671
9.226695682787671
9.226695682787671
9.226695682787671
9.226695682787671
9.226695682787671
9.226695682787671
9.226695682787671
9.226695682787671
9.226695682787671
9.226695682787671
9.226695682787671
9.226695682787671
9.226695682787671
9.226695682787671
9.226695682787671
9.226695682787671
9.226695682787671
9.226695682787671
9.226695682787671
9.226695682787671
9.226695682787671
9.226695682787671
9.226695682787671
9.226695682787671
9.226695682787671
9.226695682787671
9.226695682787671
9.226695682787671
9.226695682787671
9.226695682787671
9.226695682787671
9.226695682787671
9.226695682787671
9.226695682787671
9.226695682787671
9.226695682787671
9.226695682787671
9.226695682787671
9.226695682787671
9.226695682787671
9.226695682787671
9.226695682787671
9.226695682787671
9.226695682787671
9.226695682787671
9.226695682787671
9.226695682787671
9.226695682787671
9.226695682787671
9.226695682787671
9.226695682787671
9.226695682787671
9.226695682787671
9.226695682787671
9.226695682787671
9.226695682787671
9.226695682787671
9.226695682787671
9.226695682787671
9.226695682787671
9.226695682787671
9.226695682787671
9.226695682787671
9.226695682787671
9.226695682787671
9.226695682787671
9.226695682787671
9.226695682787671
9.226695682787671
9.226695682787671
9.226695682787671
9.226695682787671
9.226695682787671
9.226695682787671
9.226695682787671
9.226695682787671
9.226695682787671
9.226695682787671
9.226695682787671
9.226695682787671
9.226695682787671
9.226695682787671
9.226695682787671
9.226695682787671
9.226695682787671
9.231799799156331
9.231799799156331
9.231799799156331
9.231799799156331
9.231799799156331
9.231799799156331
9.231799799156331
9.231799799156331
9.231799799156331
9.231799799156331
9.231799799156331
9.231799799156331
9.231799799156331
9.231799799156331
9.231799799156331
9.231799799156331
9.231799799156331
9.231799799156331
9.231799799156331
9.231799799156331
9.231799799156331
9.231799799156331
9.231799799156331
9.231799799156331
9.231799799156331
9.231799799156331
9.231799799156331
9.231799799156331
9.231799799156331
9.231799799156331
9.231799799156331
9.231799799156331
9.231799799156331
9.231799799156331
9.231799799156331
9.231799799156331
9.231799799156331
9.231799799156331
9.231799799156331
9.231799799156331
9.231799799156331
9.231799799156331
9.231799799156331
9.231799799156331
9.231799799156331
9.231799799156331
9.231799799156331
9.231799799156331
9.231799799156331
9.231799799156331
9.231799799156331
9.231799799156331
9.231799799156331
9.231799799156331
9.231799799156331
9.231799799156331
9.231799799156331
9.231799799156331
9.231799799156331
9.231799799156331
9.231799799156331
9.231799799156331
9.231799799156331
9.231799799156331
9.231799799156331
9.231799799156331
9.231799799156331
9.231799799156331
9.231799799156331
9.231799799156331
9.231799799156331
9.231799799156331
9.231799799156331
9.231799799156331
9.231799799156331
9.231799799156331
9.231799799156331
9.231799799156331
9.231799799156331
9.231799799156331
9.231799799156331
9.231799799156331
9.231799799156331
9.231799799156331
9.231799799156331
9.231799799156331
9.231799799156331
9.231799799156331
9.231799799156331
9.231799799156331
9.231799799156331
9.231799799156331
9.231799799156331
9.231799799156331
9.231799799156331
9.231799799156331
9.231799799156331
9.231799799156331
9.231799799156331
9.231799799156331
9.231799799156331
9.231799799156331
9.231799799156331
9.231799799156331
9.231799799156331
9.231799799156331
9.231799799156331
9.231799799156331
9.231799799156331
9.231799799156331
9.231799799156331
9.231799799156331
9.231799799156331
9.231799799156331
9.231799799156331
9.231799799156331
9.231799799156331
9.231799799156331
9.231799799156331
9.231799799156331
9.231799799156331
9.231799799156331
9.231799799156331
9.231799799156331
9.231799799156331
9.231799799156331
9.231799799156331
9.231799799156331
9.231799799156331
9.231799799156331
9.231799799156331
9.231799799156331
9.231799799156331
9.231799799156331
9.231799799156331
9.231799799156331
9.231799799156331
9.231799799156331
9.231799799156331
9.231799799156331
9.231799799156331
9.231799799156331
9.231799799156331
9.231799799156331
9.231799799156331
9.231799799156331
9.231799799156331
9.231799799156331
9.231799799156331
9.231799799156331
9.231799799156331
9.231799799156331
9.231799799156331
9.231799799156331
9.231799799156331
9.231799799156331
9.231799799156331
9.231799799156331
9.231799799156331
9.231799799156331
9.231799799156331
9.231799799156331
9.231799799156331
9.231799799156331
9.231799799156331
9.231799799156331
9.231799799156331
9.231799799156331
9.231799799156331
9.231799799156331
9.231799799156331
9.231799799156331
9.231799799156331
9.231799799156331
9.231799799156331
9.231799799156331
9.231799799156331
9.231799799156331
9.231799799156331
9.231799799156331
9.231799799156331
9.231799799156331
9.231799799156331
9.231799799156331
9.231799799156331
9.231799799156331
9.231799799156331
9.231799799156331
9.231799799156331
9.231799799156331
9.231799799156331
9.231799799156331
9.231799799156331
9.231799799156331
9.231799799156331
9.231799799156331
9.231799799156331
9.231799799156331
9.231799799156331
9.231799799156331
9.231799799156331
9.231799799156331
9.231799799156331
9.231799799156331
9.231799799156331
9.231799799156331
9.231799799156331
9.231799799156331
9.231799799156331
9.231799799156331
9.231799799156331
9.231799799156331
9.231799799156331
9.231799799156331
9.231799799156331
9.231799799156331
9.231799799156331
9.231799799156331
9.231799799156331
9.231799799156331
9.231799799156331
9.231799799156331
9.231799799156331
9.231799799156331
9.231799799156331
9.231799799156331
9.231799799156331
9.231799799156331
9.231799799156331
9.231799799156331
9.231799799156331
9.231799799156331
9.231799799156331
9.231799799156331
9.231799799156331
9.231799799156331
9.231799799156331
9.231799799156331
9.231799799156331
9.231799799156331
9.231799799156331
9.231799799156331
9.231799799156331
9.231799799156331
9.231799799156331
9.231799799156331
9.231799799156331
9.231799799156331
9.231799799156331
9.231799799156331
9.231799799156331
9.231799799156331
9.231799799156331
9.231799799156331
9.231799799156331
9.231799799156331
9.231799799156331
9.231799799156331
9.231799799156331
9.231799799156331
9.231799799156331
9.231799799156331
9.231799799156331
9.231799799156331
9.231799799156331
9.231799799156331
9.231799799156331
9.231799799156331
9.231799799156331
9.231799799156331
9.231799799156331
9.231799799156331
9.231799799156331
9.231799799156331
9.231799799156331
9.231799799156331
9.231799799156331
9.231799799156331
9.231799799156331
9.231799799156331
9.231799799156331
9.231799799156331
9.231799799156331
9.231799799156331
9.231799799156331
9.231799799156331
9.231799799156331
9.231799799156331
9.231799799156331
9.231799799156331
9.231799799156331
9.231799799156331
9.231799799156331
9.231799799156331
9.231799799156331
9.231799799156331
9.231799799156331
9.231799799156331
9.231799799156331
9.231799799156331
9.231799799156331
9.231799799156331
9.231799799156331
9.231799799156331
9.231799799156331
9.231799799156331
9.231799799156331
9.231799799156331
9.231799799156331
9.231799799156331
9.231799799156331
9.231799799156331
9.231799799156331
9.231799799156331
9.231799799156331
9.231799799156331
9.231799799156331
9.231799799156331
9.231799799156331
9.231799799156331
9.231799799156331
9.231799799156331
9.231799799156331
9.231799799156331
9.231799799156331
9.231799799156331
9.231799799156331
9.231799799156331
9.231799799156331
9.231799799156331
9.231799799156331
9.231799799156331
9.231799799156331
9.231799799156331
9.231799799156331
9.231799799156331
9.231799799156331
9.231799799156331
9.231799799156331
9.231799799156331
9.231799799156331
9.231799799156331
9.231799799156331
9.231799799156331
9.231799799156331
9.231799799156331
9.231799799156331
9.231799799156331
9.231799799156331
9.231799799156331
9.231799799156331
9.231799799156331
9.231799799156331
9.231799799156331
9.231799799156331
9.231799799156331
9.231799799156331
9.231799799156331
9.231799799156331
9.231799799156331
9.231799799156331
9.231799799156331
9.231799799156331
9.231799799156331
9.231799799156331
9.231799799156331
9.231799799156331
9.231799799156331
9.231799799156331
9.231799799156331
9.231799799156331
9.231799799156331
9.231799799156331
9.231799799156331
9.231799799156331
9.231799799156331
9.231799799156331
9.231799799156331
9.231799799156331
9.231799799156331
9.231799799156331
9.231799799156331
9.231799799156331
9.231799799156331
9.231799799156331
9.231799799156331
9.231799799156331
9.231799799156331
9.231799799156331
9.231799799156331
9.231799799156331
9.231799799156331
9.231799799156331
9.231799799156331
9.231799799156331
9.231799799156331
9.231799799156331
9.231799799156331
9.231799799156331
9.231799799156331
9.231799799156331
9.231799799156331
9.231799799156331
9.231799799156331
9.231799799156331
9.231799799156331
9.231799799156331
9.231799799156331
9.231799799156331
9.231799799156331
9.231799799156331
9.231799799156331
9.231799799156331
9.231799799156331
9.231799799156331
9.231799799156331
9.231799799156331
9.231799799156331
9.231799799156331
9.231799799156331
9.231799799156331
9.231799799156331
9.231799799156331
9.231799799156331
9.231799799156331
9.231799799156331
9.231799799156331
9.231799799156331
9.231799799156331
9.231799799156331
9.231799799156331
9.231799799156331
9.231799799156331
9.231799799156331
9.231799799156331
9.231799799156331
9.231799799156331
9.231799799156331
9.231799799156331
9.231799799156331
9.231799799156331
9.231799799156331
9.231799799156331
9.231799799156331
9.231799799156331
9.231799799156331
9.231799799156331
9.231799799156331
9.231799799156331
9.231799799156331
9.231799799156331
9.231799799156331
9.231799799156331
9.231799799156331
9.231799799156331
9.231799799156331
9.231799799156331
9.231799799156331
9.231799799156331
9.231799799156331
9.231799799156331
9.231799799156331
9.231799799156331
9.231799799156331
9.231799799156331
9.231799799156331
9.231799799156331
9.231799799156331
9.231799799156331
9.231799799156331
9.231799799156331
9.231799799156331
9.231799799156331
9.231799799156331
9.231799799156331
9.231799799156331
9.231799799156331
9.231799799156331
9.231799799156331
9.231799799156331
9.231799799156331
9.231799799156331
9.231799799156331
9.231799799156331
9.231799799156331
9.231799799156331
9.231799799156331
9.231799799156331
9.231799799156331
9.231799799156331
9.231799799156331
9.231799799156331
9.231799799156331
9.231799799156331
9.231799799156331
9.231799799156331
9.231799799156331
9.231799799156331
9.231799799156331
9.231799799156331
9.231799799156331
9.231799799156331
9.231799799156331
9.231799799156331
9.231799799156331
9.231799799156331
9.231799799156331
9.231799799156331
9.231799799156331
9.231799799156331
9.231799799156331
9.231799799156331
9.231799799156331
9.231799799156331
9.231799799156331
9.231799799156331
9.231799799156331
9.231799799156331
9.231799799156331
9.231799799156331
9.231799799156331
9.231799799156331
9.231799799156331
9.231799799156331
9.231799799156331
9.231799799156331
9.231799799156331
9.231799799156331
9.231799799156331
9.231799799156331
9.231799799156331
9.231799799156331
9.231799799156331
9.231799799156331
9.231799799156331
9.231799799156331
9.231799799156331
9.231799799156331
9.231799799156331
9.231799799156331
9.231799799156331
9.231799799156331
9.231799799156331
9.231799799156331
9.231799799156331
9.231799799156331
9.231799799156331
9.231799799156331
9.231799799156331
9.231799799156331
9.231799799156331
9.231799799156331
9.231799799156331
9.231799799156331
9.231799799156331
9.231799799156331
9.231799799156331
9.231799799156331
9.231799799156331
9.231799799156331
9.231799799156331
9.231799799156331
9.231799799156331
9.231799799156331
9.231799799156331
9.231799799156331
9.231799799156331
9.231799799156331
9.231799799156331
9.231799799156331
9.231799799156331
9.231799799156331
9.231799799156331
9.231799799156331
9.231799799156331
9.231799799156331
9.231799799156331
9.231799799156331
9.231799799156331
9.231799799156331
9.231799799156331
9.231799799156331
9.231799799156331
9.231799799156331
9.231799799156331
9.231799799156331
9.231799799156331
9.231799799156331
9.231799799156331
9.231799799156331
9.231799799156331
9.231799799156331
9.231799799156331
9.231799799156331
9.231799799156331
9.231799799156331
9.231799799156331
9.231799799156331
9.231799799156331
9.231799799156331
9.231799799156331
9.231799799156331
9.231799799156331
9.231799799156331
9.231799799156331
9.231799799156331
9.231799799156331
9.231799799156331
9.231799799156331
9.231799799156331
9.231799799156331
9.231799799156331
9.231799799156331
9.231799799156331
9.231799799156331
9.231799799156331
9.231799799156331
9.231799799156331
9.231799799156331
9.231799799156331
9.231799799156331
9.231799799156331
9.231799799156331
9.231799799156331
9.231799799156331
9.231799799156331
9.231799799156331
9.231799799156331
9.231799799156331
9.231799799156331
9.231799799156331
9.231799799156331
9.231799799156331
9.231799799156331
9.231799799156331
9.231799799156331
9.231799799156331
9.231799799156331
9.231799799156331
9.231799799156331
9.231799799156331
9.231799799156331
9.231799799156331
9.231799799156331
9.231799799156331
9.231799799156331
9.231799799156331
9.231799799156331
9.231799799156331
9.231799799156331
9.231799799156331
9.231799799156331
9.231799799156331
9.231799799156331
9.231799799156331
9.231799799156331
9.231799799156331
9.231799799156331
9.231799799156331
9.231799799156331
9.231799799156331
9.231799799156331
9.231799799156331
9.231799799156331
9.231799799156331
9.231799799156331
9.231799799156331
9.231799799156331
9.231799799156331
9.231799799156331
9.231799799156331
9.231799799156331
9.231799799156331
9.231799799156331
9.231799799156331
9.231799799156331
9.231799799156331
9.231799799156331
9.231799799156331
9.231799799156331
9.231799799156331
9.231799799156331
9.231799799156331
9.231799799156331
9.231799799156331
9.231799799156331
9.231799799156331
9.231799799156331
9.231799799156331
9.231799799156331
9.231799799156331
9.231799799156331
9.231799799156331
9.231799799156331
9.231799799156331
9.231799799156331
9.231799799156331
9.231799799156331
9.231799799156331
9.231799799156331
9.231799799156331
9.231799799156331
9.231799799156331
9.231799799156331
9.231799799156331
9.231799799156331
9.231799799156331
9.231799799156331
9.231799799156331
9.231799799156331
9.231799799156331
9.231799799156331
9.231799799156331
9.231799799156331
9.231799799156331
9.231799799156331
9.231799799156331
9.231799799156331
9.231799799156331
9.231799799156331
9.231799799156331
9.231799799156331
9.231799799156331
9.231799799156331
9.231799799156331
9.231799799156331
9.231799799156331
9.231799799156331
9.231799799156331
9.231799799156331
9.231799799156331
9.231799799156331
9.231799799156331
9.231799799156331
9.231799799156331
9.231799799156331
9.231799799156331
9.231799799156331
9.231799799156331
9.231799799156331
9.231799799156331
9.231799799156331
9.231799799156331
9.231799799156331
9.231799799156331
9.231799799156331
9.231799799156331
9.231799799156331
9.231799799156331
9.231799799156331
9.231799799156331
9.231799799156331
9.231799799156331
9.231799799156331
9.231799799156331
9.231799799156331
9.231799799156331
9.231799799156331
9.231799799156331
9.231799799156331
9.231799799156331
9.231799799156331
9.231799799156331
9.231799799156331
9.231799799156331
9.231799799156331
9.231799799156331
9.231799799156331
9.231799799156331
9.231799799156331
9.231799799156331
9.231799799156331
9.231799799156331
9.231799799156331
9.231799799156331
9.231799799156331
9.231799799156331
9.231799799156331
9.231799799156331
9.231799799156331
9.231799799156331
9.231799799156331
9.231799799156331
9.231799799156331
9.231799799156331
9.231799799156331
9.231799799156331
9.231799799156331
9.231799799156331
9.231799799156331
9.231799799156331
9.231799799156331
9.231799799156331
9.231799799156331
9.231799799156331
9.231799799156331
9.231799799156331
9.231799799156331
9.231799799156331
9.231799799156331
9.231799799156331
9.231799799156331
9.231799799156331
9.231799799156331
9.231799799156331
9.231799799156331
9.231799799156331
9.231799799156331
9.231799799156331
9.231799799156331
9.231799799156331
9.231799799156331
9.231799799156331
9.231799799156331
9.231799799156331
9.231799799156331
9.231799799156331
9.231799799156331
9.231799799156331
9.231799799156331
9.231799799156331
9.231799799156331
9.231799799156331
9.231799799156331
9.231799799156331
9.231799799156331
9.231799799156331
9.231799799156331
9.231799799156331
9.231799799156331
9.231799799156331
9.231799799156331
9.231799799156331
9.231799799156331
9.231799799156331
9.231799799156331
9.231799799156331
9.231799799156331
9.231799799156331
9.231799799156331
9.231799799156331
9.231799799156331
9.231799799156331
9.231799799156331
9.231799799156331
9.231799799156331
9.231799799156331
9.231799799156331
9.231799799156331
9.231799799156331
9.231799799156331
9.231799799156331
9.231799799156331
9.231799799156331
9.231799799156331
9.231799799156331
9.231799799156331
9.231799799156331
9.231799799156331
9.231799799156331
9.231799799156331
9.231799799156331
9.231799799156331
9.231799799156331
9.231799799156331
9.231799799156331
9.231799799156331
9.231799799156331
9.231799799156331
9.231799799156331
9.231799799156331
9.231799799156331
9.231799799156331
9.231799799156331
9.231799799156331
9.231799799156331
9.231799799156331
9.231799799156331
9.231799799156331
9.231799799156331
9.231799799156331
9.231799799156331
9.231799799156331
9.231799799156331
9.231799799156331
9.231799799156331
9.231799799156331
9.231799799156331
9.231799799156331
9.231799799156331
9.231799799156331
9.231799799156331
9.231799799156331
9.231799799156331
9.231799799156331
9.231799799156331
9.231799799156331
9.231799799156331
9.231799799156331
9.231799799156331
9.231799799156331
9.231799799156331
9.231799799156331
9.231799799156331
9.231799799156331
9.231799799156331
9.231799799156331
9.231799799156331
9.231799799156331
9.231799799156331
9.231799799156331
9.231799799156331
9.231799799156331
9.231799799156331
9.231799799156331
9.231799799156331
9.231799799156331
9.231799799156331
9.231799799156331
9.231799799156331
9.231799799156331
9.231799799156331
9.231799799156331
9.231799799156331
9.231799799156331
9.231799799156331
9.231799799156331
9.231799799156331
9.231799799156331
9.231799799156331
9.231799799156331
9.231799799156331
9.231799799156331
9.231799799156331
9.231799799156331
9.231799799156331
9.231799799156331
9.231799799156331
9.231799799156331
9.231799799156331
9.231799799156331
9.231799799156331
9.231799799156331
9.231799799156331
9.231799799156331
9.231799799156331
9.231799799156331
9.231799799156331
9.231799799156331
9.231799799156331
9.231799799156331
9.231799799156331
9.231799799156331
9.231799799156331
9.231799799156331
9.231799799156331
9.231799799156331
9.231799799156331
9.231799799156331
9.231799799156331
9.231799799156331
9.231799799156331
9.231799799156331
9.231799799156331
9.231799799156331
9.231799799156331
9.231799799156331
9.231799799156331
9.231799799156331
9.231799799156331
9.231799799156331
9.231799799156331
9.231799799156331
9.231799799156331
9.231799799156331
9.271687990424503
9.271687990424503
9.271687990424503
9.271687990424503
9.271687990424503
9.271687990424503
9.271687990424503
9.271687990424503
9.271687990424503
9.271687990424503
9.271687990424503
9.271687990424503
9.271687990424503
9.271687990424503
9.271687990424503
9.271687990424503
9.271687990424503
9.271687990424503
9.271687990424503
9.271687990424503
9.271687990424503
9.271687990424503
9.271687990424503
9.271687990424503
9.271687990424503
9.271687990424503
9.271687990424503
9.271687990424503
9.271687990424503
9.271687990424503
9.271687990424503
9.271687990424503
9.271687990424503
9.271687990424503
9.271687990424503
9.271687990424503
9.271687990424503
9.271687990424503
9.271687990424503
9.271687990424503
9.271687990424503
9.302181339416
9.302181339416
9.302181339416
9.302181339416
9.302181339416
9.302181339416
9.302181339416
9.302181339416
9.302181339416
9.302181339416
9.302181339416
9.302181339416
9.302181339416
9.302181339416
9.302181339416
9.302181339416
9.302181339416
9.302181339416
9.302181339416
9.302181339416
9.302181339416
9.302181339416
9.302181339416
9.302181339416
9.302181339416
9.302181339416
9.302181339416
9.302181339416
9.302181339416
9.302181339416
9.302181339416
9.302181339416
9.302181339416
9.302181339416
9.302181339416
9.302181339416
9.302181339416
9.302181339416
9.302181339416
9.302181339416
9.302181339416
9.302181339416
9.302181339416
9.302181339416
9.302181339416
9.302181339416
9.302181339416
9.302181339416
9.302181339416
9.302181339416
9.302181339416
9.302181339416
9.302181339416
9.302181339416
9.302181339416
9.302181339416
9.302181339416
9.302181339416
9.302181339416
9.302181339416
9.302181339416
9.302181339416
9.302181339416
9.302181339416
9.302181339416
9.302181339416
9.302181339416
9.302181339416
9.302181339416
9.302181339416
9.302181339416
9.302181339416
9.302181339416
9.302181339416
9.302181339416
9.302181339416
9.302181339416
9.302181339416
9.302181339416
9.302181339416
9.302181339416
9.302181339416
9.302181339416
9.302181339416
9.302181339416
9.302181339416
9.302181339416
9.302181339416
9.302181339416
9.302181339416
9.302181339416
9.302181339416
9.302181339416
9.302181339416
9.302181339416
9.302181339416
9.302181339416
9.302181339416
9.302181339416
9.302181339416
9.302181339416
9.302181339416
9.302181339416
9.302181339416
9.302181339416
9.302181339416
9.302181339416
9.302181339416
9.302181339416
9.302181339416
9.302181339416
9.302181339416
9.302181339416
Score: 9.302181339416
Runtime: 686ms
