7.217120811826526E-9
5.926828406594423E-7
5.926828406594423E-7
1.8058839908598635E-6
6.326648101217595E-5
0.0010713047297306745
0.002923864583663923
0.002923864583663923
0.008669528135568365
0.008669528135568365
0.01615985174322224
0.01615985174322224
0.05293241790661951
0.19128772923293474
0.19128772923293474
0.19128772923293474
0.19128772923293474
0.19128772923293474
0.19128772923293474
0.19128772923293474
0.19128772923293474
0.19128772923293474
0.19128772923293474
0.19128772923293474
0.19953927387471992
0.19953927387471992
0.19953927387471992
0.19953927387471992
0.19953927387471992
0.19953927387471992
0.19953927387471992
0.19953927387471992
0.19953927387471992
0.2947397979310049
0.2947397979310049
0.41777207188040294
0.41777207188040294
0.41777207188040294
0.41777207188040294
0.41777207188040294
0.41777207188040294
0.41777207188040294
0.41777207188040294
0.41777207188040294
0.41777207188040294
0.4680879693164705
0.8983583040989027
0.8983583040989027
0.8983583040989027
0.8983583040989027
0.8983583040989027
0.8983583040989027
0.8983583040989027
1.7555996217000556
1.7555996217000556
1.7555996217000556
1.7555996217000556
1.7555996217000556
1.7555996217000556
1.7555996217000556
1.7555996217000556
1.7555996217000556
1.7555996217000556
1.7555996217000556
1.7555996217000556
1.7555996217000556
1.7555996217000556
1.7555996217000556
1.7555996217000556
1.7555996217000556
1.7555996217000556
1.7555996217000556
1.7555996217000556
1.7555996217000556
1.7555996217000556
1.7555996217000556
1.7555996217000556
1.7555996217000556
1.7555996217000556
1.7555996217000556
1.7555996217000556
1.7555996217000556
1.7555996217000556
1.7555996217000556
1.7555996217000556
1.7555996217000556
1.7555996217000556
2.1110402343057117
2.1110402343057117
2.1110402343057117
2.1110402343057117
2.1110402343057117
2.1110402343057117
2.1110402343057117
2.1110402343057117
2.1110402343057117
2.1110402343057117
2.1110402343057117
2.1110402343057117
2.1110402343057117
2.1110402343057117
2.1110402343057117
2.1110402343057117
2.1110402343057117
2.1110402343057117
2.1110402343057117
2.1110402343057117
2.1110402343057117
2.1110402343057117
2.1110402343057117
2.1110402343057117
2.1110402343057117
2.1110402343057117
2.1110402343057117
2.1110402343057117
2.1110402343057117
2.1110402343057117
2.1110402343057117
2.1110402343057117
2.1110402343057117
2.57947947488449
2.57947947488449
2.57947947488449
2.57947947488449
2.57947947488449
2.57947947488449
2.57947947488449
2.57947947488449
2.57947947488449
2.57947947488449
2.57947947488449
2.5968049771738344
2.5968049771738344
2.5968049771738344
2.5968049771738344
2.5968049771738344
2.5968049771738344
2.5968049771738344
2.5968049771738344
2.5968049771738344
2.5968049771738344
2.5968049771738344
2.5968049771738344
2.5968049771738344
2.6585937673483846
2.6585937673483846
2.6585937673483846
2.6585937673483846
2.6585937673483846
2.6585937673483846
2.6585937673483846
2.6585937673483846
2.6585937673483846
2.6585937673483846
2.6585937673483846
2.6585937673483846
2.6585937673483846
2.6585937673483846
2.6585937673483846
2.6585937673483846
2.6585937673483846
2.6585937673483846
2.6585937673483846
2.6585937673483846
3.0994413102906777
3.0994413102906777
3.0994413102906777
3.0994413102906777
3.0994413102906777
3.0994413102906777
3.0994413102906777
3.0994413102906777
3.0994413102906777
3.0994413102906777
3.0994413102906777
3.0994413102906777
3.0994413102906777
3.0994413102906777
3.0994413102906777
3.0994413102906777
3.0994413102906777
3.0994413102906777
3.0994413102906777
3.0994413102906777
3.0994413102906777
3.0994413102906777
3.2098623857610598
3.2098623857610598
3.2098623857610598
3.2098623857610598
3.2098623857610598
4.494527021126849
4.494527021126849
4.494527021126849
4.494527021126849
4.494527021126849
4.494527021126849
5.075226333716771
5.075226333716771
5.075226333716771
5.075226333716771
5.075226333716771
5.075226333716771
5.075226333716771
5.075226333716771
5.075226333716771
5.075226333716771
5.075226333716771
5.075226333716771
5.651604169864379
5.651604169864379
5.651604169864379
5.651604169864379
5.651604169864379
5.651604169864379
5.651604169864379
5.651604169864379
5.651604169864379
5.651604169864379
6.103188535517832
6.103188535517832
6.103188535517832
6.17143333436616
6.17143333436616
6.17143333436616
6.17143333436616
6.17143333436616
6.17143333436616
6.17143333436616
6.17143333436616
6.17143333436616
6.17143333436616
6.17143333436616
6.17143333436616
6.17143333436616
6.17143333436616
6.17143333436616
6.603398705325586
6.603398705325586
6.603398705325586
6.603398705325586
6.603398705325586
6.603398705325586
6.603398705325586
6.603398705325586
6.603398705325586
6.603398705325586
6.603398705325586
6.603398705325586
6.603398705325586
6.603398705325586
6.603398705325586
6.603398705325586
6.603398705325586
6.603398705325586
6.603398705325586
6.603398705325586
6.603398705325586
6.603398705325586
6.690228991005348
6.734965581543319
6.734965581543319
6.734965581543319
7.302641162644289
7.302641162644289
7.302641162644289
7.302641162644289
7.302641162644289
7.302641162644289
7.302641162644289
7.302641162644289
7.302641162644289
7.302641162644289
7.302641162644289
7.302641162644289
7.302641162644289
7.302641162644289
7.302641162644289
7.302641162644289
7.302641162644289
7.302641162644289
7.302641162644289
7.302641162644289
7.302641162644289
7.302641162644289
7.302641162644289
7.302641162644289
7.302641162644289
7.302641162644289
7.302641162644289
7.302641162644289
7.662797873008459
7.662797873008459
7.662797873008459
7.662797873008459
7.662797873008459
7.662797873008459
7.662797873008459
7.662797873008459
7.662797873008459
7.662797873008459
7.662797873008459
7.662797873008459
7.662797873008459
7.662797873008459
7.662797873008459
7.662797873008459
7.662797873008459
7.662797873008459
7.662797873008459
7.662797873008459
7.662797873008459
7.662797873008459
7.662797873008459
7.662797873008459
7.662797873008459
7.662797873008459
7.662797873008459
7.662797873008459
7.662797873008459
7.662797873008459
7.662797873008459
7.662797873008459
7.662797873008459
7.971520000475266
7.971520000475266
7.971520000475266
7.971520000475266
7.971520000475266
7.971520000475266
7.971520000475266
7.971520000475266
7.971520000475266
7.971520000475266
7.971520000475266
7.971520000475266
7.971520000475266
7.971520000475266
7.971520000475266
7.971520000475266
7.971520000475266
7.971520000475266
7.971520000475266
7.971520000475266
7.971520000475266
7.971520000475266
7.971520000475266
7.971520000475266
7.971520000475266
7.971520000475266
7.971520000475266
7.971520000475266
7.971520000475266
7.971520000475266
7.971520000475266
7.971520000475266
7.971520000475266
7.971520000475266
7.971520000475266
7.971520000475266
7.971520000475266
7.971520000475266
7.971520000475266
7.971520000475266
7.971520000475266
7.971520000475266
7.971520000475266
7.971520000475266
7.971520000475266
7.971520000475266
7.971520000475266
7.971520000475266
7.971520000475266
7.971520000475266
7.971520000475266
7.971520000475266
7.971520000475266
7.971520000475266
7.971520000475266
7.971520000475266
7.971520000475266
7.971520000475266
7.971520000475266
7.971520000475266
7.971520000475266
7.971520000475266
7.971520000475266
7.971520000475266
7.971520000475266
7.971520000475266
7.996531302106725
7.996531302106725
7.996531302106725
7.996531302106725
7.996531302106725
7.996531302106725
7.996531302106725
7.996531302106725
7.996531302106725
7.996531302106725
7.996531302106725
7.996531302106725
7.996531302106725
7.996531302106725
7.996531302106725
7.996531302106725
7.996531302106725
7.996531302106725
7.996531302106725
7.996531302106725
7.996531302106725
7.996531302106725
7.996531302106725
7.996531302106725
7.996531302106725
7.996531302106725
7.996531302106725
7.996531302106725
7.996531302106725
7.996531302106725
7.996531302106725
7.996531302106725
7.996531302106725
7.996531302106725
7.996531302106725
7.996531302106725
7.996531302106725
7.996531302106725
7.996531302106725
7.996531302106725
7.996531302106725
7.996531302106725
7.996531302106725
7.996531302106725
7.996531302106725
7.996531302106725
7.996531302106725
7.996531302106725
7.996531302106725
8.133652521457849
8.133652521457849
8.133652521457849
8.133652521457849
8.133652521457849
8.133652521457849
8.133652521457849
8.133652521457849
8.133652521457849
8.133652521457849
8.133652521457849
8.133652521457849
8.133652521457849
8.133652521457849
8.133652521457849
8.133652521457849
8.133652521457849
8.133652521457849
8.133652521457849
8.133652521457849
8.133652521457849
8.133652521457849
8.133652521457849
8.133652521457849
8.133652521457849
8.133652521457849
8.133652521457849
8.133652521457849
8.133652521457849
8.133652521457849
8.133652521457849
8.133652521457849
8.133652521457849
8.133652521457849
8.133652521457849
8.133652521457849
8.133652521457849
8.133652521457849
8.133652521457849
8.133652521457849
8.133652521457849
8.133652521457849
8.133652521457849
8.133652521457849
8.410630734814731
8.410630734814731
8.410630734814731
8.410630734814731
8.410630734814731
8.410630734814731
8.410630734814731
8.410630734814731
8.410630734814731
8.410630734814731
8.410630734814731
8.410630734814731
8.410630734814731
8.410630734814731
8.410630734814731
8.410630734814731
8.410630734814731
8.410630734814731
8.410630734814731
8.410630734814731
8.410630734814731
8.410630734814731
8.410630734814731
8.410630734814731
8.410630734814731
8.410630734814731
8.410630734814731
8.410630734814731
8.410630734814731
8.410630734814731
8.410630734814731
8.410630734814731
8.410630734814731
8.410630734814731
8.410630734814731
8.410630734814731
8.410630734814731
8.410630734814731
8.410630734814731
8.410630734814731
8.410630734814731
8.410630734814731
8.410630734814731
8.410630734814731
8.410630734814731
8.410630734814731
8.410630734814731
8.410630734814731
8.410630734814731
8.410630734814731
8.410630734814731
8.410630734814731
8.410630734814731
8.410630734814731
8.410630734814731
8.410630734814731
8.410630734814731
8.410630734814731
8.410630734814731
8.410630734814731
8.410630734814731
8.410630734814731
8.410630734814731
8.410630734814731
8.410630734814731
8.410630734814731
8.410630734814731
8.410630734814731
8.410630734814731
8.410630734814731
8.410630734814731
8.410630734814731
8.410630734814731
8.410630734814731
8.410630734814731
8.410630734814731
8.410630734814731
8.410630734814731
8.410630734814731
8.410630734814731
8.410630734814731
8.410630734814731
8.410630734814731
8.410630734814731
8.410630734814731
8.410630734814731
8.410630734814731
8.410630734814731
8.410630734814731
8.410630734814731
8.410630734814731
8.410630734814731
8.410630734814731
8.410630734814731
8.410630734814731
8.410630734814731
8.410630734814731
8.410630734814731
8.410630734814731
8.410630734814731
8.410630734814731
8.410630734814731
8.410630734814731
8.410630734814731
8.410630734814731
8.410630734814731
8.410630734814731
8.410630734814731
8.410630734814731
8.410630734814731
8.410630734814731
8.410630734814731
8.410630734814731
8.410630734814731
8.410630734814731
8.410630734814731
8.410630734814731
8.410630734814731
8.410630734814731
8.410630734814731
8.410630734814731
8.410630734814731
8.410630734814731
8.410630734814731
8.410630734814731
8.410630734814731
8.410630734814731
8.410630734814731
8.410630734814731
8.410630734814731
8.410630734814731
8.410630734814731
8.410630734814731
8.410630734814731
8.410630734814731
8.410630734814731
8.410630734814731
8.410630734814731
8.410630734814731
8.410630734814731
8.410630734814731
8.410630734814731
8.410630734814731
8.410630734814731
8.410630734814731
8.410630734814731
8.410630734814731
8.410630734814731
8.410630734814731
8.410630734814731
8.410630734814731
8.410630734814731
8.410630734814731
8.410630734814731
8.410630734814731
8.410630734814731
8.410630734814731
8.410630734814731
8.410630734814731
8.410630734814731
8.410630734814731
8.410630734814731
8.410630734814731
8.410630734814731
8.410630734814731
8.410630734814731
8.410630734814731
8.410630734814731
8.410630734814731
8.410630734814731
8.410630734814731
8.410630734814731
8.410630734814731
8.410630734814731
8.410630734814731
8.410630734814731
8.410630734814731
8.410630734814731
8.410630734814731
8.410630734814731
8.410630734814731
8.410630734814731
8.410630734814731
8.410630734814731
8.410630734814731
8.410630734814731
8.410630734814731
8.410630734814731
8.410630734814731
8.410630734814731
8.410630734814731
8.410630734814731
8.410630734814731
8.410630734814731
8.410630734814731
8.410630734814731
8.410630734814731
8.410630734814731
8.410630734814731
8.410630734814731
8.410630734814731
8.410630734814731
8.410630734814731
8.410630734814731
8.410630734814731
8.410630734814731
8.410630734814731
8.410630734814731
8.410630734814731
8.410630734814731
8.410630734814731
8.410630734814731
8.410630734814731
8.410630734814731
8.410630734814731
8.410630734814731
8.410630734814731
8.410630734814731
8.410630734814731
8.410630734814731
8.410630734814731
8.410630734814731
8.410630734814731
8.410630734814731
8.410630734814731
8.410630734814731
8.410630734814731
8.410630734814731
8.410630734814731
8.410630734814731
8.410630734814731
8.410630734814731
8.410630734814731
8.410630734814731
8.410630734814731
8.410630734814731
8.410630734814731
8.410630734814731
8.410630734814731
8.410630734814731
8.410630734814731
8.410630734814731
8.410630734814731
8.410630734814731
8.410630734814731
8.410630734814731
8.410630734814731
8.410630734814731
8.410630734814731
8.410630734814731
8.410630734814731
8.410630734814731
8.410630734814731
8.410630734814731
8.410630734814731
8.410630734814731
8.410630734814731
8.410630734814731
8.410630734814731
8.410630734814731
8.410630734814731
8.410630734814731
8.410630734814731
8.410630734814731
8.410630734814731
8.410630734814731
8.410630734814731
8.410630734814731
8.410630734814731
8.410630734814731
8.410630734814731
8.410630734814731
8.410630734814731
8.410630734814731
8.410630734814731
8.410630734814731
8.410630734814731
8.410630734814731
8.410630734814731
8.410630734814731
8.410630734814731
8.410630734814731
8.410630734814731
8.410630734814731
8.410630734814731
8.410630734814731
8.410630734814731
8.410630734814731
8.410630734814731
8.410630734814731
8.410630734814731
8.410630734814731
8.410630734814731
8.410630734814731
8.410630734814731
8.410630734814731
8.410630734814731
8.410630734814731
8.410630734814731
8.410630734814731
8.410630734814731
8.410630734814731
8.410630734814731
8.410630734814731
8.410630734814731
8.410630734814731
8.410630734814731
8.410630734814731
8.410630734814731
8.410630734814731
8.410630734814731
8.410630734814731
8.410630734814731
8.410630734814731
8.410630734814731
8.410630734814731
8.410630734814731
8.410630734814731
8.410630734814731
8.410630734814731
8.410630734814731
8.410630734814731
8.410630734814731
8.410630734814731
8.410630734814731
8.410630734814731
8.410630734814731
8.410630734814731
8.410630734814731
8.410630734814731
8.410630734814731
8.410630734814731
8.410630734814731
8.410630734814731
8.410630734814731
8.410630734814731
8.410630734814731
8.410630734814731
8.410630734814731
8.410630734814731
8.410630734814731
8.410630734814731
8.410630734814731
8.410630734814731
8.410630734814731
8.410630734814731
8.410630734814731
8.410630734814731
8.410630734814731
8.410630734814731
8.410630734814731
8.410630734814731
8.410630734814731
8.410630734814731
8.410630734814731
8.410630734814731
8.410630734814731
8.410630734814731
8.410630734814731
8.410630734814731
8.410630734814731
8.410630734814731
8.410630734814731
8.410630734814731
8.410630734814731
8.410630734814731
8.410630734814731
8.410630734814731
8.410630734814731
8.410630734814731
8.410630734814731
8.410630734814731
8.410630734814731
8.410630734814731
8.410630734814731
8.410630734814731
8.410630734814731
8.410630734814731
8.410630734814731
8.410630734814731
8.410630734814731
8.410630734814731
8.410630734814731
8.410630734814731
8.410630734814731
8.410630734814731
8.410630734814731
8.410630734814731
8.410630734814731
8.410630734814731
8.410630734814731
8.410630734814731
8.410630734814731
8.410630734814731
8.410630734814731
8.410630734814731
8.410630734814731
8.410630734814731
8.410630734814731
8.410630734814731
8.410630734814731
8.410630734814731
8.410630734814731
8.410630734814731
8.410630734814731
8.410630734814731
8.410630734814731
8.410630734814731
8.410630734814731
8.410630734814731
8.410630734814731
8.410630734814731
8.410630734814731
8.410630734814731
8.410630734814731
8.410630734814731
8.410630734814731
8.410630734814731
8.410630734814731
8.410630734814731
8.410630734814731
8.410630734814731
8.410630734814731
8.410630734814731
8.410630734814731
8.410630734814731
8.410630734814731
8.410630734814731
8.410630734814731
8.410630734814731
8.410630734814731
8.410630734814731
8.410630734814731
8.410630734814731
8.410630734814731
8.410630734814731
8.410630734814731
8.410630734814731
8.410630734814731
8.410630734814731
8.410630734814731
8.410630734814731
8.410630734814731
8.410630734814731
8.410630734814731
8.410630734814731
8.410630734814731
8.410630734814731
8.495974973052276
8.495974973052276
8.495974973052276
8.495974973052276
8.495974973052276
8.495974973052276
8.495974973052276
8.495974973052276
8.495974973052276
8.495974973052276
8.495974973052276
8.495974973052276
8.495974973052276
8.495974973052276
8.495974973052276
8.495974973052276
8.495974973052276
8.495974973052276
8.495974973052276
8.495974973052276
8.495974973052276
8.495974973052276
8.495974973052276
8.495974973052276
8.495974973052276
8.495974973052276
8.495974973052276
8.495974973052276
8.495974973052276
8.495974973052276
8.495974973052276
8.495974973052276
8.495974973052276
8.495974973052276
8.495974973052276
8.495974973052276
8.495974973052276
8.495974973052276
8.495974973052276
8.495974973052276
8.495974973052276
8.495974973052276
8.495974973052276
8.495974973052276
8.495974973052276
8.495974973052276
8.495974973052276
8.495974973052276
8.495974973052276
8.495974973052276
8.495974973052276
8.495974973052276
8.495974973052276
8.495974973052276
8.495974973052276
8.495974973052276
8.495974973052276
8.495974973052276
8.495974973052276
8.495974973052276
8.495974973052276
8.495974973052276
8.495974973052276
8.495974973052276
8.495974973052276
8.495974973052276
8.495974973052276
8.495974973052276
8.495974973052276
8.495974973052276
8.495974973052276
8.495974973052276
8.495974973052276
8.495974973052276
8.495974973052276
8.495974973052276
8.495974973052276
8.495974973052276
8.495974973052276
8.495974973052276
8.495974973052276
8.495974973052276
8.495974973052276
8.495974973052276
8.495974973052276
8.495974973052276
8.495974973052276
8.495974973052276
8.495974973052276
8.495974973052276
8.495974973052276
8.495974973052276
8.495974973052276
8.495974973052276
8.495974973052276
8.495974973052276
8.495974973052276
8.495974973052276
8.495974973052276
8.495974973052276
8.495974973052276
8.495974973052276
8.495974973052276
8.495974973052276
8.495974973052276
8.495974973052276
8.495974973052276
8.495974973052276
8.495974973052276
8.495974973052276
8.495974973052276
8.495974973052276
8.495974973052276
8.495974973052276
8.495974973052276
8.495974973052276
8.495974973052276
8.495974973052276
8.495974973052276
8.495974973052276
8.495974973052276
8.495974973052276
8.495974973052276
8.495974973052276
8.495974973052276
8.495974973052276
8.495974973052276
8.495974973052276
8.495974973052276
8.495974973052276
8.495974973052276
8.495974973052276
8.495974973052276
8.495974973052276
8.495974973052276
8.495974973052276
8.495974973052276
8.495974973052276
8.495974973052276
8.495974973052276
8.495974973052276
8.495974973052276
8.495974973052276
8.495974973052276
8.495974973052276
8.495974973052276
8.495974973052276
8.495974973052276
8.495974973052276
8.495974973052276
8.495974973052276
8.495974973052276
8.495974973052276
8.495974973052276
8.495974973052276
8.495974973052276
8.495974973052276
8.495974973052276
8.495974973052276
8.495974973052276
8.495974973052276
8.495974973052276
8.495974973052276
8.495974973052276
8.495974973052276
8.495974973052276
8.495974973052276
8.495974973052276
8.495974973052276
8.495974973052276
8.495974973052276
8.495974973052276
8.495974973052276
8.495974973052276
8.495974973052276
8.495974973052276
8.495974973052276
8.495974973052276
8.495974973052276
8.495974973052276
8.495974973052276
8.495974973052276
8.495974973052276
8.495974973052276
8.495974973052276
8.495974973052276
8.495974973052276
8.495974973052276
8.495974973052276
8.495974973052276
8.495974973052276
8.495974973052276
8.495974973052276
8.495974973052276
8.495974973052276
8.495974973052276
8.495974973052276
8.495974973052276
8.495974973052276
8.495974973052276
8.495974973052276
8.495974973052276
8.495974973052276
8.495974973052276
8.495974973052276
8.495974973052276
8.495974973052276
8.495974973052276
8.495974973052276
8.495974973052276
8.495974973052276
8.495974973052276
8.495974973052276
8.495974973052276
8.495974973052276
8.495974973052276
8.495974973052276
8.495974973052276
8.495974973052276
8.495974973052276
8.495974973052276
8.495974973052276
8.495974973052276
8.495974973052276
8.495974973052276
8.495974973052276
8.495974973052276
8.495974973052276
8.495974973052276
8.495974973052276
8.495974973052276
8.495974973052276
8.495974973052276
8.495974973052276
8.495974973052276
8.495974973052276
8.495974973052276
8.495974973052276
8.495974973052276
8.495974973052276
8.495974973052276
8.495974973052276
8.495974973052276
8.495974973052276
8.495974973052276
8.495974973052276
8.495974973052276
8.495974973052276
8.495974973052276
8.495974973052276
8.495974973052276
8.495974973052276
8.495974973052276
8.495974973052276
8.495974973052276
8.495974973052276
8.495974973052276
8.495974973052276
8.495974973052276
8.495974973052276
8.495974973052276
8.495974973052276
8.495974973052276
8.495974973052276
8.495974973052276
8.495974973052276
8.495974973052276
8.495974973052276
8.495974973052276
8.495974973052276
8.495974973052276
8.495974973052276
8.495974973052276
8.495974973052276
8.495974973052276
8.495974973052276
8.495974973052276
8.495974973052276
8.495974973052276
8.495974973052276
8.495974973052276
8.495974973052276
8.495974973052276
8.495974973052276
8.495974973052276
8.495974973052276
8.495974973052276
8.495974973052276
8.495974973052276
8.495974973052276
8.495974973052276
8.495974973052276
8.495974973052276
8.495974973052276
8.495974973052276
8.495974973052276
8.495974973052276
8.495974973052276
8.495974973052276
8.495974973052276
8.495974973052276
8.495974973052276
8.495974973052276
8.495974973052276
8.495974973052276
8.495974973052276
8.495974973052276
8.495974973052276
8.495974973052276
8.495974973052276
8.495974973052276
8.495974973052276
8.495974973052276
8.495974973052276
8.495974973052276
8.495974973052276
8.495974973052276
8.495974973052276
8.495974973052276
8.495974973052276
8.495974973052276
8.495974973052276
8.495974973052276
8.495974973052276
8.495974973052276
8.495974973052276
8.495974973052276
8.495974973052276
8.495974973052276
8.495974973052276
8.495974973052276
8.495974973052276
8.495974973052276
8.495974973052276
8.495974973052276
8.495974973052276
8.495974973052276
8.495974973052276
8.495974973052276
8.495974973052276
8.495974973052276
8.495974973052276
8.495974973052276
8.495974973052276
8.495974973052276
8.495974973052276
8.495974973052276
8.495974973052276
8.495974973052276
8.495974973052276
8.495974973052276
8.495974973052276
8.495974973052276
8.495974973052276
8.495974973052276
8.495974973052276
8.495974973052276
8.495974973052276
8.495974973052276
8.495974973052276
8.495974973052276
8.495974973052276
8.495974973052276
8.495974973052276
8.495974973052276
8.495974973052276
8.495974973052276
8.495974973052276
8.495974973052276
8.495974973052276
8.495974973052276
8.495974973052276
8.495974973052276
8.495974973052276
8.495974973052276
8.495974973052276
8.495974973052276
8.495974973052276
8.495974973052276
8.495974973052276
8.495974973052276
8.495974973052276
8.495974973052276
8.495974973052276
8.495974973052276
8.495974973052276
8.495974973052276
8.495974973052276
8.495974973052276
8.495974973052276
8.495974973052276
8.495974973052276
8.495974973052276
8.495974973052276
8.495974973052276
8.495974973052276
8.495974973052276
8.495974973052276
8.495974973052276
8.495974973052276
8.87648542907723
8.87648542907723
8.87648542907723
8.87648542907723
8.87648542907723
8.87648542907723
8.87648542907723
8.87648542907723
8.87648542907723
8.87648542907723
8.87648542907723
8.87648542907723
8.87648542907723
8.87648542907723
8.87648542907723
8.87648542907723
8.87648542907723
8.87648542907723
8.87648542907723
8.87648542907723
8.87648542907723
8.87648542907723
8.87648542907723
8.87648542907723
8.87648542907723
8.87648542907723
8.87648542907723
8.87648542907723
8.87648542907723
8.87648542907723
8.87648542907723
8.87648542907723
8.87648542907723
8.87648542907723
8.87648542907723
8.87648542907723
8.87648542907723
8.87648542907723
8.87648542907723
8.87648542907723
8.87648542907723
8.87648542907723
8.87648542907723
8.87648542907723
8.87648542907723
8.87648542907723
8.87648542907723
8.87648542907723
8.87648542907723
8.87648542907723
8.87648542907723
8.87648542907723
8.87648542907723
8.87648542907723
8.87648542907723
8.87648542907723
8.87648542907723
8.87648542907723
8.87648542907723
8.87648542907723
8.87648542907723
8.87648542907723
8.87648542907723
8.87648542907723
8.87648542907723
8.87648542907723
8.87648542907723
8.87648542907723
8.87648542907723
8.87648542907723
8.87648542907723
8.87648542907723
8.87648542907723
8.87648542907723
8.87648542907723
8.87648542907723
8.87648542907723
8.87648542907723
8.87648542907723
8.87648542907723
8.87648542907723
8.87648542907723
8.87648542907723
8.87648542907723
8.87648542907723
8.87648542907723
8.87648542907723
8.87648542907723
8.87648542907723
8.87648542907723
8.87648542907723
8.87648542907723
8.87648542907723
8.87648542907723
8.87648542907723
8.87648542907723
8.87648542907723
8.87648542907723
8.87648542907723
8.87648542907723
8.87648542907723
8.87648542907723
8.87648542907723
8.87648542907723
8.87648542907723
8.87648542907723
8.87648542907723
8.87648542907723
8.87648542907723
8.87648542907723
8.87648542907723
8.87648542907723
8.87648542907723
8.87648542907723
8.87648542907723
8.87648542907723
8.87648542907723
8.87648542907723
8.87648542907723
8.87648542907723
8.87648542907723
8.87648542907723
8.87648542907723
8.87648542907723
8.87648542907723
8.87648542907723
8.87648542907723
8.87648542907723
8.87648542907723
8.87648542907723
8.87648542907723
8.87648542907723
8.87648542907723
8.87648542907723
8.87648542907723
8.87648542907723
8.87648542907723
8.87648542907723
8.87648542907723
8.87648542907723
8.87648542907723
8.87648542907723
8.87648542907723
8.87648542907723
8.87648542907723
8.87648542907723
8.87648542907723
8.87648542907723
8.87648542907723
8.87648542907723
8.87648542907723
8.87648542907723
8.87648542907723
8.87648542907723
8.87648542907723
8.87648542907723
8.87648542907723
8.87648542907723
8.87648542907723
8.87648542907723
8.87648542907723
8.87648542907723
8.87648542907723
8.87648542907723
8.87648542907723
8.87648542907723
8.87648542907723
8.87648542907723
8.87648542907723
8.87648542907723
8.87648542907723
8.87648542907723
8.87648542907723
8.87648542907723
8.87648542907723
8.87648542907723
8.87648542907723
8.87648542907723
8.87648542907723
8.87648542907723
8.87648542907723
8.87648542907723
8.87648542907723
8.87648542907723
8.87648542907723
8.87648542907723
8.87648542907723
8.87648542907723
8.87648542907723
8.87648542907723
8.87648542907723
8.87648542907723
8.87648542907723
8.87648542907723
8.87648542907723
8.87648542907723
8.87648542907723
8.87648542907723
8.87648542907723
8.87648542907723
8.87648542907723
8.87648542907723
8.87648542907723
8.87648542907723
8.87648542907723
8.87648542907723
8.87648542907723
8.87648542907723
8.87648542907723
8.87648542907723
8.87648542907723
8.87648542907723
8.87648542907723
8.87648542907723
8.87648542907723
8.87648542907723
8.87648542907723
8.87648542907723
8.87648542907723
8.87648542907723
8.87648542907723
8.87648542907723
8.87648542907723
8.87648542907723
8.87648542907723
8.87648542907723
8.87648542907723
8.87648542907723
8.87648542907723
8.87648542907723
8.87648542907723
8.87648542907723
8.87648542907723
8.87648542907723
8.87648542907723
8.87648542907723
8.87648542907723
8.87648542907723
8.87648542907723
8.87648542907723
8.87648542907723
8.87648542907723
8.87648542907723
8.87648542907723
8.87648542907723
8.87648542907723
8.87648542907723
8.87648542907723
8.87648542907723
8.87648542907723
8.87648542907723
8.87648542907723
8.87648542907723
8.87648542907723
8.87648542907723
8.87648542907723
8.87648542907723
8.87648542907723
8.87648542907723
8.87648542907723
8.87648542907723
8.87648542907723
8.87648542907723
8.87648542907723
8.87648542907723
8.87648542907723
8.87648542907723
8.87648542907723
8.87648542907723
8.87648542907723
8.87648542907723
8.87648542907723
8.87648542907723
8.87648542907723
8.87648542907723
8.87648542907723
8.87648542907723
8.87648542907723
8.87648542907723
8.87648542907723
8.87648542907723
8.87648542907723
8.87648542907723
8.87648542907723
8.87648542907723
8.87648542907723
8.87648542907723
8.87648542907723
8.87648542907723
8.87648542907723
8.87648542907723
8.87648542907723
8.87648542907723
8.87648542907723
8.87648542907723
8.87648542907723
8.87648542907723
8.87648542907723
8.87648542907723
8.87648542907723
8.87648542907723
8.87648542907723
8.87648542907723
8.87648542907723
8.87648542907723
8.87648542907723
8.87648542907723
8.87648542907723
8.87648542907723
8.87648542907723
8.87648542907723
8.87648542907723
8.87648542907723
8.87648542907723
8.87648542907723
8.87648542907723
8.87648542907723
8.87648542907723
8.87648542907723
8.87648542907723
8.87648542907723
8.87648542907723
8.87648542907723
8.87648542907723
8.87648542907723
8.87648542907723
8.87648542907723
8.87648542907723
8.87648542907723
8.87648542907723
8.87648542907723
8.87648542907723
8.87648542907723
8.87648542907723
8.87648542907723
8.87648542907723
8.87648542907723
8.87648542907723
8.87648542907723
8.87648542907723
8.87648542907723
8.87648542907723
8.87648542907723
8.87648542907723
8.87648542907723
8.87648542907723
8.87648542907723
8.87648542907723
8.87648542907723
8.87648542907723
8.87648542907723
8.87648542907723
8.87648542907723
8.87648542907723
8.87648542907723
8.87648542907723
8.87648542907723
8.87648542907723
8.87648542907723
8.87648542907723
8.87648542907723
8.87648542907723
8.87648542907723
8.87648542907723
8.87648542907723
8.87648542907723
8.87648542907723
8.87648542907723
8.87648542907723
8.87648542907723
8.87648542907723
8.87648542907723
8.87648542907723
8.87648542907723
8.87648542907723
8.87648542907723
8.87648542907723
8.87648542907723
8.87648542907723
8.87648542907723
8.87648542907723
8.87648542907723
8.87648542907723
8.87648542907723
8.87648542907723
8.87648542907723
8.87648542907723
8.87648542907723
8.87648542907723
8.87648542907723
8.87648542907723
8.87648542907723
8.87648542907723
8.87648542907723
8.87648542907723
8.87648542907723
8.87648542907723
8.87648542907723
8.87648542907723
8.87648542907723
8.87648542907723
8.87648542907723
8.87648542907723
8.87648542907723
8.87648542907723
8.87648542907723
8.87648542907723
8.87648542907723
8.87648542907723
8.87648542907723
8.87648542907723
8.87648542907723
8.87648542907723
8.87648542907723
8.87648542907723
8.87648542907723
8.87648542907723
8.87648542907723
8.87648542907723
8.87648542907723
8.87648542907723
8.87648542907723
8.87648542907723
8.87648542907723
8.87648542907723
8.87648542907723
8.87648542907723
8.87648542907723
8.87648542907723
8.87648542907723
8.87648542907723
8.87648542907723
8.87648542907723
8.87648542907723
8.87648542907723
8.87648542907723
8.87648542907723
8.87648542907723
8.87648542907723
8.87648542907723
8.87648542907723
8.87648542907723
8.87648542907723
8.87648542907723
8.87648542907723
8.87648542907723
8.87648542907723
8.87648542907723
8.87648542907723
8.87648542907723
8.87648542907723
8.87648542907723
8.87648542907723
8.87648542907723
8.87648542907723
8.87648542907723
8.87648542907723
8.87648542907723
8.87648542907723
8.87648542907723
8.87648542907723
8.87648542907723
8.87648542907723
8.87648542907723
8.87648542907723
8.87648542907723
8.87648542907723
8.87648542907723
8.87648542907723
8.87648542907723
8.87648542907723
8.87648542907723
8.87648542907723
8.87648542907723
8.87648542907723
8.87648542907723
8.87648542907723
8.87648542907723
8.87648542907723
8.87648542907723
8.87648542907723
8.87648542907723
8.87648542907723
8.87648542907723
8.87648542907723
8.87648542907723
8.87648542907723
8.87648542907723
8.87648542907723
8.87648542907723
8.87648542907723
8.87648542907723
8.87648542907723
8.87648542907723
8.87648542907723
8.87648542907723
8.87648542907723
8.87648542907723
8.87648542907723
8.87648542907723
8.87648542907723
8.87648542907723
8.87648542907723
8.87648542907723
8.87648542907723
8.87648542907723
8.87648542907723
8.87648542907723
8.87648542907723
8.87648542907723
8.87648542907723
8.87648542907723
8.87648542907723
8.87648542907723
8.87648542907723
8.87648542907723
8.87648542907723
8.87648542907723
8.87648542907723
8.87648542907723
8.87648542907723
8.87648542907723
8.87648542907723
8.87648542907723
8.87648542907723
8.87648542907723
8.87648542907723
8.87648542907723
8.87648542907723
8.87648542907723
8.87648542907723
8.87648542907723
8.87648542907723
8.87648542907723
8.87648542907723
8.87648542907723
8.87648542907723
8.87648542907723
8.87648542907723
8.87648542907723
8.87648542907723
8.87648542907723
8.87648542907723
8.87648542907723
8.87648542907723
8.87648542907723
8.87648542907723
8.87648542907723
8.87648542907723
8.87648542907723
8.87648542907723
8.87648542907723
8.87648542907723
8.87648542907723
8.87648542907723
8.87648542907723
8.87648542907723
8.87648542907723
8.87648542907723
8.87648542907723
8.87648542907723
8.87648542907723
8.87648542907723
8.87648542907723
8.87648542907723
8.87648542907723
8.87648542907723
8.87648542907723
8.87648542907723
8.87648542907723
8.87648542907723
8.87648542907723
8.87648542907723
8.87648542907723
8.87648542907723
8.87648542907723
8.87648542907723
8.87648542907723
8.87648542907723
8.87648542907723
8.87648542907723
8.87648542907723
8.87648542907723
8.87648542907723
8.87648542907723
8.87648542907723
8.87648542907723
8.87648542907723
8.87648542907723
8.87648542907723
8.87648542907723
8.87648542907723
8.87648542907723
8.87648542907723
8.87648542907723
8.87648542907723
8.87648542907723
8.87648542907723
8.87648542907723
8.87648542907723
8.87648542907723
8.87648542907723
8.87648542907723
8.87648542907723
8.87648542907723
8.87648542907723
8.87648542907723
8.87648542907723
8.87648542907723
8.87648542907723
8.87648542907723
8.87648542907723
8.87648542907723
8.87648542907723
8.87648542907723
8.87648542907723
8.87648542907723
8.87648542907723
8.87648542907723
8.87648542907723
8.87648542907723
8.87648542907723
8.87648542907723
8.87648542907723
8.87648542907723
8.87648542907723
8.87648542907723
8.87648542907723
8.87648542907723
8.87648542907723
8.87648542907723
8.87648542907723
8.87648542907723
8.87648542907723
8.87648542907723
8.87648542907723
8.87648542907723
8.87648542907723
8.87648542907723
8.87648542907723
8.87648542907723
8.87648542907723
8.87648542907723
8.87648542907723
8.87648542907723
8.87648542907723
8.87648542907723
8.87648542907723
8.87648542907723
8.87648542907723
8.87648542907723
8.87648542907723
8.87648542907723
8.87648542907723
8.87648542907723
8.87648542907723
8.87648542907723
8.87648542907723
8.87648542907723
8.87648542907723
8.87648542907723
8.87648542907723
8.87648542907723
8.87648542907723
8.87648542907723
8.87648542907723
8.87648542907723
Score: 8.87648542907723
Runtime: 655ms
