1.8346822445688823E-7
1.8346822445688823E-7
5.394261535397175E-6
3.914300758959984E-4
3.914300758959984E-4
3.914300758959984E-4
3.914300758959984E-4
3.914300758959984E-4
0.0016022542681062369
0.0016022542681062369
0.0016022542681062369
0.001849015713006585
0.001849015713006585
0.001849015713006585
0.0037135986570056866
0.11954576025353535
0.11954576025353535
0.11954576025353535
0.11954576025353535
0.37122795051003876
0.37122795051003876
0.37122795051003876
0.37122795051003876
0.37122795051003876
0.37122795051003876
0.37122795051003876
0.47495215836340987
0.47495215836340987
0.47495215836340987
1.6801814440738003
1.6801814440738003
1.6801814440738003
1.6801814440738003
1.6801814440738003
1.6801814440738003
1.6801814440738003
1.6801814440738003
1.6801814440738003
1.6801814440738003
1.6801814440738003
1.6801814440738003
1.6801814440738003
1.6801814440738003
1.6801814440738003
1.6801814440738003
1.6801814440738003
1.6801814440738003
1.6801814440738003
1.6801814440738003
1.6801814440738003
1.6801814440738003
1.7419092173038309
1.7419092173038309
1.7419092173038309
1.7419092173038309
1.7419092173038309
1.7419092173038309
1.7419092173038309
1.7419092173038309
1.7419092173038309
1.7419092173038309
1.8725001337388774
1.8725001337388774
1.8725001337388774
2.0265744930771086
2.0265744930771086
2.0265744930771086
2.0265744930771086
2.0265744930771086
2.0265744930771086
2.0265744930771086
2.0265744930771086
2.0265744930771086
2.4563665543570226
2.4563665543570226
3.2101232562386
3.2101232562386
3.2101232562386
3.4944348684867386
3.4944348684867386
3.4944348684867386
3.4944348684867386
3.707690968524906
3.707690968524906
3.782886830399652
3.924149187164696
3.924149187164696
3.924149187164696
3.960623797367777
3.960623797367777
3.960623797367777
4.713922906295437
4.713922906295437
4.713922906295437
4.713922906295437
4.713922906295437
5.2718491819666955
5.2718491819666955
5.2718491819666955
5.2718491819666955
5.2718491819666955
5.2718491819666955
5.2718491819666955
5.2718491819666955
6.24514074402501
6.24514074402501
6.24514074402501
6.24514074402501
6.24514074402501
6.24514074402501
6.24514074402501
6.24514074402501
6.24514074402501
6.24514074402501
6.24514074402501
6.24514074402501
6.24514074402501
6.24514074402501
6.24514074402501
6.743814686486661
6.743814686486661
6.743814686486661
6.743814686486661
6.743814686486661
6.743814686486661
6.743814686486661
6.743814686486661
6.743814686486661
6.743814686486661
6.743814686486661
6.743814686486661
6.743814686486661
6.743814686486661
6.743814686486661
6.743814686486661
6.765258740026923
6.765258740026923
6.765258740026923
7.193348467281916
7.193348467281916
7.193348467281916
7.193348467281916
7.193348467281916
7.193348467281916
7.533861088591294
7.533861088591294
7.533861088591294
7.533861088591294
7.533861088591294
7.533861088591294
7.533861088591294
7.533861088591294
7.533861088591294
7.533861088591294
7.533861088591294
7.533861088591294
7.533861088591294
7.533861088591294
7.533861088591294
7.533861088591294
7.533861088591294
7.533861088591294
7.533861088591294
7.533861088591294
7.533861088591294
7.533861088591294
7.718424761543977
7.718424761543977
7.718424761543977
7.718424761543977
7.718424761543977
7.718424761543977
7.718424761543977
7.718424761543977
7.718424761543977
7.718424761543977
7.718424761543977
7.718424761543977
7.718424761543977
7.718424761543977
7.718424761543977
7.718424761543977
7.718424761543977
7.718424761543977
7.718424761543977
7.718424761543977
7.718424761543977
7.718424761543977
7.718424761543977
7.718424761543977
7.718424761543977
7.718424761543977
7.718424761543977
7.718424761543977
7.718424761543977
7.718424761543977
7.718424761543977
7.718424761543977
7.718424761543977
7.718424761543977
7.718424761543977
7.718424761543977
7.718424761543977
7.718424761543977
7.718424761543977
7.718424761543977
7.718424761543977
7.718424761543977
7.718424761543977
7.718424761543977
7.718424761543977
7.718424761543977
7.718424761543977
7.718424761543977
7.718424761543977
7.718424761543977
7.718424761543977
7.718424761543977
7.718424761543977
7.718424761543977
7.718424761543977
7.718424761543977
7.718424761543977
7.718424761543977
7.718424761543977
7.718424761543977
7.718424761543977
7.718424761543977
7.718424761543977
7.718424761543977
7.718424761543977
7.718424761543977
7.718424761543977
7.718424761543977
7.718424761543977
7.718424761543977
7.718424761543977
7.718424761543977
7.718424761543977
7.718424761543977
7.718424761543977
7.718424761543977
7.718424761543977
7.718424761543977
7.718424761543977
7.718424761543977
7.718424761543977
7.718424761543977
7.718424761543977
7.718424761543977
7.718424761543977
7.718424761543977
7.718424761543977
7.718424761543977
7.718424761543977
7.718424761543977
7.718424761543977
7.718424761543977
7.718424761543977
7.718424761543977
7.718424761543977
7.718424761543977
7.718424761543977
7.718424761543977
7.718424761543977
7.718424761543977
7.718424761543977
7.718424761543977
7.718424761543977
7.718424761543977
7.718424761543977
7.718424761543977
7.718424761543977
7.718424761543977
7.718424761543977
7.718424761543977
7.933538149056822
7.933538149056822
7.933538149056822
7.933538149056822
7.933538149056822
7.933538149056822
7.933538149056822
7.933538149056822
7.933538149056822
7.933538149056822
7.933538149056822
7.933538149056822
7.933538149056822
7.933538149056822
7.933538149056822
7.933538149056822
7.933538149056822
7.933538149056822
7.933538149056822
7.933538149056822
7.933538149056822
7.933538149056822
7.933538149056822
7.933538149056822
7.933538149056822
7.933538149056822
7.933538149056822
7.933538149056822
7.933538149056822
7.933538149056822
7.933538149056822
7.933538149056822
7.933538149056822
7.933538149056822
7.933538149056822
7.933538149056822
7.933538149056822
7.933538149056822
7.933538149056822
7.933538149056822
7.933538149056822
7.933538149056822
7.933538149056822
7.933538149056822
7.933538149056822
7.933538149056822
7.933538149056822
7.933538149056822
7.933538149056822
7.933538149056822
7.933538149056822
7.933538149056822
7.933538149056822
7.933538149056822
7.933538149056822
7.933538149056822
7.933538149056822
7.933538149056822
7.933538149056822
7.933538149056822
7.933538149056822
7.933538149056822
7.933538149056822
7.933538149056822
7.933538149056822
7.933538149056822
7.933538149056822
7.933538149056822
7.933538149056822
8.060268218763104
8.060268218763104
8.060268218763104
8.060268218763104
8.060268218763104
8.060268218763104
8.060268218763104
8.060268218763104
8.060268218763104
8.060268218763104
8.060268218763104
8.060268218763104
8.060268218763104
8.060268218763104
8.060268218763104
8.060268218763104
8.060268218763104
8.060268218763104
8.060268218763104
8.060268218763104
8.060268218763104
8.060268218763104
8.060268218763104
8.060268218763104
8.060268218763104
8.060268218763104
8.060268218763104
8.060268218763104
8.060268218763104
8.060268218763104
8.060268218763104
8.060268218763104
8.060268218763104
8.060268218763104
8.060268218763104
8.060268218763104
8.060268218763104
8.060268218763104
8.060268218763104
8.060268218763104
8.060268218763104
8.060268218763104
8.060268218763104
8.060268218763104
8.060268218763104
8.060268218763104
8.060268218763104
8.060268218763104
8.060268218763104
8.060268218763104
8.060268218763104
8.060268218763104
8.060268218763104
8.060268218763104
8.060268218763104
8.060268218763104
8.060268218763104
8.060268218763104
8.060268218763104
8.060268218763104
8.060268218763104
8.060268218763104
8.060268218763104
8.060268218763104
8.060268218763104
8.060268218763104
8.060268218763104
8.060268218763104
8.060268218763104
8.060268218763104
8.060268218763104
8.060268218763104
8.060268218763104
8.060268218763104
8.060268218763104
8.060268218763104
8.060268218763104
8.060268218763104
8.060268218763104
8.060268218763104
8.060268218763104
8.060268218763104
8.060268218763104
8.060268218763104
8.060268218763104
8.060268218763104
8.060268218763104
8.060268218763104
8.060268218763104
8.060268218763104
8.060268218763104
8.060268218763104
8.060268218763104
8.060268218763104
8.060268218763104
8.060268218763104
8.060268218763104
8.060268218763104
8.060268218763104
8.060268218763104
8.060268218763104
8.060268218763104
8.060268218763104
8.060268218763104
8.060268218763104
8.060268218763104
8.060268218763104
8.060268218763104
8.060268218763104
8.060268218763104
8.060268218763104
8.060268218763104
8.060268218763104
8.060268218763104
8.060268218763104
8.060268218763104
8.060268218763104
8.060268218763104
8.060268218763104
8.060268218763104
8.060268218763104
8.060268218763104
8.060268218763104
8.060268218763104
8.060268218763104
8.060268218763104
8.060268218763104
8.060268218763104
8.060268218763104
8.060268218763104
8.060268218763104
8.060268218763104
8.060268218763104
8.060268218763104
8.060268218763104
8.060268218763104
8.060268218763104
8.060268218763104
8.060268218763104
8.060268218763104
8.060268218763104
8.060268218763104
8.060268218763104
8.060268218763104
8.060268218763104
8.060268218763104
8.060268218763104
8.060268218763104
8.060268218763104
8.060268218763104
8.060268218763104
8.060268218763104
8.060268218763104
8.060268218763104
8.060268218763104
8.060268218763104
8.060268218763104
8.060268218763104
8.060268218763104
8.060268218763104
8.060268218763104
8.060268218763104
8.060268218763104
8.060268218763104
8.060268218763104
8.060268218763104
8.060268218763104
8.060268218763104
8.060268218763104
8.060268218763104
8.060268218763104
8.060268218763104
8.060268218763104
8.060268218763104
8.060268218763104
8.060268218763104
8.060268218763104
8.060268218763104
8.060268218763104
8.060268218763104
8.060268218763104
8.060268218763104
8.060268218763104
8.060268218763104
8.060268218763104
8.060268218763104
8.060268218763104
8.060268218763104
8.060268218763104
8.060268218763104
8.060268218763104
8.060268218763104
8.060268218763104
8.060268218763104
8.060268218763104
8.060268218763104
8.060268218763104
8.060268218763104
8.060268218763104
8.060268218763104
8.060268218763104
8.060268218763104
8.060268218763104
8.060268218763104
8.060268218763104
8.060268218763104
8.060268218763104
8.060268218763104
8.060268218763104
8.060268218763104
8.060268218763104
8.060268218763104
8.060268218763104
8.060268218763104
8.060268218763104
8.060268218763104
8.060268218763104
8.060268218763104
8.060268218763104
8.060268218763104
8.060268218763104
8.060268218763104
8.060268218763104
8.060268218763104
8.060268218763104
8.060268218763104
8.060268218763104
8.060268218763104
8.060268218763104
8.060268218763104
8.060268218763104
8.060268218763104
8.060268218763104
8.060268218763104
8.060268218763104
8.060268218763104
8.060268218763104
8.060268218763104
8.060268218763104
8.060268218763104
8.060268218763104
8.060268218763104
8.060268218763104
8.060268218763104
8.060268218763104
8.060268218763104
8.060268218763104
8.060268218763104
8.060268218763104
8.060268218763104
8.060268218763104
8.060268218763104
8.060268218763104
8.060268218763104
8.060268218763104
8.060268218763104
8.060268218763104
8.060268218763104
8.060268218763104
8.060268218763104
8.060268218763104
8.060268218763104
8.060268218763104
8.179871418524225
8.179871418524225
8.179871418524225
8.179871418524225
8.179871418524225
8.179871418524225
8.179871418524225
8.179871418524225
8.179871418524225
8.179871418524225
8.179871418524225
8.179871418524225
8.179871418524225
8.179871418524225
8.179871418524225
8.179871418524225
8.179871418524225
8.179871418524225
8.179871418524225
8.179871418524225
8.179871418524225
8.179871418524225
8.179871418524225
8.179871418524225
8.179871418524225
8.179871418524225
8.179871418524225
8.179871418524225
8.179871418524225
8.179871418524225
8.179871418524225
8.179871418524225
8.179871418524225
8.179871418524225
8.179871418524225
8.179871418524225
8.179871418524225
8.179871418524225
8.179871418524225
8.179871418524225
8.179871418524225
8.179871418524225
8.179871418524225
8.179871418524225
8.179871418524225
8.179871418524225
8.179871418524225
8.179871418524225
8.179871418524225
8.179871418524225
8.179871418524225
8.179871418524225
8.179871418524225
8.179871418524225
8.179871418524225
8.179871418524225
8.179871418524225
8.179871418524225
8.179871418524225
8.179871418524225
8.179871418524225
8.179871418524225
8.179871418524225
8.179871418524225
8.179871418524225
8.179871418524225
8.179871418524225
8.179871418524225
8.179871418524225
8.179871418524225
8.179871418524225
8.179871418524225
8.179871418524225
8.179871418524225
8.179871418524225
8.179871418524225
8.179871418524225
8.179871418524225
8.179871418524225
8.179871418524225
8.179871418524225
8.179871418524225
8.179871418524225
8.179871418524225
8.179871418524225
8.179871418524225
8.179871418524225
8.179871418524225
8.179871418524225
8.179871418524225
8.179871418524225
8.179871418524225
8.179871418524225
8.179871418524225
8.179871418524225
8.179871418524225
8.179871418524225
8.179871418524225
8.179871418524225
8.179871418524225
8.179871418524225
8.179871418524225
8.179871418524225
8.179871418524225
8.179871418524225
8.179871418524225
8.179871418524225
8.179871418524225
8.179871418524225
8.179871418524225
8.179871418524225
8.179871418524225
8.179871418524225
8.179871418524225
8.179871418524225
8.179871418524225
8.179871418524225
8.179871418524225
8.179871418524225
8.179871418524225
8.179871418524225
8.179871418524225
8.179871418524225
8.179871418524225
8.179871418524225
8.179871418524225
8.180834841520912
8.180834841520912
8.180834841520912
8.180834841520912
8.180834841520912
8.180834841520912
8.180834841520912
8.180834841520912
8.180834841520912
8.180834841520912
8.180834841520912
8.180834841520912
8.180834841520912
8.180834841520912
8.180834841520912
8.180834841520912
8.180834841520912
8.180834841520912
8.180834841520912
8.180834841520912
8.180834841520912
8.180834841520912
8.180834841520912
8.180834841520912
8.180834841520912
8.180834841520912
8.180834841520912
8.180834841520912
8.180834841520912
8.180834841520912
8.180834841520912
8.180834841520912
8.25890698297685
8.25890698297685
8.25890698297685
8.25890698297685
8.25890698297685
8.25890698297685
8.25890698297685
8.25890698297685
8.25890698297685
8.25890698297685
8.25890698297685
8.25890698297685
8.25890698297685
8.25890698297685
8.25890698297685
8.25890698297685
8.25890698297685
8.25890698297685
8.25890698297685
8.25890698297685
8.25890698297685
8.25890698297685
8.25890698297685
8.25890698297685
8.25890698297685
8.25890698297685
8.25890698297685
8.25890698297685
8.25890698297685
8.25890698297685
8.25890698297685
8.25890698297685
8.25901434946315
8.25901434946315
8.25901434946315
8.25901434946315
8.25901434946315
8.25901434946315
8.25901434946315
8.25901434946315
8.25901434946315
8.25901434946315
8.25901434946315
8.25901434946315
8.25901434946315
8.25901434946315
8.25901434946315
8.25901434946315
8.25901434946315
8.25901434946315
8.25901434946315
8.25901434946315
8.25901434946315
8.25901434946315
8.25901434946315
8.25901434946315
8.25901434946315
8.25901434946315
8.25901434946315
8.25901434946315
8.25901434946315
8.25901434946315
8.25901434946315
8.298985705665984
8.298985705665984
8.298985705665984
8.298985705665984
8.298985705665984
8.482156064996458
8.482156064996458
8.482156064996458
8.482156064996458
8.482156064996458
8.482156064996458
8.482156064996458
8.482156064996458
8.482156064996458
8.482156064996458
8.482156064996458
8.482156064996458
8.482156064996458
8.482156064996458
8.482156064996458
8.482156064996458
8.482156064996458
8.482156064996458
8.482156064996458
8.482156064996458
8.482156064996458
8.482156064996458
8.482156064996458
8.482156064996458
8.482156064996458
8.482156064996458
8.482156064996458
8.482156064996458
8.482156064996458
8.482156064996458
8.482156064996458
8.482156064996458
8.482156064996458
8.482156064996458
8.482156064996458
8.482156064996458
8.482156064996458
8.482156064996458
8.482156064996458
8.482156064996458
8.482156064996458
8.482156064996458
8.482156064996458
8.482156064996458
8.482156064996458
8.482156064996458
8.482156064996458
8.482156064996458
8.482156064996458
8.482156064996458
8.482156064996458
8.482156064996458
8.482156064996458
8.482156064996458
8.482156064996458
8.482156064996458
8.482156064996458
8.482156064996458
8.482156064996458
8.482156064996458
8.482156064996458
8.482156064996458
8.482156064996458
8.482156064996458
8.482156064996458
8.482156064996458
8.482156064996458
8.482156064996458
8.482156064996458
8.482156064996458
8.482156064996458
8.482156064996458
8.482156064996458
8.482156064996458
8.482156064996458
8.482156064996458
8.482156064996458
8.482156064996458
8.482156064996458
8.482156064996458
8.482156064996458
8.482156064996458
8.482156064996458
8.482156064996458
8.482156064996458
8.482156064996458
8.482156064996458
8.482156064996458
8.482156064996458
8.482156064996458
8.482156064996458
8.482156064996458
8.482156064996458
8.482156064996458
8.482156064996458
8.482156064996458
8.482156064996458
8.482156064996458
8.482156064996458
8.482156064996458
8.482156064996458
8.482156064996458
8.482156064996458
8.482156064996458
8.482156064996458
8.482156064996458
8.482156064996458
8.482156064996458
8.482156064996458
8.482156064996458
8.482156064996458
8.482156064996458
8.482156064996458
8.482156064996458
8.482156064996458
8.482156064996458
8.482156064996458
8.482156064996458
8.482156064996458
8.482156064996458
8.482156064996458
8.482156064996458
8.482156064996458
8.482156064996458
8.482156064996458
8.482156064996458
8.482156064996458
8.482156064996458
8.482156064996458
8.482156064996458
8.482156064996458
8.482156064996458
8.482156064996458
8.482156064996458
8.482156064996458
8.482156064996458
8.482156064996458
8.482156064996458
8.482156064996458
8.482156064996458
8.482156064996458
8.482156064996458
8.482156064996458
8.482156064996458
8.482156064996458
8.482156064996458
8.482156064996458
8.482156064996458
8.482156064996458
8.482156064996458
8.482156064996458
8.482156064996458
8.482156064996458
8.482156064996458
8.482156064996458
8.482156064996458
8.482156064996458
8.482156064996458
8.482156064996458
8.482156064996458
8.482156064996458
8.482156064996458
8.482156064996458
8.482156064996458
8.482156064996458
8.482156064996458
8.482156064996458
8.482156064996458
8.482156064996458
8.482156064996458
8.482156064996458
8.482156064996458
8.482156064996458
8.482156064996458
8.482156064996458
8.482156064996458
8.482156064996458
8.482156064996458
8.482156064996458
8.482156064996458
8.482156064996458
8.482156064996458
8.482156064996458
8.482156064996458
8.482156064996458
8.482156064996458
8.482156064996458
8.482156064996458
8.482156064996458
8.482156064996458
8.482156064996458
8.482156064996458
8.482156064996458
8.482156064996458
8.482156064996458
8.482156064996458
8.482156064996458
8.482156064996458
8.482156064996458
8.482156064996458
8.482156064996458
8.482156064996458
8.482156064996458
8.482156064996458
8.482156064996458
8.482156064996458
8.482156064996458
8.482156064996458
8.482156064996458
8.482156064996458
8.482156064996458
8.482156064996458
8.482156064996458
8.482156064996458
8.482156064996458
8.482156064996458
8.482156064996458
8.482156064996458
8.482156064996458
8.482156064996458
8.482156064996458
8.482156064996458
8.482156064996458
8.482156064996458
8.482156064996458
8.482156064996458
8.482156064996458
8.482156064996458
8.482156064996458
8.482156064996458
8.482156064996458
8.482156064996458
8.48903695914109
8.48903695914109
8.48903695914109
8.48903695914109
8.48903695914109
8.48903695914109
8.48903695914109
8.48903695914109
8.48903695914109
8.48903695914109
8.48903695914109
8.48903695914109
8.48903695914109
8.48903695914109
8.48903695914109
8.48903695914109
8.48903695914109
8.48903695914109
8.48903695914109
8.48903695914109
8.48903695914109
8.48903695914109
8.48903695914109
8.48903695914109
8.48903695914109
8.48903695914109
8.48903695914109
8.48903695914109
8.48903695914109
8.48903695914109
8.48903695914109
8.48903695914109
8.48903695914109
8.48903695914109
8.48903695914109
8.48903695914109
8.48903695914109
8.48903695914109
8.48903695914109
8.48903695914109
8.48903695914109
8.48903695914109
8.48903695914109
8.48903695914109
8.48903695914109
8.48903695914109
8.48903695914109
8.48903695914109
8.48903695914109
8.48903695914109
8.48903695914109
8.48903695914109
8.48903695914109
8.48903695914109
8.48903695914109
8.48903695914109
8.48903695914109
8.48903695914109
8.48903695914109
8.48903695914109
8.48903695914109
8.48903695914109
8.48903695914109
8.48903695914109
8.48903695914109
8.48903695914109
8.48903695914109
8.48903695914109
8.48903695914109
8.48903695914109
8.48903695914109
8.48903695914109
8.48903695914109
8.48903695914109
8.48903695914109
8.48903695914109
8.48903695914109
8.48903695914109
8.48903695914109
8.48903695914109
8.48903695914109
8.48903695914109
8.48903695914109
8.48903695914109
8.48903695914109
8.48903695914109
8.48903695914109
8.48903695914109
8.48903695914109
8.48903695914109
8.48903695914109
8.48903695914109
8.48903695914109
8.48903695914109
8.48903695914109
8.48903695914109
8.48903695914109
8.48903695914109
8.48903695914109
8.48903695914109
8.48903695914109
8.48903695914109
8.48903695914109
8.48903695914109
8.48903695914109
8.48903695914109
8.48903695914109
8.48903695914109
8.48903695914109
8.48903695914109
8.48903695914109
8.48903695914109
8.48903695914109
8.48903695914109
8.48903695914109
8.48903695914109
8.48903695914109
8.48903695914109
8.48903695914109
8.48903695914109
8.48903695914109
8.48903695914109
8.48903695914109
8.48903695914109
8.49159361721201
8.49159361721201
8.49159361721201
8.49159361721201
8.49159361721201
8.49159361721201
8.49159361721201
8.49159361721201
8.49159361721201
8.49159361721201
8.49159361721201
8.49159361721201
8.49159361721201
8.49159361721201
8.49159361721201
8.49159361721201
8.49159361721201
8.49159361721201
8.49159361721201
8.49159361721201
8.49159361721201
8.49159361721201
8.49159361721201
8.49159361721201
8.49159361721201
8.49159361721201
8.49159361721201
8.49159361721201
8.49159361721201
8.49159361721201
8.49159361721201
8.49159361721201
8.49159361721201
8.49159361721201
8.49159361721201
8.49159361721201
8.49159361721201
8.49159361721201
8.49159361721201
8.49159361721201
8.49159361721201
8.49159361721201
8.49159361721201
8.49159361721201
8.50089780726565
8.50089780726565
8.50089780726565
8.50089780726565
8.50089780726565
8.50089780726565
8.50089780726565
8.509341290414415
8.509341290414415
8.509341290414415
8.509341290414415
8.509341290414415
8.509341290414415
8.509341290414415
8.509341290414415
8.509341290414415
8.509341290414415
8.509341290414415
8.509341290414415
8.509341290414415
8.509341290414415
8.509341290414415
8.509341290414415
8.509341290414415
8.509341290414415
8.579477561104492
8.579477561104492
8.579477561104492
8.579477561104492
8.579477561104492
8.579477561104492
8.579477561104492
8.579477561104492
8.579477561104492
8.579477561104492
8.579477561104492
8.579477561104492
8.5807591675839
8.588416086865209
8.588416086865209
8.600624139072417
8.600624139072417
8.600624139072417
8.600624139072417
8.600624139072417
8.600624139072417
8.600624139072417
8.600624139072417
8.600624139072417
8.616067617394801
8.616067617394801
8.616067617394801
8.616067617394801
8.616067617394801
8.616067617394801
8.636145949383335
8.636145949383335
8.636145949383335
8.636145949383335
8.636145949383335
8.636145949383335
8.636145949383335
8.636145949383335
8.636145949383335
8.64111186631671
8.64111186631671
8.64111186631671
8.64111186631671
8.64111186631671
8.64111186631671
8.64111186631671
8.64111186631671
8.64111186631671
8.64111186631671
8.64111186631671
8.643138146677344
8.65715981953009
8.65715981953009
8.65715981953009
8.65715981953009
8.65715981953009
8.65715981953009
8.65715981953009
8.65715981953009
8.65715981953009
8.65715981953009
8.664634003971711
8.664634003971711
8.664634003971711
8.664634003971711
8.693994391347509
8.693994391347509
8.693994391347509
8.693994391347509
8.714183818252822
8.714183818252822
8.714183818252822
8.714183818252822
8.714183818252822
8.714183818252822
8.714183818252822
8.714183818252822
8.714183818252822
8.714183818252822
8.714183818252822
8.714183818252822
8.714183818252822
8.714183818252822
8.714183818252822
8.714183818252822
8.714183818252822
8.714183818252822
8.714183818252822
8.714183818252822
8.724165552549643
8.724165552549643
8.724165552549643
8.724165552549643
8.727414662260037
8.727414662260037
8.731523513843186
8.731523513843186
8.731523513843186
8.767670618604843
8.767670618604843
8.767670618604843
8.767670618604843
8.767670618604843
8.767670618604843
8.767670618604843
8.767670618604843
8.767670618604843
8.767670618604843
8.767670618604843
8.767670618604843
8.767670618604843
8.767670618604843
8.767670618604843
8.767670618604843
8.767670618604843
8.767670618604843
8.767670618604843
8.767670618604843
8.767670618604843
8.767670618604843
8.767670618604843
8.767670618604843
8.767670618604843
8.767670618604843
8.767670618604843
8.767670618604843
8.767670618604843
8.767670618604843
8.767670618604843
8.767670618604843
8.767670618604843
8.767670618604843
8.767670618604843
8.767670618604843
8.767670618604843
8.774028221167857
8.774028221167857
8.774028221167857
8.774028221167857
8.774028221167857
8.774028221167857
8.774028221167857
8.774028221167857
8.774028221167857
8.774028221167857
8.774028221167857
8.774028221167857
8.774028221167857
8.774028221167857
8.774028221167857
8.774028221167857
8.774028221167857
8.774028221167857
8.774028221167857
8.774028221167857
8.774028221167857
8.774028221167857
8.774028221167857
8.778969377088478
8.778969377088478
8.778969377088478
8.778969377088478
8.778969377088478
8.778969377088478
8.778969377088478
8.778969377088478
8.778969377088478
8.778969377088478
8.778969377088478
8.778969377088478
8.778969377088478
8.778969377088478
8.778969377088478
8.778969377088478
8.778969377088478
8.778969377088478
8.778969377088478
8.778969377088478
8.778969377088478
8.778969377088478
8.778969377088478
8.780579099641358
8.780579099641358
8.780579099641358
8.780579099641358
8.780579099641358
8.780579099641358
8.780579099641358
8.780579099641358
8.780579099641358
8.780579099641358
8.780579099641358
8.780579099641358
8.784006041495987
8.784006041495987
8.784006041495987
8.784006041495987
8.784006041495987
8.784006041495987
8.784654146473041
8.784654146473041
8.784654146473041
8.78744663471687
8.78744663471687
8.78744663471687
8.78744663471687
8.78744663471687
8.78744663471687
8.78744663471687
8.78744663471687
8.78744663471687
8.78744663471687
8.78744663471687
8.797742999665516
8.797742999665516
8.797742999665516
8.797742999665516
8.797742999665516
8.797742999665516
8.797742999665516
8.797742999665516
8.797742999665516
8.797742999665516
8.797742999665516
8.797742999665516
8.797742999665516
8.797742999665516
8.797742999665516
8.797742999665516
8.797742999665516
8.797742999665516
8.797742999665516
8.797742999665516
8.797742999665516
8.797742999665516
8.797742999665516
8.797742999665516
8.797742999665516
8.797742999665516
8.797742999665516
8.797742999665516
8.797742999665516
8.797742999665516
8.797742999665516
8.797742999665516
8.797742999665516
8.797742999665516
8.797742999665516
8.797742999665516
8.797742999665516
8.797742999665516
8.797742999665516
8.797742999665516
8.797742999665516
8.797742999665516
8.797742999665516
8.797742999665516
8.797742999665516
8.797742999665516
8.811305978563741
8.811305978563741
8.811305978563741
8.811305978563741
8.811305978563741
8.811305978563741
8.811305978563741
8.811305978563741
8.811305978563741
8.811305978563741
8.811305978563741
8.811305978563741
8.811305978563741
8.811305978563741
8.811305978563741
8.811305978563741
8.811305978563741
8.811305978563741
8.811305978563741
8.811305978563741
8.811305978563741
8.811305978563741
8.811305978563741
8.811305978563741
8.811305978563741
8.811305978563741
8.811305978563741
8.811305978563741
8.811305978563741
8.811305978563741
8.811305978563741
8.811305978563741
8.811305978563741
8.811305978563741
8.811305978563741
8.811305978563741
8.811305978563741
8.811305978563741
8.811305978563741
8.811305978563741
8.811305978563741
8.811305978563741
8.811305978563741
8.811305978563741
8.811305978563741
8.811305978563741
8.811305978563741
8.811305978563741
8.811305978563741
8.811305978563741
8.811305978563741
8.811305978563741
8.811305978563741
8.815648034254309
8.815648034254309
8.815648034254309
8.815648034254309
8.815648034254309
8.815648034254309
8.815648034254309
8.815648034254309
8.815648034254309
8.815648034254309
8.815648034254309
8.815648034254309
8.815648034254309
8.815648034254309
8.815648034254309
8.820748825547831
8.820748825547831
8.820748825547831
8.820748825547831
8.820748825547831
8.820748825547831
8.820748825547831
8.820748825547831
8.820748825547831
8.820748825547831
8.820748825547831
8.820748825547831
8.820748825547831
8.820748825547831
8.820748825547831
8.820748825547831
8.820748825547831
8.820748825547831
8.820748825547831
8.820748825547831
8.820748825547831
8.820748825547831
8.820748825547831
8.820748825547831
8.820748825547831
8.820748825547831
8.820748825547831
8.820748825547831
8.820748825547831
8.820748825547831
8.820748825547831
8.820748825547831
8.820748825547831
8.821498946302755
8.821498946302755
8.821498946302755
8.821498946302755
8.821498946302755
8.821498946302755
8.821498946302755
8.821498946302755
8.821498946302755
8.821498946302755
8.821498946302755
8.821498946302755
8.821498946302755
8.821498946302755
8.821498946302755
8.821498946302755
8.821498946302755
8.826698954136626
8.826698954136626
8.826698954136626
8.826698954136626
8.826698954136626
8.826698954136626
8.826698954136626
8.826698954136626
8.826698954136626
8.826698954136626
8.826698954136626
8.826698954136626
8.826698954136626
8.826698954136626
8.826698954136626
8.826698954136626
8.826698954136626
8.826698954136626
8.826698954136626
8.826698954136626
8.826698954136626
8.826698954136626
8.826698954136626
8.826698954136626
8.826698954136626
8.826698954136626
8.826698954136626
8.826698954136626
8.826698954136626
8.826698954136626
8.826698954136626
8.826698954136626
8.826698954136626
8.826698954136626
8.826698954136626
8.826698954136626
8.826698954136626
8.826698954136626
8.826698954136626
8.826698954136626
8.826698954136626
8.826698954136626
8.826698954136626
8.826698954136626
8.826698954136626
8.826698954136626
8.826698954136626
8.826698954136626
8.826698954136626
8.826698954136626
8.826698954136626
8.826698954136626
8.826698954136626
8.826698954136626
8.826698954136626
8.826698954136626
8.826698954136626
8.826698954136626
8.826698954136626
8.826698954136626
8.826698954136626
8.826698954136626
8.826698954136626
8.826698954136626
8.826698954136626
8.826698954136626
8.826698954136626
8.826698954136626
8.826698954136626
8.826698954136626
8.826698954136626
8.826698954136626
8.826698954136626
8.826698954136626
8.826698954136626
8.826698954136626
8.826698954136626
8.826698954136626
8.826698954136626
8.826698954136626
8.826698954136626
8.826698954136626
8.826698954136626
8.826698954136626
8.826698954136626
8.826698954136626
8.826698954136626
8.826698954136626
8.826698954136626
8.826698954136626
8.826698954136626
8.826698954136626
8.826698954136626
8.826698954136626
8.826698954136626
8.826698954136626
8.826698954136626
8.826698954136626
8.826698954136626
8.826698954136626
8.826698954136626
8.8281527709502
8.8281527709502
8.8281527709502
8.8281527709502
8.8281527709502
8.8281527709502
8.8281527709502
8.8281527709502
8.8281527709502
8.8281527709502
8.8281527709502
8.8281527709502
8.8281527709502
8.8281527709502
8.8281527709502
8.8281527709502
8.8281527709502
8.8281527709502
8.8281527709502
8.8281527709502
8.8281527709502
8.8281527709502
8.8281527709502
8.8281527709502
8.8281527709502
8.8281527709502
8.8281527709502
8.8281527709502
8.8281527709502
8.8281527709502
8.8281527709502
8.8281527709502
8.8281527709502
8.828447260019471
8.828447260019471
8.828447260019471
8.828447260019471
8.828447260019471
8.828447260019471
8.828447260019471
8.828447260019471
8.828447260019471
8.828447260019471
8.828447260019471
8.828447260019471
8.828447260019471
8.828447260019471
8.828447260019471
8.828447260019471
8.828447260019471
8.828447260019471
8.828447260019471
8.828447260019471
8.828447260019471
8.828447260019471
8.828447260019471
8.828447260019471
8.829427987427675
8.829427987427675
8.829427987427675
8.829427987427675
8.829427987427675
8.829427987427675
8.829427987427675
8.829427987427675
8.829427987427675
8.829427987427675
8.829427987427675
8.829427987427675
8.829427987427675
8.829427987427675
8.829427987427675
8.829427987427675
8.829427987427675
8.829427987427675
8.829427987427675
8.829427987427675
8.829427987427675
8.829427987427675
8.830349332498072
8.830349332498072
8.830349332498072
8.830349332498072
8.830349332498072
8.830349332498072
8.830349332498072
8.830349332498072
8.830349332498072
8.830349332498072
8.830349332498072
8.830349332498072
8.830349332498072
8.830349332498072
8.830349332498072
8.830349332498072
8.830349332498072
8.830349332498072
8.830349332498072
8.830349332498072
8.830349332498072
8.830583653093825
8.830583653093825
8.830583653093825
8.830583653093825
8.831638165187236
8.831638165187236
8.831638165187236
8.831638165187236
8.831638165187236
8.831638165187236
8.831638165187236
8.831638165187236
8.831638165187236
8.831638165187236
8.831638165187236
8.831638165187236
8.831638165187236
8.831638165187236
8.831638165187236
8.831638165187236
8.831638165187236
8.831638165187236
8.831638165187236
8.831638165187236
8.831638165187236
8.831638165187236
8.831638165187236
8.831638165187236
8.831638165187236
8.831638165187236
8.831638165187236
8.831638165187236
8.831638165187236
8.831638165187236
8.831638165187236
8.831638165187236
8.831638165187236
8.831638165187236
8.831638165187236
8.831638165187236
8.831638165187236
8.831638165187236
8.831638165187236
8.832947011635396
8.832947011635396
8.832947011635396
8.832947011635396
8.832947011635396
8.832947011635396
8.832947011635396
8.832947011635396
8.832947011635396
8.832947011635396
8.832947011635396
8.832947011635396
8.832947011635396
8.832947011635396
8.832947011635396
8.832947011635396
8.832947011635396
8.832947011635396
8.832947011635396
8.832947011635396
8.832947011635396
8.83313904523151
8.83313904523151
8.83313904523151
8.83313904523151
8.83313904523151
8.83313904523151
8.834510403138598
8.834510403138598
8.834510403138598
8.834510403138598
8.834510403138598
8.834510403138598
8.834510403138598
8.834510403138598
8.834510403138598
8.834510403138598
8.834510403138598
8.834510403138598
8.834510403138598
8.834510403138598
8.834510403138598
8.834510403138598
8.836592638079225
8.836592638079225
8.836592638079225
8.836592638079225
8.836592638079225
8.836592638079225
8.83702095768617
8.83702095768617
8.83702095768617
8.83702095768617
8.83702095768617
8.83702095768617
8.83702095768617
8.83702095768617
8.83702095768617
8.83702095768617
8.83702095768617
8.83702095768617
8.83702095768617
8.83702095768617
8.83702095768617
8.83702095768617
8.83702095768617
8.83702095768617
8.83702095768617
8.83702095768617
8.83702095768617
8.83702095768617
8.83702095768617
8.83702095768617
8.83702095768617
8.83702095768617
8.83702095768617
8.83702095768617
8.83702095768617
8.83702095768617
8.83702095768617
8.83702095768617
8.83702095768617
8.83702095768617
8.83702095768617
8.83702095768617
8.83702095768617
8.83702095768617
8.83702095768617
8.83702095768617
8.83702095768617
8.83702095768617
8.83702095768617
8.83702095768617
8.83702095768617
8.83702095768617
8.83702095768617
8.83702095768617
8.83702095768617
8.83702095768617
8.83702095768617
8.83702095768617
8.83702095768617
8.83702095768617
8.83702095768617
8.83702095768617
8.83702095768617
8.83702095768617
8.83702095768617
8.83702095768617
8.83702095768617
8.83702095768617
8.83702095768617
8.83702095768617
8.83702095768617
8.83702095768617
8.83702095768617
8.83702095768617
8.83702095768617
Score: 8.83702095768617
Runtime: 667ms
