7.217120811826526E-9
7.613504073909187E-8
1.1484844108733014E-6
4.720930061493689E-5
4.720930061493689E-5
6.695184814905862E-4
0.006613562968002068
0.006613562968002068
0.22291590046298115
0.22291590046298115
0.22291590046298115
0.22291590046298115
0.22291590046298115
0.22291590046298115
0.22291590046298115
0.22291590046298115
0.22291590046298115
0.22291590046298115
0.22291590046298115
0.22291590046298115
0.22291590046298115
0.22291590046298115
0.22291590046298115
0.22291590046298115
0.22291590046298115
0.22291590046298115
0.22291590046298115
0.22291590046298115
0.22291590046298115
0.22291590046298115
0.22291590046298115
0.22291590046298115
0.22291590046298115
0.22291590046298115
0.22291590046298115
0.22291590046298115
0.22291590046298115
0.22291590046298115
0.22291590046298115
0.22291590046298115
0.22291590046298115
0.22291590046298115
0.22291590046298115
0.22291590046298115
0.2869625371647564
0.2869625371647564
0.2869625371647564
0.2869625371647564
0.2869625371647564
0.2869625371647564
0.2869625371647564
0.2869625371647564
0.2869625371647564
0.2869625371647564
0.2869625371647564
0.2869625371647564
0.2869625371647564
0.2869625371647564
0.2869625371647564
0.2869625371647564
0.2869625371647564
0.2869625371647564
0.2869625371647564
0.2869625371647564
0.2869625371647564
0.2869625371647564
0.2869625371647564
0.2869625371647564
0.2869625371647564
0.2869625371647564
0.2869625371647564
0.2869625371647564
0.2869625371647564
0.2869625371647564
0.2869625371647564
0.2869625371647564
0.2869625371647564
0.2869625371647564
0.2869625371647564
0.3725757359129125
0.3725757359129125
0.3725757359129125
0.3725757359129125
0.3725757359129125
0.3725757359129125
0.486212794861747
0.486212794861747
0.486212794861747
0.486212794861747
0.486212794861747
0.486212794861747
0.7832126113706765
0.7832126113706765
0.7832126113706765
0.7832126113706765
0.7832126113706765
0.7832126113706765
0.7832126113706765
0.7832126113706765
0.7832126113706765
0.7832126113706765
0.7832126113706765
0.7832126113706765
0.7832126113706765
0.7832126113706765
0.7832126113706765
0.7832126113706765
0.7832126113706765
0.7832126113706765
0.830074226427055
0.9505561861855552
0.9505561861855552
0.9505561861855552
0.9505561861855552
0.9505561861855552
0.9505561861855552
2.051695091477809
2.051695091477809
2.051695091477809
2.051695091477809
2.051695091477809
2.2763422586808186
2.2763422586808186
2.2763422586808186
2.2763422586808186
2.2763422586808186
2.2763422586808186
2.2763422586808186
2.7605251658420733
2.7605251658420733
2.7605251658420733
2.7605251658420733
2.7605251658420733
2.7605251658420733
2.7605251658420733
2.7605251658420733
2.7605251658420733
2.7605251658420733
2.7605251658420733
2.7605251658420733
2.8599712550278023
2.8599712550278023
2.8599712550278023
2.8599712550278023
2.8599712550278023
2.8599712550278023
2.8599712550278023
2.8599712550278023
2.8599712550278023
2.8599712550278023
2.9576928889857164
2.9576928889857164
2.9576928889857164
4.029134230279981
4.029134230279981
4.029134230279981
4.029134230279981
4.029134230279981
4.029134230279981
4.029134230279981
4.029134230279981
4.029134230279981
4.029134230279981
4.029134230279981
4.029134230279981
4.029134230279981
4.029134230279981
4.029134230279981
4.029134230279981
4.029134230279981
4.029134230279981
4.029134230279981
4.029134230279981
4.029134230279981
4.029134230279981
4.029134230279981
4.029134230279981
4.029134230279981
4.029134230279981
4.029134230279981
4.029134230279981
4.029134230279981
4.029134230279981
4.029134230279981
4.029134230279981
4.029134230279981
4.029134230279981
4.029134230279981
4.029134230279981
4.029134230279981
4.029134230279981
4.029134230279981
4.029134230279981
4.029134230279981
4.029134230279981
4.029134230279981
4.029134230279981
4.029134230279981
4.029134230279981
4.029134230279981
4.029134230279981
4.029134230279981
4.029134230279981
4.029134230279981
4.029134230279981
4.029134230279981
4.029134230279981
4.029134230279981
4.029134230279981
4.029134230279981
4.029134230279981
4.029134230279981
4.029134230279981
4.029134230279981
4.029134230279981
4.029134230279981
4.029134230279981
4.029134230279981
4.029134230279981
4.029134230279981
4.029134230279981
4.029134230279981
4.029134230279981
4.029134230279981
4.029134230279981
4.159174914494147
4.159174914494147
4.159174914494147
4.159174914494147
4.159174914494147
4.159174914494147
4.159174914494147
4.159174914494147
4.159174914494147
4.159174914494147
4.159174914494147
4.159174914494147
4.159174914494147
4.159174914494147
4.159174914494147
4.159174914494147
4.159174914494147
4.159174914494147
4.159174914494147
4.159174914494147
4.159174914494147
4.159174914494147
4.159174914494147
4.159174914494147
4.159174914494147
4.159174914494147
4.159174914494147
4.159174914494147
4.159174914494147
4.159174914494147
4.159174914494147
4.159174914494147
4.159174914494147
4.159174914494147
4.159174914494147
4.159174914494147
4.159174914494147
4.159174914494147
4.159174914494147
4.159174914494147
4.159174914494147
4.159174914494147
4.159174914494147
4.159174914494147
4.159174914494147
4.159174914494147
4.159174914494147
4.159174914494147
4.159174914494147
4.159174914494147
4.159174914494147
4.159174914494147
4.159174914494147
4.159174914494147
4.159174914494147
4.159174914494147
4.159174914494147
4.159174914494147
4.159174914494147
4.159174914494147
4.159174914494147
4.159174914494147
4.159174914494147
4.159174914494147
4.159174914494147
4.159174914494147
4.159174914494147
4.159174914494147
4.159174914494147
4.159174914494147
4.159174914494147
4.159174914494147
4.159174914494147
4.159174914494147
4.159174914494147
4.159174914494147
4.159174914494147
4.159174914494147
4.159174914494147
4.159174914494147
4.159174914494147
4.159174914494147
4.159174914494147
4.159174914494147
4.159174914494147
4.159174914494147
4.159174914494147
4.159174914494147
4.159174914494147
4.159174914494147
4.159174914494147
4.159174914494147
4.159174914494147
4.159174914494147
4.159174914494147
4.159174914494147
4.159174914494147
4.159174914494147
4.159174914494147
4.159174914494147
4.159174914494147
4.159174914494147
4.159174914494147
4.159174914494147
4.159174914494147
4.159174914494147
4.159174914494147
4.159174914494147
4.159174914494147
4.159174914494147
4.159174914494147
4.159174914494147
4.159174914494147
4.159174914494147
4.159174914494147
4.159174914494147
4.159174914494147
4.159174914494147
4.159174914494147
4.159174914494147
4.159174914494147
4.159174914494147
4.159174914494147
4.159174914494147
4.159174914494147
4.159174914494147
4.159174914494147
4.159174914494147
4.159174914494147
4.159174914494147
4.159174914494147
4.159174914494147
4.159174914494147
4.159174914494147
4.159174914494147
4.159174914494147
4.159174914494147
4.159174914494147
4.159174914494147
4.159174914494147
4.159174914494147
4.159174914494147
4.159174914494147
4.159174914494147
4.159174914494147
4.159174914494147
4.159174914494147
4.159174914494147
4.159174914494147
4.159174914494147
4.159174914494147
4.159174914494147
4.159174914494147
4.159174914494147
4.159174914494147
4.159174914494147
4.159174914494147
4.159174914494147
4.159174914494147
4.159174914494147
4.159174914494147
4.159174914494147
4.159174914494147
4.159174914494147
4.159174914494147
4.159174914494147
4.159174914494147
4.159174914494147
4.159174914494147
4.159174914494147
4.159174914494147
4.159174914494147
4.159174914494147
4.159174914494147
4.159174914494147
4.159174914494147
4.159174914494147
4.159174914494147
4.159174914494147
4.159174914494147
4.159174914494147
4.159174914494147
4.159174914494147
4.159174914494147
4.159174914494147
4.159174914494147
4.159174914494147
4.159174914494147
4.159174914494147
4.159174914494147
4.159174914494147
4.159174914494147
4.159174914494147
4.159174914494147
4.159174914494147
4.159174914494147
4.159174914494147
4.159174914494147
4.159174914494147
4.159174914494147
4.159174914494147
4.159174914494147
4.159174914494147
4.159174914494147
4.159174914494147
4.159174914494147
4.159174914494147
4.159174914494147
4.159174914494147
4.159174914494147
4.159174914494147
4.159174914494147
4.159174914494147
4.159174914494147
4.159174914494147
4.159174914494147
4.159174914494147
4.159174914494147
4.159174914494147
4.159174914494147
4.159174914494147
4.159174914494147
4.159174914494147
4.159174914494147
4.159174914494147
4.159174914494147
4.159174914494147
4.159174914494147
4.159174914494147
4.159174914494147
4.159174914494147
4.159174914494147
4.159174914494147
4.159174914494147
4.159174914494147
4.159174914494147
4.159174914494147
4.159174914494147
4.159174914494147
4.159174914494147
4.159174914494147
4.159174914494147
4.159174914494147
4.159174914494147
4.159174914494147
4.159174914494147
4.159174914494147
4.159174914494147
4.159174914494147
4.159174914494147
4.159174914494147
4.159174914494147
4.159174914494147
4.159174914494147
4.159174914494147
4.159174914494147
4.159174914494147
4.159174914494147
4.159174914494147
4.159174914494147
4.159174914494147
4.159174914494147
4.159174914494147
4.159174914494147
4.159174914494147
4.159174914494147
4.159174914494147
4.159174914494147
4.159174914494147
4.159174914494147
4.159174914494147
4.159174914494147
4.159174914494147
4.159174914494147
4.159174914494147
4.159174914494147
4.159174914494147
4.159174914494147
4.159174914494147
4.159174914494147
4.159174914494147
4.159174914494147
4.159174914494147
4.159174914494147
4.159174914494147
4.159174914494147
4.159174914494147
4.159174914494147
4.159174914494147
4.159174914494147
4.159174914494147
4.159174914494147
4.159174914494147
4.159174914494147
4.159174914494147
4.159174914494147
4.159174914494147
4.159174914494147
4.159174914494147
4.159174914494147
4.159174914494147
4.159174914494147
4.159174914494147
4.159174914494147
4.159174914494147
4.159174914494147
4.159174914494147
4.159174914494147
4.159174914494147
4.159174914494147
4.159174914494147
4.159174914494147
4.159174914494147
4.159174914494147
4.159174914494147
4.159174914494147
4.159174914494147
4.159174914494147
4.159174914494147
4.159174914494147
4.159174914494147
4.159174914494147
4.159174914494147
4.159174914494147
4.159174914494147
4.159174914494147
4.159174914494147
4.159174914494147
4.159174914494147
4.159174914494147
4.159174914494147
4.159174914494147
4.159174914494147
4.159174914494147
4.159174914494147
4.159174914494147
4.159174914494147
4.159174914494147
4.159174914494147
4.159174914494147
4.159174914494147
4.159174914494147
4.159174914494147
4.159174914494147
4.159174914494147
4.159174914494147
4.159174914494147
4.159174914494147
4.159174914494147
4.159174914494147
4.159174914494147
4.159174914494147
4.159174914494147
4.159174914494147
4.159174914494147
4.159174914494147
4.159174914494147
4.159174914494147
4.159174914494147
4.159174914494147
4.159174914494147
4.159174914494147
4.159174914494147
4.159174914494147
4.159174914494147
4.159174914494147
4.159174914494147
4.159174914494147
4.159174914494147
4.159174914494147
4.159174914494147
4.159174914494147
4.159174914494147
4.159174914494147
4.159174914494147
4.159174914494147
4.159174914494147
4.159174914494147
4.159174914494147
4.159174914494147
4.159174914494147
4.159174914494147
4.159174914494147
4.159174914494147
4.159174914494147
4.159174914494147
4.159174914494147
4.159174914494147
4.159174914494147
4.159174914494147
4.159174914494147
4.159174914494147
4.159174914494147
4.159174914494147
4.159174914494147
4.159174914494147
4.159174914494147
4.159174914494147
4.159174914494147
4.159174914494147
4.159174914494147
4.159174914494147
4.159174914494147
4.159174914494147
4.159174914494147
4.159174914494147
4.159174914494147
4.159174914494147
4.159174914494147
4.159174914494147
4.159174914494147
4.159174914494147
4.159174914494147
4.159174914494147
4.159174914494147
4.159174914494147
4.159174914494147
4.159174914494147
4.159174914494147
4.159174914494147
4.159174914494147
4.159174914494147
4.159174914494147
4.159174914494147
4.159174914494147
4.159174914494147
4.159174914494147
4.159174914494147
4.159174914494147
4.159174914494147
4.159174914494147
4.159174914494147
4.159174914494147
4.159174914494147
4.159174914494147
4.159174914494147
4.159174914494147
4.159174914494147
4.159174914494147
4.159174914494147
4.159174914494147
4.159174914494147
4.159174914494147
4.159174914494147
4.159174914494147
4.159174914494147
4.159174914494147
4.159174914494147
4.159174914494147
4.159174914494147
4.159174914494147
4.159174914494147
4.159174914494147
4.159174914494147
4.159174914494147
4.159174914494147
4.159174914494147
4.159174914494147
4.159174914494147
4.159174914494147
4.159174914494147
4.159174914494147
4.159174914494147
4.159174914494147
4.159174914494147
4.159174914494147
4.159174914494147
4.159174914494147
4.159174914494147
4.159174914494147
4.159174914494147
4.159174914494147
4.159174914494147
4.159174914494147
4.159174914494147
4.159174914494147
4.159174914494147
4.159174914494147
4.159174914494147
4.159174914494147
4.159174914494147
4.159174914494147
4.159174914494147
4.159174914494147
4.159174914494147
4.159174914494147
4.159174914494147
4.159174914494147
4.159174914494147
4.159174914494147
4.159174914494147
4.159174914494147
4.159174914494147
4.159174914494147
4.159174914494147
4.159174914494147
4.159174914494147
4.159174914494147
4.159174914494147
4.159174914494147
4.159174914494147
4.159174914494147
4.159174914494147
4.159174914494147
4.159174914494147
4.159174914494147
4.159174914494147
4.159174914494147
4.159174914494147
4.159174914494147
4.159174914494147
4.159174914494147
4.159174914494147
4.159174914494147
4.159174914494147
4.159174914494147
4.159174914494147
4.159174914494147
4.159174914494147
4.159174914494147
4.159174914494147
4.159174914494147
4.159174914494147
4.159174914494147
4.159174914494147
4.159174914494147
4.159174914494147
4.159174914494147
4.159174914494147
4.159174914494147
4.159174914494147
4.159174914494147
4.159174914494147
4.159174914494147
4.159174914494147
4.159174914494147
4.159174914494147
4.159174914494147
4.159174914494147
4.159174914494147
4.159174914494147
4.159174914494147
4.159174914494147
4.159174914494147
4.159174914494147
4.159174914494147
4.159174914494147
4.159174914494147
4.159174914494147
4.159174914494147
4.159174914494147
4.159174914494147
4.159174914494147
4.159174914494147
4.159174914494147
4.159174914494147
4.159174914494147
4.159174914494147
4.159174914494147
4.159174914494147
4.159174914494147
4.159174914494147
4.159174914494147
4.159174914494147
4.159174914494147
4.159174914494147
4.159174914494147
4.159174914494147
4.159174914494147
4.159174914494147
4.159174914494147
4.159174914494147
4.159174914494147
4.159174914494147
4.159174914494147
4.159174914494147
4.159174914494147
4.159174914494147
4.159174914494147
4.159174914494147
4.159174914494147
4.159174914494147
4.159174914494147
4.159174914494147
4.159174914494147
4.159174914494147
4.159174914494147
4.159174914494147
4.159174914494147
4.159174914494147
4.159174914494147
4.159174914494147
4.159174914494147
4.159174914494147
4.159174914494147
4.159174914494147
4.159174914494147
4.159174914494147
4.159174914494147
4.159174914494147
4.159174914494147
4.159174914494147
4.159174914494147
4.159174914494147
4.159174914494147
4.159174914494147
4.159174914494147
4.159174914494147
4.159174914494147
4.159174914494147
4.159174914494147
4.159174914494147
4.159174914494147
4.159174914494147
4.159174914494147
4.159174914494147
4.159174914494147
4.159174914494147
4.159174914494147
4.159174914494147
4.159174914494147
4.159174914494147
4.159174914494147
4.159174914494147
4.159174914494147
4.159174914494147
4.159174914494147
4.159174914494147
4.159174914494147
4.159174914494147
4.159174914494147
4.159174914494147
4.159174914494147
4.159174914494147
4.159174914494147
4.159174914494147
4.159174914494147
4.159174914494147
4.159174914494147
4.159174914494147
4.159174914494147
4.159174914494147
4.159174914494147
4.159174914494147
4.159174914494147
4.159174914494147
4.159174914494147
4.159174914494147
4.159174914494147
4.159174914494147
4.159174914494147
4.159174914494147
4.159174914494147
4.159174914494147
4.159174914494147
4.159174914494147
4.159174914494147
4.159174914494147
4.159174914494147
4.159174914494147
4.159174914494147
4.159174914494147
4.159174914494147
4.159174914494147
4.159174914494147
4.159174914494147
4.159174914494147
4.159174914494147
4.159174914494147
4.159174914494147
4.159174914494147
4.159174914494147
4.159174914494147
4.159174914494147
4.159174914494147
4.159174914494147
4.159174914494147
4.159174914494147
4.159174914494147
4.159174914494147
4.159174914494147
4.159174914494147
4.159174914494147
4.159174914494147
4.159174914494147
4.159174914494147
4.159174914494147
4.159174914494147
4.159174914494147
4.159174914494147
4.159174914494147
4.159174914494147
4.159174914494147
4.159174914494147
4.159174914494147
4.159174914494147
4.159174914494147
4.159174914494147
4.159174914494147
4.159174914494147
4.159174914494147
4.159174914494147
4.159174914494147
4.159174914494147
4.159174914494147
4.159174914494147
4.159174914494147
4.159174914494147
4.159174914494147
4.159174914494147
4.159174914494147
4.159174914494147
4.159174914494147
4.159174914494147
4.159174914494147
4.159174914494147
4.159174914494147
4.159174914494147
4.159174914494147
4.159174914494147
4.159174914494147
4.159174914494147
4.159174914494147
4.159174914494147
4.159174914494147
4.159174914494147
4.159174914494147
4.159174914494147
4.159174914494147
4.159174914494147
4.159174914494147
4.159174914494147
4.159174914494147
4.159174914494147
4.159174914494147
4.159174914494147
4.159174914494147
4.159174914494147
4.159174914494147
4.159174914494147
4.159174914494147
4.159174914494147
4.159174914494147
4.159174914494147
4.159174914494147
4.159174914494147
4.159174914494147
4.159174914494147
4.159174914494147
4.159174914494147
4.159174914494147
4.159174914494147
4.159174914494147
4.159174914494147
4.159174914494147
4.159174914494147
4.159174914494147
4.159174914494147
4.159174914494147
4.159174914494147
4.159174914494147
4.159174914494147
4.159174914494147
4.159174914494147
4.159174914494147
4.159174914494147
4.159174914494147
4.159174914494147
4.159174914494147
4.159174914494147
4.159174914494147
4.159174914494147
4.159174914494147
4.159174914494147
4.159174914494147
4.159174914494147
4.159174914494147
4.159174914494147
4.159174914494147
4.159174914494147
4.159174914494147
4.159174914494147
4.159174914494147
4.159174914494147
4.159174914494147
4.159174914494147
4.159174914494147
4.159174914494147
4.159174914494147
4.159174914494147
4.159174914494147
4.159174914494147
4.159174914494147
4.159174914494147
4.159174914494147
4.159174914494147
4.159174914494147
4.159174914494147
4.159174914494147
4.159174914494147
4.159174914494147
4.159174914494147
4.159174914494147
4.159174914494147
4.159174914494147
4.159174914494147
4.159174914494147
4.159174914494147
4.159174914494147
4.159174914494147
4.159174914494147
4.159174914494147
4.159174914494147
4.159174914494147
4.159174914494147
4.159174914494147
4.159174914494147
4.159174914494147
4.159174914494147
4.159174914494147
4.159174914494147
4.159174914494147
4.159174914494147
4.159174914494147
4.159174914494147
4.159174914494147
4.159174914494147
4.159174914494147
4.159174914494147
4.159174914494147
4.159174914494147
4.159174914494147
4.159174914494147
4.159174914494147
4.159174914494147
4.159174914494147
4.159174914494147
4.159174914494147
4.159174914494147
4.159174914494147
4.159174914494147
4.159174914494147
4.159174914494147
4.159174914494147
4.159174914494147
4.159174914494147
4.159174914494147
4.159174914494147
4.159174914494147
4.159174914494147
4.159174914494147
4.159174914494147
4.159174914494147
4.159174914494147
4.159174914494147
4.159174914494147
4.159174914494147
4.159174914494147
4.159174914494147
4.159174914494147
4.159174914494147
4.159174914494147
4.159174914494147
4.159174914494147
4.159174914494147
4.159174914494147
4.159174914494147
4.159174914494147
4.159174914494147
4.159174914494147
4.159174914494147
4.159174914494147
4.159174914494147
4.159174914494147
4.159174914494147
4.159174914494147
4.159174914494147
4.159174914494147
4.159174914494147
4.159174914494147
4.159174914494147
4.159174914494147
4.159174914494147
4.159174914494147
4.159174914494147
4.159174914494147
4.159174914494147
4.159174914494147
4.159174914494147
4.159174914494147
4.159174914494147
4.159174914494147
4.159174914494147
4.159174914494147
4.159174914494147
4.159174914494147
4.159174914494147
4.159174914494147
4.159174914494147
4.159174914494147
4.159174914494147
4.159174914494147
4.159174914494147
4.159174914494147
4.159174914494147
4.159174914494147
4.159174914494147
4.159174914494147
4.159174914494147
4.159174914494147
4.159174914494147
4.159174914494147
4.159174914494147
4.159174914494147
4.159174914494147
4.159174914494147
4.159174914494147
4.159174914494147
4.159174914494147
4.159174914494147
4.159174914494147
4.159174914494147
4.159174914494147
4.159174914494147
4.159174914494147
4.159174914494147
4.159174914494147
4.159174914494147
4.159174914494147
4.159174914494147
4.159174914494147
4.159174914494147
4.159174914494147
4.159174914494147
4.159174914494147
4.159174914494147
4.159174914494147
4.159174914494147
4.159174914494147
4.159174914494147
4.159174914494147
4.159174914494147
4.159174914494147
4.159174914494147
4.159174914494147
4.159174914494147
4.159174914494147
4.194659034112826
4.194659034112826
4.194659034112826
4.194659034112826
4.194659034112826
4.194659034112826
4.194659034112826
4.194659034112826
4.194659034112826
4.194659034112826
4.194659034112826
4.194659034112826
4.194659034112826
4.194659034112826
4.194659034112826
4.194659034112826
4.194659034112826
4.194659034112826
4.194659034112826
4.194659034112826
4.194659034112826
4.194659034112826
4.194659034112826
4.194659034112826
4.194659034112826
4.194659034112826
4.194659034112826
4.194659034112826
4.194659034112826
4.194659034112826
4.194659034112826
4.194659034112826
4.194659034112826
4.194659034112826
4.194659034112826
4.194659034112826
4.194659034112826
4.194659034112826
4.194659034112826
4.194659034112826
4.194659034112826
4.194659034112826
4.194659034112826
4.194659034112826
4.194659034112826
4.194659034112826
4.194659034112826
4.194659034112826
4.194659034112826
4.194659034112826
4.194659034112826
4.194659034112826
4.194659034112826
4.194659034112826
4.194659034112826
4.194659034112826
4.194659034112826
4.194659034112826
4.194659034112826
4.194659034112826
4.194659034112826
4.194659034112826
4.194659034112826
4.194659034112826
4.194659034112826
4.194659034112826
4.194659034112826
4.194659034112826
4.194659034112826
4.194659034112826
4.194659034112826
4.194659034112826
4.194659034112826
4.194659034112826
4.194659034112826
4.194659034112826
4.194659034112826
4.194659034112826
4.194659034112826
4.194659034112826
4.194659034112826
4.194659034112826
4.194659034112826
4.194659034112826
4.194659034112826
4.194659034112826
4.194659034112826
4.194659034112826
4.194659034112826
4.194659034112826
4.194659034112826
4.194659034112826
4.194659034112826
4.194659034112826
4.194659034112826
4.194659034112826
4.194659034112826
4.194659034112826
4.194659034112826
4.194659034112826
4.194659034112826
4.194659034112826
4.194659034112826
4.194659034112826
4.194659034112826
4.194659034112826
4.194659034112826
4.194659034112826
4.194659034112826
4.194659034112826
4.194659034112826
4.194659034112826
4.194659034112826
4.194659034112826
4.194659034112826
4.194659034112826
4.194659034112826
4.194659034112826
4.194659034112826
4.194659034112826
4.194659034112826
4.194659034112826
4.194659034112826
4.194659034112826
4.194659034112826
4.194659034112826
4.194659034112826
4.194659034112826
4.194659034112826
4.194659034112826
4.194659034112826
4.194659034112826
4.194659034112826
4.194659034112826
4.194659034112826
4.194659034112826
4.194659034112826
4.194659034112826
4.194659034112826
4.194659034112826
4.194659034112826
4.194659034112826
4.194659034112826
4.194659034112826
4.194659034112826
4.194659034112826
4.194659034112826
4.194659034112826
4.194659034112826
4.194659034112826
4.194659034112826
4.194659034112826
4.194659034112826
4.194659034112826
4.194659034112826
4.194659034112826
4.194659034112826
4.194659034112826
4.194659034112826
4.194659034112826
4.194659034112826
4.194659034112826
4.194659034112826
4.194659034112826
4.194659034112826
4.194659034112826
4.194659034112826
4.194659034112826
4.194659034112826
4.194659034112826
4.194659034112826
4.194659034112826
4.194659034112826
4.194659034112826
4.194659034112826
4.194659034112826
4.218648116008875
4.218648116008875
4.218648116008875
4.218648116008875
4.218648116008875
4.218648116008875
4.218648116008875
4.218648116008875
4.218648116008875
4.218648116008875
4.218648116008875
4.218648116008875
4.218648116008875
4.218648116008875
4.218648116008875
4.218648116008875
4.218648116008875
4.218648116008875
4.218648116008875
4.218648116008875
4.218648116008875
4.218648116008875
4.218648116008875
4.218648116008875
4.218648116008875
4.218648116008875
4.239273198989416
4.239273198989416
4.239273198989416
4.239273198989416
4.239273198989416
4.239273198989416
4.239273198989416
4.239273198989416
4.239273198989416
4.239273198989416
4.239273198989416
4.239273198989416
4.239273198989416
4.239273198989416
4.239273198989416
4.239273198989416
4.239273198989416
4.342531703994999
4.342531703994999
4.342531703994999
4.94859869024126
4.94859869024126
4.94859869024126
4.94859869024126
4.94859869024126
4.94859869024126
4.94859869024126
4.94859869024126
4.94859869024126
4.94859869024126
4.94859869024126
4.94859869024126
4.94859869024126
4.94859869024126
4.94859869024126
4.94859869024126
4.94859869024126
4.94859869024126
4.94859869024126
4.94859869024126
4.94859869024126
4.94859869024126
4.94859869024126
4.94859869024126
4.94859869024126
4.94859869024126
4.94859869024126
4.94859869024126
4.94859869024126
5.161372220105076
5.161372220105076
5.161372220105076
5.161372220105076
5.161372220105076
5.161372220105076
5.161372220105076
5.161372220105076
5.161372220105076
5.161372220105076
5.161372220105076
5.188605600956552
5.188605600956552
5.188605600956552
5.349807082288435
5.349807082288435
5.349807082288435
5.349807082288435
5.349807082288435
5.505765963873256
5.505765963873256
5.505765963873256
5.505765963873256
5.505765963873256
5.505765963873256
5.505765963873256
5.505765963873256
5.505765963873256
5.505765963873256
5.505765963873256
5.505765963873256
5.505765963873256
5.505765963873256
5.505765963873256
5.505765963873256
5.505765963873256
5.505765963873256
5.505765963873256
5.505765963873256
5.505765963873256
5.505765963873256
5.505765963873256
5.505765963873256
5.505765963873256
5.505765963873256
5.505765963873256
5.505765963873256
5.505765963873256
5.505765963873256
5.505765963873256
5.505765963873256
5.505765963873256
5.505765963873256
5.505765963873256
5.505765963873256
5.505765963873256
5.505765963873256
5.505765963873256
5.505765963873256
5.505765963873256
5.505765963873256
5.505765963873256
5.505765963873256
5.505765963873256
5.505765963873256
5.505765963873256
5.505765963873256
5.505765963873256
5.505765963873256
5.505765963873256
5.505765963873256
5.505765963873256
5.505765963873256
5.505765963873256
5.505765963873256
5.505765963873256
5.505765963873256
5.505765963873256
5.505765963873256
5.505765963873256
5.505765963873256
5.505765963873256
5.505765963873256
5.505765963873256
5.505765963873256
5.505765963873256
5.505765963873256
5.505765963873256
5.505765963873256
5.505765963873256
5.505765963873256
5.505765963873256
5.505765963873256
5.505765963873256
5.505765963873256
5.505765963873256
5.505765963873256
5.505765963873256
5.505765963873256
5.505765963873256
5.505765963873256
5.505765963873256
5.505765963873256
5.505765963873256
5.505765963873256
5.505765963873256
5.505765963873256
5.505765963873256
5.505765963873256
5.505765963873256
5.505765963873256
5.505765963873256
5.505765963873256
5.505765963873256
5.505765963873256
5.558944748573637
5.558944748573637
5.558944748573637
5.558944748573637
5.558944748573637
5.558944748573637
5.558944748573637
5.558944748573637
5.614983311720079
5.8351188391983015
5.8351188391983015
5.8351188391983015
5.8351188391983015
5.8351188391983015
5.8351188391983015
6.034328459221479
6.034328459221479
6.034328459221479
6.034328459221479
6.034328459221479
6.034328459221479
6.034328459221479
6.034328459221479
6.049349878477059
6.049349878477059
6.0932732814269785
6.0932732814269785
6.0932732814269785
6.0932732814269785
6.0932732814269785
6.0932732814269785
6.0932732814269785
6.0932732814269785
6.191832482305344
6.191832482305344
6.191832482305344
6.191832482305344
6.191832482305344
6.191832482305344
6.191832482305344
6.1944340161466265
6.1944340161466265
6.1944340161466265
6.1944340161466265
6.1944340161466265
6.1944340161466265
6.1944340161466265
6.1944340161466265
6.1944340161466265
6.238199420753757
6.238199420753757
6.238199420753757
6.238199420753757
6.238199420753757
6.238199420753757
6.238199420753757
6.238199420753757
6.238199420753757
6.238199420753757
6.238199420753757
6.298894442777158
6.298894442777158
6.298894442777158
6.298894442777158
6.298894442777158
6.298894442777158
6.298894442777158
6.298894442777158
6.298894442777158
6.298894442777158
6.298894442777158
6.298894442777158
6.315648185346032
6.315648185346032
6.315648185346032
6.315648185346032
6.315648185346032
6.315648185346032
6.315648185346032
6.315648185346032
6.315648185346032
6.315648185346032
6.315648185346032
6.315648185346032
6.315648185346032
6.315648185346032
6.315648185346032
6.315648185346032
6.334978252836851
6.334978252836851
6.334978252836851
6.334978252836851
6.385678174465589
6.385678174465589
6.385678174465589
6.385678174465589
6.385678174465589
6.385678174465589
6.385678174465589
6.385678174465589
6.385678174465589
6.385678174465589
6.385678174465589
6.385678174465589
6.385678174465589
6.385678174465589
6.385678174465589
6.385678174465589
6.385678174465589
6.385678174465589
6.385678174465589
6.385678174465589
6.385678174465589
6.385678174465589
6.385678174465589
6.385678174465589
6.385678174465589
6.385678174465589
6.385678174465589
6.385678174465589
6.385678174465589
6.385678174465589
6.385678174465589
6.385678174465589
6.385678174465589
6.385678174465589
6.385678174465589
6.385678174465589
6.385678174465589
6.385678174465589
6.385678174465589
6.385678174465589
6.385678174465589
6.385678174465589
6.385678174465589
6.385678174465589
6.385678174465589
6.385678174465589
6.385678174465589
6.385678174465589
6.385678174465589
6.385678174465589
6.385678174465589
6.385678174465589
6.385678174465589
6.385678174465589
6.385678174465589
6.385678174465589
6.385678174465589
6.385678174465589
6.385678174465589
6.385678174465589
6.385678174465589
6.385678174465589
6.385678174465589
6.385678174465589
6.385678174465589
6.385678174465589
6.385678174465589
6.385678174465589
6.385678174465589
6.385678174465589
6.385678174465589
6.385678174465589
6.385678174465589
6.385678174465589
6.385678174465589
6.385678174465589
6.385678174465589
6.385678174465589
6.385678174465589
6.385678174465589
6.385678174465589
6.385678174465589
6.385678174465589
6.385678174465589
6.385678174465589
6.385678174465589
6.385678174465589
6.385678174465589
6.385678174465589
6.385678174465589
6.385678174465589
6.385678174465589
6.385678174465589
6.385678174465589
6.385678174465589
6.385678174465589
6.385678174465589
6.385678174465589
6.385678174465589
6.385678174465589
6.385678174465589
6.385678174465589
6.385678174465589
6.385678174465589
6.385678174465589
6.385678174465589
6.385678174465589
6.385678174465589
6.385678174465589
6.385678174465589
6.385678174465589
6.385678174465589
6.385678174465589
6.385678174465589
6.385678174465589
6.385678174465589
6.385678174465589
6.385678174465589
6.385678174465589
6.385678174465589
6.385678174465589
6.385678174465589
6.385678174465589
6.385678174465589
6.385678174465589
6.385678174465589
6.385678174465589
6.385678174465589
6.385678174465589
6.385678174465589
6.385678174465589
6.385678174465589
6.385678174465589
6.385678174465589
6.385678174465589
6.385678174465589
6.385678174465589
6.385678174465589
6.385678174465589
6.385678174465589
6.385678174465589
6.385678174465589
6.385678174465589
6.385678174465589
6.385678174465589
6.385678174465589
6.385678174465589
6.385678174465589
6.385678174465589
6.385678174465589
6.385678174465589
6.385678174465589
6.385678174465589
6.385678174465589
6.385678174465589
6.385678174465589
6.385678174465589
6.385678174465589
6.385678174465589
6.385678174465589
6.385678174465589
6.385678174465589
6.385678174465589
6.385678174465589
6.385678174465589
6.385678174465589
6.385678174465589
6.385678174465589
6.385678174465589
6.385678174465589
6.385678174465589
6.385678174465589
6.385678174465589
6.385678174465589
6.385678174465589
6.385678174465589
6.385678174465589
6.385678174465589
6.385678174465589
6.385678174465589
6.385678174465589
6.385678174465589
6.385678174465589
6.385678174465589
6.385678174465589
6.385678174465589
6.385678174465589
6.385678174465589
6.385678174465589
6.385678174465589
6.385678174465589
6.385678174465589
6.385678174465589
6.385678174465589
6.385678174465589
6.385678174465589
6.385678174465589
6.385678174465589
6.385678174465589
6.385678174465589
6.385678174465589
6.385678174465589
6.385678174465589
6.385678174465589
6.385678174465589
6.385678174465589
6.385678174465589
6.385678174465589
6.385678174465589
6.385678174465589
6.385678174465589
6.385678174465589
6.385678174465589
6.385678174465589
6.385678174465589
6.385678174465589
6.385678174465589
6.385678174465589
6.385678174465589
6.385678174465589
6.385678174465589
6.385678174465589
6.385678174465589
6.385678174465589
6.385678174465589
6.385678174465589
6.385678174465589
6.385678174465589
6.385678174465589
6.385678174465589
6.385678174465589
6.385678174465589
6.385678174465589
6.385678174465589
6.385678174465589
6.385678174465589
6.385678174465589
6.385678174465589
6.385678174465589
6.385678174465589
6.385678174465589
6.385678174465589
6.385678174465589
6.385678174465589
6.385678174465589
6.385678174465589
6.385678174465589
6.385678174465589
6.385678174465589
6.385678174465589
6.385678174465589
6.385678174465589
6.385678174465589
6.385678174465589
6.385678174465589
6.385678174465589
6.385678174465589
6.385678174465589
6.385678174465589
6.385678174465589
6.385678174465589
6.385678174465589
6.385678174465589
6.385678174465589
6.385678174465589
6.385678174465589
6.385678174465589
6.385678174465589
6.385678174465589
6.385678174465589
6.385678174465589
6.385678174465589
6.385678174465589
6.385678174465589
6.385678174465589
6.385678174465589
6.385678174465589
6.385678174465589
6.385678174465589
6.385678174465589
6.385678174465589
6.385678174465589
6.385678174465589
6.385678174465589
6.385678174465589
6.385678174465589
6.385678174465589
6.385678174465589
6.385678174465589
6.385678174465589
6.385678174465589
6.385678174465589
6.385678174465589
6.385678174465589
6.385678174465589
6.385678174465589
6.385678174465589
6.385678174465589
6.385678174465589
6.385678174465589
6.385678174465589
6.385678174465589
6.385678174465589
6.385678174465589
6.385678174465589
6.385678174465589
6.385678174465589
6.385678174465589
6.385678174465589
6.385678174465589
6.385678174465589
6.385678174465589
6.385678174465589
6.385678174465589
6.385678174465589
6.385678174465589
6.385678174465589
6.385678174465589
6.385678174465589
6.385678174465589
6.385678174465589
6.385678174465589
6.385678174465589
6.385678174465589
6.385678174465589
6.385678174465589
6.385678174465589
6.385678174465589
6.385678174465589
6.385678174465589
6.385678174465589
6.385678174465589
6.385678174465589
6.385678174465589
6.385678174465589
6.385678174465589
6.385678174465589
6.385678174465589
6.385678174465589
6.385678174465589
6.385678174465589
6.385678174465589
6.385678174465589
6.385678174465589
6.385678174465589
6.385678174465589
6.385678174465589
6.385678174465589
6.385678174465589
6.385678174465589
6.385678174465589
6.385678174465589
6.385678174465589
6.385678174465589
6.385678174465589
6.385678174465589
6.385678174465589
6.385678174465589
6.385678174465589
6.385678174465589
6.385678174465589
6.385678174465589
6.385678174465589
6.385678174465589
6.385678174465589
6.385678174465589
6.385678174465589
6.385678174465589
Score: 6.385678174465589
Runtime: 941ms
