1.2795534904478182E-8
7.3100806830801836E-6
7.3100806830801836E-6
1.1461828724504148E-4
0.002388719134340196
0.002388719134340196
0.002388719134340196
0.002388719134340196
0.002388719134340196
0.002388719134340196
0.002388719134340196
0.002388719134340196
0.002388719134340196
0.004392875292316037
0.004392875292316037
0.009460665934228923
0.009460665934228923
0.012043723205155416
0.0171296355806944
0.057897086457329404
0.057897086457329404
0.057897086457329404
0.25051230412928555
0.25051230412928555
0.25051230412928555
0.25051230412928555
0.25051230412928555
0.25051230412928555
0.25051230412928555
0.25051230412928555
0.25051230412928555
0.25051230412928555
0.44232401152935474
0.4812449998748185
0.4812449998748185
0.4812449998748185
0.9553166886514115
0.9553166886514115
0.9553166886514115
0.9553166886514115
0.9553166886514115
0.9619125641641564
0.9619125641641564
0.9619125641641564
0.9619125641641564
0.975054940265046
1.6231466706065
2.1482055713629893
2.1482055713629893
2.1482055713629893
2.1482055713629893
2.1482055713629893
2.1482055713629893
2.1765246023038265
2.1765246023038265
2.1765246023038265
2.1765246023038265
2.319596623991421
2.319596623991421
2.319596623991421
2.319596623991421
2.319596623991421
2.319596623991421
2.319596623991421
2.706142048687974
2.706142048687974
2.706142048687974
2.706142048687974
2.706142048687974
2.706142048687974
2.706142048687974
2.706142048687974
3.1751310104594346
3.1751310104594346
3.1751310104594346
3.1751310104594346
3.1751310104594346
3.1751310104594346
3.1751310104594346
3.1751310104594346
3.1751310104594346
3.1751310104594346
3.1751310104594346
3.1751310104594346
3.1751310104594346
3.1751310104594346
3.1751310104594346
3.1751310104594346
3.1751310104594346
3.395055105841624
3.395055105841624
3.574808413676749
3.574808413676749
3.574808413676749
3.574808413676749
3.574808413676749
3.574808413676749
3.574808413676749
3.574808413676749
3.574808413676749
3.574808413676749
3.574808413676749
3.574808413676749
3.574808413676749
3.574808413676749
3.574808413676749
3.574808413676749
3.574808413676749
3.574808413676749
3.574808413676749
3.574808413676749
3.574808413676749
3.5840198963852146
3.5840198963852146
3.5840198963852146
3.878967555951363
3.878967555951363
3.878967555951363
3.878967555951363
3.878967555951363
3.878967555951363
3.957457250917458
3.957457250917458
3.957457250917458
3.957457250917458
4.126919360339279
4.126919360339279
4.126919360339279
4.161501031162257
4.686915187589733
4.686915187589733
4.686915187589733
4.686915187589733
4.686915187589733
4.686915187589733
4.686915187589733
4.686915187589733
4.686915187589733
4.81067029198385
4.81067029198385
4.81067029198385
4.81067029198385
4.81067029198385
4.81067029198385
4.81067029198385
4.81067029198385
4.81067029198385
5.255671938468481
5.255671938468481
5.255671938468481
5.255671938468481
5.255671938468481
5.255671938468481
5.255671938468481
5.255671938468481
5.255671938468481
5.255671938468481
5.255671938468481
5.255671938468481
5.255671938468481
5.255671938468481
5.255671938468481
5.255671938468481
5.255671938468481
5.255671938468481
5.255671938468481
5.255671938468481
5.255671938468481
5.255671938468481
5.890660063107054
5.890660063107054
5.890660063107054
5.890660063107054
5.890660063107054
5.890660063107054
5.890660063107054
5.890660063107054
5.890660063107054
5.890660063107054
5.890660063107054
5.890660063107054
5.890660063107054
5.890660063107054
5.890660063107054
5.890660063107054
5.890660063107054
5.890660063107054
5.890660063107054
5.890660063107054
5.890660063107054
5.890660063107054
5.890660063107054
5.890660063107054
5.890660063107054
5.890660063107054
6.06905520465723
6.06905520465723
6.06905520465723
6.06905520465723
6.06905520465723
6.06905520465723
6.104281194232522
6.104281194232522
6.104281194232522
6.104281194232522
6.104281194232522
6.104281194232522
6.104281194232522
6.104281194232522
6.104281194232522
6.104281194232522
6.226548660689683
6.226548660689683
6.226548660689683
6.226548660689683
6.226548660689683
6.226548660689683
6.226548660689683
6.530041800026153
6.530041800026153
6.530041800026153
6.530041800026153
6.530041800026153
6.530041800026153
6.530041800026153
6.530041800026153
6.530041800026153
6.530041800026153
6.530041800026153
6.530041800026153
6.530041800026153
6.530041800026153
6.530041800026153
6.530041800026153
6.530041800026153
6.530041800026153
6.530041800026153
6.530041800026153
6.530041800026153
6.530041800026153
6.530041800026153
6.530041800026153
6.530041800026153
6.530041800026153
6.530041800026153
6.530041800026153
7.022507710486203
7.022507710486203
7.022507710486203
7.022507710486203
7.022507710486203
7.022507710486203
7.022507710486203
7.022507710486203
7.022507710486203
7.022507710486203
7.022507710486203
7.022507710486203
7.022507710486203
7.022507710486203
7.022507710486203
7.022507710486203
7.022507710486203
7.022507710486203
7.022507710486203
7.022507710486203
7.022507710486203
7.022507710486203
7.022507710486203
7.022507710486203
7.022507710486203
7.022507710486203
7.022507710486203
7.022507710486203
7.022507710486203
7.022507710486203
7.022507710486203
7.022507710486203
7.022507710486203
7.022507710486203
7.022507710486203
7.022507710486203
7.022507710486203
7.022507710486203
7.022507710486203
7.022507710486203
7.022507710486203
7.022507710486203
7.022507710486203
7.022507710486203
7.022507710486203
7.022507710486203
7.022507710486203
7.022507710486203
7.022507710486203
7.022507710486203
7.022507710486203
7.022507710486203
7.022507710486203
7.022507710486203
7.022507710486203
7.022507710486203
7.022507710486203
7.022507710486203
7.022507710486203
7.022507710486203
7.022507710486203
7.022507710486203
7.022507710486203
7.022507710486203
7.022507710486203
7.022507710486203
7.022507710486203
7.022507710486203
7.022507710486203
7.022507710486203
7.022507710486203
7.022507710486203
7.022507710486203
7.022507710486203
7.022507710486203
7.022507710486203
7.022507710486203
7.022507710486203
7.022507710486203
7.022507710486203
7.022507710486203
7.022507710486203
7.022507710486203
7.022507710486203
7.022507710486203
7.022507710486203
7.022507710486203
7.022507710486203
7.022507710486203
7.022507710486203
7.022507710486203
7.022507710486203
7.022507710486203
7.022507710486203
7.022507710486203
7.022507710486203
7.022507710486203
7.022507710486203
7.022507710486203
7.022507710486203
7.022507710486203
7.022507710486203
7.022507710486203
7.022507710486203
7.022507710486203
7.022507710486203
7.022507710486203
7.022507710486203
7.022507710486203
7.022507710486203
7.022507710486203
7.022507710486203
7.022507710486203
7.022507710486203
7.022507710486203
7.022507710486203
7.022507710486203
7.022507710486203
7.022507710486203
7.022507710486203
7.022507710486203
7.022507710486203
7.022507710486203
7.022507710486203
7.022507710486203
7.022507710486203
7.022507710486203
7.022507710486203
7.022507710486203
7.022507710486203
7.022507710486203
7.022507710486203
7.022507710486203
7.022507710486203
7.022507710486203
7.022507710486203
7.022507710486203
7.022507710486203
7.022507710486203
7.022507710486203
7.022507710486203
7.022507710486203
7.022507710486203
7.022507710486203
7.022507710486203
7.022507710486203
7.022507710486203
7.022507710486203
7.022507710486203
7.022507710486203
7.022507710486203
7.022507710486203
7.022507710486203
7.022507710486203
7.022507710486203
7.022507710486203
7.022507710486203
7.022507710486203
7.022507710486203
7.022507710486203
7.022507710486203
7.022507710486203
7.022507710486203
7.022507710486203
7.022507710486203
7.022507710486203
7.022507710486203
7.022507710486203
7.022507710486203
7.022507710486203
7.022507710486203
7.022507710486203
7.022507710486203
7.022507710486203
7.022507710486203
7.022507710486203
7.022507710486203
7.022507710486203
7.022507710486203
7.022507710486203
7.022507710486203
7.022507710486203
7.022507710486203
7.022507710486203
7.022507710486203
7.022507710486203
7.022507710486203
7.022507710486203
7.022507710486203
7.022507710486203
7.022507710486203
7.022507710486203
7.022507710486203
7.022507710486203
7.022507710486203
7.022507710486203
7.022507710486203
7.022507710486203
7.022507710486203
7.022507710486203
7.022507710486203
7.022507710486203
7.022507710486203
7.022507710486203
7.022507710486203
7.022507710486203
7.022507710486203
7.022507710486203
7.022507710486203
7.022507710486203
7.022507710486203
7.022507710486203
7.022507710486203
7.022507710486203
7.022507710486203
7.022507710486203
7.022507710486203
7.022507710486203
7.022507710486203
7.022507710486203
7.022507710486203
7.022507710486203
7.022507710486203
7.022507710486203
7.022507710486203
7.022507710486203
7.022507710486203
7.022507710486203
7.022507710486203
7.022507710486203
7.022507710486203
7.022507710486203
7.022507710486203
7.022507710486203
7.022507710486203
7.022507710486203
7.022507710486203
7.022507710486203
7.022507710486203
7.022507710486203
7.022507710486203
7.022507710486203
7.022507710486203
7.022507710486203
7.022507710486203
7.022507710486203
7.022507710486203
7.022507710486203
7.022507710486203
7.022507710486203
7.022507710486203
7.022507710486203
7.022507710486203
7.022507710486203
7.022507710486203
7.022507710486203
7.022507710486203
7.022507710486203
7.022507710486203
7.022507710486203
7.022507710486203
7.022507710486203
7.022507710486203
7.022507710486203
7.022507710486203
7.022507710486203
7.022507710486203
7.022507710486203
7.022507710486203
7.022507710486203
7.022507710486203
7.022507710486203
7.022507710486203
7.022507710486203
7.022507710486203
7.022507710486203
7.022507710486203
7.022507710486203
7.022507710486203
7.022507710486203
7.022507710486203
7.022507710486203
7.022507710486203
7.022507710486203
7.022507710486203
7.022507710486203
7.022507710486203
7.022507710486203
7.022507710486203
7.022507710486203
7.022507710486203
7.022507710486203
7.022507710486203
7.022507710486203
7.022507710486203
7.022507710486203
7.022507710486203
7.022507710486203
7.022507710486203
7.022507710486203
7.022507710486203
7.022507710486203
7.022507710486203
7.022507710486203
7.022507710486203
7.022507710486203
7.022507710486203
7.022507710486203
7.022507710486203
7.022507710486203
7.022507710486203
7.022507710486203
7.022507710486203
7.022507710486203
7.022507710486203
7.022507710486203
7.022507710486203
7.022507710486203
7.022507710486203
7.022507710486203
7.022507710486203
7.022507710486203
7.022507710486203
7.022507710486203
7.022507710486203
7.022507710486203
7.022507710486203
7.022507710486203
7.022507710486203
7.022507710486203
7.022507710486203
7.022507710486203
7.022507710486203
7.022507710486203
7.022507710486203
7.022507710486203
7.022507710486203
7.022507710486203
7.022507710486203
7.022507710486203
7.022507710486203
7.022507710486203
7.022507710486203
7.022507710486203
7.022507710486203
7.022507710486203
7.022507710486203
7.022507710486203
7.022507710486203
7.022507710486203
7.022507710486203
7.022507710486203
7.022507710486203
7.022507710486203
7.022507710486203
7.022507710486203
7.022507710486203
7.022507710486203
7.022507710486203
7.022507710486203
7.022507710486203
7.022507710486203
7.022507710486203
7.022507710486203
7.022507710486203
7.022507710486203
7.022507710486203
7.022507710486203
7.022507710486203
7.022507710486203
7.022507710486203
7.022507710486203
7.022507710486203
7.022507710486203
7.022507710486203
7.022507710486203
7.022507710486203
7.022507710486203
7.022507710486203
7.022507710486203
7.022507710486203
7.022507710486203
7.022507710486203
7.022507710486203
7.022507710486203
7.022507710486203
7.022507710486203
7.022507710486203
7.022507710486203
7.022507710486203
7.022507710486203
7.022507710486203
7.022507710486203
7.022507710486203
7.022507710486203
7.022507710486203
7.022507710486203
7.022507710486203
7.022507710486203
7.022507710486203
7.022507710486203
7.022507710486203
7.022507710486203
7.022507710486203
7.022507710486203
7.022507710486203
7.022507710486203
7.022507710486203
7.022507710486203
7.022507710486203
7.022507710486203
7.022507710486203
7.022507710486203
7.022507710486203
7.022507710486203
7.022507710486203
7.022507710486203
7.022507710486203
7.022507710486203
7.022507710486203
7.022507710486203
7.022507710486203
7.022507710486203
7.022507710486203
7.022507710486203
7.022507710486203
7.022507710486203
7.022507710486203
7.022507710486203
7.022507710486203
7.022507710486203
7.022507710486203
7.022507710486203
7.022507710486203
7.022507710486203
7.022507710486203
7.022507710486203
7.022507710486203
7.022507710486203
7.022507710486203
7.022507710486203
7.022507710486203
7.022507710486203
7.022507710486203
7.022507710486203
7.022507710486203
7.022507710486203
7.022507710486203
7.022507710486203
7.022507710486203
7.022507710486203
7.022507710486203
7.022507710486203
7.022507710486203
7.022507710486203
7.022507710486203
7.022507710486203
7.022507710486203
7.022507710486203
7.022507710486203
7.022507710486203
7.022507710486203
7.022507710486203
7.022507710486203
7.022507710486203
7.022507710486203
7.022507710486203
7.022507710486203
7.022507710486203
7.022507710486203
7.022507710486203
7.022507710486203
7.022507710486203
7.022507710486203
7.022507710486203
7.022507710486203
7.022507710486203
7.022507710486203
7.022507710486203
7.022507710486203
7.022507710486203
7.022507710486203
7.022507710486203
7.022507710486203
7.022507710486203
7.022507710486203
7.022507710486203
7.022507710486203
7.022507710486203
7.022507710486203
7.022507710486203
7.022507710486203
7.022507710486203
7.022507710486203
7.022507710486203
7.022507710486203
7.022507710486203
7.022507710486203
7.022507710486203
7.022507710486203
7.022507710486203
7.022507710486203
7.022507710486203
7.022507710486203
7.022507710486203
7.022507710486203
7.022507710486203
7.022507710486203
7.022507710486203
7.022507710486203
7.022507710486203
7.022507710486203
7.022507710486203
7.022507710486203
7.022507710486203
7.022507710486203
7.022507710486203
7.022507710486203
7.022507710486203
7.022507710486203
7.022507710486203
7.022507710486203
7.022507710486203
7.022507710486203
7.022507710486203
7.022507710486203
7.022507710486203
7.022507710486203
7.022507710486203
7.022507710486203
7.022507710486203
7.022507710486203
7.022507710486203
7.022507710486203
7.022507710486203
7.022507710486203
7.022507710486203
7.022507710486203
7.022507710486203
7.022507710486203
7.022507710486203
7.022507710486203
7.022507710486203
7.022507710486203
7.022507710486203
7.022507710486203
7.022507710486203
7.022507710486203
7.022507710486203
7.022507710486203
7.022507710486203
7.022507710486203
7.022507710486203
7.022507710486203
7.022507710486203
7.022507710486203
7.022507710486203
7.022507710486203
7.022507710486203
7.022507710486203
7.022507710486203
7.022507710486203
7.022507710486203
7.022507710486203
7.022507710486203
7.022507710486203
7.022507710486203
7.022507710486203
7.022507710486203
7.022507710486203
7.022507710486203
7.022507710486203
7.022507710486203
7.022507710486203
7.022507710486203
7.022507710486203
7.022507710486203
7.022507710486203
7.022507710486203
7.022507710486203
7.022507710486203
7.022507710486203
7.022507710486203
7.022507710486203
7.022507710486203
7.022507710486203
7.022507710486203
7.022507710486203
7.022507710486203
7.022507710486203
7.022507710486203
7.022507710486203
7.022507710486203
7.022507710486203
7.022507710486203
7.022507710486203
7.022507710486203
7.022507710486203
7.022507710486203
7.022507710486203
7.022507710486203
7.022507710486203
7.022507710486203
7.022507710486203
7.022507710486203
7.022507710486203
7.022507710486203
7.022507710486203
7.022507710486203
7.022507710486203
7.022507710486203
7.022507710486203
7.022507710486203
7.022507710486203
7.022507710486203
7.022507710486203
7.022507710486203
7.022507710486203
7.022507710486203
7.022507710486203
7.022507710486203
7.022507710486203
7.022507710486203
7.022507710486203
7.022507710486203
7.022507710486203
7.022507710486203
7.022507710486203
7.022507710486203
7.022507710486203
7.022507710486203
7.022507710486203
7.022507710486203
7.022507710486203
7.022507710486203
7.022507710486203
7.022507710486203
7.022507710486203
7.022507710486203
7.022507710486203
7.022507710486203
7.022507710486203
7.022507710486203
7.022507710486203
7.022507710486203
7.022507710486203
7.022507710486203
7.022507710486203
7.022507710486203
7.022507710486203
7.022507710486203
7.022507710486203
7.022507710486203
7.022507710486203
7.022507710486203
7.022507710486203
7.022507710486203
7.022507710486203
7.022507710486203
7.022507710486203
7.022507710486203
7.022507710486203
7.022507710486203
7.022507710486203
7.022507710486203
7.022507710486203
7.022507710486203
7.022507710486203
7.022507710486203
7.022507710486203
7.022507710486203
7.022507710486203
7.022507710486203
7.022507710486203
7.022507710486203
7.022507710486203
7.022507710486203
7.022507710486203
7.022507710486203
7.022507710486203
7.022507710486203
7.022507710486203
7.022507710486203
7.022507710486203
7.022507710486203
7.022507710486203
7.022507710486203
7.022507710486203
7.022507710486203
7.022507710486203
7.022507710486203
7.022507710486203
7.022507710486203
7.022507710486203
7.022507710486203
7.022507710486203
7.022507710486203
7.022507710486203
7.022507710486203
7.022507710486203
7.022507710486203
7.022507710486203
7.022507710486203
7.022507710486203
7.022507710486203
7.022507710486203
7.022507710486203
7.022507710486203
7.022507710486203
7.022507710486203
7.022507710486203
7.022507710486203
7.022507710486203
7.022507710486203
7.022507710486203
7.022507710486203
7.022507710486203
7.022507710486203
7.022507710486203
7.022507710486203
7.022507710486203
7.022507710486203
7.022507710486203
7.022507710486203
7.022507710486203
7.022507710486203
7.022507710486203
7.022507710486203
7.022507710486203
7.022507710486203
7.022507710486203
7.022507710486203
7.022507710486203
7.022507710486203
7.022507710486203
7.022507710486203
7.022507710486203
7.022507710486203
7.022507710486203
7.022507710486203
7.022507710486203
7.022507710486203
7.022507710486203
7.022507710486203
7.022507710486203
7.022507710486203
7.022507710486203
7.022507710486203
7.022507710486203
7.022507710486203
7.022507710486203
7.022507710486203
7.022507710486203
7.022507710486203
7.022507710486203
7.022507710486203
7.022507710486203
7.022507710486203
7.022507710486203
7.022507710486203
7.022507710486203
7.022507710486203
7.022507710486203
7.022507710486203
7.022507710486203
7.022507710486203
7.022507710486203
7.022507710486203
7.022507710486203
7.022507710486203
7.022507710486203
7.022507710486203
7.022507710486203
7.022507710486203
7.022507710486203
7.022507710486203
7.022507710486203
7.022507710486203
7.022507710486203
7.022507710486203
7.022507710486203
7.022507710486203
7.022507710486203
7.022507710486203
7.022507710486203
7.022507710486203
7.022507710486203
7.022507710486203
7.022507710486203
7.022507710486203
7.022507710486203
7.022507710486203
7.022507710486203
7.022507710486203
7.022507710486203
7.022507710486203
7.022507710486203
7.022507710486203
7.022507710486203
7.022507710486203
7.022507710486203
7.022507710486203
7.022507710486203
7.022507710486203
7.022507710486203
7.022507710486203
7.022507710486203
7.022507710486203
7.022507710486203
7.022507710486203
7.022507710486203
7.022507710486203
7.022507710486203
7.022507710486203
7.022507710486203
7.022507710486203
7.022507710486203
7.022507710486203
7.022507710486203
7.022507710486203
7.022507710486203
7.022507710486203
7.022507710486203
7.022507710486203
7.022507710486203
7.022507710486203
7.022507710486203
7.022507710486203
7.022507710486203
7.022507710486203
7.022507710486203
7.022507710486203
7.022507710486203
7.022507710486203
7.022507710486203
7.022507710486203
7.022507710486203
7.022507710486203
7.022507710486203
7.022507710486203
7.022507710486203
7.022507710486203
7.022507710486203
7.022507710486203
7.022507710486203
7.022507710486203
7.022507710486203
7.022507710486203
7.022507710486203
7.022507710486203
7.022507710486203
7.022507710486203
7.022507710486203
7.022507710486203
7.022507710486203
7.022507710486203
7.022507710486203
7.022507710486203
7.022507710486203
7.022507710486203
7.022507710486203
7.022507710486203
7.022507710486203
7.022507710486203
7.022507710486203
7.022507710486203
7.022507710486203
7.022507710486203
7.022507710486203
7.022507710486203
7.022507710486203
7.022507710486203
7.022507710486203
7.022507710486203
7.022507710486203
7.022507710486203
7.022507710486203
7.022507710486203
7.022507710486203
7.022507710486203
7.022507710486203
7.022507710486203
7.022507710486203
7.022507710486203
7.022507710486203
7.022507710486203
7.022507710486203
7.022507710486203
7.022507710486203
7.022507710486203
7.022507710486203
7.022507710486203
7.022507710486203
7.022507710486203
7.022507710486203
7.022507710486203
7.022507710486203
7.022507710486203
7.022507710486203
7.022507710486203
7.022507710486203
7.022507710486203
7.022507710486203
7.022507710486203
7.022507710486203
7.022507710486203
7.022507710486203
7.022507710486203
7.022507710486203
7.022507710486203
7.022507710486203
7.022507710486203
7.022507710486203
7.022507710486203
7.022507710486203
7.022507710486203
7.022507710486203
7.022507710486203
7.022507710486203
7.022507710486203
7.022507710486203
7.022507710486203
7.022507710486203
7.022507710486203
7.022507710486203
7.022507710486203
7.022507710486203
7.022507710486203
7.022507710486203
7.022507710486203
7.022507710486203
7.022507710486203
7.022507710486203
7.022507710486203
7.022507710486203
7.022507710486203
7.022507710486203
7.022507710486203
7.022507710486203
7.022507710486203
7.022507710486203
7.022507710486203
7.022507710486203
7.022507710486203
7.022507710486203
7.022507710486203
7.022507710486203
7.022507710486203
7.022507710486203
7.022507710486203
7.022507710486203
7.022507710486203
7.022507710486203
7.022507710486203
7.022507710486203
7.022507710486203
7.022507710486203
7.022507710486203
7.022507710486203
7.022507710486203
7.022507710486203
7.022507710486203
7.022507710486203
7.022507710486203
7.022507710486203
7.022507710486203
7.022507710486203
7.022507710486203
7.022507710486203
7.022507710486203
7.022507710486203
7.022507710486203
7.022507710486203
7.022507710486203
7.022507710486203
7.022507710486203
7.022507710486203
7.022507710486203
7.022507710486203
7.022507710486203
7.022507710486203
7.022507710486203
7.022507710486203
7.022507710486203
7.022507710486203
7.022507710486203
7.022507710486203
7.022507710486203
7.022507710486203
7.022507710486203
7.022507710486203
7.022507710486203
7.022507710486203
7.022507710486203
7.022507710486203
7.022507710486203
7.022507710486203
7.022507710486203
7.022507710486203
7.022507710486203
7.022507710486203
7.022507710486203
7.022507710486203
7.022507710486203
7.022507710486203
7.022507710486203
7.022507710486203
7.022507710486203
7.022507710486203
7.022507710486203
7.022507710486203
7.022507710486203
7.022507710486203
7.022507710486203
7.022507710486203
7.022507710486203
7.022507710486203
7.022507710486203
7.022507710486203
7.022507710486203
7.022507710486203
7.022507710486203
7.022507710486203
7.022507710486203
7.022507710486203
7.022507710486203
7.022507710486203
7.022507710486203
7.022507710486203
7.022507710486203
7.022507710486203
7.022507710486203
7.022507710486203
7.022507710486203
7.022507710486203
7.022507710486203
7.022507710486203
7.022507710486203
7.022507710486203
7.022507710486203
7.022507710486203
7.022507710486203
7.022507710486203
7.022507710486203
7.022507710486203
7.022507710486203
7.022507710486203
7.022507710486203
7.022507710486203
7.068454136033571
7.068454136033571
7.068454136033571
7.068454136033571
7.068454136033571
7.068454136033571
7.068454136033571
7.068454136033571
7.068454136033571
7.068454136033571
7.068454136033571
7.068454136033571
7.068454136033571
7.068454136033571
7.068454136033571
7.068454136033571
7.068454136033571
7.068454136033571
7.068454136033571
7.068454136033571
7.068454136033571
7.068454136033571
7.068454136033571
7.068454136033571
7.068454136033571
7.068454136033571
7.068454136033571
7.068454136033571
7.068454136033571
7.068454136033571
7.068454136033571
7.068454136033571
7.068454136033571
7.068454136033571
7.068454136033571
7.068454136033571
7.068454136033571
7.068454136033571
7.068454136033571
7.068454136033571
7.068454136033571
7.068454136033571
7.068454136033571
7.068454136033571
7.068454136033571
7.068454136033571
7.068454136033571
7.068454136033571
7.068454136033571
7.068454136033571
7.068454136033571
7.068454136033571
7.068454136033571
7.068454136033571
7.068454136033571
7.068454136033571
7.068454136033571
7.068454136033571
7.068454136033571
7.068454136033571
7.068454136033571
7.068454136033571
7.068454136033571
7.068454136033571
7.068454136033571
7.068454136033571
7.068454136033571
7.068454136033571
7.068454136033571
7.068454136033571
7.068454136033571
7.068454136033571
7.068454136033571
7.068454136033571
7.068454136033571
7.068454136033571
7.068454136033571
7.068454136033571
7.068454136033571
7.068454136033571
7.068454136033571
7.068454136033571
7.068454136033571
7.068454136033571
7.068454136033571
7.068454136033571
7.068454136033571
7.068454136033571
7.068454136033571
7.068454136033571
7.068454136033571
7.068454136033571
7.068454136033571
7.068454136033571
7.068454136033571
7.068454136033571
7.068454136033571
7.068454136033571
7.068454136033571
7.068454136033571
7.068454136033571
7.068454136033571
7.068454136033571
7.068454136033571
7.068454136033571
7.068454136033571
7.068454136033571
7.068454136033571
7.068454136033571
7.068454136033571
7.068454136033571
7.068454136033571
7.068454136033571
7.068454136033571
7.068454136033571
7.068454136033571
7.068454136033571
7.068454136033571
7.068454136033571
7.068454136033571
7.068454136033571
7.068454136033571
7.068454136033571
7.068454136033571
7.068454136033571
7.068454136033571
7.068454136033571
7.068454136033571
7.068454136033571
7.068454136033571
7.068454136033571
7.068454136033571
7.068454136033571
7.068454136033571
7.068454136033571
7.068454136033571
7.068454136033571
7.068454136033571
7.068454136033571
7.068454136033571
7.068454136033571
7.068454136033571
7.068454136033571
7.068454136033571
7.068454136033571
7.068454136033571
7.068454136033571
7.068454136033571
7.068454136033571
7.068454136033571
7.068454136033571
7.068454136033571
7.068454136033571
7.068454136033571
7.068454136033571
7.068454136033571
7.068454136033571
7.068454136033571
7.068454136033571
7.068454136033571
7.068454136033571
7.068454136033571
7.068454136033571
7.068454136033571
7.068454136033571
7.068454136033571
7.068454136033571
7.068454136033571
7.068454136033571
7.068454136033571
7.068454136033571
7.068454136033571
7.068454136033571
7.068454136033571
7.068454136033571
7.068454136033571
7.068454136033571
7.068454136033571
7.068454136033571
7.068454136033571
7.068454136033571
7.068454136033571
7.068454136033571
7.068454136033571
7.068454136033571
7.068454136033571
7.068454136033571
7.068454136033571
7.068454136033571
7.068454136033571
7.068454136033571
7.068454136033571
7.068454136033571
7.068454136033571
7.068454136033571
7.068454136033571
7.068454136033571
7.068454136033571
7.068454136033571
7.068454136033571
7.068454136033571
7.068454136033571
7.068454136033571
7.068454136033571
7.068454136033571
7.068454136033571
7.068454136033571
7.068454136033571
7.068454136033571
7.068454136033571
7.068454136033571
7.068454136033571
7.068454136033571
7.068454136033571
7.068454136033571
7.068454136033571
7.068454136033571
7.068454136033571
7.068454136033571
7.068454136033571
7.068454136033571
7.068454136033571
7.068454136033571
7.068454136033571
7.068454136033571
7.068454136033571
7.068454136033571
7.068454136033571
7.068454136033571
7.068454136033571
7.068454136033571
7.068454136033571
7.068454136033571
7.068454136033571
7.068454136033571
7.068454136033571
7.068454136033571
7.068454136033571
7.068454136033571
7.068454136033571
7.068454136033571
7.068454136033571
7.068454136033571
7.068454136033571
7.068454136033571
7.068454136033571
7.068454136033571
7.068454136033571
7.068454136033571
7.068454136033571
7.068454136033571
7.068454136033571
7.068454136033571
7.068454136033571
7.068454136033571
7.068454136033571
7.068454136033571
7.068454136033571
7.068454136033571
7.068454136033571
7.068454136033571
7.068454136033571
7.068454136033571
7.068454136033571
7.068454136033571
7.068454136033571
7.068454136033571
7.068454136033571
7.068454136033571
7.068454136033571
7.068454136033571
7.068454136033571
7.068454136033571
7.068454136033571
7.068454136033571
7.068454136033571
7.068454136033571
7.068454136033571
7.068454136033571
7.068454136033571
7.068454136033571
7.068454136033571
7.068454136033571
7.068454136033571
7.068454136033571
7.068454136033571
7.068454136033571
7.068454136033571
7.068454136033571
7.068454136033571
7.068454136033571
7.068454136033571
7.068454136033571
7.068454136033571
7.068454136033571
7.068454136033571
7.068454136033571
7.068454136033571
7.068454136033571
7.068454136033571
7.068454136033571
7.068454136033571
7.068454136033571
7.068454136033571
7.068454136033571
7.068454136033571
7.068454136033571
7.068454136033571
7.068454136033571
7.068454136033571
7.068454136033571
7.068454136033571
7.068454136033571
7.068454136033571
7.068454136033571
7.068454136033571
7.068454136033571
7.068454136033571
7.068454136033571
7.068454136033571
7.068454136033571
7.068454136033571
7.068454136033571
7.068454136033571
7.068454136033571
7.068454136033571
7.068454136033571
7.068454136033571
7.068454136033571
7.068454136033571
7.068454136033571
7.068454136033571
7.068454136033571
7.068454136033571
7.068454136033571
7.068454136033571
7.068454136033571
7.068454136033571
7.068454136033571
7.068454136033571
7.068454136033571
7.068454136033571
7.068454136033571
7.068454136033571
7.068454136033571
7.068454136033571
7.068454136033571
7.068454136033571
7.068454136033571
7.068454136033571
7.068454136033571
7.068454136033571
7.068454136033571
7.068454136033571
7.068454136033571
7.068454136033571
7.068454136033571
7.068454136033571
7.068454136033571
7.068454136033571
7.068454136033571
7.068454136033571
7.068454136033571
7.068454136033571
7.068454136033571
7.068454136033571
7.068454136033571
7.068454136033571
7.068454136033571
7.068454136033571
7.068454136033571
7.068454136033571
7.068454136033571
7.068454136033571
7.068454136033571
7.068454136033571
7.068454136033571
7.068454136033571
7.068454136033571
7.068454136033571
7.068454136033571
7.068454136033571
7.068454136033571
7.068454136033571
7.068454136033571
7.068454136033571
7.068454136033571
7.068454136033571
7.068454136033571
7.068454136033571
7.068454136033571
7.068454136033571
7.068454136033571
7.068454136033571
7.068454136033571
7.068454136033571
7.068454136033571
7.068454136033571
7.068454136033571
7.068454136033571
7.068454136033571
7.068454136033571
7.068454136033571
7.068454136033571
7.068454136033571
7.068454136033571
7.068454136033571
7.068454136033571
7.068454136033571
7.068454136033571
7.068454136033571
7.068454136033571
7.068454136033571
7.068454136033571
7.068454136033571
7.068454136033571
7.068454136033571
7.068454136033571
7.068454136033571
7.068454136033571
7.068454136033571
7.068454136033571
7.068454136033571
7.068454136033571
7.068454136033571
7.068454136033571
7.068454136033571
7.068454136033571
7.068454136033571
7.068454136033571
7.068454136033571
7.068454136033571
7.068454136033571
7.068454136033571
7.068454136033571
7.068454136033571
7.068454136033571
7.068454136033571
7.068454136033571
7.068454136033571
7.068454136033571
7.068454136033571
7.068454136033571
7.068454136033571
7.068454136033571
7.068454136033571
7.068454136033571
7.068454136033571
7.068454136033571
7.068454136033571
7.068454136033571
7.068454136033571
7.068454136033571
7.068454136033571
7.068454136033571
7.068454136033571
7.068454136033571
7.068454136033571
7.068454136033571
7.068454136033571
7.068454136033571
7.068454136033571
7.068454136033571
7.068454136033571
7.068454136033571
7.068454136033571
7.068454136033571
7.068454136033571
7.068454136033571
7.068454136033571
7.068454136033571
7.068454136033571
7.068454136033571
7.068454136033571
7.068454136033571
7.068454136033571
7.068454136033571
7.068454136033571
7.068454136033571
7.068454136033571
7.068454136033571
7.068454136033571
7.068454136033571
7.068454136033571
7.068454136033571
7.068454136033571
7.068454136033571
7.068454136033571
7.068454136033571
7.068454136033571
7.068454136033571
7.068454136033571
7.068454136033571
7.068454136033571
7.068454136033571
7.068454136033571
7.068454136033571
7.068454136033571
7.068454136033571
7.068454136033571
7.068454136033571
7.068454136033571
7.068454136033571
7.068454136033571
7.068454136033571
7.068454136033571
7.068454136033571
7.068454136033571
7.068454136033571
7.068454136033571
7.068454136033571
7.068454136033571
7.068454136033571
7.068454136033571
7.068454136033571
7.068454136033571
7.068454136033571
7.068454136033571
7.068454136033571
7.068454136033571
7.068454136033571
7.068454136033571
7.068454136033571
7.068454136033571
7.068454136033571
7.068454136033571
7.068454136033571
7.068454136033571
7.068454136033571
7.068454136033571
7.068454136033571
7.068454136033571
7.068454136033571
7.068454136033571
7.068454136033571
7.068454136033571
7.068454136033571
7.068454136033571
7.068454136033571
7.068454136033571
7.068454136033571
7.068454136033571
7.068454136033571
7.068454136033571
7.068454136033571
7.068454136033571
7.068454136033571
7.068454136033571
7.068454136033571
7.068454136033571
7.068454136033571
7.068454136033571
7.068454136033571
7.068454136033571
7.068454136033571
7.068454136033571
7.068454136033571
7.068454136033571
7.068454136033571
7.068454136033571
7.068454136033571
7.068454136033571
7.068454136033571
7.068454136033571
7.068454136033571
7.068454136033571
7.068454136033571
7.068454136033571
7.068454136033571
7.068454136033571
7.068454136033571
7.068454136033571
7.068454136033571
7.068454136033571
7.068454136033571
7.068454136033571
7.068454136033571
7.068454136033571
7.068454136033571
7.068454136033571
7.068454136033571
7.068454136033571
7.068454136033571
7.068454136033571
7.068454136033571
7.068454136033571
7.068454136033571
7.068454136033571
7.068454136033571
7.068454136033571
7.068454136033571
7.068454136033571
7.068454136033571
7.068454136033571
7.068454136033571
7.068454136033571
7.068454136033571
7.068454136033571
7.068454136033571
7.068454136033571
7.068454136033571
7.068454136033571
7.068454136033571
7.068454136033571
7.068454136033571
7.068454136033571
7.068454136033571
7.068454136033571
7.068454136033571
7.068454136033571
7.068454136033571
7.068454136033571
7.068454136033571
7.068454136033571
7.068454136033571
7.068454136033571
7.068454136033571
7.068454136033571
7.068454136033571
7.068454136033571
7.068454136033571
7.068454136033571
7.068454136033571
7.068454136033571
7.068454136033571
7.068454136033571
7.068454136033571
7.068454136033571
7.068454136033571
7.068454136033571
7.068454136033571
7.068454136033571
7.068454136033571
7.068454136033571
7.068454136033571
7.068454136033571
7.068454136033571
7.068454136033571
7.068454136033571
7.068454136033571
7.068454136033571
7.068454136033571
7.068454136033571
7.068454136033571
7.068454136033571
7.068454136033571
7.068454136033571
7.068454136033571
7.068454136033571
7.068454136033571
7.068454136033571
7.068454136033571
7.068454136033571
7.068454136033571
7.068454136033571
7.068454136033571
7.068454136033571
7.068454136033571
7.068454136033571
7.068454136033571
7.068454136033571
7.068454136033571
7.068454136033571
7.068454136033571
7.068454136033571
7.068454136033571
7.068454136033571
7.068454136033571
7.068454136033571
7.068454136033571
7.068454136033571
7.068454136033571
7.068454136033571
7.068454136033571
7.068454136033571
7.068454136033571
7.068454136033571
7.068454136033571
7.068454136033571
7.068454136033571
7.068454136033571
7.068454136033571
7.068454136033571
7.068454136033571
7.068454136033571
7.068454136033571
7.068454136033571
7.068454136033571
7.068454136033571
7.068454136033571
7.068454136033571
7.068454136033571
7.068454136033571
7.068454136033571
7.068454136033571
7.068454136033571
7.068454136033571
7.068454136033571
7.068454136033571
7.068454136033571
7.068454136033571
7.068454136033571
7.068454136033571
Score: 7.068454136033571
Runtime: 743ms
