1.828394282129943E-7
6.031891670550337E-7
6.031891670550337E-7
8.498906650923858E-6
4.203461687976119E-4
4.203461687976119E-4
4.203461687976119E-4
4.203461687976119E-4
4.203461687976119E-4
0.0017445066987447722
0.007305679143842631
0.007305679143842631
0.007305679143842631
0.008340237038212042
0.010584885548597768
0.016438555384736805
0.029046795244632388
0.029046795244632388
0.029046795244632388
0.639292819520184
0.639292819520184
0.639292819520184
0.639292819520184
0.639292819520184
0.639292819520184
0.639292819520184
0.639292819520184
0.639292819520184
0.639292819520184
0.639292819520184
0.639292819520184
0.639292819520184
0.639292819520184
0.639292819520184
0.639292819520184
0.8264429602418151
0.8264429602418151
1.3151799550233578
1.3151799550233578
1.3151799550233578
1.3151799550233578
1.3151799550233578
1.3151799550233578
1.3151799550233578
1.3151799550233578
1.3151799550233578
1.3151799550233578
1.3151799550233578
1.3151799550233578
1.3151799550233578
1.3151799550233578
1.3151799550233578
1.3151799550233578
1.3151799550233578
1.3151799550233578
1.3151799550233578
1.3151799550233578
1.3151799550233578
1.3151799550233578
1.3151799550233578
1.3151799550233578
1.3151799550233578
1.3151799550233578
1.3151799550233578
1.3151799550233578
1.3151799550233578
1.3151799550233578
1.3151799550233578
1.3151799550233578
1.3151799550233578
1.3151799550233578
1.3151799550233578
1.3151799550233578
1.3151799550233578
1.3151799550233578
1.3151799550233578
1.3151799550233578
1.3151799550233578
1.3151799550233578
1.3151799550233578
1.3151799550233578
1.3151799550233578
1.3151799550233578
1.3151799550233578
1.3151799550233578
1.3151799550233578
1.4111573043794663
1.4111573043794663
1.4111573043794663
1.4111573043794663
1.4111573043794663
1.4111573043794663
1.4111573043794663
1.4111573043794663
1.4111573043794663
1.4111573043794663
1.4111573043794663
1.4111573043794663
1.4111573043794663
1.4111573043794663
1.4111573043794663
1.4111573043794663
1.6815831604999063
1.6815831604999063
1.6815831604999063
1.6815831604999063
1.6815831604999063
1.6815831604999063
1.6815831604999063
1.6815831604999063
1.6815831604999063
1.6815831604999063
1.6815831604999063
1.6815831604999063
1.6815831604999063
1.6815831604999063
1.6815831604999063
1.6815831604999063
1.6815831604999063
1.6815831604999063
1.6815831604999063
1.6815831604999063
1.6815831604999063
1.6815831604999063
1.6815831604999063
1.6815831604999063
1.6815831604999063
1.6815831604999063
1.6815831604999063
1.6815831604999063
1.6815831604999063
1.6815831604999063
1.6815831604999063
1.6815831604999063
1.6815831604999063
1.6815831604999063
1.6815831604999063
1.6815831604999063
1.6815831604999063
1.6815831604999063
1.6815831604999063
1.6815831604999063
1.6815831604999063
1.6815831604999063
1.6815831604999063
1.6815831604999063
1.6815831604999063
1.6815831604999063
1.6815831604999063
1.6815831604999063
1.6815831604999063
1.6815831604999063
1.6815831604999063
1.6815831604999063
1.6815831604999063
1.6815831604999063
1.6815831604999063
1.6815831604999063
1.6815831604999063
1.6815831604999063
1.6815831604999063
1.6815831604999063
1.6815831604999063
1.6815831604999063
1.6815831604999063
1.6815831604999063
1.6815831604999063
1.6815831604999063
1.6815831604999063
1.6815831604999063
1.6815831604999063
1.6815831604999063
1.6815831604999063
1.6815831604999063
1.6815831604999063
1.6815831604999063
1.6815831604999063
1.6815831604999063
1.6815831604999063
1.6815831604999063
1.6815831604999063
1.6815831604999063
1.6815831604999063
1.6815831604999063
1.6815831604999063
1.6815831604999063
1.6815831604999063
1.6815831604999063
1.6815831604999063
1.6815831604999063
1.6815831604999063
1.6815831604999063
1.6815831604999063
1.6815831604999063
1.6815831604999063
1.6815831604999063
1.6815831604999063
1.6815831604999063
1.6815831604999063
1.6815831604999063
1.6815831604999063
1.6815831604999063
1.6815831604999063
1.6815831604999063
1.6815831604999063
1.6815831604999063
1.6815831604999063
1.6815831604999063
1.6815831604999063
1.6815831604999063
1.6815831604999063
1.6815831604999063
1.6815831604999063
1.6815831604999063
1.6815831604999063
1.6815831604999063
1.6815831604999063
1.6815831604999063
1.6815831604999063
1.6815831604999063
1.6815831604999063
1.6815831604999063
1.6815831604999063
1.6815831604999063
1.6815831604999063
1.6815831604999063
1.6815831604999063
1.6815831604999063
1.6815831604999063
1.6815831604999063
1.6815831604999063
1.6815831604999063
1.6815831604999063
1.6815831604999063
1.6815831604999063
1.6815831604999063
1.6815831604999063
1.6815831604999063
1.6815831604999063
1.6815831604999063
1.6815831604999063
1.6815831604999063
1.6815831604999063
1.6815831604999063
1.6815831604999063
1.6815831604999063
1.6815831604999063
1.6815831604999063
1.6815831604999063
1.6815831604999063
1.6815831604999063
1.6815831604999063
1.6815831604999063
1.6815831604999063
1.6815831604999063
1.6815831604999063
1.6815831604999063
1.6815831604999063
1.6815831604999063
1.6815831604999063
1.6815831604999063
1.6815831604999063
1.6815831604999063
1.6815831604999063
1.6815831604999063
1.6815831604999063
1.6815831604999063
1.6815831604999063
1.6815831604999063
1.6815831604999063
1.6815831604999063
1.6815831604999063
1.6815831604999063
1.947590546849506
1.947590546849506
1.947590546849506
1.947590546849506
1.947590546849506
1.947590546849506
1.947590546849506
1.947590546849506
1.947590546849506
1.947590546849506
1.947590546849506
1.947590546849506
1.947590546849506
3.2991554852285283
3.475776457354909
3.475776457354909
3.475776457354909
3.475776457354909
3.475776457354909
3.475776457354909
3.475776457354909
3.475776457354909
3.475776457354909
3.475776457354909
3.475776457354909
3.475776457354909
3.475776457354909
3.475776457354909
3.475776457354909
3.475776457354909
3.475776457354909
3.475776457354909
3.584176200598553
3.584176200598553
3.584176200598553
3.584176200598553
3.584176200598553
3.751318062247304
3.975596257028076
3.975596257028076
3.975596257028076
3.975596257028076
3.975596257028076
3.975596257028076
3.975596257028076
3.99002512554297
3.99002512554297
3.99002512554297
3.99002512554297
3.99002512554297
3.99002512554297
4.461148687941946
4.461148687941946
4.895218593106414
4.895218593106414
4.895218593106414
4.895218593106414
4.895218593106414
5.415625406710054
5.415625406710054
5.415625406710054
5.415625406710054
5.415625406710054
5.415625406710054
5.415625406710054
5.415625406710054
5.415625406710054
5.415625406710054
5.415625406710054
5.415625406710054
5.415625406710054
5.415625406710054
5.415625406710054
5.415625406710054
5.415625406710054
5.415625406710054
5.415625406710054
5.415625406710054
5.812394385685035
5.812394385685035
5.812394385685035
5.812394385685035
5.812394385685035
5.812394385685035
5.812394385685035
5.812394385685035
5.812394385685035
5.814347958296274
5.814347958296274
5.814347958296274
5.9054967068315625
6.142332838619224
6.142332838619224
6.142332838619224
6.156829646583669
6.8004560447489
6.8004560447489
6.8004560447489
6.8004560447489
6.8004560447489
6.8004560447489
6.8004560447489
6.8004560447489
6.8004560447489
6.8004560447489
6.8004560447489
6.8004560447489
6.8004560447489
6.8004560447489
6.8004560447489
6.8004560447489
6.8004560447489
6.8004560447489
6.8004560447489
6.8004560447489
6.8004560447489
6.8004560447489
6.8004560447489
6.8004560447489
6.8004560447489
6.8004560447489
6.8004560447489
6.8004560447489
6.8004560447489
6.8004560447489
6.8004560447489
6.8004560447489
6.8004560447489
6.8004560447489
6.8004560447489
6.9143720473303985
6.9143720473303985
6.9143720473303985
6.9143720473303985
6.9143720473303985
6.9143720473303985
7.017912744751027
7.401507352321229
7.401507352321229
7.401507352321229
7.401507352321229
7.401507352321229
7.401507352321229
7.401507352321229
7.401507352321229
7.401507352321229
7.401507352321229
7.401507352321229
7.401507352321229
7.401507352321229
7.401507352321229
7.401507352321229
7.413238132622046
7.477671562299999
7.477671562299999
7.477671562299999
8.187878592302237
8.187878592302237
8.187878592302237
8.187878592302237
8.187878592302237
8.187878592302237
8.27747108033655
8.27747108033655
8.27747108033655
8.27747108033655
8.27747108033655
8.27747108033655
8.27747108033655
8.27747108033655
8.27747108033655
8.27747108033655
8.27747108033655
8.462090205752128
8.462090205752128
8.462090205752128
8.462090205752128
8.462090205752128
8.462090205752128
8.462090205752128
8.462090205752128
8.462090205752128
8.462090205752128
8.462090205752128
8.462090205752128
8.462090205752128
8.462090205752128
8.462090205752128
8.462090205752128
8.462090205752128
8.462090205752128
8.462090205752128
8.462090205752128
8.462090205752128
8.462090205752128
8.462090205752128
8.462090205752128
8.462090205752128
8.462090205752128
8.462090205752128
8.462090205752128
8.462090205752128
8.462090205752128
8.462090205752128
8.462090205752128
8.462090205752128
8.462090205752128
8.462090205752128
8.511901574103026
8.511901574103026
8.511901574103026
8.511901574103026
8.511901574103026
8.511901574103026
8.511901574103026
8.511901574103026
8.511901574103026
8.511901574103026
8.511901574103026
8.511901574103026
8.511901574103026
8.511901574103026
8.511901574103026
8.511901574103026
8.511901574103026
8.511901574103026
8.511901574103026
8.511901574103026
8.511901574103026
8.511901574103026
8.511901574103026
8.511901574103026
8.511901574103026
8.511901574103026
8.511901574103026
8.511901574103026
8.511901574103026
8.511901574103026
8.511901574103026
8.511901574103026
8.511901574103026
8.511901574103026
8.511901574103026
8.511901574103026
8.511901574103026
8.511901574103026
8.511901574103026
8.511901574103026
8.511901574103026
8.511901574103026
8.511901574103026
8.511901574103026
8.511901574103026
8.511901574103026
8.511901574103026
8.511901574103026
8.511901574103026
8.511901574103026
8.511901574103026
8.511901574103026
8.511901574103026
8.511901574103026
8.511901574103026
8.511901574103026
8.511901574103026
8.511901574103026
8.511901574103026
8.511901574103026
8.511901574103026
8.511901574103026
8.511901574103026
8.511901574103026
8.511901574103026
8.511901574103026
8.511901574103026
8.511901574103026
8.511901574103026
8.511901574103026
8.511901574103026
8.511901574103026
8.511901574103026
8.511901574103026
8.511901574103026
8.511901574103026
8.511901574103026
8.511901574103026
8.511901574103026
8.511901574103026
8.511901574103026
8.511901574103026
8.511901574103026
8.511901574103026
8.511901574103026
8.511901574103026
8.511901574103026
8.511901574103026
8.511901574103026
8.511901574103026
8.511901574103026
8.511901574103026
8.511901574103026
8.511901574103026
8.511901574103026
8.511901574103026
8.567448645165234
8.567448645165234
8.567448645165234
8.567448645165234
8.567448645165234
8.567448645165234
8.567448645165234
8.567448645165234
8.567448645165234
8.567448645165234
8.567448645165234
8.567448645165234
8.567448645165234
8.567448645165234
8.567448645165234
8.567448645165234
8.567448645165234
8.567448645165234
8.567448645165234
8.567448645165234
8.567448645165234
8.567448645165234
8.567448645165234
8.567448645165234
8.567448645165234
8.567448645165234
8.567448645165234
8.567448645165234
8.567448645165234
8.567448645165234
8.567448645165234
8.567448645165234
8.567448645165234
8.567448645165234
8.567448645165234
8.567448645165234
8.567448645165234
8.567448645165234
8.567448645165234
8.567448645165234
8.567448645165234
8.567448645165234
8.567448645165234
8.567448645165234
8.567448645165234
8.567448645165234
8.567448645165234
8.567448645165234
8.567448645165234
8.567448645165234
8.567448645165234
8.567448645165234
8.567448645165234
8.567448645165234
8.567448645165234
8.567448645165234
8.567448645165234
8.567448645165234
8.567448645165234
8.567448645165234
8.567448645165234
8.567448645165234
8.567448645165234
8.567448645165234
8.567448645165234
8.567448645165234
8.567448645165234
8.567448645165234
8.567448645165234
8.567448645165234
8.567448645165234
8.567448645165234
8.567448645165234
8.567448645165234
8.567448645165234
8.567448645165234
8.567448645165234
8.567448645165234
8.567448645165234
8.567448645165234
8.567448645165234
8.567448645165234
8.567448645165234
8.567448645165234
8.567448645165234
8.567448645165234
8.567448645165234
8.567448645165234
8.567448645165234
8.567448645165234
8.567448645165234
8.83499522114377
8.83499522114377
8.83499522114377
8.83499522114377
8.83499522114377
8.83499522114377
8.83499522114377
8.83499522114377
8.83499522114377
8.83499522114377
8.83499522114377
8.83499522114377
8.83499522114377
8.83499522114377
8.83499522114377
8.83499522114377
8.83499522114377
8.83499522114377
8.83499522114377
8.83499522114377
8.83499522114377
8.83499522114377
8.83499522114377
8.83499522114377
8.83499522114377
8.83499522114377
8.83499522114377
8.83499522114377
8.83499522114377
8.83499522114377
8.83499522114377
8.83499522114377
8.83499522114377
8.83499522114377
8.83499522114377
8.880010539235565
8.880010539235565
8.880010539235565
8.880010539235565
8.880010539235565
8.880010539235565
8.880010539235565
8.880010539235565
8.880010539235565
8.880010539235565
8.880010539235565
8.880010539235565
8.880010539235565
8.880010539235565
8.880010539235565
8.880010539235565
8.880010539235565
8.880010539235565
8.880010539235565
8.880010539235565
8.880010539235565
8.880010539235565
8.880010539235565
8.880010539235565
8.930916070292218
8.930916070292218
8.930916070292218
8.930916070292218
8.930916070292218
8.930916070292218
8.930916070292218
8.930916070292218
8.930916070292218
8.930916070292218
8.930916070292218
8.930916070292218
8.930916070292218
8.930916070292218
8.930916070292218
8.930916070292218
8.930916070292218
8.930916070292218
8.930916070292218
8.930916070292218
8.930916070292218
8.930916070292218
8.930916070292218
8.930916070292218
8.930916070292218
8.930916070292218
8.930916070292218
8.930916070292218
8.930916070292218
8.930916070292218
9.037423410353702
9.037423410353702
9.037423410353702
9.037423410353702
9.037423410353702
9.037423410353702
9.037423410353702
9.037423410353702
9.037423410353702
9.037423410353702
9.037423410353702
9.037423410353702
9.037423410353702
9.037423410353702
9.037423410353702
9.037423410353702
9.037423410353702
9.037423410353702
9.037423410353702
9.037423410353702
9.037423410353702
9.037423410353702
9.037423410353702
9.037423410353702
9.037423410353702
9.037423410353702
9.037423410353702
9.037423410353702
9.037423410353702
9.037423410353702
9.037423410353702
9.037423410353702
9.037423410353702
9.037423410353702
9.037423410353702
9.037423410353702
9.037423410353702
9.037423410353702
9.037423410353702
9.037423410353702
9.037423410353702
9.037423410353702
9.037423410353702
9.037423410353702
9.037423410353702
9.037423410353702
9.037423410353702
9.037423410353702
9.037423410353702
9.037423410353702
9.037423410353702
9.037423410353702
9.037423410353702
9.037423410353702
9.037423410353702
9.037423410353702
9.037423410353702
9.037423410353702
9.037423410353702
9.037423410353702
9.037423410353702
9.037423410353702
9.037423410353702
9.037423410353702
9.037423410353702
9.037423410353702
9.037423410353702
9.037423410353702
9.037423410353702
9.037423410353702
9.037423410353702
9.037423410353702
9.037423410353702
9.037423410353702
9.037423410353702
9.037423410353702
9.037423410353702
9.037423410353702
9.037423410353702
9.037423410353702
9.037423410353702
9.037423410353702
9.037423410353702
9.037423410353702
9.037423410353702
9.037423410353702
9.037423410353702
9.037423410353702
9.037423410353702
9.037423410353702
9.037423410353702
9.037423410353702
9.037423410353702
9.037423410353702
9.037423410353702
9.037423410353702
9.037423410353702
9.037423410353702
9.037423410353702
9.037423410353702
9.037423410353702
9.037423410353702
9.037423410353702
9.037423410353702
9.037423410353702
9.037423410353702
9.037423410353702
9.037423410353702
9.037423410353702
9.037423410353702
9.037423410353702
9.037423410353702
9.037423410353702
9.037423410353702
9.037423410353702
9.037423410353702
9.037423410353702
9.037423410353702
9.037423410353702
9.037423410353702
9.037423410353702
9.037423410353702
9.037423410353702
9.037423410353702
9.037423410353702
9.037423410353702
9.037423410353702
9.037423410353702
9.037423410353702
9.037423410353702
9.037423410353702
9.037423410353702
9.037423410353702
9.037423410353702
9.037423410353702
9.037423410353702
9.037423410353702
9.037423410353702
9.037423410353702
9.037423410353702
9.037423410353702
9.037423410353702
9.037423410353702
9.037423410353702
9.037423410353702
9.037423410353702
9.037423410353702
9.037423410353702
9.037423410353702
9.037423410353702
9.037423410353702
9.037423410353702
9.037423410353702
9.037423410353702
9.037423410353702
9.037423410353702
9.037423410353702
9.037423410353702
9.037423410353702
9.037423410353702
9.037423410353702
9.037423410353702
9.037423410353702
9.037423410353702
9.037423410353702
9.037423410353702
9.037423410353702
9.037423410353702
9.037423410353702
9.037423410353702
9.037423410353702
9.037423410353702
9.037423410353702
9.037423410353702
9.037423410353702
9.037423410353702
9.037423410353702
9.037423410353702
9.037423410353702
9.037423410353702
9.037423410353702
9.037423410353702
9.037423410353702
9.037423410353702
9.037423410353702
9.037423410353702
9.037423410353702
9.037423410353702
9.037423410353702
9.037423410353702
9.037423410353702
9.037423410353702
9.037423410353702
9.037423410353702
9.037423410353702
9.037423410353702
9.037423410353702
9.037423410353702
9.037423410353702
9.037423410353702
9.037423410353702
9.037423410353702
9.037423410353702
9.037423410353702
9.037423410353702
9.037423410353702
9.037423410353702
9.037423410353702
9.037423410353702
9.037423410353702
9.037423410353702
9.037423410353702
9.037423410353702
9.037423410353702
9.037423410353702
9.037423410353702
9.037423410353702
9.037423410353702
9.037423410353702
9.037423410353702
9.037423410353702
9.037423410353702
9.037423410353702
9.037423410353702
9.037423410353702
9.037423410353702
9.037423410353702
9.037423410353702
9.037423410353702
9.037423410353702
9.037423410353702
9.037423410353702
9.037423410353702
9.037423410353702
9.037423410353702
9.037423410353702
9.037423410353702
9.037423410353702
9.037423410353702
9.037423410353702
9.037423410353702
9.037423410353702
9.037423410353702
9.037423410353702
9.037423410353702
9.037423410353702
9.037423410353702
9.037423410353702
9.037423410353702
9.037423410353702
9.037423410353702
9.037423410353702
9.037423410353702
9.037423410353702
9.037423410353702
9.037423410353702
9.037423410353702
9.037423410353702
9.037423410353702
9.037423410353702
9.037423410353702
9.037423410353702
9.037423410353702
9.037423410353702
9.037423410353702
9.037423410353702
9.037423410353702
9.037423410353702
9.037423410353702
9.037423410353702
9.037423410353702
9.037423410353702
9.037423410353702
9.037423410353702
9.037423410353702
9.037423410353702
9.037423410353702
9.037423410353702
9.037423410353702
9.037423410353702
9.037423410353702
9.037423410353702
9.037423410353702
9.037423410353702
9.037423410353702
9.037423410353702
9.037423410353702
9.037423410353702
9.037423410353702
9.037423410353702
9.037423410353702
9.037423410353702
9.037423410353702
9.037423410353702
9.037423410353702
9.037423410353702
9.037423410353702
9.037423410353702
9.037423410353702
9.037423410353702
9.037423410353702
9.037423410353702
9.037423410353702
9.037423410353702
9.037423410353702
9.037423410353702
9.037423410353702
9.037423410353702
9.037423410353702
9.037423410353702
9.037423410353702
9.037423410353702
9.037423410353702
9.037423410353702
9.037423410353702
9.037423410353702
9.037423410353702
9.037423410353702
9.037423410353702
9.037423410353702
9.037423410353702
9.037423410353702
9.037423410353702
9.037423410353702
9.037423410353702
9.037423410353702
9.037423410353702
9.037423410353702
9.037423410353702
9.037423410353702
9.037423410353702
9.037423410353702
9.037423410353702
9.037423410353702
9.037423410353702
9.037423410353702
9.037423410353702
9.037423410353702
9.037423410353702
9.037423410353702
9.037423410353702
9.037423410353702
9.037423410353702
9.037423410353702
9.037423410353702
9.037423410353702
9.037423410353702
9.037423410353702
9.037423410353702
9.037423410353702
9.037423410353702
9.037423410353702
9.037423410353702
9.037423410353702
9.037423410353702
9.037423410353702
9.037423410353702
9.037423410353702
9.037423410353702
9.037423410353702
9.037423410353702
9.037423410353702
9.037423410353702
9.037423410353702
9.037423410353702
9.037423410353702
9.037423410353702
9.037423410353702
9.037423410353702
9.037423410353702
9.037423410353702
9.037423410353702
9.037423410353702
9.037423410353702
9.037423410353702
9.037423410353702
9.037423410353702
9.037423410353702
9.037423410353702
9.037423410353702
9.037423410353702
9.037423410353702
9.037423410353702
9.037423410353702
9.037423410353702
9.037423410353702
9.037423410353702
9.037423410353702
9.037423410353702
9.037423410353702
9.037423410353702
9.037423410353702
9.037423410353702
9.037423410353702
9.037423410353702
9.037423410353702
9.037423410353702
9.037423410353702
9.037423410353702
9.037423410353702
9.037423410353702
9.037423410353702
9.037423410353702
9.037423410353702
9.037423410353702
9.037423410353702
9.037423410353702
9.037423410353702
9.037423410353702
9.037423410353702
9.037423410353702
9.037423410353702
9.037423410353702
9.037423410353702
9.037423410353702
9.037423410353702
9.037423410353702
9.037423410353702
9.037423410353702
9.037423410353702
9.037423410353702
9.037423410353702
9.037423410353702
9.037423410353702
9.037423410353702
9.037423410353702
9.037423410353702
9.037423410353702
9.037423410353702
9.037423410353702
9.037423410353702
9.037423410353702
9.037423410353702
9.037423410353702
9.037423410353702
9.037423410353702
9.037423410353702
9.037423410353702
9.037423410353702
9.037423410353702
9.037423410353702
9.037423410353702
9.037423410353702
9.037423410353702
9.037423410353702
9.037423410353702
9.037423410353702
9.037423410353702
9.037423410353702
9.037423410353702
9.037423410353702
9.037423410353702
9.037423410353702
9.037423410353702
9.037423410353702
9.037423410353702
9.037423410353702
9.037423410353702
9.037423410353702
9.037423410353702
9.037423410353702
9.037423410353702
9.037423410353702
9.037423410353702
9.037423410353702
9.037423410353702
9.037423410353702
9.037423410353702
9.037423410353702
9.037423410353702
9.037423410353702
9.037423410353702
9.037423410353702
9.037423410353702
9.037423410353702
9.037423410353702
9.037423410353702
9.037423410353702
9.037423410353702
9.037423410353702
9.037423410353702
9.037423410353702
9.037423410353702
9.037423410353702
9.037423410353702
9.037423410353702
9.037423410353702
9.037423410353702
9.037423410353702
9.037423410353702
9.037423410353702
9.037423410353702
9.037423410353702
9.037423410353702
9.037423410353702
9.037423410353702
9.037423410353702
9.037423410353702
9.037423410353702
9.037423410353702
9.037423410353702
9.037423410353702
9.037423410353702
9.037423410353702
9.037423410353702
9.037423410353702
9.037423410353702
9.037423410353702
9.037423410353702
9.037423410353702
9.037423410353702
9.037423410353702
9.037423410353702
9.037423410353702
9.037423410353702
9.037423410353702
9.037423410353702
9.037423410353702
9.037423410353702
9.037423410353702
9.037423410353702
9.037423410353702
9.037423410353702
9.037423410353702
9.037423410353702
9.037423410353702
9.037423410353702
9.037423410353702
9.037423410353702
9.037423410353702
9.037423410353702
9.037423410353702
9.037423410353702
9.037423410353702
9.037423410353702
9.037423410353702
9.037423410353702
9.037423410353702
9.037423410353702
9.037423410353702
9.037423410353702
9.037423410353702
9.037423410353702
9.037423410353702
9.037423410353702
9.037423410353702
9.037423410353702
9.037423410353702
9.037423410353702
9.037423410353702
9.037423410353702
9.037423410353702
9.037423410353702
9.037423410353702
9.037423410353702
9.037423410353702
9.037423410353702
9.037423410353702
9.037423410353702
9.037423410353702
9.037423410353702
9.037423410353702
9.037423410353702
9.037423410353702
9.037423410353702
9.037423410353702
9.037423410353702
9.037423410353702
9.037423410353702
9.037423410353702
9.037423410353702
9.037423410353702
9.037423410353702
9.037423410353702
9.037423410353702
9.037423410353702
9.037423410353702
9.037423410353702
9.037423410353702
9.037423410353702
9.037423410353702
9.037423410353702
9.037423410353702
9.037423410353702
9.037423410353702
9.037423410353702
9.037423410353702
9.037423410353702
9.037423410353702
9.037423410353702
9.037423410353702
9.037423410353702
9.037423410353702
9.037423410353702
9.037423410353702
9.037423410353702
9.037423410353702
9.037423410353702
9.037423410353702
9.037423410353702
9.037423410353702
9.037423410353702
9.037423410353702
9.037423410353702
9.037423410353702
9.037423410353702
9.037423410353702
9.037423410353702
9.037423410353702
9.037423410353702
9.037423410353702
9.037423410353702
9.037423410353702
9.037423410353702
9.037423410353702
9.037423410353702
9.037423410353702
9.037423410353702
9.037423410353702
9.037423410353702
9.037423410353702
9.037423410353702
9.037423410353702
9.037423410353702
9.037423410353702
9.037423410353702
9.037423410353702
9.037423410353702
9.037423410353702
9.037423410353702
9.037423410353702
9.037423410353702
9.037423410353702
9.037423410353702
9.037423410353702
9.037423410353702
9.037423410353702
9.037423410353702
9.037423410353702
9.037423410353702
9.037423410353702
9.037423410353702
9.037423410353702
9.037423410353702
9.037423410353702
9.037423410353702
9.037423410353702
9.037423410353702
9.037423410353702
9.037423410353702
9.037423410353702
9.037423410353702
9.037423410353702
9.037423410353702
9.037423410353702
9.037423410353702
9.037423410353702
9.037423410353702
9.037423410353702
9.037423410353702
9.037423410353702
9.037423410353702
9.037423410353702
9.037423410353702
9.037423410353702
9.037423410353702
9.037423410353702
9.037423410353702
9.037423410353702
9.037423410353702
9.037423410353702
9.037423410353702
9.037423410353702
9.037423410353702
9.037423410353702
9.037423410353702
9.037423410353702
9.037423410353702
9.037423410353702
9.037423410353702
9.037423410353702
9.037423410353702
9.037423410353702
9.037423410353702
9.037423410353702
9.037423410353702
9.037423410353702
9.037423410353702
9.037423410353702
9.037423410353702
9.037423410353702
9.037423410353702
9.037423410353702
9.037423410353702
9.037423410353702
9.037423410353702
9.037423410353702
9.037423410353702
9.037423410353702
9.037423410353702
9.037423410353702
9.037423410353702
9.037423410353702
9.037423410353702
9.037423410353702
9.037423410353702
9.037423410353702
9.037423410353702
9.037423410353702
9.037423410353702
9.037423410353702
9.037423410353702
9.037423410353702
9.037423410353702
9.037423410353702
9.037423410353702
9.037423410353702
9.037423410353702
9.037423410353702
9.037423410353702
9.037423410353702
9.037423410353702
9.037423410353702
9.037423410353702
9.037423410353702
9.037423410353702
9.037423410353702
9.037423410353702
9.037423410353702
9.037423410353702
9.037423410353702
9.037423410353702
9.037423410353702
9.037423410353702
9.037423410353702
9.037423410353702
9.037423410353702
9.037423410353702
9.037423410353702
9.037423410353702
9.037423410353702
9.037423410353702
9.037423410353702
9.037423410353702
9.037423410353702
9.037423410353702
9.037423410353702
9.037423410353702
9.037423410353702
9.037423410353702
9.037423410353702
9.037423410353702
9.037423410353702
9.037423410353702
9.037423410353702
9.037423410353702
9.037423410353702
9.037423410353702
9.037423410353702
9.037423410353702
9.037423410353702
9.037423410353702
9.037423410353702
9.037423410353702
9.037423410353702
9.037423410353702
9.037423410353702
9.037423410353702
9.037423410353702
9.037423410353702
9.037423410353702
9.037423410353702
9.037423410353702
9.037423410353702
9.037423410353702
9.037423410353702
9.037423410353702
9.037423410353702
9.037423410353702
9.037423410353702
9.037423410353702
9.037423410353702
9.037423410353702
9.037423410353702
9.037423410353702
9.037423410353702
9.037423410353702
9.037423410353702
9.037423410353702
9.037423410353702
9.037423410353702
9.037423410353702
9.037423410353702
9.037423410353702
9.037423410353702
9.037423410353702
9.037423410353702
9.037423410353702
9.037423410353702
9.037423410353702
9.037423410353702
9.037423410353702
9.037423410353702
9.037423410353702
9.037423410353702
9.037423410353702
9.037423410353702
9.037423410353702
9.037423410353702
9.037423410353702
9.037423410353702
9.037423410353702
9.037423410353702
9.037423410353702
9.037423410353702
9.037423410353702
9.037423410353702
9.037423410353702
9.037423410353702
9.037423410353702
9.037423410353702
9.037423410353702
9.037423410353702
9.037423410353702
9.037423410353702
9.037423410353702
9.037423410353702
9.037423410353702
9.037423410353702
9.037423410353702
9.037423410353702
9.037423410353702
9.037423410353702
9.037423410353702
9.037423410353702
9.037423410353702
9.037423410353702
9.037423410353702
9.037423410353702
9.037423410353702
9.037423410353702
9.037423410353702
9.037423410353702
9.037423410353702
9.037423410353702
9.037423410353702
9.037423410353702
9.037423410353702
9.037423410353702
9.037423410353702
9.037423410353702
9.037423410353702
9.037423410353702
9.037423410353702
9.037423410353702
9.037423410353702
9.037423410353702
9.037423410353702
9.037423410353702
9.037423410353702
9.037423410353702
9.037423410353702
9.037423410353702
9.037423410353702
9.037423410353702
9.037423410353702
9.037423410353702
9.037423410353702
9.037423410353702
9.037423410353702
9.037423410353702
9.037423410353702
9.037423410353702
9.037423410353702
9.037423410353702
9.037423410353702
9.037423410353702
9.037423410353702
9.037423410353702
9.037423410353702
9.037423410353702
9.037423410353702
9.037423410353702
9.037423410353702
9.037423410353702
9.037423410353702
9.037423410353702
9.037423410353702
9.037423410353702
9.037423410353702
9.037423410353702
9.037423410353702
9.037423410353702
9.037423410353702
9.037423410353702
9.037423410353702
9.037423410353702
9.037423410353702
9.037423410353702
9.037423410353702
9.037423410353702
9.037423410353702
9.037423410353702
9.037423410353702
9.037423410353702
9.037423410353702
9.037423410353702
9.037423410353702
9.037423410353702
9.037423410353702
9.037423410353702
9.037423410353702
9.037423410353702
9.037423410353702
9.037423410353702
9.037423410353702
9.037423410353702
9.037423410353702
9.037423410353702
9.037423410353702
9.037423410353702
9.037423410353702
9.037423410353702
9.037423410353702
9.037423410353702
9.037423410353702
9.037423410353702
9.037423410353702
9.037423410353702
9.037423410353702
9.037423410353702
9.037423410353702
9.037423410353702
9.037423410353702
9.037423410353702
9.037423410353702
9.037423410353702
9.037423410353702
9.037423410353702
9.037423410353702
9.037423410353702
9.037423410353702
9.037423410353702
9.037423410353702
9.037423410353702
9.037423410353702
9.037423410353702
9.037423410353702
9.037423410353702
9.037423410353702
9.037423410353702
9.037423410353702
9.037423410353702
9.037423410353702
9.037423410353702
9.037423410353702
9.037423410353702
9.037423410353702
9.037423410353702
9.037423410353702
9.037423410353702
9.037423410353702
9.037423410353702
9.037423410353702
9.037423410353702
9.037423410353702
9.037423410353702
9.037423410353702
9.037423410353702
9.037423410353702
9.037423410353702
9.037423410353702
9.037423410353702
9.037423410353702
9.037423410353702
9.037423410353702
9.037423410353702
9.037423410353702
9.037423410353702
9.037423410353702
9.037423410353702
9.037423410353702
9.037423410353702
9.037423410353702
9.037423410353702
9.037423410353702
9.037423410353702
9.037423410353702
9.037423410353702
9.037423410353702
9.037423410353702
9.037423410353702
9.037423410353702
9.037423410353702
9.037423410353702
9.037423410353702
9.037423410353702
9.037423410353702
9.037423410353702
9.037423410353702
9.037423410353702
9.037423410353702
9.037423410353702
9.037423410353702
9.037423410353702
9.037423410353702
9.037423410353702
9.037423410353702
9.037423410353702
9.037423410353702
9.037423410353702
9.037423410353702
9.037423410353702
9.037423410353702
9.037423410353702
9.037423410353702
9.037423410353702
9.037423410353702
9.037423410353702
9.037423410353702
9.037423410353702
9.037423410353702
9.037423410353702
9.037423410353702
9.037423410353702
9.037423410353702
9.037423410353702
9.037423410353702
9.037423410353702
9.037423410353702
9.037423410353702
9.037423410353702
9.037423410353702
9.037423410353702
9.037423410353702
9.037423410353702
9.037423410353702
9.037423410353702
9.037423410353702
9.037423410353702
9.037423410353702
9.037423410353702
9.037423410353702
9.037423410353702
9.037423410353702
9.037423410353702
9.037423410353702
9.037423410353702
9.037423410353702
9.037423410353702
9.037423410353702
9.037423410353702
9.037423410353702
9.037423410353702
9.040013972750778
9.040013972750778
9.040013972750778
9.040013972750778
9.040013972750778
9.040013972750778
9.040013972750778
9.040013972750778
9.040013972750778
9.040013972750778
9.040013972750778
9.040013972750778
9.040013972750778
9.040013972750778
9.040013972750778
9.040013972750778
9.040013972750778
9.040013972750778
9.040013972750778
9.040013972750778
9.040013972750778
9.040013972750778
9.040013972750778
9.040013972750778
9.040013972750778
9.040013972750778
9.040013972750778
9.040013972750778
9.040013972750778
9.040013972750778
9.040013972750778
9.040013972750778
9.040013972750778
9.040013972750778
9.040013972750778
9.040013972750778
9.040013972750778
9.040013972750778
9.040013972750778
9.040013972750778
9.040013972750778
9.040013972750778
9.040013972750778
9.040013972750778
9.040013972750778
9.040013972750778
9.040013972750778
9.040013972750778
9.040013972750778
9.040013972750778
9.040013972750778
9.040013972750778
9.040013972750778
9.040013972750778
9.040013972750778
9.040013972750778
9.040013972750778
9.040013972750778
9.040013972750778
9.040013972750778
9.040013972750778
9.040013972750778
9.040013972750778
9.040013972750778
9.040013972750778
9.040013972750778
9.040013972750778
9.040013972750778
9.040013972750778
9.040013972750778
9.040013972750778
9.040013972750778
9.040013972750778
9.040013972750778
9.040013972750778
9.040013972750778
9.040013972750778
9.040013972750778
9.040013972750778
9.040013972750778
9.040013972750778
9.040013972750778
9.040013972750778
9.040013972750778
9.040013972750778
9.040013972750778
9.040013972750778
9.040013972750778
9.040013972750778
9.040013972750778
9.040013972750778
9.040013972750778
9.040013972750778
9.040013972750778
9.040013972750778
9.040013972750778
9.040013972750778
9.257118822737109
9.257118822737109
9.257118822737109
9.257118822737109
9.257118822737109
9.257118822737109
9.257118822737109
9.257118822737109
9.257118822737109
9.257118822737109
9.257118822737109
9.257118822737109
9.257118822737109
9.257118822737109
9.257118822737109
9.257118822737109
9.257118822737109
9.257118822737109
9.257118822737109
9.257118822737109
9.257118822737109
9.257118822737109
9.257118822737109
9.257118822737109
9.257118822737109
9.257118822737109
9.257118822737109
9.257118822737109
9.257118822737109
9.257118822737109
9.257118822737109
9.257118822737109
9.257118822737109
9.257118822737109
9.257118822737109
9.257118822737109
9.257118822737109
9.257118822737109
9.257118822737109
9.257118822737109
9.257118822737109
9.257118822737109
9.257118822737109
9.257118822737109
9.257118822737109
9.257118822737109
9.257118822737109
9.257118822737109
9.257118822737109
9.257118822737109
9.257118822737109
9.257118822737109
9.257118822737109
9.257118822737109
9.257118822737109
9.257118822737109
9.257118822737109
9.257118822737109
9.257118822737109
9.257118822737109
9.257118822737109
9.257118822737109
9.257118822737109
9.257118822737109
9.257118822737109
9.257118822737109
9.257118822737109
9.257118822737109
9.257118822737109
9.257118822737109
9.257118822737109
9.257118822737109
9.257118822737109
9.257118822737109
9.257118822737109
9.257118822737109
9.257118822737109
9.257118822737109
9.257118822737109
9.257118822737109
9.257118822737109
9.257118822737109
9.257118822737109
9.257118822737109
9.257118822737109
9.257118822737109
9.257118822737109
9.257118822737109
9.257118822737109
9.257118822737109
Score: 9.257118822737109
Runtime: 663ms
