7.217120811826526E-9
1.9369561344092583E-8
3.4483006127846674E-6
3.4483006127846674E-6
3.4483006127846674E-6
3.4483006127846674E-6
6.764325919318789E-4
6.764325919318789E-4
0.002280998253508828
0.002280998253508828
0.002280998253508828
0.002280998253508828
0.002280998253508828
0.002280998253508828
0.002280998253508828
0.002280998253508828
0.002280998253508828
0.002280998253508828
0.002280998253508828
0.002280998253508828
0.003331916746616113
0.003331916746616113
0.003331916746616113
0.003331916746616113
0.006143641877176483
0.00922617851877318
0.00922617851877318
0.00922617851877318
0.00922617851877318
0.011299905003798294
0.01690298301630503
0.01690298301630503
0.024771202693134913
0.05409485564512837
0.05409485564512837
0.05409485564512837
0.05409485564512837
0.05409485564512837
0.06375562262686987
0.07564784625860616
0.07564784625860616
0.07564784625860616
0.07564784625860616
0.07564784625860616
0.07564784625860616
0.07564784625860616
0.13225721289346684
0.13225721289346684
0.3072069951846874
0.3072069951846874
0.3072069951846874
0.45849828142779514
0.45849828142779514
0.45849828142779514
0.45849828142779514
0.45849828142779514
0.45849828142779514
0.4739918110978727
0.4739918110978727
0.4739918110978727
0.4739918110978727
0.4739918110978727
0.4739918110978727
0.4739918110978727
0.4739918110978727
0.4739918110978727
0.4739918110978727
0.5024947789860277
0.7344165168619725
0.7344165168619725
0.7344165168619725
0.7344165168619725
0.7344165168619725
0.7344165168619725
0.7344165168619725
0.7347033180399261
0.7347033180399261
0.8914078564198358
0.8914078564198358
0.8914078564198358
0.973904278552168
0.973904278552168
0.973904278552168
1.1602312862528155
2.868178747579742
2.868178747579742
2.868178747579742
2.868178747579742
2.868178747579742
3.1641148807895627
3.1641148807895627
3.1641148807895627
3.1641148807895627
3.1641148807895627
3.1641148807895627
3.1641148807895627
3.1641148807895627
3.1641148807895627
4.09410326821041
4.09410326821041
4.09410326821041
4.09410326821041
4.09410326821041
4.09410326821041
4.09410326821041
4.09410326821041
4.09410326821041
4.09410326821041
4.09410326821041
4.09410326821041
4.09410326821041
4.09410326821041
4.09410326821041
4.09410326821041
4.09410326821041
4.09410326821041
4.09410326821041
4.947908589061212
4.947908589061212
4.947908589061212
4.947908589061212
4.947908589061212
4.947908589061212
4.947908589061212
4.947908589061212
4.947908589061212
4.947908589061212
4.947908589061212
4.947908589061212
4.947908589061212
4.947908589061212
4.961717323170432
4.961717323170432
6.011140646000176
6.011140646000176
6.011140646000176
6.011140646000176
6.011140646000176
6.011140646000176
6.011140646000176
6.011140646000176
6.011140646000176
6.011140646000176
6.011140646000176
6.011140646000176
6.011140646000176
6.011140646000176
6.011140646000176
6.011140646000176
6.011140646000176
6.306917892844986
6.306917892844986
6.306917892844986
6.306917892844986
6.306917892844986
6.306917892844986
6.306917892844986
6.306917892844986
6.306917892844986
6.306917892844986
6.306917892844986
6.306917892844986
6.306917892844986
6.306917892844986
6.306917892844986
6.306917892844986
6.306917892844986
6.306917892844986
6.306917892844986
6.306917892844986
6.306917892844986
6.306917892844986
6.306917892844986
6.306917892844986
6.306917892844986
6.306917892844986
6.306917892844986
6.306917892844986
6.306917892844986
6.306917892844986
6.306917892844986
6.306917892844986
6.306917892844986
6.548765889351915
6.548765889351915
6.548765889351915
6.548765889351915
6.548765889351915
6.548765889351915
6.804635665805504
6.804635665805504
6.804635665805504
6.804635665805504
6.804635665805504
6.804635665805504
6.804635665805504
7.250655543371916
7.250655543371916
7.250655543371916
7.250655543371916
7.250655543371916
8.01181369840021
8.01181369840021
8.01181369840021
8.01181369840021
8.01181369840021
8.01181369840021
8.01181369840021
8.01181369840021
8.01181369840021
8.01181369840021
8.01181369840021
8.01181369840021
8.01181369840021
8.01181369840021
8.01181369840021
8.01181369840021
8.01181369840021
8.01181369840021
8.01181369840021
8.01181369840021
8.01181369840021
8.01181369840021
8.01181369840021
8.01181369840021
8.01181369840021
8.01181369840021
8.01181369840021
8.01181369840021
8.01181369840021
8.01181369840021
8.01181369840021
8.01181369840021
8.01181369840021
8.01181369840021
8.01181369840021
8.410510317729727
8.410510317729727
8.410510317729727
8.410510317729727
8.410510317729727
8.410510317729727
8.410510317729727
8.410510317729727
8.410510317729727
8.410510317729727
8.410510317729727
8.410510317729727
8.410510317729727
8.410510317729727
8.410510317729727
8.410510317729727
8.410510317729727
8.410510317729727
8.410510317729727
8.410510317729727
8.410510317729727
8.410510317729727
8.410510317729727
8.410510317729727
8.410510317729727
8.410510317729727
8.410510317729727
8.410510317729727
8.480627671768323
8.480627671768323
8.480627671768323
8.480627671768323
8.480627671768323
8.480627671768323
8.480627671768323
8.480627671768323
8.480627671768323
8.480627671768323
8.480627671768323
8.480627671768323
8.480627671768323
8.480627671768323
8.480627671768323
8.480627671768323
8.480627671768323
8.480627671768323
8.480627671768323
8.480627671768323
8.480627671768323
8.480627671768323
8.480627671768323
8.480627671768323
8.480627671768323
8.480627671768323
8.480627671768323
8.480627671768323
8.503625844181792
8.870385062656714
8.870385062656714
8.870385062656714
8.870385062656714
8.870385062656714
8.870385062656714
8.870385062656714
8.870385062656714
8.870385062656714
8.870385062656714
8.870385062656714
8.870385062656714
8.870385062656714
8.870385062656714
8.870385062656714
8.870385062656714
8.870385062656714
8.870385062656714
8.870385062656714
8.870385062656714
8.870385062656714
8.870385062656714
8.870385062656714
8.870385062656714
8.870385062656714
8.870385062656714
8.870385062656714
8.870385062656714
8.870385062656714
8.870385062656714
8.870385062656714
8.870385062656714
8.870385062656714
8.870385062656714
8.870385062656714
8.870385062656714
8.870385062656714
8.870385062656714
8.870385062656714
9.165926427389675
9.165926427389675
9.165926427389675
9.165926427389675
9.165926427389675
9.165926427389675
9.165926427389675
9.165926427389675
9.165926427389675
9.165926427389675
9.165926427389675
9.165926427389675
9.165926427389675
9.165926427389675
9.165926427389675
9.165926427389675
9.165926427389675
9.165926427389675
9.165926427389675
9.165926427389675
9.165926427389675
9.165926427389675
9.405376418569372
9.405376418569372
9.405376418569372
9.405376418569372
9.405376418569372
9.405376418569372
9.405376418569372
9.405376418569372
9.405376418569372
9.405376418569372
9.405376418569372
9.405376418569372
9.405376418569372
9.405376418569372
9.405376418569372
9.405376418569372
9.405376418569372
9.405376418569372
9.530847098280027
9.530847098280027
9.530847098280027
9.530847098280027
9.530847098280027
9.530847098280027
9.530847098280027
9.530847098280027
9.530847098280027
9.530847098280027
9.530847098280027
9.530847098280027
9.530847098280027
9.530847098280027
9.530847098280027
9.530847098280027
9.530847098280027
9.530847098280027
9.530847098280027
9.530847098280027
9.530847098280027
9.530847098280027
9.530847098280027
9.530847098280027
9.530847098280027
9.530847098280027
9.530847098280027
9.530847098280027
9.530847098280027
9.530847098280027
9.530847098280027
9.530847098280027
9.530847098280027
9.530847098280027
9.530847098280027
9.530847098280027
9.530847098280027
9.530847098280027
9.530847098280027
9.530847098280027
9.530847098280027
9.530847098280027
9.530847098280027
9.530847098280027
9.530847098280027
9.530847098280027
9.530847098280027
9.530847098280027
9.530847098280027
9.530847098280027
9.530847098280027
9.535587138036012
9.535587138036012
9.535587138036012
9.535587138036012
9.535587138036012
9.535587138036012
9.535587138036012
9.535587138036012
9.535587138036012
9.535587138036012
9.535587138036012
9.535587138036012
9.535587138036012
9.535587138036012
9.535587138036012
9.535587138036012
9.535587138036012
9.535587138036012
9.535587138036012
9.535587138036012
9.535587138036012
9.535587138036012
9.535587138036012
9.535587138036012
9.535587138036012
9.538829674011863
9.538829674011863
9.538829674011863
9.538829674011863
9.538829674011863
9.538829674011863
9.538829674011863
9.538829674011863
9.538829674011863
9.580941671478403
9.580941671478403
9.580941671478403
9.580941671478403
9.580941671478403
9.580941671478403
9.60035473159915
9.60035473159915
9.60035473159915
9.60035473159915
9.60035473159915
9.60035473159915
9.60035473159915
9.60035473159915
9.63318078270777
9.63318078270777
9.63318078270777
9.63318078270777
9.63318078270777
9.63318078270777
9.63318078270777
9.63318078270777
9.652665747483859
9.652665747483859
9.652665747483859
9.652665747483859
9.652665747483859
9.652665747483859
9.652665747483859
9.652665747483859
9.652665747483859
9.652665747483859
9.652665747483859
9.652665747483859
9.662039878259902
9.662039878259902
9.686701053387326
9.686701053387326
9.686701053387326
9.73119226529737
9.73119226529737
9.73119226529737
9.73119226529737
9.73119226529737
9.73119226529737
9.73119226529737
9.73119226529737
9.73119226529737
9.73119226529737
9.73119226529737
9.73119226529737
9.73119226529737
9.74448077747533
9.74448077747533
9.74448077747533
9.74448077747533
9.74448077747533
9.74448077747533
9.746547745616606
9.761649795096744
9.761649795096744
9.761649795096744
9.761649795096744
9.761649795096744
9.820001979923404
9.820001979923404
9.820001979923404
9.820001979923404
9.820001979923404
9.820001979923404
9.820001979923404
9.820001979923404
9.820001979923404
9.84960704920756
9.84960704920756
9.84960704920756
9.84960704920756
9.84960704920756
9.84960704920756
9.84960704920756
9.84960704920756
9.872767633777919
9.872767633777919
9.872767633777919
9.872767633777919
9.872767633777919
9.872767633777919
9.872767633777919
9.872767633777919
9.872767633777919
9.872767633777919
9.872767633777919
9.872767633777919
9.872767633777919
9.872767633777919
9.872767633777919
9.872767633777919
9.872767633777919
9.872767633777919
9.872767633777919
9.872767633777919
9.872767633777919
9.872767633777919
9.872767633777919
9.872767633777919
9.872767633777919
9.872767633777919
9.872767633777919
9.872767633777919
9.872767633777919
9.872767633777919
9.872767633777919
9.872767633777919
9.872767633777919
9.872767633777919
9.872767633777919
9.872767633777919
9.872767633777919
9.872767633777919
9.872767633777919
9.872767633777919
9.872767633777919
9.872767633777919
9.872767633777919
9.872767633777919
9.872767633777919
9.872767633777919
9.872767633777919
9.872767633777919
9.872767633777919
9.872767633777919
9.872767633777919
9.872767633777919
9.872767633777919
9.872767633777919
9.872767633777919
9.872767633777919
9.872767633777919
9.873443837812424
9.873443837812424
9.873443837812424
9.873443837812424
9.873443837812424
9.873443837812424
9.873443837812424
9.873443837812424
9.873443837812424
9.873443837812424
9.873443837812424
9.873443837812424
9.87766523818563
9.87766523818563
9.87766523818563
9.87766523818563
9.87766523818563
9.87766523818563
9.87766523818563
9.87766523818563
9.87766523818563
9.895691651421892
9.895691651421892
9.895691651421892
9.895691651421892
9.895691651421892
9.895691651421892
9.895691651421892
9.895691651421892
9.895691651421892
9.895691651421892
9.895691651421892
9.895691651421892
9.895691651421892
9.895691651421892
9.895691651421892
9.895691651421892
9.895691651421892
9.895691651421892
9.895691651421892
9.895691651421892
9.895691651421892
9.895691651421892
9.895691651421892
9.895691651421892
9.895691651421892
9.895691651421892
9.895691651421892
9.895691651421892
9.895691651421892
9.895691651421892
9.900614003018172
9.900614003018172
9.900614003018172
9.900614003018172
9.900614003018172
9.900614003018172
9.900614003018172
9.900614003018172
9.900614003018172
9.900614003018172
9.900614003018172
9.913357716511316
9.913357716511316
9.913357716511316
9.913357716511316
9.913357716511316
9.913357716511316
9.913357716511316
9.913357716511316
9.913357716511316
9.913357716511316
9.913357716511316
9.913357716511316
9.913357716511316
9.913357716511316
9.913357716511316
9.913357716511316
9.913357716511316
9.913357716511316
9.913357716511316
9.913357716511316
9.913357716511316
9.913357716511316
9.913357716511316
9.913357716511316
9.913357716511316
9.913357716511316
9.913357716511316
9.913357716511316
9.913357716511316
9.913357716511316
9.916111075025729
9.916111075025729
9.916111075025729
9.916111075025729
9.922601234181698
9.94579462602865
9.94579462602865
9.94579462602865
9.94579462602865
9.94579462602865
9.94579462602865
9.94579462602865
9.94579462602865
9.94579462602865
9.94579462602865
9.94579462602865
9.94579462602865
9.94579462602865
9.94579462602865
9.94579462602865
9.94579462602865
9.94579462602865
9.94579462602865
9.94579462602865
9.94579462602865
9.94579462602865
9.94579462602865
9.94579462602865
9.94579462602865
9.94579462602865
9.94579462602865
9.94579462602865
9.94579462602865
9.94579462602865
9.94579462602865
9.94579462602865
9.94579462602865
9.94579462602865
9.94579462602865
9.94579462602865
9.94579462602865
9.94579462602865
9.94579462602865
9.94579462602865
9.94579462602865
9.94579462602865
9.94579462602865
9.94579462602865
9.94579462602865
9.94579462602865
9.94579462602865
9.94579462602865
9.94579462602865
9.94579462602865
9.94579462602865
9.94579462602865
9.94579462602865
9.94579462602865
9.94579462602865
9.94579462602865
9.94579462602865
9.94579462602865
9.94579462602865
9.94579462602865
9.94579462602865
9.94579462602865
9.94579462602865
9.94579462602865
9.94579462602865
9.94579462602865
9.94579462602865
9.94579462602865
9.94579462602865
9.94579462602865
9.94579462602865
9.94579462602865
9.94579462602865
9.94579462602865
9.951335783408108
9.951335783408108
9.951335783408108
9.951335783408108
9.951335783408108
9.951335783408108
9.951335783408108
9.951335783408108
9.951335783408108
9.951335783408108
9.951335783408108
9.951335783408108
9.951335783408108
9.951335783408108
9.951335783408108
9.951335783408108
9.951335783408108
9.951335783408108
9.951335783408108
9.951335783408108
9.951335783408108
9.951335783408108
9.952414855408207
9.952414855408207
9.952414855408207
9.952414855408207
9.952414855408207
9.952414855408207
9.952414855408207
9.952414855408207
9.952414855408207
9.952414855408207
9.952414855408207
9.952414855408207
9.952414855408207
9.952414855408207
9.952414855408207
9.952414855408207
9.952414855408207
9.952414855408207
9.952414855408207
9.952414855408207
9.952414855408207
9.952414855408207
9.952414855408207
9.956031491713874
9.956031491713874
9.956031491713874
9.956031491713874
9.956031491713874
9.956031491713874
9.956031491713874
9.956031491713874
9.956031491713874
9.956031491713874
9.956031491713874
9.956031491713874
9.956031491713874
9.956031491713874
9.956031491713874
9.956031491713874
9.956031491713874
9.956031491713874
9.956031491713874
9.956031491713874
9.956031491713874
9.956031491713874
9.956031491713874
9.956031491713874
9.956031491713874
9.956031491713874
9.95931930829604
9.95931930829604
9.966053196300189
9.966053196300189
9.966053196300189
9.966053196300189
9.966053196300189
9.966053196300189
9.966053196300189
9.966053196300189
9.966053196300189
9.966053196300189
9.966053196300189
9.966053196300189
9.966053196300189
9.966053196300189
9.966053196300189
9.966053196300189
9.966053196300189
9.966053196300189
9.966053196300189
9.966053196300189
9.966053196300189
9.966053196300189
9.966053196300189
9.966053196300189
9.966053196300189
9.966053196300189
9.966053196300189
9.966053196300189
9.966053196300189
9.966053196300189
9.966053196300189
9.966053196300189
9.966053196300189
9.966053196300189
9.966053196300189
9.966053196300189
9.966053196300189
9.966053196300189
9.966053196300189
9.966053196300189
9.966053196300189
9.966053196300189
9.966053196300189
9.966053196300189
9.966053196300189
9.966053196300189
9.966053196300189
9.966053196300189
9.966053196300189
9.966053196300189
9.966053196300189
9.966053196300189
9.966053196300189
9.966053196300189
9.966053196300189
9.966053196300189
9.966053196300189
9.966053196300189
9.966053196300189
9.966053196300189
9.966053196300189
9.966053196300189
9.966053196300189
9.966053196300189
9.966053196300189
9.969821549424408
9.969821549424408
9.969821549424408
9.969821549424408
9.969821549424408
9.970767456128428
9.970767456128428
9.970767456128428
9.970767456128428
9.970767456128428
9.970767456128428
9.970767456128428
9.970767456128428
9.970767456128428
9.970767456128428
9.970767456128428
9.970767456128428
9.970767456128428
9.970767456128428
9.970767456128428
9.970767456128428
9.970767456128428
9.971265550502327
9.971265550502327
9.974423503756055
9.974423503756055
9.976034298931806
9.976034298931806
9.976034298931806
9.976034298931806
9.976034298931806
9.976034298931806
9.980525760492574
9.980525760492574
9.980525760492574
9.980525760492574
9.980525760492574
9.980525760492574
9.980525760492574
9.980525760492574
9.980525760492574
9.980525760492574
9.980525760492574
9.980525760492574
9.980525760492574
9.980525760492574
9.980525760492574
9.980525760492574
9.980525760492574
9.980525760492574
9.980525760492574
9.980525760492574
9.980525760492574
9.980525760492574
9.980525760492574
9.980525760492574
9.980525760492574
9.980525760492574
9.980525760492574
9.980525760492574
9.980525760492574
9.980525760492574
9.980525760492574
9.980525760492574
9.980525760492574
9.980819913719879
9.980819913719879
9.980819913719879
9.980819913719879
9.980819913719879
9.980819913719879
9.980819913719879
9.980819913719879
9.980819913719879
9.980819913719879
9.980819913719879
9.980819913719879
9.980819913719879
9.980819913719879
9.980819913719879
9.980819913719879
9.980819913719879
9.980819913719879
9.980819913719879
9.980819913719879
9.981887921091023
9.981887921091023
9.981887921091023
9.981887921091023
9.981887921091023
9.981887921091023
9.981887921091023
9.981887921091023
9.981887921091023
9.981887921091023
9.981887921091023
9.981887921091023
9.981887921091023
9.981887921091023
9.981887921091023
9.981887921091023
9.981887921091023
9.981887921091023
9.981887921091023
9.981887921091023
9.981887921091023
9.981887921091023
9.981887921091023
9.981887921091023
9.981887921091023
9.981887921091023
9.981887921091023
9.981887921091023
9.981887921091023
9.981887921091023
9.981887921091023
9.981887921091023
9.981887921091023
9.981887921091023
9.981887921091023
9.981887921091023
9.981887921091023
9.981887921091023
9.981887921091023
9.981887921091023
9.982711321255014
9.982711321255014
9.98474955639066
9.98474955639066
9.98474955639066
9.98474955639066
9.98474955639066
9.98474955639066
9.98474955639066
9.98474955639066
9.98474955639066
9.98474955639066
9.98474955639066
9.98474955639066
9.98474955639066
9.98474955639066
9.98474955639066
9.98474955639066
9.98474955639066
9.98474955639066
9.98474955639066
9.98474955639066
9.98474955639066
9.98474955639066
9.98474955639066
9.98474955639066
9.98474955639066
9.98474955639066
9.98474955639066
9.98474955639066
9.98474955639066
9.98474955639066
9.98474955639066
9.98474955639066
9.98474955639066
9.98474955639066
9.98474955639066
9.98474955639066
9.98474955639066
9.98474955639066
9.98474955639066
9.98474955639066
9.98474955639066
9.98474955639066
9.98474955639066
9.98474955639066
9.98474955639066
9.98474955639066
9.98474955639066
9.98474955639066
9.98474955639066
9.98474955639066
9.98474955639066
9.98474955639066
9.98474955639066
9.98474955639066
9.98474955639066
9.98474955639066
9.98474955639066
9.985957612135488
9.985957612135488
9.985957612135488
9.985957612135488
9.985957612135488
9.985957612135488
9.985957612135488
9.985957612135488
9.985957612135488
9.985957612135488
9.985957612135488
9.985957612135488
9.985957612135488
9.985957612135488
9.98669233826633
9.98669233826633
9.98669233826633
9.98669233826633
9.98669233826633
9.98669233826633
9.98669233826633
9.98669233826633
9.98669233826633
9.98669233826633
9.98669233826633
9.98669233826633
9.98669233826633
9.98669233826633
9.98669233826633
9.98669233826633
9.98669233826633
9.98669233826633
9.98669233826633
9.98669233826633
9.98669233826633
9.98669233826633
9.98669233826633
9.98669233826633
9.98669233826633
9.98669233826633
9.98669233826633
9.98669233826633
9.98669233826633
9.98669233826633
9.98669233826633
9.98669233826633
9.98669233826633
9.98669233826633
9.98669233826633
9.986836439015061
9.986836439015061
9.986836439015061
9.986836439015061
9.986836439015061
9.986836439015061
9.986836439015061
9.986836439015061
9.986836439015061
9.986836439015061
9.986836439015061
9.987131362352374
9.987131362352374
9.987131362352374
9.987131362352374
9.987131362352374
9.987131362352374
9.987131362352374
9.987131362352374
9.988027854034002
9.988027854034002
9.988027854034002
9.988027854034002
9.988027854034002
9.988027854034002
9.988027854034002
9.988027854034002
9.988027854034002
9.988027854034002
9.988027854034002
9.988027854034002
9.988027854034002
9.988027854034002
9.988027854034002
9.988027854034002
9.988027854034002
9.988027854034002
9.988027854034002
9.988027854034002
9.988027854034002
9.988027854034002
9.988027854034002
9.988027854034002
9.988027854034002
9.988027854034002
9.988027854034002
9.988027854034002
9.988027854034002
9.988027854034002
9.988027854034002
9.988027854034002
9.988027854034002
9.988027854034002
9.988098508873545
9.988098508873545
9.988098508873545
9.988098508873545
9.988098508873545
9.988098508873545
9.988217209637673
9.988217209637673
9.988607035720957
9.988607035720957
9.989405355634958
9.989405355634958
9.989405355634958
9.989405355634958
9.989405355634958
9.989405355634958
9.989405355634958
9.989405355634958
9.989405355634958
9.989405355634958
9.989518790109024
9.989829712175284
9.989829712175284
9.989829712175284
9.989829712175284
9.989829712175284
9.989829712175284
9.989829712175284
9.989829712175284
9.989829712175284
9.989829712175284
9.989829712175284
9.990061422158362
9.990061422158362
9.990095490066858
9.990461732000485
9.990461732000485
9.990461732000485
9.990461732000485
9.990461732000485
9.990461732000485
9.990461732000485
9.990704050282988
9.990704050282988
9.991039962567392
9.991039962567392
9.991086327362162
9.991086327362162
9.991086327362162
9.991125239875302
9.991125239875302
9.991125239875302
9.991125239875302
9.991125239875302
9.991125239875302
9.991125239875302
9.991125239875302
9.991125239875302
9.991125239875302
9.991194129359538
9.991194129359538
9.991194129359538
9.991194129359538
9.991194129359538
9.991194129359538
9.991194129359538
9.991194129359538
9.991194129359538
9.991194129359538
9.991256341624306
9.991256341624306
9.991256341624306
9.991363851529606
9.991363851529606
9.991363851529606
9.991363851529606
9.991736959960743
9.991736959960743
9.991736959960743
9.991736959960743
9.991736959960743
9.991736959960743
9.991736959960743
9.991941770617299
9.991941770617299
9.991941770617299
9.991941770617299
9.991941770617299
9.991941770617299
9.991941770617299
9.991941770617299
9.991941770617299
9.991941770617299
9.991941770617299
9.991941770617299
9.991941770617299
9.991943835988696
9.991943835988696
9.991943835988696
9.991943835988696
9.991943835988696
9.991943835988696
9.991943835988696
9.991943835988696
9.991943835988696
9.991943835988696
9.991943835988696
9.991943835988696
9.991943835988696
9.991943835988696
9.991943835988696
9.992022814410342
9.992022814410342
9.992022814410342
9.992022814410342
9.992022814410342
9.992022814410342
9.992022814410342
9.992022814410342
9.992022814410342
9.992022814410342
9.992022814410342
9.992022814410342
9.992022814410342
9.992022814410342
9.992022814410342
9.992022814410342
9.992022814410342
9.992022814410342
9.992022814410342
9.992022814410342
9.992022814410342
9.992022814410342
9.992022814410342
9.992022814410342
9.99203249048621
9.99203249048621
9.99203249048621
9.99203249048621
9.99203249048621
9.99203249048621
9.99203249048621
9.99203249048621
9.99203249048621
9.992080113523919
9.992080113523919
9.992080113523919
9.992080113523919
9.992080113523919
9.992080113523919
9.992080113523919
9.992080113523919
9.992080113523919
9.992080113523919
9.992080113523919
9.992080113523919
9.992080113523919
9.992080113523919
9.992080113523919
9.99208672395062
9.99208672395062
9.99208672395062
9.99208672395062
9.99208672395062
9.99208672395062
9.99208672395062
9.99208672395062
9.99208672395062
9.99208672395062
9.99208672395062
9.992113161994075
9.992113161994075
9.992113161994075
9.992113161994075
9.992113161994075
9.992113161994075
9.992113161994075
9.992113161994075
9.992113161994075
9.992113161994075
9.992113161994075
9.992113161994075
9.992113161994075
9.992113161994075
9.992113161994075
9.992113161994075
9.992113161994075
9.992113161994075
9.992113161994075
9.992113161994075
9.992113161994075
9.992113161994075
9.992113161994075
9.992113161994075
9.992113161994075
9.992113161994075
9.992113161994075
9.992113161994075
9.992113161994075
9.992113161994075
9.992113161994075
9.992113161994075
9.992113161994075
9.992113161994075
9.992113161994075
9.992113161994075
9.992113161994075
9.992113161994075
9.992113161994075
9.992113161994075
9.992113161994075
9.992113161994075
9.9921491161335
9.9921491161335
9.9921491161335
9.9921491161335
9.9921491161335
9.9921491161335
9.9921491161335
9.9921491161335
9.9921491161335
9.9921491161335
9.9921491161335
9.9921491161335
9.9921491161335
9.9921491161335
9.9921491161335
9.9921491161335
9.9921491161335
9.9921491161335
9.9921491161335
9.9921491161335
9.9921491161335
9.9921491161335
9.9921491161335
9.9921491161335
9.9921491161335
9.9921491161335
9.9921491161335
9.9921491161335
9.9921491161335
9.9921491161335
9.9921491161335
9.9921491161335
9.9921491161335
9.9921491161335
9.9921491161335
9.992150246825911
9.992160143506755
9.992160143506755
9.992160143506755
9.992160143506755
9.992160143506755
9.992160143506755
9.992160143506755
9.992160143506755
9.992160143506755
9.992160143506755
9.992160143506755
9.992160143506755
9.992160143506755
9.992160143506755
9.992160143506755
9.992160143506755
9.992160143506755
9.992160143506755
9.992160143506755
9.992160143506755
9.992160143506755
9.992160143506755
9.992160143506755
9.992160143506755
9.992160143506755
9.992160143506755
9.992160143506755
9.992160143506755
9.992160143506755
9.992160143506755
9.992160143506755
9.992160143506755
9.992160143506755
9.992160143506755
9.992160143506755
9.992160143506755
9.992160143506755
9.992160143506755
9.992160143506755
9.992160143506755
9.992160143506755
9.992160143506755
9.992160143506755
9.992160143506755
9.992160143506755
9.992160143506755
9.992160143506755
9.992160143506755
9.992174207246713
9.992174207246713
9.992174207246713
9.992174207246713
9.992174207246713
9.992174207246713
9.992174207246713
9.992174207246713
9.992174207246713
9.992174207246713
9.992174207246713
9.992174207246713
9.992174207246713
9.992174207246713
9.992174207246713
9.992174207246713
9.992174207246713
9.992174207246713
9.992174207246713
9.992174207246713
9.992174207246713
9.992174207246713
9.992174207246713
9.992174207246713
9.992174207246713
9.992174207246713
9.992174207246713
9.992174207246713
9.992174207246713
9.992174207246713
9.992174207246713
9.992174207246713
9.992174207246713
9.992174207246713
9.992174207246713
9.992174207246713
9.992174207246713
9.992174207246713
9.992174207246713
9.992174207246713
9.992174207246713
9.992174207246713
9.992174207246713
9.992174207246713
9.992174207246713
9.992174207246713
9.992174207246713
9.992174207246713
9.992174207246713
9.992174207246713
9.992174207246713
9.992174207246713
9.992174207246713
9.992174207246713
9.992174207246713
9.992174207246713
9.992174207246713
9.992174207246713
9.992174207246713
9.992174207246713
9.992174207246713
9.992174207246713
9.992174207246713
9.992174207246713
9.992174207246713
9.992174207246713
9.992174207246713
9.992174207246713
9.992174207246713
9.992179537058014
9.992179537058014
9.992179537058014
9.992179537058014
9.992179537058014
9.992179537058014
9.992179537058014
9.99218186514619
9.99218186514619
9.99218186514619
9.99218186514619
9.99218186514619
9.99218186514619
9.99218186514619
9.99218186514619
9.99218186514619
9.99218186514619
9.99218186514619
9.99218186514619
9.99218186514619
9.99218186514619
9.99218186514619
9.99218186514619
9.99218186514619
9.99218186514619
9.99218186514619
9.99218186514619
9.99218186514619
9.99218186514619
9.99218186514619
9.99218186514619
9.99218186514619
9.99218186514619
9.99218186514619
9.99218186514619
9.99218186514619
9.99218186514619
9.99218186514619
9.99218186514619
9.99218186514619
9.99218186514619
9.99218186514619
9.99218186514619
9.99218186514619
9.99218186514619
9.99218186514619
9.99218186514619
9.99218186514619
9.99218186514619
9.99218186514619
9.99218186514619
9.99218186514619
9.99218186514619
9.99218186514619
9.99218186514619
9.99218186514619
9.99218186514619
9.99218186514619
9.99218186514619
9.99218186514619
9.99218186514619
9.99218186514619
9.99218186514619
9.99218186514619
9.99218186514619
9.99218186514619
9.99218186514619
9.99218186514619
9.99218186514619
9.99218186514619
9.99218186514619
9.99218186514619
9.99218186514619
9.99218186514619
9.99218186514619
9.99218186514619
9.99218186514619
9.99218186514619
9.99218186514619
9.99218186514619
9.99218186514619
9.99218186514619
9.99218186514619
9.99218186514619
9.99218186514619
9.99218186514619
9.99218186514619
9.99218186514619
9.99218186514619
9.99218186514619
9.99218186514619
9.99218186514619
9.99218186514619
9.99218186514619
9.99218186514619
9.99218186514619
9.99218186514619
9.99218186514619
9.99218186514619
9.99218186514619
9.99218186514619
9.99218186514619
9.99218186514619
9.99218186514619
9.99218186514619
9.99218186514619
9.99218186514619
9.99218186514619
9.99218186514619
9.99218186514619
9.99218186514619
9.99218186514619
9.99218186514619
9.99218186514619
9.99218186514619
9.99218186514619
9.99218186514619
9.99218186514619
9.99218186514619
9.99218186514619
9.99218186514619
9.99218186514619
9.99218186514619
9.99218186514619
9.99218186514619
9.99218186514619
9.99218186514619
9.99218186514619
9.99218186514619
9.99218186514619
9.99218186514619
9.99218186514619
9.99218186514619
9.99218186514619
9.99218186514619
9.99218186514619
9.99218186514619
9.99218186514619
9.99218186514619
9.99218186514619
9.99218186514619
9.99218186514619
9.99218186514619
9.99218186514619
9.99218186514619
9.99218186514619
9.99218186514619
9.99218186514619
9.99218186514619
9.99218186514619
9.99218186514619
9.99218186514619
9.99218186514619
9.99218186514619
9.99218186514619
9.99218186514619
9.99218186514619
9.99218186514619
9.99218186514619
9.99218186514619
9.99218186514619
9.992184028815434
9.992184028815434
9.992184028815434
9.992184028815434
9.992184028815434
9.992184028815434
9.992184028815434
9.992184028815434
9.992184028815434
9.992184028815434
9.992184028815434
9.992184028815434
9.992184028815434
9.992184028815434
9.992184028815434
9.992184028815434
9.992184028815434
9.992184028815434
9.992184028815434
9.992184028815434
9.992184028815434
9.992184028815434
9.992184028815434
9.992184028815434
9.992184028815434
9.992184028815434
9.992184028815434
9.992184028815434
9.992184028815434
9.992184028815434
9.992184028815434
9.992184028815434
9.992184028815434
9.992184028815434
9.992184028815434
9.992184028815434
9.992184028815434
9.992184028815434
9.992184028815434
9.992184028815434
9.992184028815434
9.992184028815434
9.992184028815434
9.992184028815434
9.992184028815434
9.992184028815434
9.992184028815434
9.992184028815434
9.992184028815434
9.992184028815434
9.992184028815434
9.992184028815434
9.992184028815434
9.992184028815434
9.992184028815434
9.992184028815434
9.992184028815434
9.992184028815434
9.992184028815434
9.992184028815434
9.992184028815434
9.992184028815434
9.992184028815434
9.992184028815434
9.992184028815434
9.992184028815434
9.992184028815434
9.992184028815434
9.992184028815434
9.992184028815434
9.992184028815434
9.992184028815434
9.992184028815434
9.992184028815434
9.992184028815434
9.992184028815434
9.992184028815434
9.992184028815434
9.992184028815434
9.992184028815434
9.992184028815434
9.992184028815434
9.992184028815434
9.992184028815434
9.992184028815434
9.992184028815434
9.992184028815434
9.992184028815434
9.992184028815434
9.992184028815434
9.992184028815434
9.992184028815434
9.992184028815434
9.992184028815434
9.992184028815434
9.992184028815434
9.992184028815434
9.992184028815434
9.992184028815434
9.992184028815434
9.992184028815434
9.992184028815434
9.992184028815434
9.992184028815434
9.992184028815434
9.992184028815434
9.992184028815434
9.992184028815434
9.992184028815434
9.992184028815434
9.992184028815434
9.992184028815434
9.992184028815434
9.992184028815434
9.992184028815434
9.992184028815434
9.992184028815434
9.992184028815434
9.992184028815434
9.992184028815434
9.992184028815434
9.992184028815434
9.992184028815434
9.992184028815434
9.992184028815434
9.992184028815434
9.992184028815434
9.992184028815434
9.992184028815434
9.992184028815434
9.992184028815434
9.992184028815434
9.992184028815434
9.992184028815434
9.992184028815434
9.992184028815434
9.992184028815434
9.992184028815434
9.992184028815434
9.992184028815434
9.992184028815434
9.992184028815434
9.992184028815434
9.992184028815434
9.992184028815434
9.992184028815434
9.992184028815434
9.992184028815434
9.992184028815434
9.992184028815434
9.992184028815434
9.992184028815434
9.992184028815434
9.992184028815434
9.992184028815434
9.992184028815434
9.992184028815434
9.992184028815434
9.992184028815434
9.992184028815434
9.992184028815434
9.992184028815434
9.992184028815434
9.992184028815434
9.992184028815434
9.992184028815434
9.992184028815434
9.992184028815434
9.992184028815434
9.992184028815434
9.992184028815434
9.992184028815434
9.992184028815434
9.992184028815434
9.992184028815434
9.992184028815434
9.992184028815434
9.992184028815434
9.992184028815434
9.992184028815434
9.992184028815434
9.992184028815434
9.992184028815434
9.992184028815434
9.992184028815434
9.992184028815434
9.992184028815434
9.992184028815434
9.992184028815434
9.992184028815434
9.992184028815434
9.992184028815434
9.992184028815434
9.992184028815434
9.992184028815434
9.992184028815434
9.992184028815434
9.992184028815434
9.992184028815434
9.992184028815434
9.992184028815434
9.992184028815434
9.992184028815434
9.992184028815434
9.992184028815434
9.992184028815434
9.992184028815434
9.992184028815434
9.992184028815434
9.992184028815434
9.992184028815434
9.992184028815434
9.992184028815434
9.992184028815434
9.992184028815434
9.992184028815434
9.992184028815434
9.992184028815434
9.992184028815434
9.992184028815434
9.992184028815434
9.992184028815434
9.992184028815434
9.992184028815434
9.992184028815434
9.992184028815434
9.992184028815434
9.992184028815434
9.992184028815434
9.992184028815434
9.992184028815434
9.992184028815434
9.992184028815434
9.992184028815434
9.992184028815434
9.992184028815434
9.992184028815434
9.992184028815434
9.992184028815434
9.992184028815434
9.992184028815434
9.992184028815434
9.992184028815434
9.992184028815434
9.992184028815434
9.992184028815434
9.992184028815434
9.992184028815434
9.992184028815434
9.992184028815434
9.992184028815434
9.992184028815434
9.992184028815434
9.992184028815434
9.992184028815434
9.992184028815434
9.992184028815434
9.992184028815434
9.992184028815434
9.992184028815434
9.992184028815434
9.992184028815434
9.992184028815434
9.992184028815434
9.992184028815434
9.992184028815434
9.992184028815434
9.992184028815434
9.992184028815434
9.992184028815434
9.992184028815434
9.992184028815434
9.992184028815434
9.992184028815434
9.992184028815434
9.992184028815434
9.992184028815434
9.992184028815434
9.992184028815434
9.992184028815434
9.992184028815434
9.992184028815434
9.992184028815434
Score: 9.992184028815434
Runtime: 672ms
