7.217120811826526E-9
7.217120811826526E-9
7.217120811826526E-9
9.581309221686423E-9
4.369892565013908E-8
3.7024513156652574E-6
4.209833880870323E-6
4.209833880870323E-6
2.486672297515861E-5
2.993455894239263E-5
0.002670396857005905
0.002670396857005905
0.011191064449481312
0.011191064449481312
0.011191064449481312
0.01367106209622157
0.01367106209622157
0.03506600603934698
0.03506600603934698
0.03506600603934698
0.03506600603934698
0.03506600603934698
0.0420140859265573
0.0420140859265573
0.0420140859265573
0.121436068250717
0.121436068250717
0.121436068250717
0.121436068250717
0.121436068250717
0.121436068250717
0.121436068250717
0.121436068250717
0.121436068250717
0.121436068250717
0.16487653554178378
0.16487653554178378
0.16487653554178378
0.16487653554178378
0.16487653554178378
0.16487653554178378
0.16487653554178378
0.16487653554178378
0.16487653554178378
0.16487653554178378
0.25185304679761866
0.482983198808393
0.482983198808393
0.482983198808393
0.482983198808393
0.482983198808393
0.482983198808393
0.482983198808393
0.482983198808393
0.482983198808393
0.482983198808393
0.482983198808393
0.482983198808393
0.482983198808393
0.482983198808393
0.482983198808393
0.482983198808393
0.482983198808393
0.482983198808393
0.482983198808393
0.482983198808393
0.482983198808393
0.482983198808393
0.482983198808393
0.482983198808393
0.482983198808393
0.482983198808393
0.482983198808393
0.482983198808393
0.482983198808393
0.482983198808393
0.482983198808393
0.482983198808393
0.482983198808393
0.482983198808393
0.482983198808393
0.482983198808393
0.482983198808393
0.482983198808393
0.482983198808393
0.482983198808393
0.482983198808393
0.482983198808393
0.482983198808393
0.482983198808393
0.482983198808393
0.482983198808393
0.482983198808393
0.482983198808393
0.482983198808393
0.482983198808393
0.482983198808393
0.7610247063986515
0.7610247063986515
0.7610247063986515
0.7610247063986515
0.7610247063986515
0.7610247063986515
0.7610247063986515
0.7610247063986515
0.7610247063986515
0.7610247063986515
0.7610247063986515
0.7610247063986515
0.7610247063986515
0.7610247063986515
0.7610247063986515
0.7610247063986515
0.7610247063986515
0.7610247063986515
0.7610247063986515
0.7610247063986515
0.7610247063986515
0.7610247063986515
0.7610247063986515
0.7610247063986515
0.7610247063986515
0.7610247063986515
0.7610247063986515
0.7610247063986515
0.7610247063986515
0.7610247063986515
0.7610247063986515
0.7610247063986515
0.7610247063986515
0.7610247063986515
0.7610247063986515
0.7610247063986515
0.7610247063986515
0.7610247063986515
0.7610247063986515
0.7610247063986515
0.7610247063986515
0.7610247063986515
0.7610247063986515
0.7610247063986515
0.7610247063986515
0.7610247063986515
0.7610247063986515
0.7610247063986515
0.7610247063986515
0.7610247063986515
0.7610247063986515
0.7610247063986515
0.7610247063986515
0.7610247063986515
0.7610247063986515
0.7610247063986515
0.7610247063986515
0.7721165447163998
0.7721165447163998
1.7960225133270389
1.7960225133270389
1.7960225133270389
1.7960225133270389
1.7960225133270389
1.7960225133270389
1.7960225133270389
1.7960225133270389
1.7960225133270389
1.7960225133270389
1.7960225133270389
1.7960225133270389
1.7960225133270389
1.865569033048842
1.865569033048842
1.865569033048842
1.865569033048842
1.865569033048842
1.865569033048842
1.865569033048842
2.1556586156095285
2.1556586156095285
2.1556586156095285
2.1556586156095285
2.1556586156095285
2.1556586156095285
2.1556586156095285
2.1556586156095285
2.1556586156095285
2.1556586156095285
2.1556586156095285
2.1556586156095285
2.1556586156095285
2.1556586156095285
2.1556586156095285
2.1556586156095285
2.1556586156095285
2.1556586156095285
2.1556586156095285
2.1556586156095285
2.1556586156095285
2.1556586156095285
2.8880185619389986
2.8880185619389986
2.8880185619389986
2.8880185619389986
2.8880185619389986
2.8880185619389986
2.8880185619389986
2.8880185619389986
2.8880185619389986
2.8880185619389986
2.8880185619389986
2.8880185619389986
2.8880185619389986
2.8880185619389986
2.8880185619389986
2.8880185619389986
2.8880185619389986
2.8880185619389986
2.8880185619389986
2.8880185619389986
2.8880185619389986
2.8880185619389986
2.8880185619389986
2.8880185619389986
2.8880185619389986
2.8880185619389986
2.8880185619389986
2.8880185619389986
2.8880185619389986
2.8880185619389986
2.8880185619389986
2.8880185619389986
2.8880185619389986
2.8880185619389986
2.8880185619389986
2.8880185619389986
2.8880185619389986
2.8880185619389986
2.8880185619389986
2.8880185619389986
2.8880185619389986
2.8880185619389986
2.8880185619389986
2.8880185619389986
2.8880185619389986
2.8880185619389986
2.8880185619389986
2.8880185619389986
2.8880185619389986
2.8880185619389986
2.8880185619389986
2.8880185619389986
2.8880185619389986
2.8880185619389986
2.8880185619389986
2.8880185619389986
2.8880185619389986
2.8880185619389986
2.8880185619389986
2.8880185619389986
2.8880185619389986
2.8880185619389986
2.8880185619389986
2.8880185619389986
2.8880185619389986
2.8880185619389986
2.8880185619389986
2.8880185619389986
2.8880185619389986
2.8880185619389986
2.8880185619389986
2.8880185619389986
2.8880185619389986
2.8880185619389986
2.8880185619389986
2.8880185619389986
2.8880185619389986
2.8880185619389986
2.8880185619389986
2.8880185619389986
2.8880185619389986
2.8880185619389986
2.8880185619389986
2.8880185619389986
2.8880185619389986
2.8880185619389986
2.8880185619389986
2.8880185619389986
2.8880185619389986
2.8880185619389986
2.8880185619389986
2.8880185619389986
2.8880185619389986
2.8880185619389986
2.8880185619389986
2.8880185619389986
2.8880185619389986
2.8880185619389986
2.8880185619389986
2.8880185619389986
2.8880185619389986
2.8880185619389986
2.8880185619389986
2.8880185619389986
2.8880185619389986
2.8880185619389986
2.8880185619389986
2.8880185619389986
2.8880185619389986
2.8880185619389986
2.8880185619389986
2.8880185619389986
2.8880185619389986
2.8880185619389986
2.8880185619389986
2.8880185619389986
2.8880185619389986
2.8880185619389986
2.8880185619389986
2.8880185619389986
2.8880185619389986
2.8880185619389986
2.8880185619389986
2.8880185619389986
2.8880185619389986
2.8880185619389986
2.8880185619389986
2.8880185619389986
2.8880185619389986
2.8880185619389986
2.8880185619389986
2.8880185619389986
2.8880185619389986
2.8880185619389986
2.8880185619389986
2.8880185619389986
2.8880185619389986
2.8880185619389986
2.8880185619389986
2.8880185619389986
2.8880185619389986
2.8880185619389986
2.8880185619389986
2.8880185619389986
2.8880185619389986
2.8880185619389986
2.8880185619389986
2.8880185619389986
2.8880185619389986
2.8880185619389986
2.8880185619389986
2.8880185619389986
2.8880185619389986
2.8880185619389986
2.8880185619389986
2.8880185619389986
2.8880185619389986
2.8880185619389986
2.8880185619389986
2.8880185619389986
2.8880185619389986
2.8880185619389986
2.8880185619389986
2.8880185619389986
2.8880185619389986
2.8880185619389986
2.8880185619389986
2.8880185619389986
2.8880185619389986
2.8880185619389986
2.8880185619389986
2.8880185619389986
2.8880185619389986
2.8880185619389986
2.8880185619389986
2.8880185619389986
2.8880185619389986
2.8880185619389986
2.8880185619389986
2.8880185619389986
2.8880185619389986
2.8880185619389986
2.8880185619389986
2.8880185619389986
2.8880185619389986
2.8880185619389986
2.8880185619389986
2.8880185619389986
2.8880185619389986
2.8880185619389986
2.8880185619389986
2.8880185619389986
2.8880185619389986
2.8880185619389986
2.8880185619389986
2.8880185619389986
2.8880185619389986
2.8880185619389986
2.8880185619389986
2.8880185619389986
2.8880185619389986
2.8880185619389986
2.8880185619389986
2.8880185619389986
2.8880185619389986
2.8880185619389986
2.8880185619389986
2.8880185619389986
2.8880185619389986
2.8880185619389986
2.8880185619389986
2.8880185619389986
2.8880185619389986
2.8880185619389986
2.8880185619389986
2.8880185619389986
2.8880185619389986
2.8880185619389986
2.8880185619389986
2.8880185619389986
2.8880185619389986
2.8880185619389986
2.8880185619389986
2.8880185619389986
2.8880185619389986
2.8880185619389986
2.8880185619389986
2.8880185619389986
2.8880185619389986
2.8880185619389986
2.8880185619389986
2.8880185619389986
2.8880185619389986
2.8880185619389986
2.8880185619389986
2.8880185619389986
2.8880185619389986
2.8880185619389986
2.8880185619389986
2.8880185619389986
2.8880185619389986
2.8880185619389986
2.8880185619389986
2.8880185619389986
2.8880185619389986
2.8880185619389986
2.8880185619389986
2.8880185619389986
2.8880185619389986
2.8880185619389986
2.8880185619389986
2.8880185619389986
2.8880185619389986
2.8880185619389986
2.8880185619389986
2.8880185619389986
2.8880185619389986
2.8880185619389986
2.8880185619389986
2.8880185619389986
2.8880185619389986
2.8880185619389986
2.8880185619389986
2.8880185619389986
2.8880185619389986
2.8880185619389986
2.8880185619389986
2.8880185619389986
2.8880185619389986
2.8880185619389986
2.8880185619389986
2.8880185619389986
2.8880185619389986
2.8880185619389986
2.8880185619389986
2.8880185619389986
2.8880185619389986
2.8880185619389986
2.8880185619389986
2.8880185619389986
2.8880185619389986
2.8880185619389986
2.8880185619389986
2.8880185619389986
2.8880185619389986
2.8880185619389986
2.8880185619389986
2.8880185619389986
2.8880185619389986
2.8880185619389986
2.8880185619389986
2.8880185619389986
2.8880185619389986
2.8880185619389986
2.8880185619389986
2.8880185619389986
2.8880185619389986
2.8880185619389986
2.8880185619389986
2.8880185619389986
2.8880185619389986
2.8880185619389986
2.8880185619389986
2.8880185619389986
2.8880185619389986
2.8880185619389986
2.8880185619389986
2.8880185619389986
2.8880185619389986
2.8880185619389986
2.8880185619389986
2.8880185619389986
2.8880185619389986
2.8880185619389986
2.8880185619389986
2.8880185619389986
2.8880185619389986
2.8880185619389986
2.8880185619389986
2.8880185619389986
2.8880185619389986
2.8880185619389986
2.8880185619389986
2.8880185619389986
2.8880185619389986
2.8880185619389986
2.8880185619389986
2.8880185619389986
2.8880185619389986
2.8880185619389986
2.8880185619389986
2.8880185619389986
2.8880185619389986
2.8880185619389986
2.8880185619389986
2.8880185619389986
2.8880185619389986
2.8880185619389986
2.8880185619389986
2.8880185619389986
2.8880185619389986
2.8880185619389986
2.8880185619389986
2.8880185619389986
2.8880185619389986
2.8880185619389986
2.8880185619389986
2.8880185619389986
2.8880185619389986
2.8880185619389986
2.8880185619389986
2.8880185619389986
2.8880185619389986
2.8880185619389986
2.8880185619389986
2.8880185619389986
2.8880185619389986
2.8880185619389986
2.8880185619389986
2.8880185619389986
2.8880185619389986
2.8880185619389986
2.8880185619389986
2.8880185619389986
2.8880185619389986
2.8880185619389986
2.8880185619389986
2.8880185619389986
2.8880185619389986
2.8880185619389986
2.8880185619389986
2.8880185619389986
2.8880185619389986
2.8880185619389986
2.8880185619389986
2.8880185619389986
2.8880185619389986
2.8880185619389986
2.8880185619389986
2.8880185619389986
2.8880185619389986
2.8880185619389986
2.8880185619389986
2.8880185619389986
2.8880185619389986
2.8880185619389986
2.8880185619389986
2.8880185619389986
2.8880185619389986
2.8880185619389986
2.8880185619389986
2.8880185619389986
2.8880185619389986
2.8880185619389986
2.8880185619389986
2.8880185619389986
2.8880185619389986
2.8880185619389986
2.8880185619389986
2.8880185619389986
2.8880185619389986
2.8880185619389986
2.8880185619389986
2.8880185619389986
2.8880185619389986
2.8880185619389986
2.8880185619389986
2.8880185619389986
2.8880185619389986
2.8880185619389986
2.8880185619389986
2.8880185619389986
2.8880185619389986
2.8880185619389986
2.8880185619389986
2.8880185619389986
2.8880185619389986
2.8880185619389986
2.8880185619389986
2.8880185619389986
2.8880185619389986
2.8880185619389986
2.8880185619389986
2.8880185619389986
2.8880185619389986
2.8880185619389986
2.8880185619389986
2.8880185619389986
2.8880185619389986
2.8880185619389986
2.8880185619389986
2.8880185619389986
2.8880185619389986
2.8880185619389986
2.8880185619389986
2.8880185619389986
2.8880185619389986
2.8880185619389986
2.8880185619389986
2.8880185619389986
2.8880185619389986
2.8880185619389986
2.8880185619389986
2.8880185619389986
2.8880185619389986
2.8880185619389986
2.8880185619389986
2.8880185619389986
2.8880185619389986
2.8880185619389986
2.8880185619389986
2.8880185619389986
2.8880185619389986
2.8880185619389986
2.8880185619389986
2.8880185619389986
2.8880185619389986
2.8880185619389986
2.8880185619389986
2.8880185619389986
2.8880185619389986
2.8880185619389986
2.8880185619389986
2.8880185619389986
2.8880185619389986
2.8880185619389986
2.8880185619389986
2.8880185619389986
2.8880185619389986
2.8880185619389986
2.8880185619389986
2.8880185619389986
2.8880185619389986
2.8880185619389986
2.8880185619389986
2.8880185619389986
2.8880185619389986
2.8880185619389986
2.8880185619389986
2.8880185619389986
2.8880185619389986
2.8880185619389986
2.8880185619389986
2.8880185619389986
2.8880185619389986
2.8880185619389986
2.8880185619389986
2.8880185619389986
2.8880185619389986
2.8880185619389986
2.8880185619389986
2.8880185619389986
2.8880185619389986
2.8880185619389986
2.8880185619389986
2.8880185619389986
2.8880185619389986
2.8880185619389986
2.8880185619389986
2.8880185619389986
2.8880185619389986
2.8880185619389986
2.8880185619389986
2.8880185619389986
2.8880185619389986
2.8880185619389986
2.8880185619389986
2.8880185619389986
2.8880185619389986
2.8880185619389986
2.8880185619389986
2.8880185619389986
2.8880185619389986
2.8880185619389986
2.8880185619389986
2.8880185619389986
2.8880185619389986
2.8880185619389986
2.8880185619389986
2.8880185619389986
2.8880185619389986
2.8880185619389986
2.8880185619389986
2.8880185619389986
2.8880185619389986
2.8880185619389986
2.8880185619389986
2.8880185619389986
2.8880185619389986
2.8880185619389986
2.8880185619389986
2.8880185619389986
2.8880185619389986
2.8880185619389986
2.8880185619389986
2.8880185619389986
2.8880185619389986
2.8880185619389986
2.8880185619389986
2.8880185619389986
2.8880185619389986
2.8880185619389986
2.8880185619389986
2.8880185619389986
2.8880185619389986
2.8880185619389986
2.8880185619389986
2.8880185619389986
2.8880185619389986
2.8880185619389986
2.8880185619389986
2.8880185619389986
2.8880185619389986
2.8880185619389986
2.8880185619389986
2.8880185619389986
2.8880185619389986
2.8880185619389986
2.8880185619389986
2.8880185619389986
2.8880185619389986
2.8880185619389986
2.8880185619389986
2.8880185619389986
2.8880185619389986
2.8880185619389986
2.8880185619389986
2.8880185619389986
2.8880185619389986
2.8880185619389986
2.8880185619389986
2.8880185619389986
2.8880185619389986
2.8880185619389986
2.8880185619389986
2.8880185619389986
2.8880185619389986
2.8880185619389986
2.8880185619389986
2.8880185619389986
2.8880185619389986
2.8880185619389986
2.8880185619389986
2.8880185619389986
2.8880185619389986
2.8880185619389986
2.8880185619389986
2.8880185619389986
2.8880185619389986
2.8880185619389986
2.8880185619389986
2.8880185619389986
2.8880185619389986
2.8880185619389986
2.8880185619389986
2.8880185619389986
2.8880185619389986
2.8880185619389986
2.8880185619389986
2.8880185619389986
2.8880185619389986
2.8880185619389986
2.8880185619389986
2.8880185619389986
2.8880185619389986
2.8880185619389986
2.8880185619389986
2.8880185619389986
2.8880185619389986
2.8880185619389986
2.8880185619389986
2.8880185619389986
2.8880185619389986
2.8880185619389986
2.8880185619389986
2.8880185619389986
2.8880185619389986
2.8880185619389986
2.8880185619389986
2.8880185619389986
2.8880185619389986
2.8880185619389986
2.8880185619389986
2.8880185619389986
2.8880185619389986
2.8880185619389986
2.8880185619389986
2.8880185619389986
2.8880185619389986
2.8880185619389986
2.8880185619389986
2.8880185619389986
2.8880185619389986
2.8880185619389986
2.8880185619389986
2.8880185619389986
2.8880185619389986
2.8880185619389986
2.8880185619389986
2.8880185619389986
2.8880185619389986
2.8880185619389986
2.8880185619389986
2.8880185619389986
2.8880185619389986
2.8880185619389986
2.8880185619389986
2.8880185619389986
2.8880185619389986
2.8880185619389986
2.8880185619389986
2.8880185619389986
2.8880185619389986
2.8880185619389986
2.8880185619389986
2.8880185619389986
2.8880185619389986
2.8880185619389986
2.8880185619389986
2.8880185619389986
2.8880185619389986
2.8880185619389986
2.8880185619389986
2.8880185619389986
2.8880185619389986
2.8880185619389986
2.8880185619389986
2.8880185619389986
2.8880185619389986
2.8880185619389986
2.8880185619389986
2.8880185619389986
2.8880185619389986
2.8880185619389986
2.8880185619389986
2.8880185619389986
2.8880185619389986
2.8880185619389986
2.8880185619389986
2.8880185619389986
2.8880185619389986
2.8880185619389986
2.8880185619389986
2.8880185619389986
2.8880185619389986
2.8880185619389986
2.8880185619389986
2.8880185619389986
2.8880185619389986
2.8880185619389986
2.8880185619389986
2.8880185619389986
2.8880185619389986
2.8880185619389986
2.8880185619389986
2.8880185619389986
2.8880185619389986
2.8880185619389986
2.8880185619389986
2.8880185619389986
2.8880185619389986
2.8880185619389986
2.8880185619389986
2.8880185619389986
2.8880185619389986
2.8880185619389986
2.8880185619389986
2.8880185619389986
2.8880185619389986
2.8880185619389986
2.8880185619389986
2.8880185619389986
2.8880185619389986
2.8880185619389986
2.8880185619389986
2.8880185619389986
2.8880185619389986
2.8880185619389986
2.8880185619389986
2.8880185619389986
2.8880185619389986
2.8880185619389986
2.8880185619389986
2.8880185619389986
2.8880185619389986
2.8880185619389986
2.8880185619389986
2.8880185619389986
2.8880185619389986
2.8880185619389986
2.8880185619389986
2.8880185619389986
2.8880185619389986
2.8880185619389986
2.8880185619389986
2.8880185619389986
2.8880185619389986
2.8880185619389986
2.8880185619389986
2.8880185619389986
2.8880185619389986
2.8880185619389986
2.8880185619389986
2.8880185619389986
2.8880185619389986
2.8880185619389986
2.8880185619389986
2.8880185619389986
2.8880185619389986
2.8880185619389986
2.8880185619389986
2.8880185619389986
2.8880185619389986
2.8880185619389986
2.8880185619389986
2.8880185619389986
2.8880185619389986
2.8880185619389986
2.8880185619389986
2.8880185619389986
2.8880185619389986
2.8880185619389986
2.8880185619389986
2.8880185619389986
2.8880185619389986
2.8880185619389986
2.8880185619389986
2.8880185619389986
2.8880185619389986
2.8880185619389986
2.8880185619389986
2.8880185619389986
2.8880185619389986
2.8880185619389986
2.8880185619389986
2.8880185619389986
2.8880185619389986
2.8880185619389986
2.8880185619389986
2.8880185619389986
2.8880185619389986
2.8880185619389986
2.8880185619389986
2.8880185619389986
2.8880185619389986
2.8880185619389986
2.8880185619389986
2.8880185619389986
2.8880185619389986
2.8880185619389986
2.8880185619389986
2.8880185619389986
2.8880185619389986
2.8880185619389986
2.8880185619389986
2.8880185619389986
2.8880185619389986
2.8880185619389986
2.8880185619389986
2.8880185619389986
2.8880185619389986
2.8880185619389986
2.8880185619389986
2.8880185619389986
2.8880185619389986
2.8880185619389986
2.8880185619389986
2.8880185619389986
2.8880185619389986
2.8880185619389986
2.8880185619389986
2.8880185619389986
2.8880185619389986
2.8880185619389986
2.8880185619389986
2.8880185619389986
2.8880185619389986
2.8880185619389986
2.8880185619389986
2.8880185619389986
2.8880185619389986
2.8880185619389986
2.8880185619389986
2.8880185619389986
2.8880185619389986
2.8880185619389986
2.8880185619389986
2.8880185619389986
2.8880185619389986
2.8880185619389986
2.8880185619389986
2.8880185619389986
2.8880185619389986
2.8880185619389986
2.8880185619389986
2.8880185619389986
2.8880185619389986
2.8880185619389986
2.8880185619389986
2.8880185619389986
2.8880185619389986
2.8880185619389986
2.8880185619389986
2.8880185619389986
2.8880185619389986
2.8880185619389986
2.8880185619389986
2.8880185619389986
2.8880185619389986
2.8880185619389986
2.8880185619389986
2.8880185619389986
2.8880185619389986
2.8880185619389986
2.8880185619389986
2.8880185619389986
2.8880185619389986
2.8880185619389986
2.8880185619389986
2.8880185619389986
2.8880185619389986
2.8880185619389986
2.8880185619389986
2.8880185619389986
2.8880185619389986
2.8880185619389986
2.8880185619389986
2.8880185619389986
2.8880185619389986
2.8880185619389986
2.8880185619389986
2.8880185619389986
2.8880185619389986
2.8880185619389986
2.8880185619389986
2.8880185619389986
2.8880185619389986
2.8880185619389986
2.8880185619389986
2.8880185619389986
2.8880185619389986
2.8880185619389986
2.8880185619389986
2.8880185619389986
2.8880185619389986
2.8880185619389986
2.8880185619389986
2.8880185619389986
2.8880185619389986
2.8880185619389986
2.8880185619389986
2.8880185619389986
2.8880185619389986
2.8880185619389986
2.8880185619389986
2.8880185619389986
2.8880185619389986
2.8880185619389986
2.8880185619389986
2.8880185619389986
2.8880185619389986
2.8880185619389986
2.8880185619389986
2.8880185619389986
2.8880185619389986
2.8880185619389986
2.8880185619389986
2.8880185619389986
2.8880185619389986
2.8880185619389986
2.8880185619389986
2.8880185619389986
2.8880185619389986
2.8880185619389986
2.8880185619389986
2.8880185619389986
2.8880185619389986
2.8880185619389986
2.8880185619389986
2.8880185619389986
2.8880185619389986
2.8880185619389986
2.8880185619389986
2.8880185619389986
2.8880185619389986
2.8880185619389986
2.8880185619389986
2.8880185619389986
2.8880185619389986
2.8880185619389986
2.8880185619389986
2.8880185619389986
2.8880185619389986
2.8880185619389986
2.8880185619389986
2.8880185619389986
2.8880185619389986
2.8880185619389986
2.8880185619389986
2.8880185619389986
2.8880185619389986
2.8880185619389986
2.8880185619389986
2.8880185619389986
2.8880185619389986
2.8880185619389986
2.8880185619389986
2.8880185619389986
2.8880185619389986
2.8880185619389986
2.8880185619389986
2.8880185619389986
2.8880185619389986
2.8880185619389986
2.8880185619389986
2.8880185619389986
2.8880185619389986
2.8880185619389986
2.8880185619389986
2.8880185619389986
2.8880185619389986
2.8880185619389986
2.8880185619389986
2.8880185619389986
2.8880185619389986
2.8880185619389986
2.8880185619389986
2.8880185619389986
2.8880185619389986
2.8880185619389986
2.8880185619389986
2.8880185619389986
2.8880185619389986
2.8880185619389986
2.8880185619389986
2.8880185619389986
2.8880185619389986
2.8880185619389986
2.8880185619389986
2.8880185619389986
2.8880185619389986
2.8880185619389986
2.8880185619389986
2.8880185619389986
2.8880185619389986
2.8880185619389986
2.8880185619389986
2.8880185619389986
2.8880185619389986
2.8880185619389986
2.8880185619389986
2.8880185619389986
2.8880185619389986
2.8880185619389986
2.8880185619389986
2.8880185619389986
2.8880185619389986
2.8880185619389986
2.8880185619389986
2.8880185619389986
2.8880185619389986
2.8880185619389986
2.8880185619389986
2.8880185619389986
2.8880185619389986
2.8880185619389986
2.8880185619389986
2.8880185619389986
2.8880185619389986
2.8880185619389986
2.8880185619389986
2.8880185619389986
2.8880185619389986
2.8880185619389986
2.8880185619389986
2.8880185619389986
2.8880185619389986
2.8880185619389986
2.8880185619389986
2.8880185619389986
2.8880185619389986
2.8880185619389986
2.8880185619389986
2.8880185619389986
2.8880185619389986
2.8880185619389986
2.8880185619389986
2.8880185619389986
2.8880185619389986
2.8880185619389986
2.8880185619389986
2.8880185619389986
2.8880185619389986
2.8880185619389986
2.8880185619389986
2.8880185619389986
2.8880185619389986
2.8880185619389986
2.8880185619389986
2.8880185619389986
2.8880185619389986
2.8880185619389986
2.8880185619389986
2.8880185619389986
2.8880185619389986
2.8880185619389986
2.8880185619389986
2.8880185619389986
2.8880185619389986
2.8880185619389986
2.8880185619389986
2.8880185619389986
2.8880185619389986
2.8880185619389986
2.8880185619389986
2.8880185619389986
2.8880185619389986
2.8880185619389986
2.8880185619389986
2.8880185619389986
2.8880185619389986
2.8880185619389986
2.8880185619389986
2.8880185619389986
2.8880185619389986
2.8880185619389986
2.8880185619389986
2.8880185619389986
2.8880185619389986
2.8880185619389986
2.8880185619389986
2.8880185619389986
2.8880185619389986
2.8880185619389986
2.8880185619389986
2.8880185619389986
2.8880185619389986
2.8880185619389986
2.8880185619389986
2.8880185619389986
2.8880185619389986
2.8880185619389986
2.8880185619389986
2.8880185619389986
2.8880185619389986
2.8880185619389986
2.8880185619389986
2.8880185619389986
2.8880185619389986
2.8880185619389986
2.8880185619389986
2.8880185619389986
2.8880185619389986
2.8880185619389986
2.8880185619389986
2.8880185619389986
2.8880185619389986
2.8880185619389986
2.8880185619389986
2.8880185619389986
2.8880185619389986
2.8880185619389986
2.8880185619389986
2.8880185619389986
2.8880185619389986
2.8880185619389986
2.8880185619389986
2.8880185619389986
2.8880185619389986
2.8880185619389986
2.8880185619389986
2.8880185619389986
2.8880185619389986
2.8880185619389986
2.8880185619389986
2.8880185619389986
2.8880185619389986
2.8880185619389986
2.8880185619389986
2.8880185619389986
2.8880185619389986
2.8880185619389986
2.8880185619389986
2.8880185619389986
2.8880185619389986
2.8880185619389986
2.8880185619389986
2.8880185619389986
2.8880185619389986
2.8880185619389986
2.8880185619389986
2.8880185619389986
2.8880185619389986
2.8880185619389986
2.8880185619389986
2.8880185619389986
2.8880185619389986
2.8880185619389986
2.8880185619389986
2.8880185619389986
2.8880185619389986
2.8880185619389986
2.8880185619389986
2.8880185619389986
2.8880185619389986
2.8880185619389986
2.8880185619389986
2.8880185619389986
2.8880185619389986
2.8880185619389986
2.8880185619389986
2.8880185619389986
2.8880185619389986
2.8880185619389986
2.8880185619389986
2.8880185619389986
2.8880185619389986
2.8880185619389986
2.8880185619389986
2.8880185619389986
2.8880185619389986
2.8880185619389986
2.8880185619389986
2.8880185619389986
2.8880185619389986
2.8880185619389986
2.8880185619389986
2.8880185619389986
2.8880185619389986
2.8880185619389986
2.8880185619389986
2.8880185619389986
2.8880185619389986
2.8880185619389986
2.8880185619389986
2.8880185619389986
2.8880185619389986
2.8880185619389986
2.8880185619389986
2.8880185619389986
2.8880185619389986
2.8880185619389986
2.8880185619389986
2.8880185619389986
2.8880185619389986
2.8880185619389986
2.8880185619389986
2.8880185619389986
2.8880185619389986
2.8880185619389986
2.8880185619389986
2.8880185619389986
2.8880185619389986
2.8880185619389986
2.8880185619389986
2.8880185619389986
2.8880185619389986
2.8880185619389986
2.8880185619389986
2.8880185619389986
2.8880185619389986
2.8880185619389986
2.8880185619389986
2.8880185619389986
2.8880185619389986
2.8880185619389986
2.8880185619389986
2.8880185619389986
2.8880185619389986
2.8880185619389986
2.8880185619389986
2.8880185619389986
2.8880185619389986
2.8880185619389986
2.8880185619389986
2.8880185619389986
2.8880185619389986
2.8880185619389986
2.8880185619389986
2.8880185619389986
2.8880185619389986
2.8880185619389986
2.8880185619389986
2.8880185619389986
2.8880185619389986
2.8880185619389986
2.8880185619389986
2.8880185619389986
2.8880185619389986
2.8880185619389986
2.8880185619389986
2.8880185619389986
2.8880185619389986
2.8880185619389986
2.8880185619389986
2.8880185619389986
2.8880185619389986
2.8880185619389986
2.8880185619389986
2.8880185619389986
2.8880185619389986
2.8880185619389986
2.8880185619389986
2.8880185619389986
2.8880185619389986
2.8880185619389986
2.8880185619389986
2.8880185619389986
2.8880185619389986
2.8880185619389986
2.8880185619389986
2.8880185619389986
2.8880185619389986
2.8880185619389986
2.8880185619389986
2.8880185619389986
2.8880185619389986
2.8880185619389986
2.8880185619389986
2.8880185619389986
2.8880185619389986
2.8880185619389986
2.8880185619389986
2.8880185619389986
2.8880185619389986
2.8880185619389986
2.8880185619389986
2.8880185619389986
2.8880185619389986
2.8880185619389986
2.8880185619389986
2.8880185619389986
2.8880185619389986
2.8880185619389986
2.8880185619389986
2.8880185619389986
2.8880185619389986
2.8880185619389986
2.8880185619389986
2.8880185619389986
2.8880185619389986
2.8880185619389986
2.8880185619389986
2.8880185619389986
2.8880185619389986
2.8880185619389986
2.8880185619389986
2.8880185619389986
2.8880185619389986
2.8880185619389986
2.8880185619389986
2.8880185619389986
2.8880185619389986
2.8880185619389986
2.8880185619389986
2.8880185619389986
2.8880185619389986
2.8880185619389986
2.8880185619389986
2.934634014527488
2.934634014527488
2.934634014527488
2.934634014527488
2.934634014527488
2.934634014527488
2.934634014527488
2.934634014527488
2.934634014527488
2.934634014527488
2.934634014527488
2.934634014527488
2.934634014527488
2.934634014527488
2.934634014527488
2.934634014527488
2.934634014527488
2.934634014527488
2.934634014527488
2.934634014527488
2.934634014527488
2.934634014527488
2.934634014527488
2.934634014527488
2.934634014527488
2.934634014527488
2.934634014527488
2.934634014527488
2.934634014527488
2.934634014527488
2.934634014527488
2.934634014527488
2.934634014527488
2.934634014527488
2.934634014527488
2.934634014527488
3.2676001516436877
3.2676001516436877
3.2676001516436877
3.2676001516436877
3.2676001516436877
3.2676001516436877
3.2676001516436877
3.2676001516436877
3.2676001516436877
3.2676001516436877
3.2676001516436877
3.2676001516436877
3.2676001516436877
3.2676001516436877
3.2676001516436877
3.2676001516436877
3.2676001516436877
3.2676001516436877
3.2676001516436877
3.2676001516436877
3.2676001516436877
3.2676001516436877
3.2676001516436877
3.2676001516436877
3.2676001516436877
3.2676001516436877
3.2676001516436877
3.2676001516436877
3.2676001516436877
3.2676001516436877
3.2676001516436877
3.2676001516436877
3.2676001516436877
3.2676001516436877
3.2676001516436877
3.2676001516436877
3.2676001516436877
3.2676001516436877
3.2676001516436877
3.2676001516436877
3.2676001516436877
3.2676001516436877
3.2676001516436877
3.2676001516436877
3.2676001516436877
3.2676001516436877
3.2676001516436877
3.2676001516436877
3.2676001516436877
3.2676001516436877
3.2676001516436877
3.2676001516436877
3.2676001516436877
3.2676001516436877
3.2676001516436877
3.2676001516436877
3.2676001516436877
3.2676001516436877
3.2676001516436877
3.2676001516436877
3.2676001516436877
3.2676001516436877
3.2676001516436877
3.2676001516436877
3.2676001516436877
3.2676001516436877
3.2676001516436877
3.2676001516436877
3.2676001516436877
3.2676001516436877
3.2676001516436877
3.2676001516436877
3.2676001516436877
3.2676001516436877
3.2676001516436877
3.2676001516436877
3.2676001516436877
3.2676001516436877
3.2676001516436877
3.2676001516436877
3.2676001516436877
3.2676001516436877
3.2676001516436877
3.2676001516436877
3.2676001516436877
3.2676001516436877
3.2676001516436877
3.2676001516436877
3.2676001516436877
3.2676001516436877
3.2676001516436877
3.2676001516436877
3.2676001516436877
3.2676001516436877
3.2676001516436877
3.2676001516436877
3.2676001516436877
3.2676001516436877
3.2676001516436877
3.638074728901058
3.638074728901058
3.638074728901058
3.638074728901058
3.638074728901058
3.638074728901058
3.638074728901058
3.6788578342321383
3.6788578342321383
3.6788578342321383
3.6788578342321383
3.6788578342321383
3.6788578342321383
3.6788578342321383
3.6788578342321383
3.8674503445144683
3.8674503445144683
3.8674503445144683
3.8674503445144683
3.8674503445144683
3.8674503445144683
3.8674503445144683
3.8674503445144683
3.8674503445144683
3.8674503445144683
4.01592623345563
4.081284115649603
4.081284115649603
4.1534730965877715
4.1534730965877715
4.1534730965877715
4.1534730965877715
4.1534730965877715
4.173197978861427
4.173197978861427
4.173197978861427
4.269304689519478
4.269304689519478
4.336227956291129
4.336227956291129
4.336227956291129
4.336227956291129
4.336227956291129
4.336227956291129
4.393470069524358
4.393470069524358
4.393470069524358
4.393470069524358
4.393470069524358
4.393470069524358
4.393470069524358
4.40149484944645
4.403465785085682
4.403465785085682
4.403465785085682
4.403465785085682
4.411845219519691
4.411845219519691
4.411845219519691
4.411845219519691
4.4637405010960265
4.4637405010960265
4.4637405010960265
4.4637405010960265
4.4637405010960265
4.4637405010960265
4.4637405010960265
4.4637405010960265
4.4637405010960265
4.464810560065888
4.464810560065888
4.464810560065888
4.464810560065888
4.464810560065888
4.464810560065888
4.464810560065888
4.464810560065888
4.464810560065888
4.464810560065888
4.464810560065888
4.464810560065888
4.464810560065888
4.464810560065888
4.476521214222996
4.476521214222996
4.476521214222996
4.476521214222996
4.476521214222996
4.476521214222996
4.476521214222996
4.476521214222996
4.476521214222996
4.476521214222996
4.476521214222996
4.501125672479676
4.501125672479676
4.501125672479676
4.501125672479676
4.501125672479676
4.501125672479676
4.501125672479676
4.501125672479676
4.501125672479676
4.501125672479676
4.501125672479676
4.501125672479676
4.501125672479676
4.501125672479676
4.501125672479676
4.5013055769830626
4.5013055769830626
4.5013055769830626
4.5013055769830626
4.5013055769830626
4.5013055769830626
4.5013055769830626
4.507423648942554
4.507423648942554
4.507423648942554
4.507423648942554
4.5188252279950945
4.5188252279950945
4.5188252279950945
4.5188252279950945
4.5188252279950945
4.5188252279950945
4.537490239957005
4.537490239957005
4.544783931716439
4.544783931716439
4.551660938101164
4.561825564488075
4.564688546200943
4.567123210786243
4.567123210786243
4.567123210786243
4.582959823985568
4.582959823985568
4.582959823985568
4.582959823985568
4.582959823985568
4.582959823985568
4.582959823985568
4.582959823985568
4.582959823985568
4.582959823985568
4.582959823985568
4.582959823985568
4.582959823985568
4.582959823985568
4.582959823985568
4.586106349736408
4.586106349736408
4.586106349736408
4.586106349736408
4.586106349736408
4.586106349736408
4.586106349736408
4.593016359088264
4.593016359088264
4.595631577476816
4.595631577476816
4.599908204910898
4.599908204910898
4.599908204910898
4.599908204910898
4.599908204910898
4.599908204910898
4.599908204910898
4.599908204910898
4.599908204910898
4.599908204910898
4.6090882082396885
4.6090882082396885
4.615983646355077
4.615983646355077
4.615983646355077
4.615983646355077
4.615983646355077
4.620559379258893
4.620559379258893
4.620559379258893
4.620559379258893
4.620559379258893
4.620559379258893
4.620559379258893
4.620559379258893
4.620559379258893
4.620559379258893
4.620559379258893
4.620559379258893
4.620559379258893
4.620559379258893
4.620559379258893
4.620559379258893
4.620559379258893
4.624005955998254
4.624005955998254
4.624005955998254
4.626728909739074
4.626728909739074
4.626728909739074
4.626728909739074
4.626728909739074
4.626728909739074
4.626728909739074
4.626728909739074
4.626728909739074
4.626728909739074
4.626728909739074
4.626728909739074
4.626728909739074
4.626728909739074
4.626728909739074
4.626728909739074
4.626728909739074
4.626728909739074
4.626728909739074
4.626728909739074
4.626728909739074
4.626728909739074
4.626728909739074
4.626728909739074
4.626728909739074
4.626728909739074
4.626728909739074
4.626728909739074
4.626728909739074
4.626728909739074
4.626728909739074
4.628634372537709
4.628634372537709
4.628634372537709
4.628634372537709
4.63951747002609
4.63951747002609
4.63951747002609
4.63951747002609
4.63951747002609
4.63951747002609
4.63951747002609
4.63951747002609
4.639756004533855
4.639756004533855
4.639756004533855
4.639756004533855
4.639756004533855
4.639756004533855
4.639756004533855
4.639756004533855
4.645614008051025
4.645614008051025
4.645614008051025
4.645614008051025
4.645614008051025
4.645614008051025
4.645614008051025
4.645614008051025
4.645614008051025
4.645614008051025
4.645614008051025
4.645614008051025
4.645614008051025
4.645614008051025
4.645614008051025
4.645614008051025
4.645614008051025
4.645614008051025
4.645614008051025
4.645614008051025
4.645614008051025
4.645614008051025
4.645614008051025
4.645614008051025
4.645614008051025
4.645614008051025
4.645614008051025
4.645614008051025
4.645614008051025
4.645614008051025
4.645614008051025
4.645614008051025
4.645614008051025
4.645614008051025
4.645614008051025
4.645614008051025
4.645614008051025
4.645614008051025
4.645614008051025
4.645614008051025
4.645614008051025
4.645614008051025
4.645614008051025
4.645614008051025
4.645614008051025
4.645614008051025
4.645614008051025
4.645614008051025
4.645614008051025
4.645614008051025
4.645614008051025
4.645614008051025
4.645614008051025
4.645614008051025
4.645614008051025
4.645614008051025
4.645614008051025
4.645614008051025
4.645614008051025
4.645614008051025
4.645614008051025
4.645614008051025
4.645614008051025
4.645614008051025
4.645614008051025
4.645614008051025
4.645614008051025
4.645614008051025
4.645614008051025
4.645614008051025
4.645614008051025
4.645614008051025
4.645614008051025
4.645614008051025
4.645614008051025
4.645614008051025
4.645614008051025
4.645614008051025
4.645614008051025
4.645614008051025
4.645614008051025
4.645614008051025
4.645614008051025
4.645614008051025
4.645614008051025
4.645614008051025
4.645614008051025
4.645614008051025
4.645614008051025
4.645614008051025
4.645614008051025
4.645614008051025
4.645614008051025
4.645614008051025
4.645614008051025
4.645614008051025
4.645614008051025
4.645614008051025
4.645614008051025
4.645614008051025
4.645614008051025
4.645614008051025
4.645614008051025
4.645614008051025
4.645614008051025
4.645614008051025
4.645614008051025
4.645614008051025
4.645614008051025
4.646782707988319
4.646782707988319
4.646782707988319
4.646782707988319
4.646782707988319
4.646782707988319
4.646782707988319
Score: 4.646782707988319
Runtime: 747ms
