1.1412929028641132E-7
1.1412929028641132E-7
1.2492278463158237E-6
1.7955008618388333E-4
1.7955008618388333E-4
0.0022304696049643144
0.0022304696049643144
0.006036098524024015
0.006036098524024015
0.006036098524024015
0.03863248642278349
0.03863248642278349
0.03863248642278349
0.10262951534722606
0.10262951534722606
0.10262951534722606
0.10262951534722606
0.1525428947664976
0.16620730138781714
0.16620730138781714
0.16620730138781714
0.20194912448920038
0.20194912448920038
0.20194912448920038
0.319792070296845
0.319792070296845
0.319792070296845
0.319792070296845
0.319792070296845
0.319792070296845
0.319792070296845
0.319792070296845
0.319792070296845
0.319792070296845
0.7082590690670345
0.7082590690670345
0.7082590690670345
0.7082590690670345
0.7082590690670345
0.7082590690670345
0.7082590690670345
0.7082590690670345
0.9384175669533565
1.1514408008945212
1.1514408008945212
1.1514408008945212
1.1514408008945212
1.1514408008945212
1.9527019286062985
1.9527019286062985
1.9527019286062985
1.9527019286062985
1.9527019286062985
1.9527019286062985
1.9527019286062985
1.9527019286062985
1.9527019286062985
1.9527019286062985
1.9527019286062985
1.9527019286062985
2.265109014805927
2.265109014805927
2.3088457627241983
2.3088457627241983
2.3088457627241983
2.3088457627241983
2.3088457627241983
2.3088457627241983
2.3088457627241983
2.3088457627241983
2.3088457627241983
2.3088457627241983
2.394319970408378
2.394319970408378
2.7860963609928273
2.7860963609928273
2.7860963609928273
2.7860963609928273
2.7860963609928273
2.7860963609928273
2.7860963609928273
2.7860963609928273
2.7860963609928273
2.7860963609928273
2.989540340839235
4.088956403537252
4.088956403537252
4.088956403537252
4.088956403537252
4.286421325078605
4.286421325078605
4.286421325078605
4.286421325078605
4.286421325078605
4.286421325078605
4.286421325078605
4.286421325078605
4.286421325078605
4.286421325078605
4.286421325078605
4.286421325078605
4.286421325078605
4.286421325078605
4.286421325078605
4.286421325078605
4.286421325078605
4.286421325078605
4.286421325078605
4.286421325078605
4.286421325078605
4.286421325078605
4.286421325078605
4.286421325078605
4.286421325078605
4.286421325078605
4.286421325078605
4.286421325078605
4.286421325078605
4.286421325078605
4.286421325078605
4.286421325078605
4.286421325078605
4.286421325078605
4.286421325078605
4.286421325078605
4.286421325078605
4.286421325078605
4.286421325078605
4.286421325078605
4.286421325078605
4.286421325078605
4.286421325078605
4.286421325078605
4.286421325078605
4.286421325078605
4.286421325078605
4.286421325078605
4.286421325078605
4.286421325078605
4.286421325078605
4.286421325078605
4.286421325078605
4.286421325078605
4.286421325078605
4.286421325078605
4.286421325078605
4.286421325078605
4.286421325078605
4.286421325078605
4.286421325078605
4.286421325078605
4.286421325078605
4.286421325078605
4.286421325078605
4.286421325078605
4.286421325078605
4.286421325078605
4.286421325078605
4.286421325078605
4.286421325078605
4.286421325078605
4.286421325078605
4.286421325078605
4.286421325078605
4.286421325078605
4.286421325078605
4.286421325078605
4.286421325078605
4.286421325078605
4.286421325078605
4.286421325078605
4.286421325078605
4.286421325078605
4.286421325078605
4.286421325078605
4.286421325078605
4.286421325078605
4.286421325078605
4.286421325078605
4.286421325078605
4.286421325078605
4.286421325078605
4.286421325078605
4.286421325078605
4.286421325078605
4.286421325078605
4.286421325078605
4.286421325078605
4.286421325078605
4.286421325078605
4.286421325078605
4.286421325078605
4.286421325078605
4.286421325078605
4.286421325078605
4.286421325078605
4.286421325078605
4.286421325078605
4.286421325078605
4.286421325078605
4.286421325078605
4.286421325078605
4.286421325078605
4.286421325078605
4.286421325078605
4.286421325078605
4.286421325078605
4.286421325078605
4.286421325078605
4.286421325078605
4.286421325078605
4.286421325078605
4.286421325078605
4.286421325078605
4.286421325078605
4.286421325078605
4.286421325078605
4.286421325078605
4.286421325078605
4.286421325078605
4.286421325078605
4.286421325078605
4.286421325078605
4.286421325078605
4.286421325078605
4.286421325078605
4.286421325078605
4.286421325078605
4.286421325078605
4.286421325078605
4.286421325078605
4.286421325078605
4.286421325078605
4.286421325078605
4.286421325078605
4.286421325078605
4.286421325078605
4.286421325078605
4.286421325078605
4.286421325078605
4.286421325078605
4.286421325078605
4.286421325078605
4.286421325078605
4.286421325078605
4.286421325078605
4.286421325078605
4.286421325078605
4.286421325078605
4.286421325078605
4.286421325078605
4.286421325078605
4.286421325078605
4.286421325078605
4.286421325078605
4.286421325078605
4.286421325078605
4.286421325078605
4.286421325078605
4.286421325078605
4.286421325078605
4.286421325078605
4.286421325078605
4.286421325078605
4.286421325078605
4.286421325078605
4.286421325078605
4.286421325078605
4.286421325078605
4.286421325078605
4.286421325078605
4.286421325078605
4.286421325078605
4.286421325078605
4.286421325078605
4.286421325078605
4.286421325078605
4.286421325078605
4.286421325078605
4.286421325078605
4.286421325078605
4.286421325078605
4.286421325078605
4.286421325078605
4.286421325078605
4.286421325078605
4.286421325078605
4.286421325078605
4.286421325078605
4.286421325078605
4.286421325078605
4.286421325078605
4.286421325078605
4.286421325078605
4.286421325078605
4.286421325078605
4.286421325078605
4.286421325078605
4.286421325078605
4.286421325078605
4.286421325078605
4.286421325078605
4.286421325078605
4.286421325078605
4.286421325078605
4.286421325078605
4.286421325078605
4.286421325078605
4.286421325078605
4.286421325078605
4.286421325078605
4.286421325078605
4.286421325078605
4.286421325078605
4.286421325078605
4.286421325078605
4.286421325078605
4.286421325078605
4.286421325078605
4.286421325078605
4.286421325078605
4.286421325078605
4.286421325078605
4.286421325078605
4.286421325078605
4.286421325078605
4.286421325078605
4.286421325078605
4.286421325078605
4.286421325078605
4.286421325078605
4.286421325078605
4.286421325078605
4.286421325078605
4.286421325078605
4.286421325078605
4.286421325078605
4.286421325078605
4.286421325078605
4.286421325078605
4.286421325078605
4.286421325078605
4.286421325078605
4.286421325078605
4.286421325078605
4.286421325078605
4.286421325078605
4.286421325078605
4.286421325078605
4.286421325078605
4.286421325078605
4.286421325078605
4.286421325078605
4.286421325078605
4.286421325078605
4.286421325078605
4.286421325078605
4.286421325078605
4.286421325078605
4.286421325078605
4.286421325078605
4.286421325078605
4.286421325078605
4.286421325078605
4.286421325078605
4.286421325078605
4.286421325078605
4.286421325078605
4.286421325078605
4.286421325078605
4.286421325078605
4.286421325078605
4.286421325078605
4.286421325078605
4.286421325078605
4.286421325078605
4.286421325078605
4.286421325078605
4.286421325078605
4.286421325078605
4.286421325078605
4.286421325078605
4.286421325078605
4.286421325078605
4.286421325078605
4.286421325078605
4.286421325078605
4.286421325078605
4.286421325078605
4.286421325078605
4.286421325078605
4.286421325078605
4.286421325078605
4.286421325078605
4.286421325078605
4.286421325078605
4.286421325078605
4.286421325078605
4.286421325078605
4.286421325078605
4.286421325078605
4.286421325078605
4.286421325078605
4.286421325078605
4.286421325078605
4.286421325078605
4.286421325078605
4.286421325078605
4.286421325078605
4.286421325078605
4.286421325078605
4.286421325078605
4.286421325078605
4.286421325078605
4.286421325078605
4.286421325078605
4.286421325078605
4.286421325078605
4.286421325078605
4.286421325078605
4.286421325078605
4.286421325078605
4.286421325078605
4.286421325078605
4.286421325078605
4.286421325078605
4.286421325078605
4.286421325078605
4.286421325078605
4.286421325078605
4.286421325078605
4.286421325078605
4.286421325078605
4.286421325078605
4.286421325078605
4.286421325078605
4.286421325078605
4.286421325078605
4.286421325078605
4.286421325078605
4.286421325078605
4.286421325078605
4.286421325078605
4.286421325078605
4.286421325078605
4.286421325078605
4.286421325078605
4.286421325078605
4.286421325078605
4.286421325078605
4.286421325078605
4.286421325078605
4.286421325078605
4.286421325078605
4.286421325078605
4.286421325078605
4.286421325078605
4.286421325078605
4.286421325078605
4.286421325078605
4.286421325078605
4.286421325078605
4.286421325078605
4.286421325078605
4.286421325078605
4.286421325078605
4.286421325078605
4.286421325078605
4.286421325078605
4.653708176442938
4.653708176442938
4.653708176442938
4.653708176442938
4.653708176442938
4.653708176442938
4.653708176442938
4.653708176442938
4.653708176442938
4.653708176442938
4.653708176442938
4.653708176442938
4.653708176442938
4.653708176442938
4.653708176442938
4.653708176442938
4.653708176442938
4.653708176442938
4.653708176442938
4.653708176442938
4.653708176442938
4.653708176442938
4.653708176442938
4.653708176442938
4.653708176442938
4.653708176442938
4.653708176442938
4.653708176442938
4.653708176442938
4.653708176442938
4.653708176442938
4.653708176442938
4.653708176442938
4.653708176442938
4.653708176442938
4.653708176442938
4.653708176442938
4.653708176442938
4.653708176442938
4.653708176442938
4.653708176442938
4.653708176442938
4.653708176442938
4.653708176442938
4.653708176442938
4.653708176442938
4.653708176442938
4.653708176442938
4.653708176442938
4.653708176442938
4.653708176442938
4.653708176442938
4.653708176442938
4.653708176442938
4.653708176442938
4.653708176442938
4.653708176442938
4.653708176442938
4.653708176442938
4.653708176442938
4.653708176442938
4.653708176442938
4.653708176442938
4.653708176442938
4.653708176442938
4.653708176442938
4.653708176442938
4.653708176442938
4.653708176442938
4.653708176442938
4.653708176442938
4.653708176442938
4.653708176442938
4.653708176442938
4.653708176442938
4.653708176442938
4.653708176442938
4.653708176442938
4.653708176442938
4.653708176442938
4.653708176442938
4.653708176442938
4.653708176442938
4.653708176442938
4.653708176442938
4.653708176442938
4.653708176442938
4.653708176442938
4.653708176442938
4.653708176442938
4.653708176442938
4.653708176442938
4.653708176442938
4.653708176442938
4.653708176442938
4.653708176442938
4.653708176442938
4.653708176442938
4.653708176442938
4.653708176442938
4.653708176442938
4.653708176442938
4.653708176442938
4.653708176442938
4.653708176442938
4.653708176442938
4.653708176442938
4.653708176442938
4.653708176442938
4.653708176442938
4.653708176442938
4.653708176442938
4.653708176442938
4.653708176442938
4.653708176442938
4.653708176442938
4.653708176442938
4.653708176442938
4.653708176442938
4.653708176442938
4.653708176442938
4.653708176442938
4.653708176442938
4.653708176442938
4.653708176442938
4.802863331668003
4.802863331668003
4.802863331668003
4.802863331668003
4.802863331668003
4.802863331668003
4.802863331668003
4.802863331668003
4.802863331668003
4.802863331668003
4.802863331668003
4.802863331668003
4.802863331668003
4.802863331668003
4.802863331668003
4.802863331668003
4.802863331668003
4.802863331668003
4.802863331668003
4.802863331668003
4.802863331668003
4.802863331668003
4.802863331668003
4.802863331668003
4.802863331668003
4.802863331668003
4.802863331668003
4.802863331668003
4.802863331668003
4.802863331668003
4.802863331668003
4.802863331668003
4.802863331668003
4.802863331668003
4.802863331668003
4.802863331668003
4.802863331668003
4.802863331668003
4.802863331668003
4.802863331668003
4.802863331668003
4.802863331668003
4.802863331668003
4.802863331668003
4.802863331668003
4.802863331668003
4.802863331668003
4.802863331668003
4.802863331668003
4.802863331668003
4.802863331668003
4.802863331668003
4.802863331668003
4.802863331668003
4.802863331668003
4.802863331668003
4.802863331668003
4.802863331668003
4.802863331668003
4.802863331668003
4.802863331668003
4.802863331668003
4.802863331668003
4.802863331668003
4.802863331668003
4.802863331668003
4.802863331668003
4.802863331668003
4.802863331668003
4.802863331668003
4.802863331668003
4.802863331668003
4.802863331668003
4.802863331668003
4.802863331668003
4.802863331668003
4.802863331668003
4.802863331668003
4.802863331668003
4.802863331668003
4.802863331668003
4.802863331668003
4.802863331668003
4.802863331668003
4.802863331668003
4.802863331668003
4.802863331668003
4.802863331668003
4.802863331668003
4.802863331668003
4.802863331668003
4.802863331668003
4.802863331668003
4.802863331668003
4.802863331668003
4.802863331668003
4.802863331668003
4.802863331668003
4.802863331668003
4.802863331668003
4.802863331668003
4.802863331668003
5.016835551614285
5.016835551614285
5.016835551614285
5.016835551614285
5.016835551614285
5.016835551614285
5.016835551614285
5.016835551614285
5.016835551614285
5.016835551614285
5.016835551614285
5.016835551614285
5.016835551614285
5.016835551614285
5.016835551614285
5.016835551614285
5.016835551614285
5.016835551614285
5.016835551614285
5.016835551614285
5.016835551614285
5.016835551614285
5.016835551614285
5.016835551614285
5.016835551614285
5.016835551614285
5.016835551614285
5.016835551614285
5.016835551614285
5.085273483103348
5.085273483103348
5.085273483103348
5.085273483103348
5.085273483103348
5.085273483103348
5.085273483103348
5.085273483103348
5.085273483103348
5.085273483103348
5.085273483103348
5.085273483103348
5.085273483103348
5.085273483103348
5.085273483103348
5.085273483103348
5.085273483103348
5.085273483103348
5.085273483103348
5.085273483103348
5.32001413507734
5.32001413507734
5.32001413507734
5.32001413507734
5.32001413507734
5.32001413507734
5.32001413507734
5.873700669209903
5.873700669209903
5.873700669209903
5.873700669209903
5.873700669209903
6.092292281186438
6.092292281186438
6.092292281186438
6.105255323317288
6.105255323317288
6.105255323317288
6.105255323317288
6.535983673272164
6.535983673272164
6.535983673272164
6.535983673272164
6.535983673272164
6.535983673272164
6.535983673272164
6.535983673272164
6.535983673272164
6.535983673272164
6.535983673272164
6.535983673272164
6.535983673272164
6.553284374589997
6.553284374589997
6.553284374589997
6.553284374589997
6.553284374589997
6.553284374589997
6.553284374589997
6.553284374589997
6.553284374589997
6.7502374984949585
6.7502374984949585
6.7502374984949585
6.7502374984949585
6.7502374984949585
6.7502374984949585
6.7502374984949585
6.7502374984949585
6.7502374984949585
6.7502374984949585
6.7502374984949585
6.7502374984949585
6.7502374984949585
6.7502374984949585
6.7502374984949585
6.7502374984949585
6.7502374984949585
6.7502374984949585
6.7502374984949585
6.7502374984949585
6.790313199306368
6.790313199306368
6.790313199306368
6.790313199306368
6.790313199306368
6.790313199306368
6.790313199306368
6.790313199306368
6.790313199306368
6.790313199306368
6.790313199306368
6.790313199306368
6.790313199306368
6.799018730179689
6.799018730179689
7.1064880681022355
7.1064880681022355
7.1064880681022355
7.1064880681022355
7.1064880681022355
7.1064880681022355
7.1064880681022355
7.1064880681022355
7.1064880681022355
7.1064880681022355
7.1064880681022355
7.1064880681022355
7.1064880681022355
7.1064880681022355
7.1064880681022355
7.1064880681022355
7.1064880681022355
7.1064880681022355
7.1064880681022355
7.1064880681022355
7.1064880681022355
7.1064880681022355
7.1064880681022355
7.1064880681022355
7.1064880681022355
7.1064880681022355
7.1064880681022355
7.1064880681022355
7.1064880681022355
7.1064880681022355
7.1064880681022355
7.1064880681022355
7.1064880681022355
7.1064880681022355
7.1064880681022355
7.1064880681022355
7.1064880681022355
7.1064880681022355
7.1064880681022355
7.1064880681022355
7.1064880681022355
7.1064880681022355
7.1064880681022355
7.1064880681022355
7.1064880681022355
7.1064880681022355
7.1064880681022355
7.1064880681022355
7.1064880681022355
7.1064880681022355
7.1064880681022355
7.1064880681022355
7.1064880681022355
7.1064880681022355
7.1064880681022355
7.1064880681022355
7.1064880681022355
7.1064880681022355
7.1064880681022355
7.1064880681022355
7.1064880681022355
7.1064880681022355
7.1064880681022355
7.1064880681022355
7.1064880681022355
7.1064880681022355
7.1064880681022355
7.1064880681022355
7.1064880681022355
7.1064880681022355
7.1064880681022355
7.1064880681022355
7.1064880681022355
7.1064880681022355
7.1064880681022355
7.1064880681022355
7.1064880681022355
7.1064880681022355
7.1064880681022355
7.1064880681022355
7.1064880681022355
7.1064880681022355
7.1064880681022355
7.1064880681022355
7.1064880681022355
7.1064880681022355
7.1064880681022355
7.1064880681022355
7.1064880681022355
7.1064880681022355
7.1064880681022355
7.1064880681022355
7.1064880681022355
7.1064880681022355
7.1064880681022355
7.1064880681022355
7.1064880681022355
7.1064880681022355
7.1064880681022355
7.1064880681022355
7.1064880681022355
7.1064880681022355
7.1064880681022355
7.1064880681022355
7.1064880681022355
7.1064880681022355
7.1064880681022355
7.1064880681022355
7.1064880681022355
7.1064880681022355
7.1064880681022355
7.1064880681022355
7.1064880681022355
7.1064880681022355
7.1064880681022355
7.1064880681022355
7.1064880681022355
7.1064880681022355
7.127420159081092
7.127420159081092
7.127420159081092
7.127420159081092
7.127420159081092
7.127420159081092
7.127420159081092
7.127420159081092
7.127420159081092
7.127420159081092
7.127420159081092
7.127420159081092
7.127420159081092
7.127420159081092
7.127420159081092
7.127420159081092
7.127420159081092
7.127420159081092
7.127420159081092
7.127420159081092
7.144320330539625
7.144320330539625
7.144320330539625
7.144320330539625
7.145847831693772
7.145847831693772
7.145847831693772
7.145847831693772
7.145847831693772
7.145847831693772
7.145847831693772
7.145847831693772
7.145847831693772
7.179717414292778
7.179717414292778
7.179717414292778
7.179717414292778
7.179717414292778
7.179717414292778
7.179717414292778
7.179717414292778
7.179717414292778
7.179717414292778
7.179717414292778
7.179717414292778
7.179717414292778
7.179717414292778
7.179717414292778
7.179717414292778
7.179717414292778
7.179717414292778
7.179717414292778
7.179717414292778
7.179717414292778
7.179717414292778
7.179717414292778
7.179717414292778
7.190606282893226
7.190606282893226
7.190606282893226
7.215744901169306
7.215744901169306
7.215744901169306
7.215744901169306
7.215744901169306
7.240885939235841
7.240885939235841
7.240885939235841
7.240885939235841
7.240885939235841
7.240885939235841
7.242936922945907
7.242936922945907
7.242936922945907
7.243586466158792
7.243586466158792
7.243586466158792
7.243586466158792
7.243586466158792
7.243586466158792
7.243586466158792
7.243586466158792
7.243586466158792
7.255687165513601
7.255687165513601
7.255687165513601
7.255687165513601
7.260904575103999
7.260904575103999
7.267904351773877
7.267904351773877
7.329721948773492
7.329721948773492
7.329721948773492
7.329721948773492
7.329721948773492
7.329721948773492
7.329721948773492
7.329721948773492
7.329721948773492
7.329721948773492
7.329721948773492
7.329721948773492
7.329721948773492
7.329721948773492
7.329721948773492
7.329721948773492
7.329721948773492
7.329721948773492
7.329721948773492
7.329721948773492
7.371577913651906
7.371577913651906
7.371577913651906
7.371577913651906
7.371577913651906
7.371577913651906
7.371577913651906
7.371577913651906
7.371577913651906
7.371577913651906
7.371577913651906
7.371577913651906
7.371577913651906
7.371577913651906
7.371577913651906
7.371577913651906
7.371577913651906
7.371577913651906
7.371577913651906
7.371577913651906
7.371577913651906
7.371577913651906
7.371577913651906
7.371577913651906
7.371577913651906
7.371577913651906
7.371577913651906
7.371577913651906
7.371577913651906
7.371577913651906
7.371577913651906
7.371577913651906
7.371577913651906
7.371577913651906
7.371577913651906
7.371577913651906
7.371577913651906
7.371577913651906
7.371577913651906
7.371577913651906
7.371577913651906
7.371577913651906
7.371577913651906
7.371577913651906
7.371577913651906
7.371577913651906
7.371577913651906
7.371577913651906
7.371577913651906
7.371577913651906
7.371577913651906
7.371577913651906
7.371577913651906
7.371577913651906
7.371577913651906
7.371577913651906
7.371577913651906
7.371577913651906
7.371577913651906
7.371577913651906
7.371577913651906
7.371577913651906
7.371577913651906
7.371577913651906
7.371577913651906
7.371577913651906
7.371577913651906
7.371577913651906
7.371577913651906
7.371577913651906
7.371577913651906
7.371577913651906
7.371577913651906
7.371577913651906
7.371577913651906
7.371577913651906
7.371577913651906
7.371577913651906
7.371577913651906
7.371577913651906
7.371577913651906
7.371577913651906
7.371577913651906
7.371577913651906
7.371577913651906
7.371577913651906
7.371577913651906
7.371577913651906
7.371577913651906
7.371577913651906
7.371577913651906
7.371577913651906
7.371577913651906
7.371577913651906
7.371577913651906
7.371577913651906
7.371577913651906
7.371577913651906
7.371577913651906
7.371577913651906
7.371577913651906
7.371577913651906
7.371577913651906
7.371577913651906
7.371577913651906
7.371577913651906
7.371577913651906
7.371577913651906
7.371577913651906
7.371577913651906
7.371577913651906
7.371577913651906
7.371577913651906
7.371577913651906
7.371577913651906
7.371577913651906
7.371577913651906
7.371577913651906
7.371577913651906
7.371577913651906
7.371577913651906
7.371577913651906
7.371577913651906
7.371577913651906
7.371577913651906
7.371577913651906
7.371577913651906
7.371577913651906
7.371577913651906
7.371577913651906
7.371577913651906
7.371577913651906
7.371577913651906
7.371577913651906
7.371577913651906
7.371577913651906
7.371577913651906
7.371577913651906
7.371577913651906
7.371577913651906
7.371577913651906
7.371577913651906
7.371577913651906
7.371577913651906
7.371577913651906
7.371577913651906
7.371577913651906
7.371577913651906
7.371577913651906
7.371577913651906
7.371577913651906
7.371577913651906
7.371577913651906
7.371577913651906
7.371577913651906
7.371577913651906
7.371577913651906
7.371577913651906
7.371577913651906
7.371577913651906
7.371577913651906
7.371577913651906
7.371577913651906
7.371577913651906
7.371577913651906
7.371577913651906
7.371577913651906
7.371577913651906
7.371577913651906
7.371577913651906
7.371577913651906
7.371577913651906
7.371577913651906
7.371577913651906
7.371577913651906
7.371577913651906
7.371577913651906
7.371577913651906
7.371577913651906
7.371577913651906
7.371577913651906
7.371577913651906
7.371577913651906
7.371577913651906
7.371577913651906
7.371577913651906
7.371577913651906
7.371577913651906
7.371577913651906
7.371577913651906
7.371577913651906
7.371577913651906
7.371577913651906
7.371577913651906
7.371577913651906
7.371577913651906
7.371577913651906
7.371577913651906
7.371577913651906
7.371577913651906
7.371577913651906
7.371577913651906
7.371577913651906
7.371577913651906
7.371577913651906
7.371577913651906
7.371577913651906
7.371577913651906
7.371577913651906
7.371577913651906
7.371577913651906
7.371577913651906
7.371577913651906
7.371577913651906
7.371577913651906
7.371577913651906
7.371577913651906
7.371577913651906
7.371577913651906
7.371577913651906
7.371577913651906
7.371577913651906
7.371577913651906
7.371577913651906
7.371577913651906
7.371577913651906
7.371577913651906
7.371577913651906
7.371577913651906
7.371577913651906
7.371577913651906
7.371577913651906
7.371577913651906
7.371577913651906
7.371577913651906
7.371577913651906
7.371577913651906
7.371577913651906
7.371577913651906
7.371577913651906
7.371577913651906
7.371577913651906
7.371577913651906
7.371577913651906
7.371577913651906
7.371577913651906
7.371577913651906
7.371577913651906
7.371577913651906
7.371577913651906
7.371577913651906
7.371577913651906
7.371577913651906
7.371577913651906
7.371577913651906
7.371577913651906
7.371577913651906
7.371577913651906
7.371577913651906
7.371577913651906
7.371577913651906
7.371577913651906
7.371577913651906
7.371577913651906
7.371577913651906
7.371577913651906
7.371577913651906
7.371577913651906
7.371577913651906
7.371577913651906
7.371577913651906
7.371577913651906
7.371577913651906
7.371577913651906
7.371577913651906
7.371577913651906
7.371577913651906
7.371577913651906
7.371577913651906
7.371577913651906
7.371577913651906
7.371577913651906
7.371577913651906
7.371577913651906
7.371577913651906
7.371577913651906
7.371577913651906
7.371577913651906
7.371577913651906
7.371577913651906
7.371577913651906
7.371577913651906
7.371577913651906
7.371577913651906
7.371577913651906
7.371577913651906
7.371577913651906
7.371577913651906
7.371577913651906
7.371577913651906
7.371577913651906
7.371577913651906
7.371577913651906
7.371577913651906
7.371577913651906
7.371577913651906
7.371577913651906
7.371577913651906
7.371577913651906
7.371577913651906
7.371577913651906
7.371577913651906
7.371577913651906
7.371577913651906
7.371577913651906
7.371577913651906
7.371577913651906
7.371577913651906
7.371577913651906
7.371577913651906
7.371577913651906
7.371577913651906
7.371577913651906
7.371577913651906
7.371577913651906
7.371577913651906
7.371577913651906
7.371577913651906
7.371577913651906
7.371577913651906
7.371577913651906
7.371577913651906
7.371577913651906
7.371577913651906
7.371577913651906
7.371577913651906
7.371577913651906
7.371577913651906
7.371577913651906
7.371577913651906
7.371577913651906
7.371577913651906
7.371577913651906
7.371577913651906
7.371577913651906
7.371577913651906
7.371577913651906
7.371577913651906
7.371577913651906
7.371577913651906
7.371577913651906
7.371577913651906
7.371577913651906
7.371577913651906
7.371577913651906
7.371577913651906
7.371577913651906
7.371577913651906
7.371577913651906
7.371577913651906
7.371577913651906
7.371577913651906
7.371577913651906
7.371577913651906
7.371577913651906
7.371577913651906
7.371577913651906
7.371577913651906
7.371577913651906
7.371577913651906
7.371577913651906
7.371577913651906
7.371577913651906
7.371577913651906
7.371577913651906
7.371577913651906
7.371577913651906
7.371577913651906
7.371577913651906
7.371577913651906
7.371577913651906
7.371577913651906
7.371577913651906
7.371577913651906
7.371577913651906
7.371577913651906
7.371577913651906
7.371577913651906
7.371577913651906
7.371577913651906
7.371577913651906
7.371577913651906
7.371577913651906
7.371577913651906
7.371577913651906
7.371577913651906
7.371577913651906
7.371577913651906
7.371577913651906
7.371577913651906
7.371577913651906
7.371577913651906
7.371577913651906
7.371577913651906
7.371577913651906
7.371577913651906
7.371577913651906
7.371577913651906
7.371577913651906
7.371577913651906
7.371577913651906
7.371577913651906
7.371577913651906
7.371577913651906
7.371577913651906
7.371577913651906
7.371577913651906
7.371577913651906
7.371577913651906
7.371577913651906
7.371577913651906
7.371577913651906
7.371577913651906
7.371577913651906
7.371577913651906
7.371577913651906
7.371577913651906
7.371577913651906
7.371577913651906
7.371577913651906
7.371577913651906
7.371577913651906
7.371577913651906
7.371577913651906
7.371577913651906
7.371577913651906
7.371577913651906
7.371577913651906
7.371577913651906
7.371577913651906
7.371577913651906
7.371577913651906
7.371577913651906
7.371577913651906
7.371577913651906
7.371577913651906
7.371577913651906
7.371577913651906
7.371577913651906
7.371577913651906
7.371577913651906
7.371577913651906
7.371577913651906
7.371577913651906
7.371577913651906
7.371577913651906
7.371577913651906
7.371577913651906
7.371577913651906
7.371577913651906
7.371577913651906
7.371577913651906
7.371577913651906
7.371577913651906
7.371577913651906
7.371577913651906
7.371577913651906
7.371577913651906
7.371577913651906
7.371577913651906
7.371577913651906
7.371577913651906
7.371577913651906
7.371577913651906
7.371577913651906
7.371577913651906
7.371577913651906
7.371577913651906
7.371577913651906
7.371577913651906
7.371577913651906
7.371577913651906
7.371577913651906
7.371577913651906
7.371577913651906
7.371577913651906
7.371577913651906
7.371577913651906
7.371577913651906
7.371577913651906
7.371577913651906
7.371577913651906
7.371577913651906
7.371577913651906
7.371577913651906
7.371577913651906
7.371577913651906
7.371577913651906
7.371577913651906
7.371577913651906
7.371577913651906
7.371577913651906
7.371577913651906
7.371577913651906
7.371577913651906
7.371577913651906
7.371577913651906
7.371577913651906
7.371577913651906
7.371577913651906
7.371577913651906
7.371577913651906
7.371577913651906
7.371577913651906
7.371577913651906
7.371577913651906
7.371577913651906
7.371577913651906
7.371577913651906
7.371577913651906
7.371577913651906
7.371577913651906
7.371577913651906
7.371577913651906
7.371577913651906
7.371577913651906
7.371577913651906
7.371577913651906
7.371577913651906
7.371577913651906
7.371577913651906
7.371577913651906
7.371577913651906
7.371577913651906
7.371577913651906
7.371577913651906
7.371577913651906
7.371577913651906
7.371577913651906
7.371577913651906
7.371577913651906
7.371577913651906
7.371577913651906
7.371577913651906
7.371577913651906
7.371577913651906
7.371577913651906
7.371577913651906
7.371577913651906
7.371577913651906
7.371577913651906
7.371577913651906
7.371577913651906
7.371577913651906
7.371577913651906
7.371577913651906
7.371577913651906
7.371577913651906
7.371577913651906
7.371577913651906
7.371577913651906
7.371577913651906
7.371577913651906
7.371577913651906
7.371577913651906
7.371577913651906
7.371577913651906
7.371577913651906
7.371577913651906
7.371577913651906
7.371577913651906
7.371577913651906
7.371577913651906
7.371577913651906
7.371577913651906
7.371577913651906
7.371577913651906
7.371577913651906
7.371577913651906
7.371577913651906
7.371577913651906
7.371577913651906
7.371577913651906
7.371577913651906
7.371577913651906
7.371577913651906
7.371577913651906
7.371577913651906
7.371577913651906
7.371577913651906
7.371577913651906
7.371577913651906
7.371577913651906
7.371577913651906
7.371577913651906
7.371577913651906
7.371577913651906
7.371577913651906
7.371577913651906
7.371577913651906
7.371577913651906
7.371577913651906
7.371577913651906
7.371577913651906
7.371577913651906
7.371577913651906
7.371577913651906
7.371577913651906
7.371577913651906
7.371577913651906
7.371577913651906
7.371577913651906
7.371577913651906
7.371577913651906
7.371577913651906
7.371577913651906
7.371577913651906
7.371577913651906
7.371577913651906
7.371577913651906
7.371577913651906
7.371577913651906
7.371577913651906
7.371577913651906
7.371577913651906
7.371577913651906
7.371577913651906
7.371577913651906
7.371577913651906
7.371577913651906
7.371577913651906
7.371577913651906
7.371577913651906
7.371577913651906
7.371577913651906
7.371577913651906
7.371577913651906
7.371577913651906
7.371577913651906
7.371577913651906
7.371577913651906
7.371577913651906
7.371577913651906
7.371577913651906
7.371577913651906
7.371577913651906
7.371577913651906
7.371577913651906
7.371577913651906
7.371577913651906
7.371577913651906
7.371577913651906
7.371577913651906
7.371577913651906
7.371577913651906
7.371577913651906
7.371577913651906
7.371577913651906
7.371577913651906
7.371577913651906
7.371577913651906
7.371577913651906
7.371577913651906
7.371577913651906
7.371577913651906
7.371577913651906
7.371577913651906
7.371577913651906
7.371577913651906
7.371577913651906
7.371577913651906
7.371577913651906
7.371577913651906
7.371577913651906
7.371577913651906
7.371577913651906
7.371577913651906
7.371577913651906
7.371577913651906
7.371577913651906
7.371577913651906
7.371577913651906
7.371577913651906
7.371577913651906
7.371577913651906
7.371577913651906
7.371577913651906
7.371577913651906
7.371577913651906
7.371577913651906
7.371577913651906
7.371577913651906
7.371577913651906
7.371577913651906
7.371577913651906
7.371577913651906
7.371577913651906
7.371577913651906
7.371577913651906
7.371577913651906
7.371577913651906
7.371577913651906
7.371577913651906
7.371577913651906
7.371577913651906
7.371577913651906
7.371577913651906
7.371577913651906
7.371577913651906
7.371577913651906
7.371577913651906
7.371577913651906
7.371577913651906
7.371577913651906
7.371577913651906
7.371577913651906
7.371577913651906
7.371577913651906
7.371577913651906
7.371577913651906
7.371577913651906
7.371577913651906
7.371577913651906
7.371577913651906
7.371577913651906
7.371577913651906
7.371577913651906
7.371577913651906
7.371577913651906
7.371577913651906
7.371577913651906
7.371577913651906
7.371577913651906
7.371577913651906
7.371577913651906
7.371577913651906
7.371577913651906
7.371577913651906
7.371577913651906
7.371577913651906
7.371577913651906
7.371577913651906
7.371577913651906
7.371577913651906
7.371577913651906
7.371577913651906
7.371577913651906
7.371577913651906
7.371577913651906
7.371577913651906
7.371577913651906
7.371577913651906
7.371577913651906
7.371577913651906
7.371577913651906
7.371577913651906
7.371577913651906
7.371577913651906
7.371577913651906
7.371577913651906
7.371577913651906
7.371577913651906
7.371577913651906
7.371577913651906
7.371577913651906
7.371577913651906
7.371577913651906
7.371577913651906
7.371577913651906
7.371577913651906
7.371577913651906
7.371577913651906
7.371577913651906
7.371577913651906
7.371577913651906
7.371577913651906
7.371577913651906
7.371577913651906
7.371577913651906
7.371577913651906
7.371577913651906
7.371577913651906
7.371577913651906
7.371577913651906
7.371577913651906
7.371577913651906
7.371577913651906
7.371577913651906
7.371577913651906
7.371577913651906
7.371577913651906
7.371577913651906
7.371577913651906
7.371577913651906
7.371577913651906
7.371577913651906
7.371577913651906
7.371577913651906
7.371577913651906
7.371577913651906
7.371577913651906
7.371577913651906
7.371577913651906
7.371577913651906
7.371577913651906
7.371577913651906
7.371577913651906
7.371577913651906
7.371577913651906
7.371577913651906
7.371577913651906
7.371577913651906
7.371577913651906
7.371577913651906
7.371577913651906
7.371577913651906
7.371577913651906
7.371577913651906
7.371577913651906
7.371577913651906
7.371577913651906
7.371577913651906
7.371577913651906
7.371577913651906
7.371577913651906
7.371577913651906
7.371577913651906
7.371577913651906
7.371577913651906
7.371577913651906
7.371577913651906
7.371577913651906
7.371577913651906
7.371577913651906
7.371577913651906
7.371577913651906
7.371577913651906
7.371577913651906
7.371577913651906
7.371577913651906
7.371577913651906
7.371577913651906
7.371577913651906
7.371577913651906
7.371577913651906
7.371577913651906
7.371577913651906
7.371577913651906
7.371577913651906
7.371577913651906
7.371577913651906
7.371577913651906
7.371577913651906
7.371577913651906
7.371577913651906
7.371577913651906
7.371577913651906
7.371577913651906
7.371577913651906
7.371577913651906
7.371577913651906
7.371577913651906
7.371577913651906
7.371577913651906
7.371577913651906
7.371577913651906
7.371577913651906
7.371577913651906
7.371577913651906
7.371577913651906
7.371577913651906
7.371577913651906
7.371577913651906
7.371577913651906
7.371577913651906
7.371577913651906
7.371577913651906
7.371577913651906
7.371577913651906
7.371577913651906
7.371577913651906
7.371577913651906
7.371577913651906
7.371577913651906
7.371577913651906
7.371577913651906
7.371577913651906
7.371577913651906
7.371577913651906
7.371577913651906
7.371577913651906
7.371577913651906
7.371577913651906
7.371577913651906
7.371577913651906
7.371577913651906
7.371577913651906
7.371577913651906
7.371577913651906
7.371577913651906
7.371577913651906
7.371577913651906
7.371577913651906
7.371577913651906
7.371577913651906
7.371577913651906
7.371577913651906
7.371577913651906
7.371577913651906
7.371577913651906
7.371577913651906
7.371577913651906
7.371577913651906
7.371577913651906
7.371577913651906
7.371577913651906
7.371577913651906
7.371577913651906
7.371577913651906
7.371577913651906
7.371577913651906
7.371577913651906
7.371577913651906
7.371577913651906
7.371577913651906
7.371577913651906
7.371577913651906
7.371577913651906
7.371577913651906
7.371577913651906
7.371577913651906
7.371577913651906
7.371577913651906
7.371577913651906
7.371577913651906
7.371577913651906
7.371577913651906
7.371577913651906
7.371577913651906
7.371577913651906
7.371577913651906
7.371577913651906
7.371577913651906
7.371577913651906
7.371577913651906
7.371577913651906
7.371577913651906
7.371577913651906
Score: 7.371577913651906
Runtime: 640ms
