7.217120811826526E-9
5.207863137973233E-7
5.207863137973233E-7
5.207863137973233E-7
5.207863137973233E-7
1.2699831656733178E-4
1.2699831656733178E-4
8.005515362538873E-4
8.005515362538873E-4
8.005515362538873E-4
8.005515362538873E-4
0.0012491427955628853
0.006140480125384432
0.006140480125384432
0.013901138585683348
0.013901138585683348
0.013901138585683348
0.013901138585683348
0.013901138585683348
0.05647191810103448
0.05647191810103448
0.6563586521160967
0.6563586521160967
0.6563586521160967
0.7266639184558138
0.7266639184558138
0.7266639184558138
0.7266639184558138
0.7266639184558138
0.7266639184558138
0.7266639184558138
0.7266639184558138
0.7266639184558138
0.7266639184558138
0.7584791849293654
0.9214368856005467
0.9214368856005467
1.8181134040924714
1.8181134040924714
1.8181134040924714
1.8181134040924714
1.8181134040924714
1.8181134040924714
1.8181134040924714
1.8181134040924714
1.8181134040924714
1.8181134040924714
1.8181134040924714
1.8181134040924714
1.8181134040924714
1.8181134040924714
2.148717514178597
2.148717514178597
2.4836695294359448
2.4836695294359448
2.4836695294359448
2.4836695294359448
2.4836695294359448
2.4836695294359448
2.4836695294359448
2.4836695294359448
2.4836695294359448
2.4836695294359448
2.4836695294359448
2.4836695294359448
2.4836695294359448
2.4836695294359448
2.4836695294359448
2.940242450743658
2.940242450743658
2.940242450743658
3.7463058691755307
3.7463058691755307
3.7463058691755307
3.7463058691755307
3.7463058691755307
3.7463058691755307
3.7463058691755307
3.7463058691755307
3.7463058691755307
3.7463058691755307
3.7463058691755307
3.9764828278439293
3.9764828278439293
3.9764828278439293
3.9764828278439293
3.9764828278439293
3.9764828278439293
3.9764828278439293
3.9764828278439293
4.766270165695559
4.766270165695559
4.766270165695559
4.766270165695559
4.766270165695559
4.766270165695559
4.766270165695559
4.766270165695559
4.766270165695559
4.766270165695559
4.766270165695559
4.766270165695559
4.766270165695559
4.766270165695559
4.766270165695559
6.554128485965781
6.554128485965781
6.554128485965781
6.554128485965781
6.554128485965781
6.554128485965781
6.554128485965781
6.554128485965781
6.554128485965781
6.554128485965781
6.554128485965781
6.554128485965781
6.554128485965781
6.554128485965781
6.554128485965781
6.554128485965781
6.554128485965781
6.554128485965781
6.554128485965781
6.554128485965781
6.554128485965781
6.554128485965781
6.554128485965781
6.554128485965781
6.554128485965781
6.554128485965781
6.554128485965781
6.554128485965781
6.554128485965781
6.554128485965781
6.701036373626437
6.701036373626437
6.905244836093594
6.905244836093594
6.905244836093594
6.905244836093594
6.905244836093594
6.905244836093594
6.905244836093594
7.529301805746167
7.529301805746167
7.529301805746167
7.529301805746167
7.529301805746167
7.529301805746167
7.529301805746167
7.529301805746167
7.529301805746167
7.529301805746167
7.529301805746167
7.529301805746167
7.529301805746167
7.529301805746167
7.529301805746167
7.529301805746167
7.529301805746167
7.529301805746167
7.529301805746167
7.529301805746167
7.529301805746167
7.529301805746167
7.529301805746167
7.529301805746167
7.529301805746167
7.529301805746167
7.529301805746167
7.529301805746167
7.529301805746167
7.529301805746167
7.529301805746167
7.529301805746167
7.529301805746167
7.529301805746167
7.569523293015573
7.569523293015573
7.569523293015573
7.569523293015573
7.5696284927839805
7.5696284927839805
7.5696284927839805
7.5696284927839805
7.5696284927839805
7.698518864555391
7.698518864555391
7.698518864555391
7.829183079818094
8.244051277765262
8.244051277765262
8.244051277765262
8.244051277765262
8.244051277765262
8.244051277765262
8.244051277765262
8.244051277765262
8.244051277765262
8.244051277765262
8.244051277765262
8.244051277765262
8.244051277765262
8.244051277765262
8.244051277765262
8.244051277765262
8.244051277765262
8.244051277765262
8.244051277765262
8.244051277765262
8.415339863612953
8.415339863612953
8.415339863612953
8.415339863612953
8.415339863612953
8.415339863612953
8.415339863612953
8.415339863612953
8.415339863612953
8.415339863612953
8.415339863612953
8.415339863612953
8.415339863612953
8.415339863612953
8.415339863612953
8.415339863612953
8.415339863612953
8.415339863612953
8.415339863612953
8.415339863612953
8.415339863612953
8.415339863612953
8.415339863612953
8.415339863612953
8.415339863612953
8.415339863612953
8.415339863612953
8.415339863612953
8.415339863612953
8.415339863612953
8.415339863612953
8.415339863612953
8.415339863612953
8.415339863612953
8.415339863612953
8.415339863612953
8.415339863612953
8.415339863612953
8.415339863612953
8.415339863612953
8.415339863612953
8.415339863612953
8.531679180456688
8.531679180456688
8.531679180456688
8.531679180456688
8.531679180456688
8.531679180456688
8.531679180456688
8.531679180456688
8.531679180456688
8.531679180456688
8.531679180456688
8.600194029040328
8.600194029040328
8.600194029040328
8.600194029040328
8.600194029040328
8.600194029040328
8.600194029040328
8.600194029040328
8.600194029040328
8.600194029040328
8.600194029040328
8.600194029040328
8.600194029040328
8.600194029040328
8.600194029040328
8.600194029040328
8.600194029040328
8.600194029040328
8.600194029040328
8.600194029040328
8.706746095046487
8.706746095046487
8.706746095046487
8.706746095046487
8.71372439632702
8.71372439632702
8.71372439632702
8.71372439632702
8.71372439632702
8.71372439632702
8.71372439632702
8.71372439632702
8.71372439632702
8.71372439632702
8.71372439632702
8.71372439632702
8.71372439632702
8.71372439632702
8.74425647801119
8.74425647801119
8.74425647801119
8.74425647801119
8.74425647801119
8.74425647801119
8.74425647801119
8.74425647801119
8.74425647801119
8.74425647801119
8.74425647801119
8.74425647801119
8.74425647801119
8.74425647801119
8.99014749262562
8.99014749262562
8.99014749262562
8.99014749262562
8.99014749262562
8.99014749262562
8.99014749262562
8.99014749262562
8.99014749262562
8.99014749262562
8.99014749262562
8.99014749262562
8.99014749262562
8.99014749262562
8.99014749262562
8.99014749262562
8.99014749262562
8.99014749262562
8.99014749262562
8.99014749262562
8.99014749262562
8.99014749262562
8.99014749262562
8.99014749262562
8.99014749262562
8.99014749262562
8.99014749262562
8.99014749262562
8.99014749262562
8.99014749262562
8.99014749262562
8.99014749262562
8.99014749262562
8.99014749262562
8.99014749262562
8.99014749262562
8.99014749262562
8.99014749262562
8.99014749262562
8.99014749262562
8.99014749262562
8.99014749262562
8.99014749262562
8.99014749262562
8.99014749262562
8.99014749262562
8.99014749262562
8.99014749262562
8.99014749262562
8.99014749262562
8.99014749262562
8.99014749262562
8.99014749262562
8.99014749262562
8.99014749262562
8.99014749262562
8.99014749262562
8.99014749262562
8.99014749262562
8.99014749262562
8.99014749262562
8.99014749262562
8.99014749262562
8.99014749262562
8.99014749262562
8.99014749262562
8.99014749262562
8.99014749262562
8.99014749262562
8.99014749262562
9.13828857380446
9.13828857380446
9.13828857380446
9.13828857380446
9.13828857380446
9.13828857380446
9.13828857380446
9.13828857380446
9.13828857380446
9.13828857380446
9.13828857380446
9.13828857380446
9.13828857380446
9.13828857380446
9.13828857380446
9.13828857380446
9.13828857380446
9.13828857380446
9.13828857380446
9.13828857380446
9.13828857380446
9.13828857380446
9.13828857380446
9.13828857380446
9.13828857380446
9.13828857380446
9.13828857380446
9.13828857380446
9.13828857380446
9.13828857380446
9.13828857380446
9.13828857380446
9.13828857380446
9.13828857380446
9.13828857380446
9.13828857380446
9.13828857380446
9.13828857380446
9.13828857380446
9.13828857380446
9.13828857380446
9.13828857380446
9.13828857380446
9.13828857380446
9.13828857380446
9.13828857380446
9.13828857380446
9.13828857380446
9.13828857380446
9.13828857380446
9.13828857380446
9.13828857380446
9.13828857380446
9.13828857380446
9.13828857380446
9.13828857380446
9.13828857380446
9.13828857380446
9.13828857380446
9.13828857380446
9.13828857380446
9.13828857380446
9.13828857380446
9.13828857380446
9.13828857380446
9.13828857380446
9.13828857380446
9.13828857380446
9.13828857380446
9.13828857380446
9.13828857380446
9.13828857380446
9.13828857380446
9.13828857380446
9.13828857380446
9.13828857380446
9.13828857380446
9.13828857380446
9.13828857380446
9.13828857380446
9.13828857380446
9.13828857380446
9.13828857380446
9.13828857380446
9.13828857380446
9.13828857380446
9.13828857380446
9.13828857380446
9.13828857380446
9.13828857380446
9.13828857380446
9.13828857380446
9.13828857380446
9.13828857380446
9.13828857380446
9.13828857380446
9.13828857380446
9.13828857380446
9.13828857380446
9.13828857380446
9.13828857380446
9.13828857380446
9.13828857380446
9.13828857380446
9.13828857380446
9.13828857380446
9.13828857380446
9.13828857380446
9.13828857380446
9.13828857380446
9.13828857380446
9.13828857380446
9.13828857380446
9.13828857380446
9.13828857380446
9.13828857380446
9.13828857380446
9.13828857380446
9.13828857380446
9.13828857380446
9.13828857380446
9.13828857380446
9.13828857380446
9.13828857380446
9.13828857380446
9.13828857380446
9.13828857380446
9.13828857380446
9.13828857380446
9.13828857380446
9.13828857380446
9.13828857380446
9.13828857380446
9.13828857380446
9.13828857380446
9.13828857380446
9.13828857380446
9.13828857380446
9.13828857380446
9.13828857380446
9.13828857380446
9.13828857380446
9.13828857380446
9.13828857380446
9.13828857380446
9.13828857380446
9.13828857380446
9.13828857380446
9.13828857380446
9.13828857380446
9.13828857380446
9.13828857380446
9.13828857380446
9.13828857380446
9.13828857380446
9.13828857380446
9.13828857380446
9.13828857380446
9.13828857380446
9.13828857380446
9.13828857380446
9.13828857380446
9.13828857380446
9.13828857380446
9.13828857380446
9.13828857380446
9.13828857380446
9.13828857380446
9.13828857380446
9.13828857380446
9.13828857380446
9.13828857380446
9.13828857380446
9.13828857380446
9.13828857380446
9.13828857380446
9.13828857380446
9.13828857380446
9.13828857380446
9.13828857380446
9.13828857380446
9.13828857380446
9.13828857380446
9.13828857380446
9.13828857380446
9.13828857380446
9.13828857380446
9.13828857380446
9.13828857380446
9.13828857380446
9.13828857380446
9.13828857380446
9.13828857380446
9.13828857380446
9.13828857380446
9.13828857380446
9.13828857380446
9.13828857380446
9.13828857380446
9.13828857380446
9.13828857380446
9.13828857380446
9.13828857380446
9.13828857380446
9.13828857380446
9.13828857380446
9.13828857380446
9.13828857380446
9.13828857380446
9.13828857380446
9.13828857380446
9.13828857380446
9.13828857380446
9.13828857380446
9.13828857380446
9.13828857380446
9.13828857380446
9.13828857380446
9.13828857380446
9.13828857380446
9.13828857380446
9.13828857380446
9.13828857380446
9.13828857380446
9.13828857380446
9.13828857380446
9.13828857380446
9.13828857380446
9.13828857380446
9.13828857380446
9.13828857380446
9.13828857380446
9.13828857380446
9.13828857380446
9.13828857380446
9.13828857380446
9.13828857380446
9.13828857380446
9.13828857380446
9.13828857380446
9.13828857380446
9.13828857380446
9.13828857380446
9.13828857380446
9.13828857380446
9.13828857380446
9.13828857380446
9.13828857380446
9.13828857380446
9.13828857380446
9.13828857380446
9.13828857380446
9.13828857380446
9.13828857380446
9.13828857380446
9.13828857380446
9.13828857380446
9.13828857380446
9.13828857380446
9.13828857380446
9.13828857380446
9.13828857380446
9.13828857380446
9.13828857380446
9.13828857380446
9.13828857380446
9.13828857380446
9.13828857380446
9.13828857380446
9.13828857380446
9.13828857380446
9.13828857380446
9.13828857380446
9.13828857380446
9.13828857380446
9.13828857380446
9.13828857380446
9.13828857380446
9.13828857380446
9.13828857380446
9.13828857380446
9.13828857380446
9.13828857380446
9.13828857380446
9.13828857380446
9.13828857380446
9.13828857380446
9.13828857380446
9.13828857380446
9.13828857380446
9.13828857380446
9.13828857380446
9.13828857380446
9.13828857380446
9.13828857380446
9.13828857380446
9.13828857380446
9.13828857380446
9.13828857380446
9.13828857380446
9.13828857380446
9.13828857380446
9.13828857380446
9.13828857380446
9.13828857380446
9.13828857380446
9.13828857380446
9.13828857380446
9.13828857380446
9.13828857380446
9.13828857380446
9.13828857380446
9.13828857380446
9.13828857380446
9.13828857380446
9.13828857380446
9.13828857380446
9.13828857380446
9.13828857380446
9.13828857380446
9.13828857380446
9.13828857380446
9.13828857380446
9.13828857380446
9.13828857380446
9.13828857380446
9.13828857380446
9.13828857380446
9.13828857380446
9.13828857380446
9.13828857380446
9.13828857380446
9.13828857380446
9.13828857380446
9.13828857380446
9.13828857380446
9.13828857380446
9.13828857380446
9.13828857380446
9.13828857380446
9.13828857380446
9.13828857380446
9.13828857380446
9.13828857380446
9.13828857380446
9.13828857380446
9.13828857380446
9.13828857380446
9.13828857380446
9.13828857380446
9.13828857380446
9.13828857380446
9.13828857380446
9.13828857380446
9.13828857380446
9.13828857380446
9.13828857380446
9.13828857380446
9.13828857380446
9.13828857380446
9.13828857380446
9.13828857380446
9.13828857380446
9.13828857380446
9.13828857380446
9.13828857380446
9.13828857380446
9.13828857380446
9.13828857380446
9.13828857380446
9.13828857380446
9.13828857380446
9.13828857380446
9.13828857380446
9.13828857380446
9.13828857380446
9.13828857380446
9.13828857380446
9.13828857380446
9.13828857380446
9.13828857380446
9.13828857380446
9.13828857380446
9.13828857380446
9.13828857380446
9.13828857380446
9.13828857380446
9.13828857380446
9.13828857380446
9.13828857380446
9.13828857380446
9.13828857380446
9.13828857380446
9.13828857380446
9.13828857380446
9.13828857380446
9.13828857380446
9.13828857380446
9.13828857380446
9.13828857380446
9.13828857380446
9.13828857380446
9.13828857380446
9.13828857380446
9.13828857380446
9.13828857380446
9.13828857380446
9.13828857380446
9.13828857380446
9.13828857380446
9.13828857380446
9.13828857380446
9.13828857380446
9.13828857380446
9.13828857380446
9.13828857380446
9.13828857380446
9.13828857380446
9.13828857380446
9.13828857380446
9.13828857380446
9.13828857380446
9.13828857380446
9.13828857380446
9.13828857380446
9.13828857380446
9.13828857380446
9.13828857380446
9.13828857380446
9.13828857380446
9.13828857380446
9.13828857380446
9.13828857380446
9.13828857380446
9.13828857380446
9.13828857380446
9.13828857380446
9.13828857380446
9.13828857380446
9.13828857380446
9.13828857380446
9.13828857380446
9.13828857380446
9.13828857380446
9.13828857380446
9.13828857380446
9.13828857380446
9.13828857380446
9.13828857380446
9.13828857380446
9.13828857380446
9.13828857380446
9.13828857380446
9.13828857380446
9.13828857380446
9.13828857380446
9.13828857380446
9.13828857380446
9.13828857380446
9.13828857380446
9.13828857380446
9.13828857380446
9.13828857380446
9.13828857380446
9.13828857380446
9.13828857380446
9.13828857380446
9.13828857380446
9.13828857380446
9.13828857380446
9.13828857380446
9.13828857380446
9.13828857380446
9.13828857380446
9.13828857380446
9.13828857380446
9.13828857380446
9.13828857380446
9.13828857380446
9.13828857380446
9.13828857380446
9.13828857380446
9.13828857380446
9.13828857380446
9.13828857380446
9.13828857380446
9.13828857380446
9.13828857380446
9.13828857380446
9.13828857380446
9.13828857380446
9.13828857380446
9.13828857380446
9.13828857380446
9.13828857380446
9.13828857380446
9.13828857380446
9.13828857380446
9.13828857380446
9.13828857380446
9.13828857380446
9.13828857380446
9.13828857380446
9.13828857380446
9.13828857380446
9.13828857380446
9.13828857380446
9.13828857380446
9.13828857380446
9.13828857380446
9.13828857380446
9.13828857380446
9.13828857380446
9.13828857380446
9.13828857380446
9.13828857380446
9.13828857380446
9.13828857380446
9.13828857380446
9.13828857380446
9.13828857380446
9.13828857380446
9.13828857380446
9.13828857380446
9.13828857380446
9.13828857380446
9.13828857380446
9.13828857380446
9.13828857380446
9.13828857380446
9.13828857380446
9.13828857380446
9.13828857380446
9.13828857380446
9.13828857380446
9.13828857380446
9.13828857380446
9.13828857380446
9.13828857380446
9.13828857380446
9.13828857380446
9.13828857380446
9.13828857380446
9.13828857380446
9.13828857380446
9.13828857380446
9.13828857380446
9.13828857380446
9.13828857380446
9.13828857380446
9.13828857380446
9.13828857380446
9.13828857380446
9.13828857380446
9.13828857380446
9.13828857380446
9.13828857380446
9.13828857380446
9.13828857380446
9.13828857380446
9.13828857380446
9.13828857380446
9.13828857380446
9.13828857380446
9.13828857380446
9.13828857380446
9.13828857380446
9.13828857380446
9.13828857380446
9.13828857380446
9.13828857380446
9.13828857380446
9.13828857380446
9.13828857380446
9.13828857380446
9.13828857380446
9.13828857380446
9.13828857380446
9.13828857380446
9.13828857380446
9.13828857380446
9.13828857380446
9.13828857380446
9.13828857380446
9.13828857380446
9.13828857380446
9.13828857380446
9.13828857380446
9.13828857380446
9.13828857380446
9.13828857380446
9.13828857380446
9.13828857380446
9.13828857380446
9.13828857380446
9.13828857380446
9.13828857380446
9.13828857380446
9.13828857380446
9.13828857380446
9.13828857380446
9.13828857380446
9.13828857380446
9.13828857380446
9.13828857380446
9.13828857380446
9.13828857380446
9.13828857380446
9.13828857380446
9.13828857380446
9.13828857380446
9.13828857380446
9.13828857380446
9.13828857380446
9.13828857380446
9.13828857380446
9.13828857380446
9.13828857380446
9.13828857380446
9.13828857380446
9.13828857380446
9.13828857380446
9.13828857380446
9.13828857380446
9.13828857380446
9.13828857380446
9.13828857380446
9.13828857380446
9.13828857380446
9.13828857380446
9.13828857380446
9.13828857380446
9.13828857380446
9.13828857380446
9.13828857380446
9.13828857380446
9.13828857380446
9.13828857380446
9.13828857380446
9.13828857380446
9.13828857380446
9.13828857380446
9.13828857380446
9.13828857380446
9.13828857380446
9.13828857380446
9.13828857380446
9.13828857380446
9.13828857380446
9.13828857380446
9.13828857380446
9.13828857380446
9.13828857380446
9.13828857380446
9.13828857380446
9.13828857380446
9.13828857380446
9.13828857380446
9.13828857380446
9.13828857380446
9.13828857380446
9.13828857380446
9.13828857380446
9.13828857380446
9.13828857380446
9.13828857380446
9.13828857380446
9.13828857380446
9.13828857380446
9.13828857380446
9.13828857380446
9.13828857380446
9.13828857380446
9.13828857380446
9.13828857380446
9.13828857380446
9.13828857380446
9.13828857380446
9.13828857380446
9.13828857380446
9.13828857380446
9.13828857380446
9.13828857380446
9.13828857380446
9.13828857380446
9.13828857380446
9.13828857380446
9.13828857380446
9.13828857380446
9.13828857380446
9.13828857380446
9.13828857380446
9.13828857380446
9.13828857380446
9.13828857380446
9.13828857380446
9.13828857380446
9.13828857380446
9.13828857380446
9.13828857380446
9.13828857380446
9.13828857380446
9.13828857380446
9.13828857380446
9.13828857380446
9.13828857380446
9.13828857380446
9.13828857380446
9.13828857380446
9.13828857380446
9.13828857380446
9.13828857380446
9.13828857380446
9.13828857380446
9.13828857380446
9.13828857380446
9.13828857380446
9.13828857380446
9.13828857380446
9.13828857380446
9.13828857380446
9.13828857380446
9.13828857380446
9.13828857380446
9.13828857380446
9.13828857380446
9.13828857380446
9.13828857380446
9.13828857380446
9.13828857380446
9.13828857380446
9.13828857380446
9.13828857380446
9.13828857380446
9.13828857380446
9.13828857380446
9.13828857380446
9.13828857380446
9.13828857380446
9.13828857380446
9.13828857380446
9.13828857380446
9.13828857380446
9.13828857380446
9.13828857380446
9.13828857380446
9.13828857380446
9.13828857380446
9.13828857380446
9.13828857380446
9.13828857380446
9.13828857380446
9.13828857380446
9.13828857380446
9.13828857380446
9.13828857380446
9.13828857380446
9.13828857380446
9.13828857380446
9.13828857380446
9.13828857380446
9.13828857380446
9.13828857380446
9.13828857380446
9.13828857380446
9.13828857380446
9.13828857380446
9.13828857380446
9.13828857380446
9.13828857380446
9.13828857380446
9.13828857380446
9.13828857380446
9.13828857380446
9.13828857380446
9.13828857380446
9.13828857380446
9.13828857380446
9.13828857380446
9.13828857380446
9.13828857380446
9.13828857380446
9.13828857380446
9.13828857380446
9.13828857380446
9.13828857380446
9.13828857380446
9.13828857380446
9.13828857380446
9.13828857380446
9.13828857380446
9.13828857380446
9.13828857380446
9.13828857380446
9.13828857380446
9.13828857380446
9.13828857380446
9.13828857380446
9.13828857380446
9.13828857380446
9.13828857380446
9.13828857380446
9.13828857380446
9.13828857380446
9.13828857380446
9.13828857380446
9.13828857380446
9.13828857380446
9.13828857380446
9.13828857380446
9.13828857380446
9.13828857380446
9.13828857380446
9.13828857380446
9.13828857380446
9.13828857380446
9.13828857380446
9.13828857380446
9.13828857380446
9.13828857380446
9.13828857380446
9.13828857380446
9.13828857380446
9.13828857380446
9.13828857380446
9.13828857380446
9.13828857380446
9.13828857380446
9.13828857380446
9.13828857380446
9.13828857380446
9.13828857380446
9.13828857380446
9.13828857380446
9.13828857380446
9.13828857380446
9.13828857380446
9.13828857380446
9.13828857380446
9.13828857380446
9.13828857380446
9.13828857380446
9.13828857380446
9.13828857380446
9.13828857380446
9.13828857380446
9.13828857380446
9.13828857380446
9.13828857380446
9.13828857380446
9.13828857380446
9.13828857380446
9.13828857380446
9.13828857380446
9.13828857380446
9.13828857380446
9.13828857380446
9.13828857380446
9.13828857380446
9.13828857380446
9.13828857380446
9.13828857380446
9.13828857380446
9.13828857380446
9.13828857380446
9.13828857380446
9.13828857380446
9.13828857380446
9.13828857380446
9.13828857380446
9.13828857380446
9.13828857380446
9.13828857380446
9.13828857380446
9.13828857380446
9.13828857380446
9.13828857380446
9.13828857380446
9.13828857380446
9.13828857380446
9.13828857380446
9.13828857380446
9.13828857380446
9.13828857380446
9.13828857380446
9.13828857380446
9.13828857380446
9.13828857380446
9.13828857380446
9.13828857380446
9.13828857380446
9.13828857380446
9.13828857380446
9.13828857380446
9.13828857380446
9.13828857380446
9.13828857380446
9.13828857380446
9.13828857380446
9.13828857380446
9.13828857380446
9.13828857380446
9.13828857380446
9.13828857380446
9.13828857380446
9.13828857380446
9.13828857380446
9.13828857380446
9.13828857380446
9.13828857380446
9.13828857380446
9.13828857380446
9.13828857380446
9.13828857380446
9.13828857380446
9.13828857380446
9.13828857380446
9.13828857380446
9.13828857380446
9.13828857380446
9.13828857380446
9.13828857380446
9.13828857380446
9.13828857380446
9.13828857380446
9.13828857380446
9.13828857380446
9.13828857380446
9.13828857380446
9.13828857380446
9.13828857380446
9.13828857380446
9.13828857380446
9.13828857380446
9.13828857380446
9.13828857380446
9.13828857380446
9.13828857380446
9.13828857380446
9.13828857380446
9.13828857380446
9.13828857380446
9.13828857380446
9.13828857380446
9.13828857380446
9.13828857380446
9.13828857380446
9.13828857380446
9.13828857380446
9.13828857380446
9.13828857380446
9.13828857380446
9.13828857380446
9.13828857380446
9.13828857380446
9.13828857380446
9.13828857380446
9.13828857380446
9.13828857380446
9.13828857380446
9.13828857380446
9.13828857380446
9.13828857380446
9.13828857380446
9.13828857380446
9.13828857380446
9.13828857380446
9.13828857380446
9.13828857380446
9.13828857380446
9.13828857380446
9.13828857380446
9.13828857380446
9.13828857380446
9.13828857380446
9.13828857380446
9.13828857380446
9.13828857380446
9.13828857380446
9.13828857380446
9.13828857380446
9.13828857380446
9.13828857380446
9.13828857380446
9.13828857380446
9.13828857380446
9.13828857380446
9.13828857380446
9.13828857380446
9.13828857380446
9.13828857380446
9.13828857380446
9.13828857380446
9.13828857380446
9.13828857380446
9.13828857380446
9.13828857380446
9.13828857380446
9.13828857380446
9.13828857380446
9.13828857380446
9.13828857380446
9.13828857380446
9.13828857380446
9.13828857380446
9.13828857380446
9.13828857380446
9.13828857380446
9.13828857380446
9.13828857380446
9.13828857380446
9.13828857380446
9.13828857380446
9.13828857380446
9.13828857380446
9.13828857380446
9.13828857380446
9.13828857380446
9.13828857380446
9.13828857380446
9.13828857380446
9.13828857380446
9.13828857380446
9.13828857380446
9.13828857380446
9.13828857380446
9.13828857380446
9.13828857380446
9.13828857380446
9.13828857380446
9.13828857380446
9.13828857380446
9.13828857380446
9.13828857380446
9.13828857380446
9.13828857380446
9.13828857380446
9.13828857380446
9.13828857380446
9.13828857380446
9.13828857380446
9.13828857380446
9.13828857380446
9.13828857380446
9.13828857380446
9.13828857380446
9.13828857380446
9.13828857380446
9.13828857380446
9.13828857380446
9.13828857380446
9.13828857380446
9.13828857380446
9.13828857380446
9.13828857380446
9.13828857380446
9.13828857380446
9.13828857380446
9.13828857380446
9.13828857380446
9.13828857380446
9.13828857380446
9.13828857380446
9.13828857380446
9.13828857380446
9.13828857380446
9.13828857380446
9.13828857380446
9.13828857380446
9.13828857380446
9.13828857380446
9.13828857380446
9.13828857380446
9.13828857380446
9.13828857380446
9.13828857380446
9.13828857380446
9.13828857380446
9.13828857380446
9.13828857380446
9.13828857380446
9.13828857380446
9.13828857380446
9.13828857380446
9.13828857380446
9.13828857380446
9.13828857380446
9.13828857380446
9.13828857380446
9.13828857380446
9.13828857380446
9.13828857380446
9.13828857380446
9.13828857380446
9.13828857380446
9.13828857380446
9.13828857380446
9.13828857380446
9.13828857380446
9.13828857380446
9.13828857380446
9.13828857380446
9.13828857380446
9.13828857380446
9.13828857380446
9.13828857380446
9.13828857380446
9.13828857380446
9.13828857380446
9.13828857380446
9.13828857380446
9.13828857380446
9.13828857380446
9.13828857380446
9.13828857380446
9.13828857380446
9.13828857380446
9.13828857380446
9.13828857380446
9.13828857380446
9.13828857380446
9.13828857380446
9.13828857380446
9.13828857380446
9.13828857380446
9.13828857380446
9.13828857380446
9.13828857380446
9.13828857380446
9.13828857380446
9.13828857380446
9.13828857380446
9.13828857380446
9.13828857380446
9.13828857380446
9.13828857380446
9.13828857380446
9.13828857380446
9.13828857380446
9.13828857380446
9.13828857380446
9.13828857380446
9.13828857380446
9.13828857380446
9.13828857380446
9.13828857380446
9.13828857380446
9.13828857380446
9.13828857380446
9.13828857380446
9.13828857380446
9.13828857380446
9.13828857380446
9.13828857380446
9.13828857380446
9.13828857380446
9.13828857380446
9.13828857380446
9.13828857380446
9.13828857380446
9.13828857380446
9.13828857380446
9.13828857380446
9.13828857380446
9.13828857380446
9.13828857380446
9.13828857380446
9.13828857380446
9.13828857380446
9.13828857380446
9.13828857380446
9.13828857380446
9.13828857380446
9.13828857380446
9.13828857380446
9.13828857380446
9.13828857380446
9.13828857380446
9.13828857380446
9.13828857380446
9.13828857380446
9.13828857380446
9.13828857380446
9.13828857380446
9.13828857380446
9.13828857380446
9.13828857380446
9.13828857380446
9.13828857380446
9.13828857380446
9.13828857380446
9.13828857380446
9.13828857380446
9.13828857380446
9.13828857380446
9.13828857380446
9.13828857380446
9.13828857380446
9.13828857380446
9.13828857380446
9.13828857380446
9.13828857380446
9.13828857380446
9.13828857380446
9.13828857380446
9.13828857380446
9.13828857380446
9.13828857380446
9.13828857380446
9.13828857380446
9.13828857380446
9.13828857380446
9.13828857380446
9.13828857380446
9.13828857380446
9.13828857380446
9.13828857380446
9.13828857380446
9.13828857380446
9.13828857380446
9.13828857380446
9.13828857380446
9.13828857380446
9.13828857380446
9.13828857380446
9.13828857380446
9.13828857380446
9.13828857380446
9.13828857380446
9.13828857380446
9.13828857380446
9.13828857380446
9.13828857380446
9.13828857380446
9.13828857380446
9.13828857380446
9.13828857380446
9.13828857380446
9.13828857380446
9.13828857380446
9.13828857380446
9.13828857380446
9.13828857380446
9.13828857380446
9.13828857380446
9.13828857380446
9.13828857380446
9.13828857380446
9.13828857380446
9.13828857380446
9.13828857380446
9.13828857380446
9.13828857380446
9.13828857380446
9.13828857380446
9.13828857380446
9.13828857380446
9.13828857380446
9.13828857380446
9.13828857380446
9.13828857380446
9.13828857380446
9.13828857380446
9.13828857380446
9.13828857380446
9.13828857380446
9.13828857380446
9.13828857380446
9.13828857380446
9.13828857380446
9.13828857380446
9.13828857380446
9.13828857380446
9.13828857380446
9.13828857380446
9.13828857380446
9.13828857380446
9.13828857380446
9.13828857380446
9.13828857380446
9.13828857380446
9.13828857380446
9.13828857380446
9.13828857380446
9.13828857380446
9.13828857380446
9.13828857380446
9.13828857380446
9.13828857380446
9.13828857380446
9.13828857380446
9.13828857380446
9.13828857380446
9.13828857380446
9.13828857380446
9.13828857380446
9.13828857380446
9.13828857380446
9.13828857380446
9.13828857380446
9.13828857380446
9.13828857380446
9.13828857380446
9.13828857380446
9.13828857380446
9.13828857380446
9.13828857380446
9.13828857380446
9.13828857380446
9.13828857380446
9.13828857380446
9.13828857380446
9.13828857380446
9.13828857380446
9.13828857380446
9.13828857380446
9.13828857380446
9.13828857380446
9.13828857380446
9.13828857380446
9.13828857380446
9.13828857380446
9.13828857380446
9.13828857380446
9.13828857380446
9.13828857380446
9.13828857380446
9.13828857380446
9.13828857380446
9.13828857380446
9.13828857380446
9.13828857380446
9.13828857380446
9.13828857380446
9.13828857380446
9.13828857380446
9.13828857380446
9.13828857380446
9.13828857380446
9.13828857380446
9.13828857380446
9.13828857380446
9.13828857380446
9.13828857380446
9.13828857380446
9.13828857380446
9.13828857380446
9.13828857380446
9.13828857380446
9.13828857380446
9.13828857380446
9.13828857380446
9.13828857380446
9.13828857380446
9.13828857380446
9.13828857380446
9.13828857380446
9.13828857380446
9.13828857380446
9.13828857380446
9.13828857380446
9.13828857380446
9.13828857380446
9.13828857380446
9.13828857380446
9.13828857380446
9.13828857380446
9.13828857380446
9.13828857380446
9.13828857380446
9.13828857380446
9.13828857380446
9.13828857380446
9.13828857380446
9.13828857380446
9.13828857380446
9.13828857380446
9.13828857380446
9.13828857380446
9.13828857380446
9.13828857380446
9.13828857380446
9.13828857380446
9.13828857380446
9.13828857380446
9.13828857380446
9.13828857380446
9.13828857380446
9.13828857380446
9.13828857380446
9.13828857380446
9.13828857380446
9.13828857380446
9.13828857380446
9.13828857380446
9.13828857380446
9.13828857380446
9.13828857380446
9.13828857380446
9.13828857380446
9.13828857380446
9.13828857380446
9.13828857380446
9.13828857380446
9.13828857380446
9.13828857380446
9.13828857380446
9.13828857380446
9.13828857380446
9.13828857380446
9.13828857380446
9.13828857380446
9.13828857380446
9.13828857380446
9.13828857380446
9.13828857380446
9.13828857380446
9.13828857380446
9.13828857380446
9.13828857380446
9.13828857380446
9.13828857380446
9.13828857380446
9.13828857380446
9.13828857380446
9.13828857380446
9.13828857380446
9.13828857380446
9.13828857380446
9.13828857380446
9.13828857380446
9.13828857380446
9.13828857380446
9.13828857380446
9.13828857380446
9.13828857380446
9.13828857380446
9.13828857380446
9.13828857380446
9.13828857380446
9.13828857380446
9.13828857380446
9.13828857380446
9.13828857380446
9.13828857380446
9.13828857380446
9.13828857380446
9.13828857380446
9.13828857380446
9.13828857380446
9.13828857380446
9.13828857380446
9.13828857380446
9.13828857380446
9.13828857380446
9.13828857380446
9.161115532034907
9.161115532034907
9.161115532034907
9.161115532034907
9.161115532034907
9.161115532034907
9.161115532034907
9.161115532034907
9.161115532034907
9.161115532034907
9.161115532034907
9.161115532034907
9.161115532034907
9.161115532034907
9.161115532034907
9.161115532034907
9.161115532034907
9.163069587314647
9.163069587314647
9.163069587314647
9.163069587314647
9.163069587314647
9.163069587314647
9.163069587314647
9.163069587314647
9.163069587314647
9.163069587314647
9.163069587314647
9.163069587314647
9.163069587314647
9.163069587314647
9.163069587314647
9.163069587314647
9.163069587314647
9.163069587314647
9.163069587314647
9.163069587314647
9.163069587314647
9.163069587314647
9.163069587314647
9.163069587314647
9.163069587314647
9.163069587314647
9.163069587314647
9.163069587314647
9.163069587314647
9.163069587314647
9.163069587314647
9.163069587314647
9.163069587314647
9.163069587314647
9.163069587314647
9.163069587314647
9.163069587314647
9.163069587314647
9.163069587314647
9.163069587314647
9.163069587314647
9.163069587314647
9.163069587314647
9.163069587314647
9.163069587314647
9.163069587314647
9.163069587314647
9.163069587314647
9.163069587314647
9.163069587314647
9.163069587314647
9.163069587314647
9.163069587314647
9.163069587314647
9.163069587314647
9.163069587314647
9.163069587314647
9.163069587314647
9.163069587314647
9.163069587314647
9.163069587314647
9.163069587314647
9.163069587314647
9.163069587314647
9.163069587314647
9.163069587314647
9.163069587314647
9.163069587314647
9.163069587314647
9.163069587314647
9.163069587314647
9.163069587314647
9.163069587314647
9.163069587314647
9.163069587314647
9.163069587314647
9.163069587314647
9.163069587314647
9.163069587314647
9.163069587314647
9.163069587314647
9.163069587314647
9.163069587314647
9.163069587314647
9.163069587314647
9.163069587314647
9.163069587314647
9.163069587314647
9.163069587314647
9.163069587314647
9.163069587314647
9.163069587314647
9.163069587314647
9.163069587314647
9.163069587314647
9.163069587314647
9.163069587314647
9.163069587314647
9.163069587314647
9.163069587314647
9.163069587314647
9.163069587314647
9.163069587314647
9.163069587314647
9.163069587314647
9.163069587314647
9.163069587314647
9.163069587314647
9.163069587314647
9.163069587314647
9.163069587314647
9.163069587314647
9.163069587314647
9.163069587314647
9.163069587314647
9.163069587314647
9.163069587314647
9.163069587314647
9.163069587314647
9.163069587314647
9.163069587314647
9.163069587314647
9.163069587314647
9.163069587314647
9.163069587314647
9.163069587314647
9.163069587314647
9.163069587314647
9.163069587314647
9.163069587314647
9.163069587314647
9.163069587314647
9.163069587314647
9.163069587314647
9.163069587314647
9.163069587314647
9.163069587314647
9.163069587314647
9.163069587314647
Score: 9.163069587314647
Runtime: 648ms
