7.217120811826526E-9
7.217120811826526E-9
9.432360825413592E-8
9.432360825413592E-8
9.432360825413592E-8
2.6725965114150165E-7
1.3961401362715298E-5
1.3961401362715298E-5
5.9059816229176775E-5
0.00608813507823776
0.00608813507823776
0.02808274283002433
0.02808274283002433
0.02808274283002433
0.02808274283002433
0.02808274283002433
0.02808274283002433
0.02808274283002433
0.06674337007467925
0.06674337007467925
0.11091643868410572
0.11091643868410572
0.11091643868410572
0.11091643868410572
0.11091643868410572
0.11091643868410572
0.11091643868410572
0.11091643868410572
0.11091643868410572
0.23723372673238524
0.23723372673238524
1.451351792164505
1.451351792164505
1.451351792164505
1.451351792164505
1.451351792164505
1.451351792164505
1.451351792164505
1.451351792164505
1.451351792164505
1.451351792164505
1.451351792164505
1.451351792164505
1.451351792164505
1.451351792164505
1.451351792164505
1.451351792164505
1.451351792164505
1.451351792164505
1.451351792164505
1.451351792164505
1.451351792164505
1.451351792164505
1.451351792164505
1.451351792164505
1.451351792164505
1.451351792164505
1.451351792164505
1.451351792164505
1.451351792164505
1.451351792164505
1.89049117560814
1.89049117560814
1.89049117560814
1.89049117560814
1.89049117560814
2.002519222022321
2.002519222022321
2.002519222022321
2.0313371906224065
2.0313371906224065
2.0313371906224065
2.0313371906224065
2.0313371906224065
2.0313371906224065
2.0313371906224065
2.0313371906224065
2.0313371906224065
2.676317065248992
2.676317065248992
2.676317065248992
2.676317065248992
2.676317065248992
2.676317065248992
2.676317065248992
2.676317065248992
2.676317065248992
2.676317065248992
2.676317065248992
2.676317065248992
2.676317065248992
2.7533569856353886
2.7533569856353886
2.7533569856353886
2.7533569856353886
3.187049171896834
3.187049171896834
3.228458678609858
3.228458678609858
3.252465965030949
3.252465965030949
3.252465965030949
3.4494493560102395
3.6822271819265637
3.6822271819265637
3.6822271819265637
3.6822271819265637
3.6822271819265637
3.6822271819265637
3.6822271819265637
3.771977267941131
3.771977267941131
3.771977267941131
4.4853781498741565
4.4853781498741565
4.4853781498741565
4.4853781498741565
4.4853781498741565
4.4853781498741565
4.4853781498741565
4.4853781498741565
4.4853781498741565
4.4853781498741565
4.4853781498741565
4.4853781498741565
4.4853781498741565
4.4853781498741565
4.4853781498741565
4.9640867339970765
4.9640867339970765
4.9640867339970765
4.9640867339970765
5.372201063326201
5.372201063326201
5.372201063326201
5.796525149938969
5.930163418380351
5.930163418380351
5.930163418380351
5.930163418380351
5.930163418380351
5.930163418380351
5.930163418380351
5.989769211904996
5.989769211904996
5.989769211904996
5.989769211904996
5.989769211904996
5.989769211904996
5.989769211904996
5.989769211904996
5.989769211904996
5.989769211904996
5.989769211904996
6.86479474462114
6.86479474462114
6.86479474462114
6.86479474462114
6.86479474462114
6.86479474462114
6.86479474462114
6.86479474462114
6.86479474462114
6.86479474462114
6.86479474462114
6.86479474462114
6.86479474462114
6.86479474462114
6.86479474462114
6.86479474462114
6.86479474462114
6.86479474462114
6.86479474462114
7.27631645633455
7.27631645633455
7.27631645633455
7.27631645633455
7.27631645633455
7.27631645633455
7.27631645633455
7.27631645633455
7.27631645633455
7.27631645633455
7.27631645633455
7.27631645633455
7.27631645633455
7.27631645633455
7.27631645633455
7.27631645633455
7.27631645633455
7.27631645633455
7.27631645633455
7.27631645633455
7.27631645633455
7.27631645633455
7.283326793916522
7.283326793916522
7.283326793916522
7.283326793916522
7.283326793916522
7.283326793916522
7.283326793916522
7.283326793916522
7.4276655252037616
7.4276655252037616
7.4276655252037616
7.4276655252037616
7.4276655252037616
7.4276655252037616
7.4276655252037616
7.4276655252037616
7.4276655252037616
7.4276655252037616
7.4276655252037616
7.4276655252037616
7.4276655252037616
7.4276655252037616
7.4276655252037616
7.4276655252037616
7.4276655252037616
7.4276655252037616
7.4276655252037616
7.4276655252037616
7.4276655252037616
7.4276655252037616
7.4276655252037616
7.4276655252037616
7.4276655252037616
7.4276655252037616
7.4276655252037616
7.4276655252037616
7.4276655252037616
7.4276655252037616
7.4276655252037616
7.4276655252037616
7.4276655252037616
7.4276655252037616
7.4276655252037616
7.4276655252037616
7.4276655252037616
7.4276655252037616
7.4276655252037616
7.4276655252037616
7.4276655252037616
7.4276655252037616
7.4276655252037616
7.4276655252037616
7.4276655252037616
7.4276655252037616
7.4276655252037616
7.4276655252037616
7.4276655252037616
7.4276655252037616
7.4276655252037616
7.4276655252037616
7.4276655252037616
7.4276655252037616
7.4276655252037616
7.4276655252037616
7.4276655252037616
7.4276655252037616
7.4276655252037616
7.4276655252037616
7.4276655252037616
7.4276655252037616
7.4276655252037616
7.4276655252037616
7.4276655252037616
7.4276655252037616
7.4276655252037616
7.4276655252037616
7.4276655252037616
7.4276655252037616
7.4276655252037616
7.4276655252037616
7.4276655252037616
7.4276655252037616
7.4276655252037616
7.4276655252037616
7.4276655252037616
7.4276655252037616
7.4276655252037616
7.4276655252037616
7.4276655252037616
7.4276655252037616
7.4276655252037616
7.844703366176537
7.844703366176537
7.844703366176537
7.844703366176537
7.844703366176537
7.844703366176537
7.844703366176537
7.844703366176537
7.844703366176537
7.844703366176537
7.844703366176537
7.844703366176537
7.844703366176537
7.844703366176537
7.844703366176537
7.844703366176537
7.844703366176537
7.844703366176537
7.844703366176537
7.844703366176537
7.844703366176537
7.844703366176537
7.844703366176537
7.844703366176537
7.844703366176537
7.844703366176537
7.844703366176537
7.844703366176537
7.844703366176537
7.844703366176537
7.844703366176537
7.844703366176537
7.844703366176537
7.844703366176537
7.844703366176537
7.844703366176537
7.844703366176537
7.844703366176537
7.844703366176537
7.844703366176537
7.844703366176537
7.844703366176537
7.844703366176537
7.844703366176537
7.844703366176537
7.844703366176537
7.844703366176537
7.844703366176537
7.844703366176537
7.844703366176537
7.844703366176537
7.844703366176537
7.844703366176537
7.844703366176537
7.844703366176537
7.844703366176537
7.844703366176537
7.844703366176537
7.844703366176537
7.844703366176537
7.844703366176537
7.844703366176537
7.844703366176537
7.844703366176537
7.844703366176537
7.844703366176537
7.844703366176537
7.844703366176537
7.844703366176537
7.844703366176537
7.844703366176537
7.844703366176537
7.844703366176537
7.844703366176537
7.844703366176537
7.844703366176537
7.844703366176537
7.844703366176537
7.898546453844829
7.898546453844829
7.898546453844829
7.898546453844829
7.898546453844829
7.898546453844829
7.898546453844829
7.898546453844829
7.898546453844829
7.898546453844829
7.898546453844829
7.898546453844829
7.898546453844829
7.898546453844829
7.898546453844829
7.898546453844829
7.898546453844829
7.898546453844829
7.898546453844829
7.898546453844829
7.898546453844829
7.898546453844829
7.898546453844829
7.898546453844829
7.898546453844829
7.898546453844829
7.898546453844829
7.898546453844829
7.898546453844829
7.898546453844829
7.898546453844829
7.898546453844829
7.898546453844829
7.898546453844829
7.898546453844829
7.898546453844829
7.898546453844829
7.898546453844829
7.898546453844829
7.898546453844829
7.898546453844829
7.898546453844829
7.898546453844829
7.898546453844829
7.898546453844829
7.898546453844829
7.898546453844829
7.898546453844829
7.898546453844829
7.898546453844829
7.898546453844829
7.898546453844829
7.898546453844829
7.898546453844829
7.898546453844829
7.898546453844829
7.898546453844829
7.898546453844829
7.898546453844829
7.898546453844829
7.898546453844829
7.898546453844829
7.898546453844829
7.898546453844829
7.898546453844829
7.898546453844829
7.898546453844829
7.898546453844829
7.898546453844829
7.898546453844829
7.898546453844829
7.898546453844829
7.898546453844829
7.898546453844829
7.898546453844829
7.898546453844829
7.898546453844829
7.898546453844829
7.898546453844829
7.898546453844829
7.898546453844829
7.898546453844829
7.898546453844829
7.898546453844829
7.898546453844829
7.898546453844829
7.898546453844829
7.898546453844829
7.898546453844829
7.898546453844829
7.898546453844829
7.898546453844829
7.898546453844829
7.898546453844829
7.898546453844829
7.898546453844829
7.898546453844829
7.898546453844829
7.898546453844829
7.898546453844829
7.898546453844829
7.898546453844829
7.898546453844829
7.898546453844829
7.898546453844829
7.898546453844829
7.898546453844829
7.898546453844829
7.898546453844829
7.898546453844829
7.898546453844829
7.898546453844829
7.898546453844829
7.898546453844829
7.898546453844829
7.898546453844829
7.898546453844829
7.898546453844829
7.898546453844829
7.898546453844829
7.898546453844829
7.898546453844829
7.898546453844829
7.898546453844829
7.898546453844829
7.898546453844829
7.898546453844829
7.898546453844829
8.025998432597643
8.025998432597643
8.025998432597643
8.025998432597643
8.025998432597643
8.025998432597643
8.025998432597643
8.025998432597643
8.025998432597643
8.025998432597643
8.025998432597643
8.025998432597643
8.025998432597643
8.025998432597643
8.025998432597643
8.025998432597643
8.025998432597643
8.025998432597643
8.025998432597643
8.025998432597643
8.025998432597643
8.025998432597643
8.025998432597643
8.025998432597643
8.025998432597643
8.025998432597643
8.025998432597643
8.025998432597643
8.025998432597643
8.025998432597643
8.025998432597643
8.025998432597643
8.025998432597643
8.025998432597643
8.025998432597643
8.025998432597643
8.025998432597643
8.025998432597643
8.025998432597643
8.025998432597643
8.025998432597643
8.025998432597643
8.025998432597643
8.025998432597643
8.025998432597643
8.025998432597643
8.025998432597643
8.025998432597643
8.025998432597643
8.025998432597643
8.025998432597643
8.025998432597643
8.025998432597643
8.025998432597643
8.025998432597643
8.025998432597643
8.025998432597643
8.025998432597643
8.025998432597643
8.025998432597643
8.025998432597643
8.025998432597643
8.025998432597643
8.025998432597643
8.025998432597643
8.025998432597643
8.025998432597643
8.025998432597643
8.025998432597643
8.025998432597643
8.025998432597643
8.025998432597643
8.025998432597643
8.025998432597643
8.025998432597643
8.025998432597643
8.025998432597643
8.52223490801872
8.52223490801872
8.52223490801872
8.52223490801872
8.52223490801872
8.52223490801872
8.52223490801872
8.52223490801872
8.52223490801872
8.52223490801872
8.52223490801872
8.52223490801872
8.52223490801872
8.52223490801872
8.52223490801872
8.52223490801872
8.52223490801872
8.52223490801872
8.52223490801872
8.52223490801872
8.52223490801872
8.52223490801872
8.52223490801872
8.52223490801872
8.52223490801872
8.52223490801872
8.52223490801872
8.52223490801872
8.52223490801872
8.52223490801872
8.52223490801872
8.52223490801872
8.52223490801872
8.52223490801872
8.52223490801872
8.52223490801872
8.52223490801872
8.52223490801872
8.52223490801872
8.52223490801872
8.52223490801872
8.52223490801872
8.52223490801872
8.52223490801872
8.52223490801872
8.52223490801872
8.52223490801872
8.52223490801872
8.52223490801872
8.52223490801872
8.52223490801872
8.52223490801872
8.52223490801872
8.52223490801872
8.52223490801872
8.52223490801872
8.52223490801872
8.52223490801872
8.52223490801872
8.52223490801872
8.52223490801872
8.52223490801872
8.52223490801872
8.52223490801872
8.52223490801872
8.52223490801872
8.52223490801872
8.52223490801872
8.52223490801872
8.52223490801872
8.52223490801872
8.52223490801872
8.52223490801872
8.52223490801872
8.52223490801872
8.52223490801872
8.52223490801872
8.52223490801872
8.52223490801872
8.52223490801872
8.52223490801872
8.52223490801872
8.52223490801872
8.52223490801872
8.52223490801872
8.52223490801872
8.52223490801872
8.52223490801872
8.52223490801872
8.52223490801872
8.52223490801872
8.52223490801872
8.52223490801872
8.52223490801872
8.52223490801872
8.52223490801872
8.52223490801872
8.52223490801872
8.52223490801872
8.52223490801872
8.52223490801872
8.52223490801872
8.52223490801872
8.52223490801872
8.52223490801872
8.52223490801872
8.52223490801872
8.52223490801872
8.52223490801872
8.52223490801872
8.52223490801872
8.52223490801872
8.52223490801872
8.52223490801872
8.52223490801872
8.52223490801872
8.52223490801872
8.52223490801872
8.52223490801872
8.52223490801872
8.52223490801872
8.52223490801872
8.52223490801872
8.52223490801872
8.52223490801872
8.52223490801872
8.52223490801872
8.52223490801872
8.52223490801872
8.52223490801872
8.52223490801872
8.52223490801872
8.52223490801872
8.52223490801872
8.52223490801872
8.52223490801872
8.52223490801872
8.52223490801872
8.52223490801872
8.52223490801872
8.52223490801872
8.52223490801872
8.52223490801872
8.52223490801872
8.52223490801872
8.52223490801872
8.52223490801872
8.52223490801872
8.52223490801872
8.52223490801872
8.52223490801872
8.52223490801872
8.52223490801872
8.52223490801872
8.52223490801872
8.52223490801872
8.52223490801872
8.52223490801872
8.52223490801872
8.52223490801872
8.52223490801872
8.52223490801872
8.52223490801872
8.52223490801872
8.52223490801872
8.52223490801872
8.52223490801872
8.52223490801872
8.52223490801872
8.52223490801872
8.52223490801872
8.52223490801872
8.52223490801872
8.52223490801872
8.52223490801872
8.52223490801872
8.52223490801872
8.52223490801872
8.52223490801872
8.52223490801872
8.52223490801872
8.52223490801872
8.52223490801872
8.52223490801872
8.52223490801872
8.52223490801872
8.52223490801872
8.52223490801872
8.52223490801872
8.52223490801872
8.52223490801872
8.52223490801872
8.52223490801872
8.52223490801872
8.52223490801872
8.52223490801872
8.52223490801872
8.52223490801872
8.52223490801872
8.52223490801872
8.52223490801872
8.52223490801872
8.52223490801872
8.52223490801872
8.52223490801872
8.52223490801872
8.52223490801872
8.52223490801872
8.52223490801872
8.52223490801872
8.52223490801872
8.52223490801872
8.52223490801872
8.52223490801872
8.52223490801872
8.52223490801872
8.52223490801872
8.52223490801872
8.52223490801872
8.52223490801872
8.52223490801872
8.52223490801872
8.52223490801872
8.52223490801872
8.52223490801872
8.52223490801872
8.52223490801872
8.52223490801872
8.52223490801872
8.52223490801872
8.52223490801872
8.52223490801872
8.52223490801872
8.52223490801872
8.52223490801872
8.52223490801872
8.52223490801872
8.52223490801872
8.52223490801872
8.52223490801872
8.52223490801872
8.52223490801872
8.52223490801872
8.52223490801872
8.52223490801872
8.52223490801872
8.52223490801872
8.52223490801872
8.52223490801872
8.52223490801872
8.52223490801872
8.52223490801872
8.52223490801872
8.52223490801872
8.52223490801872
8.52223490801872
8.52223490801872
8.52223490801872
8.52223490801872
8.52223490801872
8.52223490801872
8.52223490801872
8.52223490801872
8.52223490801872
8.52223490801872
8.52223490801872
8.52223490801872
8.52223490801872
8.52223490801872
8.52223490801872
8.52223490801872
8.52223490801872
8.52223490801872
8.52223490801872
8.52223490801872
8.52223490801872
8.52223490801872
8.52223490801872
8.52223490801872
8.52223490801872
8.52223490801872
8.52223490801872
8.52223490801872
8.52223490801872
8.52223490801872
8.52223490801872
8.52223490801872
8.52223490801872
8.52223490801872
8.52223490801872
8.52223490801872
8.52223490801872
8.52223490801872
8.52223490801872
8.52223490801872
8.52223490801872
8.52223490801872
8.52223490801872
8.52223490801872
8.52223490801872
8.52223490801872
8.52223490801872
8.52223490801872
8.52223490801872
8.52223490801872
8.52223490801872
8.52223490801872
8.52223490801872
8.52223490801872
8.52223490801872
8.52223490801872
8.52223490801872
8.52223490801872
8.52223490801872
8.52223490801872
8.52223490801872
8.52223490801872
8.52223490801872
8.52223490801872
8.52223490801872
8.52223490801872
8.52223490801872
8.52223490801872
8.52223490801872
8.52223490801872
8.52223490801872
8.52223490801872
8.52223490801872
8.52223490801872
8.52223490801872
8.52223490801872
8.52223490801872
8.52223490801872
8.52223490801872
8.52223490801872
8.52223490801872
8.52223490801872
8.52223490801872
8.52223490801872
8.52223490801872
8.52223490801872
8.52223490801872
8.52223490801872
8.52223490801872
8.52223490801872
8.52223490801872
8.52223490801872
8.52223490801872
8.52223490801872
8.52223490801872
8.52223490801872
8.52223490801872
8.52223490801872
8.52223490801872
8.52223490801872
8.52223490801872
8.52223490801872
8.52223490801872
8.52223490801872
8.52223490801872
8.52223490801872
8.52223490801872
8.52223490801872
8.52223490801872
8.52223490801872
8.52223490801872
8.52223490801872
8.52223490801872
8.52223490801872
8.52223490801872
8.52223490801872
8.52223490801872
8.52223490801872
8.52223490801872
8.52223490801872
8.52223490801872
8.52223490801872
8.52223490801872
8.52223490801872
8.52223490801872
8.52223490801872
8.52223490801872
8.52223490801872
8.52223490801872
8.52223490801872
8.52223490801872
8.52223490801872
8.52223490801872
8.52223490801872
8.52223490801872
8.52223490801872
8.52223490801872
8.52223490801872
8.52223490801872
8.52223490801872
8.52223490801872
8.52223490801872
8.52223490801872
8.52223490801872
8.52223490801872
8.52223490801872
8.52223490801872
8.52223490801872
8.52223490801872
8.52223490801872
8.52223490801872
8.52223490801872
8.52223490801872
8.52223490801872
8.52223490801872
8.52223490801872
8.52223490801872
8.52223490801872
8.52223490801872
8.52223490801872
8.52223490801872
8.52223490801872
8.52223490801872
8.52223490801872
8.52223490801872
8.52223490801872
8.52223490801872
8.52223490801872
8.52223490801872
8.52223490801872
8.52223490801872
8.52223490801872
8.52223490801872
8.52223490801872
8.52223490801872
8.52223490801872
8.52223490801872
8.52223490801872
8.52223490801872
8.52223490801872
8.52223490801872
8.52223490801872
8.52223490801872
8.52223490801872
8.52223490801872
8.52223490801872
8.52223490801872
8.52223490801872
8.52223490801872
8.52223490801872
8.52223490801872
8.52223490801872
8.52223490801872
8.52223490801872
8.52223490801872
8.52223490801872
8.52223490801872
8.52223490801872
8.52223490801872
8.52223490801872
8.52223490801872
8.52223490801872
8.52223490801872
8.52223490801872
8.52223490801872
8.52223490801872
8.52223490801872
8.52223490801872
8.52223490801872
8.52223490801872
8.52223490801872
8.52223490801872
8.52223490801872
8.52223490801872
8.52223490801872
8.603759304905815
8.603759304905815
8.603759304905815
8.603759304905815
8.603759304905815
8.603759304905815
8.603759304905815
8.603759304905815
8.603759304905815
8.603759304905815
8.603759304905815
8.603759304905815
8.603759304905815
8.603759304905815
8.603759304905815
8.603759304905815
8.603759304905815
8.603759304905815
8.603759304905815
8.603759304905815
8.603759304905815
8.603759304905815
8.603759304905815
8.603759304905815
8.603759304905815
8.603759304905815
8.603759304905815
8.603759304905815
8.603759304905815
8.603759304905815
8.603759304905815
8.603759304905815
8.603759304905815
8.603759304905815
8.603759304905815
8.603759304905815
8.603759304905815
8.603759304905815
8.603759304905815
8.603759304905815
8.603759304905815
8.603759304905815
8.603759304905815
8.603759304905815
8.603759304905815
8.603759304905815
8.603759304905815
8.603759304905815
8.603759304905815
8.603759304905815
8.603759304905815
8.603759304905815
8.603759304905815
8.603759304905815
8.603759304905815
8.603759304905815
8.603759304905815
8.603759304905815
8.603759304905815
8.603759304905815
8.603759304905815
8.603759304905815
8.603759304905815
8.603759304905815
8.603759304905815
8.603759304905815
8.603759304905815
8.603759304905815
8.603759304905815
8.603759304905815
8.603759304905815
8.603759304905815
8.603759304905815
8.603759304905815
8.603759304905815
8.603759304905815
8.603759304905815
8.603759304905815
8.603759304905815
8.603759304905815
8.603759304905815
8.603759304905815
8.603759304905815
8.603759304905815
8.603759304905815
8.603759304905815
8.603759304905815
8.603759304905815
8.603759304905815
8.603759304905815
8.603759304905815
8.603759304905815
8.603759304905815
8.603759304905815
8.603759304905815
8.603759304905815
8.603759304905815
8.603759304905815
8.603759304905815
8.603759304905815
8.603759304905815
8.603759304905815
8.603759304905815
8.603759304905815
8.603759304905815
8.603759304905815
8.603759304905815
8.603759304905815
8.603759304905815
8.603759304905815
8.603759304905815
8.603759304905815
8.603759304905815
8.603759304905815
8.603759304905815
8.603759304905815
8.603759304905815
8.603759304905815
8.603759304905815
8.603759304905815
8.603759304905815
8.603759304905815
8.603759304905815
8.603759304905815
8.603759304905815
8.603759304905815
8.603759304905815
8.603759304905815
8.603759304905815
8.603759304905815
8.603759304905815
8.603759304905815
8.603759304905815
8.603759304905815
8.603759304905815
8.603759304905815
8.603759304905815
8.603759304905815
8.603759304905815
8.603759304905815
8.603759304905815
8.603759304905815
8.603759304905815
8.603759304905815
8.603759304905815
8.603759304905815
8.603759304905815
8.603759304905815
8.603759304905815
8.603759304905815
8.603759304905815
8.603759304905815
8.603759304905815
8.603759304905815
8.603759304905815
8.603759304905815
8.603759304905815
8.603759304905815
8.603759304905815
8.603759304905815
8.603759304905815
8.603759304905815
8.603759304905815
8.603759304905815
8.603759304905815
8.603759304905815
8.603759304905815
8.603759304905815
8.603759304905815
8.603759304905815
8.603759304905815
8.603759304905815
8.603759304905815
8.603759304905815
8.603759304905815
8.603759304905815
8.603759304905815
8.603759304905815
8.603759304905815
8.603759304905815
8.603759304905815
8.603759304905815
8.603759304905815
8.603759304905815
8.603759304905815
8.603759304905815
8.603759304905815
8.603759304905815
8.603759304905815
8.603759304905815
8.603759304905815
8.603759304905815
8.603759304905815
8.603759304905815
8.603759304905815
8.603759304905815
8.603759304905815
8.603759304905815
8.603759304905815
8.603759304905815
8.603759304905815
8.603759304905815
8.603759304905815
8.603759304905815
8.603759304905815
8.603759304905815
8.603759304905815
8.603759304905815
8.603759304905815
8.603759304905815
8.603759304905815
8.603759304905815
8.603759304905815
8.603759304905815
8.603759304905815
8.603759304905815
8.603759304905815
8.603759304905815
8.603759304905815
8.603759304905815
8.603759304905815
8.603759304905815
8.603759304905815
8.603759304905815
8.603759304905815
8.603759304905815
8.603759304905815
8.603759304905815
8.603759304905815
8.603759304905815
8.603759304905815
8.603759304905815
8.603759304905815
8.603759304905815
8.603759304905815
8.603759304905815
8.603759304905815
8.603759304905815
8.603759304905815
8.603759304905815
8.603759304905815
8.603759304905815
8.603759304905815
8.603759304905815
8.603759304905815
8.603759304905815
8.603759304905815
8.603759304905815
8.603759304905815
8.603759304905815
8.603759304905815
8.603759304905815
8.603759304905815
8.603759304905815
8.603759304905815
8.603759304905815
8.603759304905815
8.603759304905815
8.603759304905815
8.603759304905815
8.603759304905815
8.603759304905815
8.603759304905815
8.603759304905815
8.603759304905815
8.603759304905815
8.603759304905815
8.603759304905815
8.603759304905815
8.603759304905815
8.603759304905815
8.603759304905815
8.603759304905815
8.603759304905815
8.603759304905815
8.603759304905815
8.603759304905815
8.603759304905815
8.603759304905815
8.603759304905815
8.603759304905815
8.603759304905815
8.603759304905815
8.603759304905815
8.603759304905815
8.603759304905815
8.603759304905815
8.603759304905815
8.603759304905815
8.603759304905815
8.603759304905815
8.603759304905815
8.603759304905815
8.603759304905815
8.603759304905815
8.603759304905815
8.603759304905815
8.603759304905815
8.603759304905815
8.603759304905815
8.603759304905815
8.603759304905815
8.603759304905815
8.603759304905815
8.603759304905815
8.603759304905815
8.603759304905815
8.603759304905815
8.603759304905815
8.603759304905815
8.603759304905815
8.603759304905815
8.603759304905815
8.603759304905815
8.603759304905815
8.603759304905815
8.603759304905815
8.603759304905815
8.603759304905815
8.603759304905815
8.603759304905815
8.603759304905815
8.603759304905815
8.603759304905815
8.603759304905815
8.603759304905815
8.603759304905815
8.603759304905815
8.603759304905815
8.603759304905815
8.603759304905815
8.603759304905815
8.603759304905815
8.603759304905815
8.603759304905815
8.603759304905815
8.603759304905815
8.603759304905815
8.603759304905815
8.603759304905815
8.603759304905815
8.603759304905815
8.603759304905815
8.603759304905815
8.603759304905815
8.603759304905815
8.603759304905815
8.603759304905815
8.603759304905815
8.603759304905815
8.603759304905815
8.603759304905815
8.603759304905815
8.603759304905815
8.603759304905815
8.603759304905815
8.603759304905815
8.603759304905815
8.603759304905815
8.603759304905815
8.603759304905815
8.603759304905815
8.603759304905815
8.603759304905815
8.603759304905815
8.603759304905815
8.603759304905815
8.603759304905815
8.603759304905815
8.603759304905815
8.603759304905815
8.603759304905815
8.603759304905815
8.603759304905815
8.603759304905815
8.603759304905815
8.603759304905815
8.603759304905815
8.603759304905815
8.603759304905815
8.603759304905815
8.603759304905815
8.603759304905815
8.603759304905815
8.603759304905815
8.603759304905815
8.603759304905815
8.603759304905815
8.603759304905815
8.603759304905815
8.603759304905815
8.603759304905815
8.603759304905815
8.603759304905815
8.603759304905815
8.603759304905815
8.603759304905815
8.603759304905815
8.603759304905815
8.603759304905815
8.603759304905815
8.603759304905815
8.603759304905815
8.603759304905815
8.603759304905815
8.603759304905815
8.603759304905815
8.603759304905815
8.603759304905815
8.603759304905815
8.603759304905815
8.603759304905815
8.603759304905815
8.603759304905815
8.603759304905815
8.603759304905815
8.603759304905815
8.603759304905815
8.603759304905815
8.603759304905815
8.603759304905815
8.603759304905815
8.603759304905815
8.603759304905815
8.603759304905815
8.603759304905815
8.603759304905815
8.603759304905815
8.603759304905815
8.603759304905815
8.603759304905815
8.603759304905815
8.603759304905815
8.603759304905815
8.603759304905815
8.603759304905815
8.603759304905815
8.603759304905815
8.603759304905815
8.603759304905815
8.603759304905815
8.603759304905815
8.603759304905815
8.603759304905815
8.603759304905815
8.603759304905815
8.603759304905815
8.603759304905815
8.603759304905815
8.603759304905815
8.603759304905815
8.603759304905815
8.603759304905815
8.603759304905815
8.603759304905815
8.603759304905815
8.603759304905815
8.603759304905815
8.603759304905815
8.603759304905815
8.603759304905815
8.603759304905815
8.603759304905815
8.603759304905815
8.603759304905815
8.603759304905815
8.603759304905815
8.603759304905815
8.603759304905815
8.603759304905815
8.603759304905815
8.603759304905815
8.603759304905815
8.603759304905815
8.603759304905815
8.603759304905815
8.603759304905815
8.603759304905815
8.603759304905815
8.603759304905815
8.603759304905815
8.603759304905815
8.603759304905815
8.603759304905815
8.603759304905815
8.603759304905815
8.603759304905815
8.603759304905815
8.603759304905815
8.603759304905815
8.603759304905815
8.603759304905815
8.603759304905815
8.603759304905815
8.603759304905815
8.603759304905815
8.603759304905815
8.603759304905815
8.603759304905815
8.603759304905815
8.603759304905815
8.603759304905815
8.603759304905815
8.603759304905815
8.603759304905815
8.603759304905815
8.603759304905815
8.603759304905815
8.603759304905815
8.603759304905815
8.603759304905815
8.603759304905815
8.603759304905815
8.603759304905815
8.603759304905815
8.603759304905815
8.603759304905815
8.603759304905815
8.603759304905815
8.603759304905815
8.603759304905815
8.603759304905815
8.603759304905815
8.603759304905815
8.603759304905815
8.603759304905815
8.603759304905815
8.603759304905815
8.603759304905815
8.603759304905815
8.603759304905815
8.603759304905815
8.603759304905815
8.603759304905815
8.603759304905815
8.603759304905815
8.603759304905815
8.603759304905815
8.603759304905815
8.603759304905815
8.603759304905815
8.603759304905815
8.603759304905815
8.603759304905815
8.603759304905815
8.603759304905815
8.603759304905815
8.603759304905815
8.603759304905815
8.603759304905815
8.603759304905815
8.603759304905815
8.603759304905815
8.603759304905815
8.603759304905815
8.603759304905815
8.603759304905815
8.603759304905815
8.603759304905815
8.603759304905815
8.603759304905815
8.603759304905815
8.603759304905815
8.603759304905815
8.603759304905815
8.603759304905815
8.603759304905815
8.603759304905815
8.603759304905815
8.603759304905815
8.603759304905815
8.603759304905815
8.603759304905815
8.603759304905815
8.603759304905815
8.603759304905815
8.603759304905815
8.603759304905815
8.603759304905815
8.603759304905815
8.603759304905815
8.603759304905815
8.603759304905815
8.603759304905815
8.603759304905815
8.603759304905815
8.603759304905815
8.603759304905815
8.603759304905815
8.603759304905815
8.603759304905815
8.603759304905815
8.603759304905815
8.603759304905815
8.603759304905815
8.603759304905815
8.603759304905815
8.603759304905815
8.603759304905815
8.603759304905815
8.603759304905815
8.603759304905815
8.603759304905815
8.603759304905815
8.603759304905815
8.603759304905815
8.603759304905815
8.603759304905815
8.603759304905815
8.603759304905815
8.603759304905815
8.603759304905815
8.603759304905815
8.603759304905815
8.603759304905815
8.603759304905815
8.603759304905815
8.603759304905815
8.603759304905815
8.603759304905815
8.603759304905815
8.603759304905815
8.603759304905815
8.603759304905815
8.603759304905815
8.603759304905815
8.603759304905815
8.603759304905815
8.603759304905815
8.603759304905815
8.603759304905815
8.603759304905815
8.603759304905815
8.603759304905815
8.603759304905815
8.603759304905815
8.603759304905815
8.603759304905815
8.603759304905815
8.603759304905815
8.603759304905815
8.603759304905815
8.603759304905815
8.603759304905815
8.603759304905815
8.603759304905815
8.603759304905815
8.603759304905815
8.603759304905815
8.603759304905815
8.603759304905815
8.603759304905815
8.603759304905815
8.603759304905815
8.603759304905815
8.603759304905815
8.603759304905815
8.603759304905815
8.603759304905815
8.603759304905815
8.603759304905815
8.603759304905815
8.603759304905815
8.603759304905815
8.603759304905815
8.603759304905815
8.603759304905815
8.603759304905815
8.603759304905815
8.603759304905815
8.603759304905815
8.603759304905815
8.603759304905815
8.603759304905815
8.603759304905815
8.603759304905815
8.603759304905815
8.603759304905815
8.603759304905815
8.603759304905815
8.603759304905815
8.603759304905815
8.603759304905815
8.603759304905815
8.603759304905815
8.603759304905815
8.603759304905815
8.603759304905815
8.603759304905815
8.603759304905815
8.603759304905815
8.603759304905815
8.603759304905815
8.603759304905815
8.603759304905815
8.603759304905815
8.603759304905815
8.603759304905815
8.603759304905815
8.603759304905815
8.603759304905815
8.603759304905815
8.603759304905815
8.603759304905815
8.603759304905815
8.603759304905815
8.603759304905815
8.603759304905815
8.603759304905815
8.603759304905815
8.603759304905815
8.603759304905815
8.603759304905815
8.603759304905815
8.603759304905815
8.603759304905815
8.603759304905815
8.603759304905815
8.603759304905815
8.603759304905815
8.603759304905815
8.603759304905815
8.603759304905815
8.603759304905815
8.603759304905815
8.603759304905815
8.603759304905815
8.603759304905815
8.603759304905815
8.603759304905815
8.603759304905815
8.603759304905815
8.603759304905815
8.603759304905815
8.603759304905815
8.603759304905815
8.603759304905815
8.603759304905815
8.603759304905815
8.603759304905815
8.603759304905815
8.603759304905815
8.603759304905815
8.603759304905815
8.603759304905815
8.603759304905815
8.603759304905815
8.603759304905815
8.603759304905815
8.603759304905815
8.603759304905815
8.603759304905815
8.603759304905815
8.603759304905815
8.603759304905815
8.603759304905815
8.603759304905815
8.603759304905815
8.603759304905815
8.603759304905815
8.603759304905815
8.603759304905815
8.603759304905815
8.603759304905815
8.603759304905815
8.603759304905815
8.603759304905815
8.603759304905815
8.603759304905815
8.603759304905815
8.603759304905815
8.603759304905815
8.603759304905815
8.603759304905815
8.603759304905815
8.603759304905815
8.603759304905815
8.603759304905815
8.603759304905815
8.603759304905815
8.603759304905815
8.603759304905815
8.603759304905815
8.603759304905815
8.603759304905815
8.603759304905815
8.603759304905815
8.603759304905815
8.603759304905815
8.603759304905815
8.603759304905815
8.603759304905815
8.603759304905815
8.603759304905815
8.603759304905815
8.603759304905815
8.603759304905815
8.603759304905815
8.603759304905815
8.603759304905815
8.603759304905815
8.603759304905815
8.603759304905815
8.603759304905815
8.603759304905815
8.603759304905815
8.603759304905815
8.603759304905815
8.603759304905815
8.603759304905815
8.603759304905815
8.603759304905815
8.603759304905815
8.603759304905815
8.603759304905815
8.603759304905815
8.603759304905815
8.603759304905815
8.603759304905815
8.603759304905815
8.603759304905815
8.603759304905815
8.603759304905815
8.603759304905815
8.603759304905815
8.603759304905815
8.603759304905815
8.603759304905815
8.603759304905815
8.603759304905815
8.603759304905815
8.603759304905815
8.603759304905815
8.603759304905815
8.603759304905815
8.603759304905815
8.603759304905815
8.603759304905815
8.603759304905815
8.603759304905815
8.603759304905815
8.603759304905815
8.603759304905815
8.603759304905815
8.603759304905815
8.603759304905815
8.603759304905815
8.603759304905815
8.603759304905815
8.603759304905815
8.603759304905815
8.603759304905815
8.603759304905815
8.603759304905815
8.603759304905815
8.603759304905815
8.603759304905815
8.603759304905815
8.603759304905815
8.603759304905815
8.603759304905815
8.603759304905815
8.603759304905815
8.603759304905815
8.603759304905815
8.603759304905815
8.603759304905815
8.603759304905815
8.603759304905815
8.603759304905815
8.603759304905815
8.603759304905815
8.603759304905815
8.603759304905815
8.603759304905815
8.603759304905815
8.603759304905815
8.603759304905815
8.603759304905815
8.603759304905815
8.603759304905815
8.603759304905815
8.603759304905815
8.603759304905815
8.603759304905815
8.603759304905815
8.603759304905815
8.603759304905815
8.603759304905815
8.603759304905815
8.603759304905815
8.603759304905815
8.603759304905815
8.603759304905815
8.603759304905815
8.603759304905815
8.603759304905815
8.603759304905815
8.603759304905815
8.603759304905815
8.603759304905815
8.603759304905815
8.603759304905815
8.603759304905815
8.603759304905815
8.603759304905815
8.603759304905815
8.603759304905815
8.603759304905815
8.603759304905815
8.603759304905815
8.603759304905815
8.603759304905815
8.603759304905815
8.603759304905815
8.603759304905815
8.603759304905815
8.603759304905815
8.603759304905815
8.603759304905815
8.603759304905815
8.603759304905815
8.603759304905815
8.603759304905815
8.603759304905815
8.603759304905815
8.603759304905815
8.603759304905815
8.603759304905815
8.603759304905815
8.603759304905815
8.603759304905815
8.603759304905815
8.603759304905815
8.603759304905815
8.603759304905815
8.603759304905815
8.603759304905815
8.603759304905815
8.603759304905815
8.603759304905815
8.603759304905815
8.603759304905815
8.603759304905815
8.603759304905815
8.603759304905815
8.603759304905815
8.603759304905815
8.603759304905815
8.603759304905815
8.611696869795487
8.611696869795487
8.611696869795487
8.611696869795487
8.611696869795487
8.611696869795487
8.611696869795487
8.611696869795487
8.611696869795487
Score: 8.611696869795487
Runtime: 752ms
