2.899918031404905E-7
2.899918031404905E-7
2.899918031404905E-7
9.93494633747164E-7
9.93494633747164E-7
3.171457681753614E-5
1.6568587209569725E-4
2.3648363530141716E-4
2.3648363530141716E-4
2.6532311215716965E-4
2.6622854526340244E-4
8.395703791591106E-4
0.06687079573636032
0.06687079573636032
0.06687079573636032
0.06687079573636032
0.06687079573636032
0.06687079573636032
0.06687079573636032
0.06687079573636032
0.06687079573636032
0.06687079573636032
0.06749961237986453
0.48602572385878695
0.48602572385878695
0.48602572385878695
0.48602572385878695
0.48602572385878695
0.48602572385878695
0.48602572385878695
0.48602572385878695
0.48602572385878695
0.48602572385878695
0.48602572385878695
0.48602572385878695
0.48602572385878695
0.9315680993862896
0.9315680993862896
0.9315680993862896
0.9315680993862896
0.9315680993862896
0.9315680993862896
0.9315680993862896
0.9315680993862896
0.9315680993862896
0.9315680993862896
0.9315680993862896
0.9315680993862896
0.9315680993862896
0.9315680993862896
0.9315680993862896
0.9315680993862896
1.0659587580603993
1.0659587580603993
1.0659587580603993
1.0659587580603993
1.0659587580603993
1.0659587580603993
1.1024990426548638
1.1024990426548638
1.1024990426548638
1.491260619663623
1.491260619663623
1.491260619663623
1.491260619663623
1.491260619663623
1.491260619663623
1.491260619663623
1.491260619663623
1.491260619663623
1.491260619663623
1.491260619663623
1.5375341759659376
1.5375341759659376
2.5482580607514107
2.5482580607514107
2.5482580607514107
2.5482580607514107
2.802012060851369
2.802012060851369
2.802012060851369
2.802012060851369
2.802012060851369
2.802012060851369
2.802012060851369
2.802012060851369
2.802012060851369
2.802012060851369
2.802012060851369
2.802012060851369
2.802012060851369
2.802012060851369
4.469741364853885
4.469741364853885
4.469741364853885
4.469741364853885
4.469741364853885
4.469741364853885
4.469741364853885
4.469741364853885
4.469741364853885
4.469741364853885
4.469741364853885
4.469741364853885
4.558609842428163
4.558609842428163
4.558609842428163
4.558609842428163
4.558609842428163
4.558609842428163
4.558609842428163
4.558609842428163
4.558609842428163
4.558609842428163
4.558609842428163
4.558609842428163
4.558609842428163
4.558609842428163
4.558609842428163
4.558609842428163
4.558609842428163
4.558609842428163
4.558609842428163
4.558609842428163
4.558609842428163
4.558609842428163
4.558609842428163
4.558609842428163
4.558609842428163
4.558609842428163
4.558609842428163
4.687573482859694
4.687573482859694
4.687573482859694
4.687573482859694
4.687573482859694
4.687573482859694
4.854020672338945
4.854020672338945
4.854020672338945
4.854020672338945
4.854020672338945
4.854020672338945
4.854020672338945
4.854020672338945
4.854020672338945
4.854020672338945
4.854020672338945
4.950965442270574
4.950965442270574
4.950965442270574
4.950965442270574
4.950965442270574
4.950965442270574
5.317806393859134
5.5332425746547305
5.5332425746547305
5.5332425746547305
5.5332425746547305
5.5332425746547305
5.5332425746547305
5.5332425746547305
5.5332425746547305
5.5332425746547305
5.5332425746547305
5.5332425746547305
5.5332425746547305
5.900760596798911
5.900760596798911
5.900760596798911
5.900760596798911
5.900760596798911
5.900760596798911
5.900760596798911
5.900760596798911
5.900760596798911
5.900760596798911
5.900760596798911
5.900760596798911
5.900760596798911
5.900760596798911
5.900760596798911
5.900760596798911
5.900760596798911
5.900760596798911
5.900760596798911
5.900760596798911
5.900760596798911
5.900760596798911
5.900760596798911
5.900760596798911
5.900760596798911
5.965317357529569
5.965317357529569
5.965317357529569
5.965317357529569
5.965317357529569
5.965317357529569
5.965317357529569
5.965317357529569
5.965317357529569
6.093601992785551
6.093601992785551
6.093601992785551
6.093601992785551
6.093601992785551
6.093601992785551
6.093601992785551
6.093601992785551
6.093601992785551
6.093601992785551
6.093601992785551
6.093601992785551
6.093601992785551
6.093601992785551
6.093601992785551
6.093601992785551
6.093601992785551
6.093601992785551
6.093601992785551
6.093601992785551
6.093601992785551
6.093601992785551
6.093601992785551
6.093601992785551
6.093601992785551
6.093601992785551
6.093601992785551
6.093601992785551
6.093601992785551
6.093601992785551
6.093601992785551
6.093601992785551
6.093601992785551
6.093601992785551
6.093601992785551
6.093601992785551
6.1494915451430545
6.1494915451430545
6.1494915451430545
6.1494915451430545
6.1494915451430545
6.1494915451430545
6.1494915451430545
6.1494915451430545
6.1494915451430545
6.1494915451430545
6.1494915451430545
6.1494915451430545
6.1494915451430545
6.1494915451430545
6.1494915451430545
6.1494915451430545
6.1494915451430545
6.1494915451430545
6.1494915451430545
6.1494915451430545
6.1494915451430545
6.1494915451430545
6.1494915451430545
6.1494915451430545
6.1494915451430545
6.1494915451430545
6.1494915451430545
6.1494915451430545
6.1494915451430545
6.1494915451430545
6.1494915451430545
6.1494915451430545
6.1494915451430545
6.1494915451430545
6.1494915451430545
6.1494915451430545
6.1494915451430545
6.1494915451430545
6.1494915451430545
6.1494915451430545
6.1494915451430545
6.1494915451430545
6.1494915451430545
6.1494915451430545
6.1494915451430545
6.1494915451430545
6.1494915451430545
6.1494915451430545
6.1494915451430545
6.1494915451430545
6.1494915451430545
6.1494915451430545
6.1494915451430545
6.1494915451430545
6.1494915451430545
6.1494915451430545
6.1494915451430545
6.1494915451430545
6.1494915451430545
6.232100361301693
6.232100361301693
6.232100361301693
6.232100361301693
6.232100361301693
6.232100361301693
6.232100361301693
6.232100361301693
6.232100361301693
6.232100361301693
6.232100361301693
6.232100361301693
6.232100361301693
6.232100361301693
6.232100361301693
6.232100361301693
6.232100361301693
6.232100361301693
6.232100361301693
6.232100361301693
6.232100361301693
6.232100361301693
6.232100361301693
6.232100361301693
6.232100361301693
6.232100361301693
6.232100361301693
6.232100361301693
6.232100361301693
6.232100361301693
6.232100361301693
6.232100361301693
6.324452720883237
6.324452720883237
6.324452720883237
6.324452720883237
6.324452720883237
6.324452720883237
6.324452720883237
6.324452720883237
6.324452720883237
6.324452720883237
6.324452720883237
6.324452720883237
6.324452720883237
6.324452720883237
6.324452720883237
6.324452720883237
6.324452720883237
6.324452720883237
6.324452720883237
6.324452720883237
6.324452720883237
6.324452720883237
6.324452720883237
6.324452720883237
6.324452720883237
6.324452720883237
6.324452720883237
6.324452720883237
6.324452720883237
6.324452720883237
6.324452720883237
6.324452720883237
6.324452720883237
6.384572387668042
6.384572387668042
6.384572387668042
6.384572387668042
6.384572387668042
6.384572387668042
6.384572387668042
6.384572387668042
6.384572387668042
6.384572387668042
6.388115752212364
6.388115752212364
6.388115752212364
6.388115752212364
6.388115752212364
6.388115752212364
6.388115752212364
6.388115752212364
6.388115752212364
6.388115752212364
6.419189952046949
6.524723256395749
6.524723256395749
6.524723256395749
6.524723256395749
6.524723256395749
6.524723256395749
6.524723256395749
6.524723256395749
6.524723256395749
6.524723256395749
6.524723256395749
6.524723256395749
6.555642111472824
6.555642111472824
6.555642111472824
6.555642111472824
6.555642111472824
6.555642111472824
6.555642111472824
6.555642111472824
6.555642111472824
6.555642111472824
6.555642111472824
6.555642111472824
6.555642111472824
6.555642111472824
6.555642111472824
6.555642111472824
6.56945871599662
6.56945871599662
6.56945871599662
6.56945871599662
6.56945871599662
6.56945871599662
6.56945871599662
6.56945871599662
6.56945871599662
6.56945871599662
6.56945871599662
6.56945871599662
6.56945871599662
6.6270130816866555
6.6270130816866555
6.6270130816866555
6.6270130816866555
6.6270130816866555
6.677402260186024
6.677402260186024
6.677402260186024
6.677402260186024
6.677402260186024
6.677402260186024
6.677402260186024
6.677402260186024
6.677402260186024
6.677402260186024
6.677402260186024
6.677402260186024
6.677402260186024
6.677402260186024
6.677402260186024
6.677402260186024
6.677402260186024
6.677402260186024
6.677402260186024
6.677402260186024
6.677402260186024
6.677402260186024
6.677402260186024
6.677402260186024
6.677402260186024
6.677402260186024
6.677402260186024
6.677402260186024
6.677402260186024
6.677402260186024
6.677402260186024
6.677402260186024
6.677402260186024
6.677402260186024
6.677402260186024
6.677402260186024
6.677402260186024
6.677402260186024
6.677402260186024
6.677402260186024
6.677402260186024
6.677402260186024
6.677402260186024
6.677402260186024
6.677402260186024
6.677402260186024
6.677402260186024
6.705005880333033
6.705005880333033
6.705005880333033
6.705005880333033
6.705005880333033
6.705005880333033
6.705005880333033
6.705005880333033
6.705005880333033
6.705005880333033
6.705005880333033
6.705005880333033
6.705005880333033
6.705005880333033
6.705005880333033
6.705005880333033
6.705005880333033
6.705005880333033
6.705005880333033
6.705005880333033
6.705005880333033
6.705005880333033
6.705005880333033
6.705005880333033
6.705005880333033
6.737640434246362
6.737640434246362
6.737640434246362
6.737640434246362
6.737640434246362
6.737640434246362
6.737640434246362
6.737640434246362
6.737640434246362
6.737640434246362
6.737640434246362
6.737640434246362
6.737640434246362
6.737640434246362
6.737640434246362
6.737640434246362
6.737640434246362
6.737640434246362
6.737640434246362
6.737640434246362
6.737640434246362
6.737640434246362
6.737640434246362
6.737640434246362
6.737640434246362
6.737640434246362
6.737640434246362
6.737640434246362
6.737640434246362
6.737640434246362
6.737640434246362
6.737640434246362
6.737640434246362
6.737640434246362
6.737640434246362
6.737640434246362
6.737640434246362
6.737640434246362
6.737640434246362
6.737640434246362
6.737640434246362
6.737640434246362
6.737640434246362
6.737640434246362
6.737640434246362
6.737640434246362
6.737640434246362
6.737640434246362
6.737640434246362
6.737640434246362
6.737640434246362
6.737640434246362
6.737640434246362
6.737640434246362
6.737640434246362
6.737640434246362
6.737640434246362
6.737640434246362
6.737640434246362
6.737640434246362
6.737640434246362
6.737640434246362
6.737640434246362
6.737640434246362
6.737640434246362
6.737640434246362
6.737640434246362
6.737640434246362
6.737640434246362
6.737640434246362
6.737640434246362
6.737640434246362
6.737640434246362
6.737640434246362
6.737640434246362
6.737640434246362
6.737640434246362
6.737640434246362
6.737640434246362
6.737640434246362
6.737640434246362
6.737640434246362
6.737640434246362
6.737640434246362
6.737640434246362
6.737640434246362
6.737640434246362
6.737640434246362
6.737640434246362
6.737640434246362
6.737640434246362
6.737640434246362
6.737640434246362
6.737640434246362
6.737640434246362
6.737640434246362
6.737640434246362
6.737640434246362
6.737640434246362
6.740811459428158
6.740811459428158
6.740811459428158
6.740811459428158
6.740811459428158
6.740811459428158
6.740811459428158
6.740811459428158
6.740811459428158
6.740811459428158
6.740811459428158
6.740811459428158
6.740811459428158
6.740811459428158
6.740811459428158
6.740811459428158
6.740811459428158
6.740811459428158
6.740811459428158
6.740811459428158
6.740811459428158
6.740811459428158
6.740811459428158
6.740811459428158
6.740811459428158
6.740811459428158
6.740811459428158
6.740811459428158
6.740811459428158
6.740811459428158
6.740811459428158
6.740811459428158
6.740811459428158
6.740811459428158
6.740811459428158
6.740811459428158
6.740811459428158
6.740811459428158
6.740811459428158
6.740811459428158
6.740811459428158
6.740811459428158
6.740937062258862
6.740937062258862
6.740937062258862
6.740937062258862
6.740937062258862
6.740937062258862
6.740937062258862
6.740937062258862
6.740937062258862
6.764143946746666
6.764143946746666
6.764143946746666
6.764143946746666
6.764143946746666
6.764143946746666
6.764143946746666
6.769510465853924
6.769510465853924
6.769510465853924
6.7972798015353995
6.7972798015353995
6.7972798015353995
6.7972798015353995
6.7972798015353995
6.7972798015353995
6.7972798015353995
6.7972798015353995
6.7972798015353995
6.7972798015353995
6.7972798015353995
6.7972798015353995
6.7972798015353995
6.7972798015353995
6.7972798015353995
6.7972798015353995
6.7972798015353995
6.7972798015353995
6.7972798015353995
6.7972798015353995
6.7972798015353995
6.7972798015353995
6.7972798015353995
6.7972798015353995
6.7972798015353995
6.822619624823677
6.822619624823677
6.822619624823677
6.822619624823677
6.822619624823677
6.822619624823677
6.822619624823677
6.822619624823677
6.822619624823677
6.822619624823677
6.822619624823677
6.822619624823677
6.822619624823677
6.822619624823677
6.822619624823677
6.822619624823677
6.822619624823677
6.822619624823677
6.822619624823677
6.822619624823677
6.822619624823677
6.822619624823677
6.822619624823677
6.822619624823677
6.822619624823677
6.822619624823677
6.822619624823677
6.822619624823677
6.822619624823677
6.822619624823677
6.822619624823677
6.822619624823677
6.822619624823677
6.822619624823677
6.822619624823677
6.822619624823677
6.822619624823677
6.822619624823677
6.822619624823677
6.822619624823677
6.822619624823677
6.822619624823677
6.822619624823677
6.822619624823677
6.822619624823677
6.822619624823677
6.822619624823677
6.822619624823677
6.822619624823677
6.822619624823677
6.822619624823677
6.822619624823677
6.822619624823677
6.822619624823677
6.822619624823677
6.822619624823677
6.822619624823677
6.822619624823677
6.822619624823677
6.822619624823677
6.822619624823677
6.822619624823677
6.822619624823677
6.822619624823677
6.822619624823677
6.822619624823677
6.822619624823677
6.822619624823677
6.822619624823677
6.822619624823677
6.822619624823677
6.822619624823677
6.822619624823677
6.822619624823677
6.822619624823677
6.822619624823677
6.822619624823677
6.822619624823677
6.842001843111925
6.842001843111925
6.842001843111925
6.842001843111925
6.842001843111925
6.842001843111925
6.842001843111925
6.842001843111925
6.842001843111925
6.842001843111925
6.842001843111925
6.842001843111925
6.842001843111925
6.842001843111925
6.842001843111925
6.842001843111925
6.842001843111925
6.842001843111925
6.842001843111925
6.842001843111925
6.842001843111925
6.842001843111925
6.842001843111925
6.842001843111925
6.842001843111925
6.842001843111925
6.842001843111925
6.842001843111925
6.842001843111925
6.842001843111925
6.842001843111925
6.842001843111925
6.842001843111925
6.842001843111925
6.842001843111925
6.842001843111925
6.842001843111925
6.842001843111925
6.842001843111925
6.842001843111925
6.842001843111925
6.842001843111925
6.842001843111925
6.842001843111925
6.842001843111925
6.842001843111925
6.842001843111925
6.842001843111925
6.842001843111925
6.842001843111925
6.842001843111925
6.842001843111925
6.842001843111925
6.842001843111925
6.842001843111925
6.842001843111925
6.842001843111925
6.842001843111925
6.842001843111925
6.842001843111925
6.842001843111925
6.842001843111925
6.842001843111925
6.842001843111925
6.842001843111925
6.842001843111925
6.842001843111925
6.842001843111925
6.842001843111925
6.842001843111925
6.842001843111925
6.842001843111925
6.842001843111925
6.842001843111925
6.842001843111925
6.842001843111925
6.842001843111925
6.842001843111925
6.842001843111925
6.842001843111925
6.842001843111925
6.842001843111925
6.842001843111925
6.842001843111925
6.842001843111925
6.842001843111925
6.842001843111925
6.842001843111925
6.842001843111925
6.842001843111925
6.842001843111925
6.842001843111925
6.842001843111925
6.842001843111925
6.842001843111925
6.842001843111925
6.842001843111925
6.842001843111925
6.842001843111925
6.842001843111925
6.842001843111925
6.842001843111925
6.842001843111925
6.842001843111925
6.842001843111925
6.842001843111925
6.842001843111925
6.842001843111925
6.842001843111925
6.842001843111925
6.842001843111925
6.842001843111925
6.842001843111925
6.842001843111925
6.842001843111925
6.842001843111925
6.842001843111925
6.842001843111925
6.842001843111925
6.842001843111925
6.842001843111925
6.842001843111925
6.842001843111925
6.842001843111925
6.842001843111925
6.842001843111925
6.842001843111925
6.842001843111925
6.842001843111925
6.842001843111925
6.842001843111925
6.842001843111925
6.842001843111925
6.842001843111925
6.842001843111925
6.842001843111925
6.842001843111925
6.842001843111925
6.842001843111925
6.842001843111925
6.842001843111925
6.842001843111925
6.842001843111925
6.842001843111925
6.842001843111925
6.842001843111925
6.842001843111925
6.842001843111925
6.842001843111925
6.842001843111925
6.842001843111925
6.842001843111925
6.842001843111925
6.842001843111925
6.842001843111925
6.842001843111925
6.842001843111925
6.842001843111925
6.842001843111925
6.842001843111925
6.842001843111925
6.842001843111925
6.842001843111925
6.842001843111925
6.842001843111925
6.842001843111925
6.842001843111925
6.842001843111925
6.842001843111925
6.842001843111925
6.842001843111925
6.842001843111925
6.842001843111925
6.842001843111925
6.842001843111925
6.842001843111925
6.842001843111925
6.842001843111925
6.842001843111925
6.842001843111925
6.842001843111925
6.842001843111925
6.842001843111925
6.842001843111925
6.842001843111925
6.842001843111925
6.842001843111925
6.842001843111925
6.842001843111925
6.842001843111925
6.842001843111925
6.842001843111925
6.842001843111925
6.842001843111925
6.842001843111925
6.842001843111925
6.842001843111925
6.842001843111925
6.842001843111925
6.842001843111925
6.842001843111925
6.842001843111925
6.842001843111925
6.842001843111925
6.842001843111925
6.842001843111925
6.842001843111925
6.842001843111925
6.842001843111925
6.842001843111925
6.842001843111925
6.842001843111925
6.842001843111925
6.842001843111925
6.842001843111925
6.842001843111925
6.842001843111925
6.842001843111925
6.842001843111925
6.842001843111925
6.842001843111925
6.872739261926864
6.872739261926864
6.872739261926864
6.872739261926864
6.872739261926864
6.872739261926864
6.872739261926864
6.872739261926864
6.872739261926864
6.872739261926864
6.872739261926864
6.872739261926864
6.872739261926864
6.872739261926864
6.872739261926864
6.872739261926864
6.872739261926864
6.872739261926864
6.872739261926864
6.872739261926864
6.872739261926864
6.872739261926864
6.872739261926864
6.872739261926864
6.872739261926864
6.872739261926864
6.872739261926864
6.872739261926864
6.872739261926864
6.872739261926864
6.872739261926864
6.872739261926864
6.872739261926864
6.872739261926864
6.872739261926864
6.872739261926864
6.872739261926864
6.872739261926864
6.872739261926864
6.872739261926864
6.872739261926864
6.872739261926864
6.872739261926864
6.872739261926864
6.872739261926864
6.872739261926864
6.872739261926864
6.872739261926864
6.872739261926864
6.872739261926864
6.872739261926864
6.872739261926864
6.872739261926864
6.872739261926864
6.872739261926864
6.872739261926864
6.872739261926864
6.872739261926864
6.872739261926864
6.872739261926864
6.872739261926864
6.872739261926864
6.872739261926864
6.872739261926864
6.872739261926864
6.872739261926864
6.872739261926864
6.872739261926864
6.872739261926864
6.872739261926864
6.872739261926864
6.872739261926864
6.872739261926864
6.872739261926864
6.872739261926864
6.872739261926864
6.872739261926864
6.872739261926864
6.872739261926864
6.872739261926864
6.872739261926864
6.872739261926864
6.872739261926864
6.872739261926864
6.872739261926864
6.872739261926864
6.872739261926864
6.872739261926864
6.872739261926864
6.872739261926864
6.872739261926864
6.872739261926864
6.872739261926864
6.872739261926864
6.872739261926864
6.872739261926864
6.872739261926864
6.872739261926864
6.872739261926864
6.872739261926864
6.872739261926864
6.872739261926864
6.872739261926864
6.872739261926864
6.872739261926864
6.872739261926864
6.872739261926864
6.872739261926864
6.872739261926864
6.872739261926864
6.872739261926864
6.872739261926864
6.872739261926864
6.872739261926864
6.872739261926864
6.872739261926864
6.872739261926864
6.872739261926864
6.872739261926864
6.872739261926864
6.872739261926864
6.872739261926864
6.872739261926864
6.872739261926864
6.872739261926864
6.872739261926864
6.872739261926864
6.872739261926864
6.872739261926864
6.872739261926864
6.872739261926864
6.872739261926864
6.872739261926864
6.872739261926864
6.872739261926864
6.872739261926864
6.872739261926864
6.872739261926864
6.872739261926864
6.872739261926864
6.872739261926864
6.872739261926864
6.872739261926864
6.872739261926864
6.872739261926864
6.872739261926864
6.872739261926864
6.872739261926864
6.872739261926864
6.872739261926864
6.872739261926864
6.872739261926864
6.872739261926864
6.872739261926864
6.872739261926864
6.872739261926864
6.872739261926864
6.872739261926864
6.872739261926864
6.872739261926864
6.872739261926864
6.872739261926864
6.872739261926864
6.872739261926864
6.872739261926864
6.872739261926864
6.872739261926864
6.872739261926864
6.872739261926864
6.872739261926864
6.872739261926864
6.872739261926864
6.872739261926864
6.872739261926864
6.872739261926864
6.872739261926864
6.872739261926864
6.872739261926864
6.872739261926864
6.872739261926864
6.872739261926864
6.872739261926864
6.872739261926864
6.872739261926864
6.872739261926864
6.872739261926864
6.872739261926864
6.872739261926864
6.872739261926864
6.872739261926864
6.872739261926864
6.872739261926864
6.872739261926864
6.872739261926864
6.872739261926864
6.872739261926864
6.872739261926864
6.872739261926864
6.872739261926864
6.872739261926864
6.872739261926864
6.872739261926864
6.872739261926864
6.872739261926864
6.872739261926864
6.872739261926864
6.872739261926864
6.872739261926864
6.872739261926864
6.872739261926864
6.872739261926864
6.872739261926864
6.872739261926864
6.872739261926864
6.872739261926864
6.872739261926864
6.872739261926864
6.872739261926864
6.872739261926864
6.872739261926864
6.872739261926864
6.872739261926864
6.872739261926864
6.872739261926864
6.872739261926864
6.872739261926864
6.872739261926864
6.872739261926864
6.872739261926864
6.872739261926864
6.872739261926864
6.872739261926864
6.872739261926864
6.872739261926864
6.872739261926864
6.872739261926864
6.872739261926864
6.872739261926864
6.872739261926864
6.872739261926864
6.872739261926864
6.872739261926864
6.872739261926864
6.872739261926864
6.872739261926864
6.872739261926864
6.872739261926864
6.872739261926864
6.872739261926864
6.872739261926864
6.872739261926864
6.872739261926864
6.872739261926864
6.872739261926864
6.872739261926864
6.872739261926864
6.872739261926864
6.872739261926864
6.872739261926864
6.872739261926864
6.872739261926864
6.872739261926864
6.872739261926864
6.872739261926864
6.872739261926864
6.872739261926864
6.872739261926864
6.872739261926864
6.872739261926864
6.872739261926864
6.872739261926864
6.872739261926864
6.872739261926864
6.872739261926864
6.872739261926864
6.872739261926864
6.872739261926864
6.872739261926864
6.872739261926864
6.872739261926864
6.872739261926864
6.872739261926864
6.872739261926864
6.872739261926864
6.872739261926864
6.872739261926864
6.872739261926864
6.872739261926864
6.872739261926864
6.872739261926864
6.872739261926864
6.872739261926864
6.872739261926864
6.872739261926864
6.872739261926864
6.872739261926864
6.872739261926864
6.872739261926864
6.872739261926864
6.872739261926864
6.872739261926864
6.872739261926864
6.872739261926864
6.872739261926864
6.872739261926864
6.872739261926864
6.872739261926864
6.872739261926864
6.872739261926864
6.872739261926864
6.872739261926864
6.872739261926864
6.872739261926864
6.872739261926864
6.872739261926864
6.872739261926864
6.872739261926864
6.872739261926864
6.872739261926864
6.872739261926864
6.872739261926864
6.872739261926864
6.872739261926864
6.872739261926864
6.872739261926864
6.872739261926864
6.872739261926864
6.872739261926864
6.872739261926864
6.872739261926864
6.872739261926864
6.872739261926864
6.872739261926864
6.872739261926864
6.872739261926864
6.872739261926864
6.872739261926864
6.872739261926864
6.872739261926864
6.872739261926864
6.872739261926864
6.872739261926864
6.872739261926864
6.872739261926864
6.872739261926864
6.872739261926864
6.872739261926864
6.872739261926864
6.872739261926864
6.872739261926864
6.872739261926864
6.872739261926864
6.872739261926864
6.872739261926864
6.872739261926864
6.872739261926864
6.872739261926864
6.872739261926864
6.872739261926864
6.872739261926864
6.872739261926864
6.872739261926864
6.872739261926864
6.872739261926864
6.872739261926864
6.872739261926864
6.872739261926864
6.872739261926864
6.872739261926864
6.872739261926864
6.872739261926864
6.872739261926864
6.872739261926864
6.872739261926864
6.872739261926864
6.872739261926864
6.872739261926864
6.872739261926864
6.872739261926864
6.872739261926864
6.872739261926864
6.872739261926864
6.872739261926864
6.872739261926864
6.872739261926864
6.872739261926864
6.872739261926864
6.872739261926864
6.872739261926864
6.872739261926864
6.872739261926864
6.872739261926864
6.872739261926864
6.872739261926864
6.872739261926864
6.872739261926864
6.872739261926864
6.872739261926864
6.872739261926864
6.872739261926864
6.872739261926864
6.872739261926864
6.872739261926864
6.872739261926864
6.872739261926864
6.872739261926864
6.872739261926864
6.872739261926864
6.872739261926864
6.872739261926864
6.872739261926864
6.872739261926864
6.872739261926864
6.872739261926864
6.872739261926864
6.872739261926864
6.872739261926864
6.872739261926864
6.872739261926864
6.872739261926864
6.872739261926864
6.872739261926864
6.872739261926864
6.872739261926864
6.872739261926864
6.872739261926864
6.872739261926864
6.872739261926864
6.872739261926864
6.872739261926864
6.872739261926864
6.872739261926864
6.872739261926864
6.872739261926864
6.872739261926864
6.872739261926864
6.872739261926864
6.872739261926864
6.872739261926864
6.872739261926864
6.872739261926864
6.872739261926864
6.872739261926864
6.872739261926864
6.872739261926864
6.872739261926864
6.872739261926864
6.872739261926864
6.872739261926864
6.872739261926864
6.872739261926864
6.872739261926864
6.872739261926864
6.872739261926864
6.872739261926864
6.872739261926864
6.872739261926864
6.872739261926864
6.872739261926864
6.872739261926864
6.872739261926864
6.872739261926864
6.872739261926864
6.872739261926864
6.872739261926864
6.872739261926864
6.872739261926864
6.872739261926864
6.872739261926864
6.872739261926864
6.872739261926864
6.872739261926864
6.872739261926864
6.872739261926864
6.872739261926864
6.872739261926864
6.872739261926864
6.872739261926864
6.872739261926864
6.872739261926864
6.872739261926864
6.872739261926864
6.872739261926864
6.872739261926864
6.872739261926864
6.872739261926864
6.872739261926864
6.872739261926864
6.872739261926864
6.872739261926864
6.872739261926864
6.872739261926864
6.872739261926864
6.872739261926864
6.872739261926864
6.872739261926864
6.872739261926864
6.872739261926864
6.872739261926864
6.872739261926864
6.872739261926864
6.872739261926864
6.872739261926864
6.872739261926864
6.872739261926864
6.872739261926864
6.872739261926864
6.872739261926864
6.872739261926864
6.872739261926864
6.872739261926864
6.872739261926864
6.872739261926864
6.872739261926864
6.872739261926864
6.872739261926864
6.872739261926864
6.872739261926864
6.872739261926864
6.872739261926864
6.872739261926864
6.872739261926864
6.872739261926864
6.872739261926864
6.872739261926864
6.872739261926864
6.872739261926864
6.872739261926864
6.872739261926864
6.872739261926864
6.872739261926864
6.872739261926864
6.872739261926864
6.872739261926864
6.872739261926864
6.872739261926864
6.872739261926864
6.872739261926864
6.872739261926864
6.872739261926864
6.872739261926864
6.872739261926864
6.872739261926864
6.872739261926864
6.872739261926864
6.872739261926864
6.872739261926864
6.872739261926864
6.872739261926864
6.872739261926864
6.872739261926864
6.872739261926864
6.872739261926864
6.872739261926864
6.872739261926864
6.872739261926864
6.872739261926864
6.872739261926864
6.872739261926864
6.872739261926864
6.872739261926864
6.872739261926864
6.872739261926864
6.872739261926864
6.872739261926864
6.872739261926864
6.872739261926864
6.872739261926864
6.872739261926864
6.872739261926864
6.872739261926864
6.872739261926864
6.872739261926864
6.872739261926864
6.872739261926864
6.872739261926864
6.872739261926864
6.872739261926864
6.872739261926864
6.872739261926864
6.872739261926864
6.872739261926864
6.872739261926864
6.872739261926864
6.872739261926864
6.872739261926864
6.872739261926864
6.872739261926864
6.872739261926864
6.872739261926864
6.872739261926864
6.872739261926864
6.872739261926864
6.872739261926864
6.872739261926864
6.872739261926864
6.872739261926864
6.872739261926864
6.872739261926864
6.872739261926864
6.872739261926864
6.872739261926864
6.872739261926864
6.872739261926864
6.872739261926864
6.872739261926864
6.872739261926864
6.872739261926864
6.872739261926864
6.872739261926864
6.872739261926864
6.872739261926864
6.872739261926864
6.872739261926864
6.872739261926864
6.872739261926864
6.872739261926864
6.872739261926864
6.872739261926864
6.872739261926864
6.872739261926864
6.872739261926864
6.872739261926864
6.872739261926864
6.872739261926864
6.872739261926864
6.872739261926864
6.872739261926864
6.872739261926864
6.872739261926864
6.872739261926864
6.872739261926864
6.872739261926864
6.872739261926864
6.872739261926864
6.872739261926864
6.872739261926864
6.872739261926864
6.872739261926864
6.872739261926864
6.872739261926864
6.872739261926864
6.872739261926864
6.872739261926864
6.872739261926864
6.872739261926864
6.872739261926864
6.872739261926864
6.872739261926864
6.872739261926864
6.872739261926864
6.872739261926864
6.872739261926864
6.872739261926864
6.872739261926864
6.872739261926864
6.872739261926864
6.872739261926864
6.872739261926864
6.872739261926864
6.872739261926864
6.872739261926864
6.872739261926864
6.872739261926864
6.872739261926864
6.872739261926864
6.872739261926864
6.872739261926864
6.872739261926864
6.872739261926864
6.872739261926864
6.872739261926864
6.872739261926864
6.872739261926864
6.872739261926864
6.872739261926864
6.872739261926864
6.872739261926864
6.872739261926864
6.872739261926864
6.872739261926864
6.872739261926864
6.872739261926864
6.872739261926864
6.872739261926864
6.872739261926864
6.872739261926864
6.872739261926864
6.872739261926864
6.872739261926864
6.872739261926864
6.872739261926864
6.872739261926864
6.872739261926864
6.872739261926864
6.872739261926864
6.872739261926864
6.872739261926864
6.872739261926864
6.872739261926864
6.872739261926864
6.872739261926864
6.872739261926864
6.872739261926864
6.872739261926864
6.872739261926864
6.872739261926864
6.872739261926864
6.872739261926864
6.872739261926864
6.872739261926864
6.872739261926864
6.872739261926864
6.872739261926864
6.872739261926864
6.872739261926864
6.872739261926864
6.872739261926864
6.872739261926864
6.872739261926864
6.872739261926864
6.872739261926864
6.872739261926864
6.872739261926864
6.872739261926864
6.872739261926864
6.872739261926864
6.872739261926864
6.872739261926864
6.872739261926864
6.872739261926864
6.872739261926864
6.872739261926864
6.872739261926864
6.872739261926864
6.872739261926864
6.872739261926864
6.872739261926864
6.872739261926864
6.872739261926864
6.872739261926864
6.872739261926864
6.872739261926864
6.872739261926864
6.872739261926864
6.872739261926864
6.872739261926864
6.872739261926864
6.872739261926864
6.872739261926864
6.872739261926864
6.872739261926864
6.872739261926864
6.872739261926864
6.872739261926864
6.872739261926864
6.872739261926864
6.872739261926864
6.872739261926864
6.872739261926864
6.872739261926864
6.872739261926864
6.872739261926864
6.872739261926864
6.872739261926864
6.872739261926864
6.872739261926864
6.872739261926864
6.872739261926864
6.872739261926864
6.872739261926864
6.872739261926864
6.872739261926864
6.872739261926864
6.872739261926864
6.872739261926864
6.872739261926864
6.872739261926864
6.872739261926864
6.872739261926864
6.872739261926864
6.872739261926864
6.872739261926864
6.872739261926864
6.872739261926864
6.872739261926864
6.872739261926864
6.872739261926864
6.872739261926864
6.872739261926864
6.872739261926864
6.872739261926864
6.872739261926864
6.872739261926864
6.872739261926864
6.872739261926864
6.872739261926864
6.872739261926864
6.872739261926864
6.872739261926864
6.872739261926864
6.872739261926864
6.872739261926864
6.87840876074571
6.87840876074571
6.87840876074571
6.87840876074571
6.87840876074571
6.87840876074571
6.87840876074571
6.87840876074571
6.87840876074571
6.87840876074571
6.87840876074571
6.87840876074571
6.87840876074571
6.87840876074571
6.87840876074571
6.87840876074571
6.87840876074571
6.87840876074571
6.87840876074571
6.87840876074571
6.87840876074571
6.87840876074571
6.87840876074571
6.87840876074571
6.87840876074571
6.87840876074571
6.87840876074571
6.87840876074571
6.87840876074571
6.87840876074571
6.87840876074571
6.87840876074571
6.87840876074571
6.87840876074571
6.87840876074571
6.87840876074571
6.87840876074571
6.87840876074571
6.87840876074571
6.87840876074571
6.87840876074571
6.87840876074571
6.87840876074571
6.87840876074571
6.87840876074571
6.87840876074571
6.87840876074571
6.87840876074571
6.87840876074571
6.87840876074571
6.87840876074571
6.87840876074571
6.87840876074571
6.87840876074571
6.87840876074571
6.87840876074571
6.87840876074571
6.87840876074571
6.87840876074571
6.87840876074571
6.87840876074571
6.87840876074571
6.87840876074571
6.87840876074571
6.87840876074571
6.87840876074571
6.87840876074571
6.87840876074571
6.87840876074571
6.87840876074571
6.87840876074571
6.87840876074571
6.87840876074571
6.87840876074571
6.87840876074571
6.87840876074571
6.87840876074571
6.87840876074571
6.87840876074571
6.87840876074571
6.87840876074571
6.87840876074571
6.87840876074571
6.87840876074571
6.87840876074571
6.87840876074571
6.87840876074571
6.87840876074571
6.87840876074571
6.87840876074571
6.87840876074571
6.87840876074571
6.87840876074571
6.87840876074571
6.87840876074571
6.87840876074571
6.87840876074571
6.87840876074571
6.87840876074571
6.87840876074571
6.87840876074571
6.87840876074571
6.87840876074571
6.87840876074571
6.87840876074571
6.87840876074571
6.87840876074571
6.87840876074571
6.87840876074571
6.87840876074571
6.87840876074571
6.87840876074571
6.87840876074571
6.87840876074571
6.87840876074571
6.87840876074571
6.87840876074571
6.87840876074571
6.87840876074571
6.87840876074571
6.87840876074571
6.87840876074571
6.87840876074571
6.87840876074571
6.87840876074571
6.87840876074571
6.87840876074571
6.87840876074571
6.87840876074571
6.87840876074571
6.87840876074571
6.87840876074571
6.87840876074571
6.87840876074571
6.87840876074571
6.87840876074571
6.87840876074571
6.87840876074571
6.87840876074571
6.87840876074571
6.87840876074571
6.87840876074571
6.87840876074571
6.87840876074571
6.87840876074571
6.87840876074571
6.87840876074571
6.87840876074571
6.87840876074571
6.87840876074571
6.87840876074571
6.87840876074571
6.87840876074571
6.87840876074571
6.87840876074571
6.87840876074571
6.87840876074571
6.87840876074571
6.87840876074571
6.87840876074571
6.87840876074571
6.87840876074571
6.87840876074571
6.87840876074571
6.87840876074571
6.87840876074571
6.87840876074571
6.87840876074571
6.87840876074571
6.87840876074571
6.87840876074571
6.87840876074571
6.87840876074571
6.87840876074571
6.87840876074571
6.87840876074571
6.87840876074571
6.87840876074571
6.87840876074571
6.87840876074571
6.87840876074571
6.87840876074571
6.87840876074571
6.87840876074571
6.87840876074571
6.87840876074571
6.87840876074571
6.87840876074571
6.87840876074571
6.87840876074571
6.87840876074571
6.87840876074571
6.87840876074571
6.87840876074571
6.87840876074571
6.87840876074571
6.87840876074571
6.87840876074571
6.87840876074571
6.87840876074571
6.87840876074571
6.87840876074571
6.87840876074571
6.87840876074571
6.87840876074571
6.87840876074571
6.87840876074571
6.87840876074571
6.87840876074571
6.87840876074571
6.87840876074571
Score: 6.87840876074571
Runtime: 662ms
