7.217120811826526E-9
9.415627358753335E-9
5.91015024925736E-6
5.91015024925736E-6
5.91015024925736E-6
5.91015024925736E-6
0.0032206896363572157
0.0032206896363572157
0.0032206896363572157
0.0032206896363572157
0.0032206896363572157
0.0032206896363572157
0.005477653454002394
0.00778426162029194
0.02573875994680771
0.02573875994680771
0.02573875994680771
0.03674616626790789
0.3712936439298415
0.3712936439298415
0.3712936439298415
0.3712936439298415
0.3712936439298415
0.3712936439298415
0.3712936439298415
0.49043822161233397
0.49043822161233397
0.49043822161233397
0.49043822161233397
0.49043822161233397
0.5944511021486767
0.5944511021486767
0.5944511021486767
1.1498101055117462
1.1498101055117462
1.1498101055117462
1.1498101055117462
1.1498101055117462
1.4207716079797565
1.4207716079797565
1.4207716079797565
1.4207716079797565
1.4207716079797565
1.4207716079797565
1.4207716079797565
1.4207716079797565
1.4207716079797565
1.4207716079797565
1.4207716079797565
1.4207716079797565
1.7793116199179577
1.7793116199179577
1.7793116199179577
1.7793116199179577
1.7793116199179577
1.7793116199179577
1.7793116199179577
2.227509819378807
2.227509819378807
2.227509819378807
2.227509819378807
2.295098331992459
2.5100798415440684
2.579892515602297
2.579892515602297
2.579892515602297
2.579892515602297
2.579892515602297
2.579892515602297
2.579892515602297
2.579892515602297
2.590734912996507
3.832164208893078
3.832164208893078
3.832164208893078
3.832164208893078
4.59261058851651
4.59261058851651
4.59261058851651
4.59261058851651
4.59261058851651
4.59261058851651
4.59261058851651
4.59261058851651
4.59261058851651
4.59261058851651
4.59261058851651
4.59261058851651
4.59261058851651
4.59261058851651
4.59261058851651
4.59261058851651
4.59261058851651
4.59261058851651
4.59261058851651
4.59261058851651
4.59261058851651
4.59261058851651
4.59261058851651
4.59261058851651
4.59261058851651
4.59261058851651
4.59261058851651
4.59261058851651
4.59261058851651
4.59261058851651
4.59261058851651
4.59261058851651
4.59261058851651
4.59261058851651
4.59261058851651
4.59261058851651
4.59261058851651
5.557265098112445
5.557265098112445
5.557265098112445
5.557265098112445
5.557265098112445
5.557265098112445
5.557265098112445
5.557265098112445
5.557265098112445
5.557265098112445
5.557265098112445
5.557265098112445
5.557265098112445
5.557265098112445
5.872618473851388
5.872618473851388
5.872618473851388
5.872618473851388
5.872618473851388
5.872618473851388
5.872618473851388
5.872618473851388
5.915176367024606
5.915176367024606
5.915176367024606
5.915176367024606
6.566745803222992
6.566745803222992
6.566745803222992
6.566745803222992
6.566745803222992
6.566745803222992
6.566745803222992
6.566745803222992
6.566745803222992
6.566745803222992
6.566745803222992
6.566745803222992
6.566745803222992
6.566745803222992
6.566745803222992
6.566745803222992
6.566745803222992
6.566745803222992
6.566745803222992
6.566745803222992
6.566745803222992
6.566745803222992
6.566745803222992
6.566745803222992
6.566745803222992
6.566745803222992
6.566745803222992
6.566745803222992
6.566745803222992
6.566745803222992
6.566745803222992
6.566745803222992
6.566745803222992
6.566745803222992
6.566745803222992
6.566745803222992
6.566745803222992
6.566745803222992
6.566745803222992
6.566745803222992
6.566745803222992
6.566745803222992
6.566745803222992
6.566745803222992
6.566745803222992
6.566745803222992
6.566745803222992
6.566745803222992
6.566745803222992
6.566745803222992
6.566745803222992
6.566745803222992
6.566745803222992
6.566745803222992
6.566745803222992
6.566745803222992
6.566745803222992
6.566745803222992
6.566745803222992
6.566745803222992
6.566745803222992
6.566745803222992
6.566745803222992
6.566745803222992
6.566745803222992
6.566745803222992
6.566745803222992
6.566745803222992
6.566745803222992
6.566745803222992
6.566745803222992
6.566745803222992
6.566745803222992
6.566745803222992
6.566745803222992
6.566745803222992
6.566745803222992
6.566745803222992
6.566745803222992
6.566745803222992
6.566745803222992
6.566745803222992
6.566745803222992
6.566745803222992
6.566745803222992
6.566745803222992
6.566745803222992
6.566745803222992
6.566745803222992
6.566745803222992
6.566745803222992
6.566745803222992
6.566745803222992
6.566745803222992
6.566745803222992
6.566745803222992
6.566745803222992
6.566745803222992
6.566745803222992
6.566745803222992
6.566745803222992
6.566745803222992
6.566745803222992
6.566745803222992
6.566745803222992
6.566745803222992
6.566745803222992
6.566745803222992
6.566745803222992
6.566745803222992
6.566745803222992
6.566745803222992
6.566745803222992
6.566745803222992
6.566745803222992
6.566745803222992
6.566745803222992
6.566745803222992
6.566745803222992
6.566745803222992
6.566745803222992
6.566745803222992
6.566745803222992
6.566745803222992
6.566745803222992
6.566745803222992
6.566745803222992
6.566745803222992
6.566745803222992
6.566745803222992
6.566745803222992
6.566745803222992
6.566745803222992
6.566745803222992
6.566745803222992
6.566745803222992
6.566745803222992
6.566745803222992
6.566745803222992
6.566745803222992
6.566745803222992
6.566745803222992
6.566745803222992
6.566745803222992
6.566745803222992
6.566745803222992
6.566745803222992
6.566745803222992
6.566745803222992
6.566745803222992
6.566745803222992
6.566745803222992
6.566745803222992
6.566745803222992
6.566745803222992
6.566745803222992
6.566745803222992
6.566745803222992
6.566745803222992
6.566745803222992
6.566745803222992
6.566745803222992
6.709603559930737
6.709603559930737
6.709603559930737
6.709603559930737
6.709603559930737
6.953600573712166
6.953600573712166
6.953600573712166
6.953600573712166
6.953600573712166
6.953600573712166
6.953600573712166
6.953600573712166
6.953600573712166
6.953600573712166
6.953600573712166
6.953600573712166
6.953600573712166
6.953600573712166
6.953600573712166
7.425148439928337
7.425148439928337
7.425148439928337
7.425148439928337
7.425148439928337
7.425148439928337
7.425148439928337
7.425148439928337
7.425148439928337
7.425148439928337
7.425148439928337
7.425148439928337
7.425148439928337
7.425148439928337
7.425148439928337
7.425148439928337
7.425148439928337
7.425148439928337
7.425148439928337
7.425148439928337
7.425148439928337
7.425148439928337
7.425148439928337
7.425148439928337
7.425148439928337
7.425148439928337
7.425148439928337
7.425148439928337
7.425148439928337
7.425148439928337
7.425148439928337
7.425148439928337
7.425148439928337
7.425148439928337
7.425148439928337
7.425148439928337
7.425148439928337
7.425148439928337
7.425148439928337
7.425148439928337
7.425148439928337
7.425148439928337
7.425148439928337
7.425148439928337
7.425148439928337
7.425148439928337
7.425148439928337
7.425148439928337
7.425148439928337
7.425148439928337
7.425148439928337
7.425148439928337
7.425148439928337
7.425148439928337
7.484782799132148
7.484782799132148
7.484782799132148
7.484782799132148
7.484782799132148
7.484782799132148
7.484782799132148
7.484782799132148
7.484782799132148
7.621198521724523
7.621198521724523
7.621198521724523
7.621198521724523
7.621198521724523
7.621198521724523
7.621198521724523
7.621198521724523
7.621198521724523
7.621198521724523
7.621198521724523
7.621198521724523
7.621198521724523
7.621198521724523
7.621198521724523
7.621198521724523
7.621198521724523
7.621198521724523
7.621198521724523
7.621198521724523
7.621198521724523
7.621198521724523
7.621198521724523
7.621198521724523
7.621198521724523
7.621198521724523
7.621198521724523
7.621198521724523
7.621198521724523
7.621198521724523
7.621198521724523
7.621198521724523
7.621198521724523
7.621198521724523
7.621198521724523
7.621198521724523
7.621198521724523
7.621198521724523
7.621198521724523
7.621198521724523
7.621198521724523
7.621198521724523
7.621198521724523
7.621198521724523
7.621198521724523
7.621198521724523
7.621198521724523
7.621198521724523
7.621198521724523
7.621198521724523
7.621198521724523
7.621198521724523
7.621198521724523
7.621198521724523
7.621198521724523
7.621198521724523
7.621198521724523
7.621198521724523
7.621198521724523
7.621198521724523
7.621198521724523
7.621198521724523
7.621198521724523
7.621198521724523
7.621198521724523
7.621198521724523
7.621198521724523
7.621198521724523
7.621198521724523
7.621198521724523
7.621198521724523
7.621198521724523
7.621198521724523
7.98807057388535
7.98807057388535
7.98807057388535
7.98807057388535
7.98807057388535
7.98807057388535
7.98807057388535
7.98807057388535
7.98807057388535
7.98807057388535
7.98807057388535
7.98807057388535
7.98807057388535
7.98807057388535
7.98807057388535
7.98807057388535
7.98807057388535
7.98807057388535
7.98807057388535
7.98807057388535
7.98807057388535
7.98807057388535
7.98807057388535
7.98807057388535
7.98807057388535
7.98807057388535
7.98807057388535
7.98807057388535
7.98807057388535
7.98807057388535
7.98807057388535
7.98807057388535
7.98807057388535
7.98807057388535
7.98807057388535
8.129080925538332
8.129080925538332
8.129080925538332
8.129080925538332
8.129080925538332
8.129080925538332
8.129080925538332
8.129080925538332
8.129080925538332
8.129080925538332
8.129080925538332
8.129080925538332
8.129080925538332
8.129080925538332
8.129080925538332
8.129080925538332
8.129080925538332
8.129080925538332
8.129080925538332
8.129080925538332
8.129080925538332
8.129080925538332
8.129080925538332
8.129080925538332
8.129080925538332
8.129080925538332
8.129080925538332
8.129080925538332
8.129080925538332
8.129080925538332
8.129080925538332
8.129080925538332
8.129080925538332
8.129080925538332
8.129080925538332
8.129080925538332
8.129080925538332
8.129080925538332
8.129080925538332
8.129080925538332
8.129080925538332
8.129080925538332
8.129080925538332
8.129080925538332
8.129080925538332
8.129080925538332
8.129080925538332
8.129080925538332
8.129080925538332
8.129080925538332
8.129080925538332
8.129080925538332
8.129080925538332
8.129080925538332
8.129080925538332
8.129080925538332
8.129080925538332
8.129080925538332
8.129080925538332
8.129080925538332
8.129080925538332
8.129080925538332
8.129080925538332
8.129080925538332
8.129080925538332
8.129080925538332
8.129080925538332
8.129080925538332
8.129080925538332
8.129080925538332
8.129080925538332
8.129080925538332
8.129080925538332
8.129080925538332
8.129080925538332
8.129080925538332
8.129080925538332
8.129080925538332
8.129080925538332
8.129080925538332
8.129080925538332
8.129080925538332
8.129080925538332
8.129080925538332
8.129080925538332
8.129080925538332
8.208936410808485
8.208936410808485
8.208936410808485
8.208936410808485
8.208936410808485
8.208936410808485
8.208936410808485
8.208936410808485
8.208936410808485
8.208936410808485
8.208936410808485
8.208936410808485
8.208936410808485
8.208936410808485
8.208936410808485
8.208936410808485
8.208936410808485
8.208936410808485
8.208936410808485
8.208936410808485
8.208936410808485
8.208936410808485
8.208936410808485
8.208936410808485
8.208936410808485
8.208936410808485
8.208936410808485
8.208936410808485
8.208936410808485
8.208936410808485
8.353640802957896
8.353640802957896
8.353640802957896
8.353640802957896
8.353640802957896
8.353640802957896
8.353640802957896
8.353640802957896
8.353640802957896
8.353640802957896
8.353640802957896
8.353640802957896
8.353640802957896
8.353640802957896
8.353640802957896
8.353640802957896
8.353640802957896
8.353640802957896
8.353640802957896
8.353640802957896
8.353640802957896
8.353640802957896
8.353640802957896
8.353640802957896
8.353640802957896
8.353640802957896
8.353640802957896
8.353640802957896
8.353640802957896
8.353640802957896
8.353640802957896
8.353640802957896
8.353640802957896
8.353640802957896
8.353640802957896
8.353640802957896
8.353640802957896
8.353640802957896
8.353640802957896
8.353640802957896
8.353640802957896
8.353640802957896
8.353640802957896
8.353640802957896
8.353640802957896
8.353640802957896
8.353640802957896
8.353640802957896
8.353640802957896
8.353640802957896
8.353640802957896
8.353640802957896
8.353640802957896
8.353640802957896
8.353640802957896
8.353640802957896
8.353640802957896
8.353640802957896
8.353640802957896
8.353640802957896
8.353640802957896
8.353640802957896
8.353640802957896
8.353640802957896
8.353640802957896
8.353640802957896
8.43626995665001
8.43626995665001
8.43626995665001
8.43626995665001
8.43626995665001
8.43626995665001
8.43626995665001
8.43626995665001
8.43626995665001
8.43626995665001
8.43626995665001
8.43626995665001
8.43626995665001
8.43626995665001
8.43626995665001
8.43626995665001
8.43626995665001
8.43626995665001
8.43626995665001
8.43626995665001
8.43626995665001
8.43626995665001
8.43626995665001
8.43626995665001
8.43626995665001
8.43626995665001
8.43626995665001
8.43626995665001
8.53867423183273
8.53867423183273
8.53867423183273
8.53867423183273
8.53867423183273
8.53867423183273
8.53867423183273
8.53867423183273
8.53867423183273
8.53867423183273
8.53867423183273
8.53867423183273
8.53867423183273
8.53867423183273
8.53867423183273
8.53867423183273
8.53867423183273
8.53867423183273
8.53867423183273
8.53867423183273
8.53867423183273
8.53867423183273
8.53867423183273
8.53867423183273
8.53867423183273
8.53867423183273
8.53867423183273
8.53867423183273
8.53867423183273
8.53867423183273
8.53867423183273
8.53867423183273
8.53867423183273
8.53867423183273
8.53867423183273
8.53867423183273
8.53867423183273
8.53867423183273
8.53867423183273
8.53867423183273
8.53867423183273
8.53867423183273
8.53867423183273
8.53867423183273
8.53867423183273
8.53867423183273
8.53867423183273
8.53867423183273
8.53867423183273
8.53867423183273
8.53867423183273
8.53867423183273
8.53867423183273
8.53867423183273
8.53867423183273
8.53867423183273
8.53867423183273
8.53867423183273
8.53867423183273
8.53867423183273
8.53867423183273
8.53867423183273
8.53867423183273
8.53867423183273
8.53867423183273
8.53867423183273
8.53867423183273
8.53867423183273
8.53867423183273
8.53867423183273
8.53867423183273
8.53867423183273
8.53867423183273
8.53867423183273
8.53867423183273
8.53867423183273
8.53867423183273
8.53867423183273
8.53867423183273
8.53867423183273
8.53867423183273
8.53867423183273
8.53867423183273
8.53867423183273
8.53867423183273
8.53867423183273
8.53867423183273
8.53867423183273
8.53867423183273
8.53867423183273
8.53867423183273
8.53867423183273
8.53867423183273
8.53867423183273
8.53867423183273
8.53867423183273
8.53867423183273
8.53867423183273
8.53867423183273
8.53867423183273
8.53867423183273
8.53867423183273
8.53867423183273
8.53867423183273
8.53867423183273
8.53867423183273
8.53867423183273
8.53867423183273
8.53867423183273
8.53867423183273
8.53867423183273
8.53867423183273
8.53867423183273
8.53867423183273
8.53867423183273
8.53867423183273
8.53867423183273
8.53867423183273
8.53867423183273
8.53867423183273
8.53867423183273
8.53867423183273
8.53867423183273
8.53867423183273
8.53867423183273
8.53867423183273
8.53867423183273
8.53867423183273
8.53867423183273
8.53867423183273
8.53867423183273
8.53867423183273
8.53867423183273
8.53867423183273
8.53867423183273
8.53867423183273
8.53867423183273
8.53867423183273
8.53867423183273
8.53867423183273
8.53867423183273
8.53867423183273
8.53867423183273
8.53867423183273
8.53867423183273
8.53867423183273
8.53867423183273
8.53867423183273
8.53867423183273
8.53867423183273
8.541631694362625
8.541631694362625
8.541631694362625
8.541631694362625
8.541631694362625
8.541631694362625
8.541631694362625
8.541631694362625
8.541631694362625
8.541631694362625
8.541631694362625
8.541631694362625
8.541631694362625
8.541631694362625
8.57296397441932
8.57296397441932
8.57296397441932
8.57296397441932
8.57296397441932
8.57296397441932
8.57296397441932
8.57296397441932
8.57296397441932
8.57296397441932
8.57296397441932
8.57296397441932
8.57296397441932
8.57296397441932
8.57296397441932
8.57296397441932
8.57296397441932
8.57296397441932
8.57296397441932
8.57296397441932
8.57296397441932
8.57296397441932
8.609507678861819
8.609507678861819
8.609507678861819
8.609507678861819
8.609507678861819
8.609507678861819
8.609507678861819
8.609507678861819
8.609507678861819
8.609507678861819
8.609507678861819
8.609507678861819
8.609507678861819
8.609507678861819
8.609507678861819
8.609507678861819
8.609507678861819
8.609507678861819
8.609507678861819
8.609507678861819
8.609507678861819
8.609507678861819
8.609507678861819
8.609507678861819
8.609507678861819
8.609507678861819
8.609507678861819
8.609507678861819
8.609507678861819
8.609507678861819
8.609507678861819
8.609507678861819
8.609507678861819
8.609507678861819
8.609507678861819
8.609507678861819
8.609507678861819
8.609507678861819
8.609507678861819
8.609507678861819
8.609507678861819
8.609507678861819
8.609507678861819
8.609507678861819
8.609507678861819
8.609507678861819
8.609507678861819
8.609507678861819
8.609507678861819
8.609507678861819
8.609507678861819
8.609507678861819
8.609507678861819
8.609507678861819
8.609507678861819
8.609507678861819
8.609507678861819
8.609507678861819
8.609507678861819
8.609507678861819
8.609507678861819
8.609507678861819
8.609507678861819
8.609507678861819
8.609507678861819
8.609507678861819
8.609507678861819
8.609507678861819
8.609507678861819
8.609507678861819
8.609507678861819
8.609507678861819
8.609507678861819
8.672190596664166
8.672190596664166
8.672190596664166
8.672190596664166
8.672190596664166
8.672190596664166
8.672190596664166
8.672190596664166
8.672190596664166
8.672190596664166
8.672190596664166
8.672190596664166
8.672190596664166
8.672190596664166
8.672190596664166
8.672190596664166
8.672190596664166
8.672190596664166
8.672190596664166
8.672190596664166
8.672190596664166
8.672190596664166
8.672190596664166
8.672190596664166
8.672190596664166
8.672190596664166
8.672190596664166
8.672190596664166
8.672190596664166
8.672190596664166
8.672190596664166
8.672190596664166
8.672190596664166
8.672190596664166
8.672190596664166
8.672190596664166
8.672190596664166
8.672190596664166
8.672190596664166
8.672190596664166
8.672190596664166
8.672190596664166
8.672190596664166
8.672190596664166
8.672190596664166
8.672190596664166
8.672190596664166
8.672190596664166
8.672190596664166
8.672190596664166
8.73952993539036
8.73952993539036
8.73952993539036
8.73952993539036
8.73952993539036
8.73952993539036
8.73952993539036
8.73952993539036
8.73952993539036
8.73952993539036
8.73952993539036
8.73952993539036
8.73952993539036
8.73952993539036
8.73952993539036
8.73952993539036
8.73952993539036
8.73952993539036
8.73952993539036
8.73952993539036
8.73952993539036
8.73952993539036
8.73952993539036
8.73952993539036
8.73952993539036
8.73952993539036
8.740970368537287
8.827491589927911
8.827491589927911
8.827491589927911
8.827491589927911
8.827491589927911
8.827491589927911
8.827491589927911
8.827491589927911
8.827491589927911
8.827491589927911
8.827491589927911
8.827491589927911
8.827491589927911
8.827491589927911
8.827491589927911
8.827491589927911
8.827491589927911
8.827491589927911
8.827491589927911
8.827491589927911
8.827491589927911
8.827491589927911
8.827491589927911
8.827491589927911
8.827491589927911
8.827491589927911
8.827491589927911
8.827491589927911
8.827491589927911
8.827491589927911
8.827491589927911
8.827491589927911
8.827491589927911
8.827491589927911
8.827491589927911
8.827491589927911
8.827491589927911
8.827491589927911
8.827491589927911
8.827491589927911
8.827491589927911
8.827491589927911
8.827491589927911
8.827491589927911
8.827491589927911
8.827491589927911
8.827491589927911
8.827491589927911
8.827491589927911
8.827491589927911
8.827491589927911
8.827491589927911
8.827491589927911
8.827491589927911
8.827491589927911
8.827491589927911
8.827491589927911
8.838617409531896
8.838617409531896
8.838617409531896
8.838617409531896
8.838617409531896
8.838617409531896
8.838617409531896
8.838617409531896
8.838617409531896
8.838617409531896
8.838617409531896
8.838617409531896
8.838617409531896
8.838617409531896
8.838617409531896
8.838617409531896
8.838617409531896
8.838617409531896
8.838617409531896
8.838617409531896
8.838617409531896
8.838617409531896
8.838617409531896
8.838617409531896
8.862259455153099
8.862259455153099
8.862259455153099
8.862259455153099
8.862259455153099
8.862259455153099
8.862259455153099
8.862259455153099
8.862259455153099
8.862259455153099
8.862259455153099
8.862259455153099
8.862259455153099
8.862259455153099
8.862259455153099
8.862259455153099
8.862259455153099
8.862259455153099
8.862259455153099
8.862259455153099
8.862259455153099
8.862259455153099
8.862259455153099
8.862259455153099
8.862259455153099
8.862259455153099
8.868409815870757
8.868409815870757
8.868409815870757
8.868409815870757
8.868409815870757
8.868409815870757
8.868409815870757
8.868409815870757
8.868409815870757
8.868409815870757
8.868409815870757
8.868409815870757
8.868409815870757
8.934129871189477
8.934129871189477
8.934129871189477
8.934129871189477
8.934129871189477
8.934129871189477
8.934129871189477
8.934129871189477
8.939881300947075
8.939881300947075
8.978088646187517
8.978088646187517
8.978088646187517
8.978088646187517
8.978088646187517
8.978088646187517
8.978088646187517
8.978088646187517
8.978088646187517
8.978088646187517
8.978088646187517
8.978088646187517
8.978088646187517
8.978088646187517
8.978088646187517
8.978088646187517
8.978088646187517
8.978088646187517
8.978088646187517
8.978088646187517
8.978088646187517
8.978088646187517
8.978088646187517
8.978088646187517
8.978088646187517
8.978088646187517
8.978088646187517
8.978088646187517
9.01171063481842
9.01171063481842
9.01171063481842
9.01171063481842
9.026200515152896
9.026200515152896
9.026200515152896
9.026200515152896
9.028319970342904
9.028319970342904
9.049039430519096
9.049039430519096
9.049039430519096
9.049039430519096
9.049039430519096
9.049039430519096
9.049039430519096
9.049039430519096
9.049039430519096
9.049039430519096
9.049039430519096
9.049039430519096
9.049039430519096
9.049039430519096
9.049039430519096
9.049039430519096
9.049039430519096
9.049039430519096
9.049039430519096
9.049039430519096
9.049039430519096
9.049039430519096
9.049039430519096
9.049039430519096
9.049039430519096
9.049039430519096
9.049039430519096
9.049039430519096
9.049039430519096
9.049039430519096
9.049039430519096
9.049039430519096
9.049039430519096
9.049039430519096
9.049039430519096
9.049039430519096
9.049039430519096
9.049039430519096
9.049039430519096
9.049039430519096
9.049039430519096
9.049039430519096
9.049039430519096
9.049039430519096
9.049039430519096
9.049039430519096
9.049039430519096
9.049039430519096
9.05033575496949
9.05033575496949
9.062478502909565
9.062478502909565
9.062478502909565
9.062478502909565
9.070698701250189
9.070698701250189
9.070698701250189
9.070698701250189
9.070698701250189
9.070698701250189
9.070698701250189
9.070698701250189
9.091270382418497
9.091270382418497
9.091270382418497
9.091270382418497
9.091270382418497
9.091270382418497
9.091270382418497
9.091270382418497
9.091270382418497
9.091270382418497
9.091270382418497
9.103767050148905
9.103767050148905
9.150253656229827
9.150253656229827
9.150253656229827
9.150253656229827
9.150253656229827
9.150253656229827
9.150253656229827
9.150253656229827
9.150253656229827
9.150253656229827
9.150253656229827
9.150253656229827
9.150253656229827
9.1975102716013
9.1975102716013
9.1975102716013
9.1975102716013
9.1975102716013
9.1975102716013
9.222708021728309
9.222708021728309
9.222708021728309
9.222708021728309
9.222708021728309
9.222708021728309
9.222708021728309
9.222708021728309
9.222708021728309
9.222708021728309
9.222708021728309
9.222708021728309
9.222708021728309
9.222708021728309
9.222708021728309
9.222708021728309
9.222708021728309
9.222708021728309
9.222708021728309
9.222708021728309
9.222708021728309
9.222708021728309
9.222708021728309
9.222708021728309
9.222708021728309
9.222708021728309
9.222708021728309
9.222708021728309
9.222708021728309
9.222708021728309
9.222708021728309
9.222708021728309
9.222708021728309
9.222708021728309
9.222708021728309
9.222708021728309
9.222708021728309
9.222708021728309
9.222708021728309
9.222708021728309
9.222708021728309
9.225342904921668
9.225342904921668
9.225342904921668
9.225342904921668
9.225342904921668
9.225342904921668
9.225342904921668
9.225342904921668
9.225342904921668
9.225342904921668
9.225342904921668
9.225342904921668
9.225342904921668
9.225342904921668
9.225342904921668
9.225342904921668
9.225342904921668
9.225342904921668
9.227328144419047
9.23440286041287
9.23440286041287
9.23440286041287
9.23440286041287
9.23440286041287
9.23440286041287
9.23440286041287
9.23440286041287
9.23440286041287
9.23440286041287
9.23440286041287
9.23440286041287
9.23440286041287
9.23440286041287
9.23440286041287
9.23440286041287
9.262438043004579
9.262438043004579
9.262438043004579
9.262438043004579
9.262438043004579
9.262438043004579
9.262438043004579
9.26984853386647
9.26984853386647
9.26984853386647
9.26984853386647
9.26984853386647
9.26984853386647
9.26984853386647
9.26984853386647
9.26984853386647
9.26984853386647
9.26984853386647
9.26984853386647
9.26984853386647
9.26984853386647
9.26984853386647
9.26984853386647
9.26984853386647
9.26984853386647
9.26984853386647
9.26984853386647
9.26984853386647
9.26984853386647
9.26984853386647
9.26984853386647
9.26984853386647
9.26984853386647
9.26984853386647
9.26984853386647
9.26984853386647
9.26984853386647
9.26984853386647
9.26984853386647
9.26984853386647
9.26984853386647
9.26984853386647
9.26984853386647
9.26984853386647
9.26984853386647
9.26984853386647
9.26984853386647
9.26984853386647
9.26984853386647
9.26984853386647
9.26984853386647
9.26984853386647
9.2777567194605
9.2777567194605
9.2777567194605
9.2777567194605
9.2777567194605
9.2777567194605
9.2777567194605
9.2777567194605
9.2777567194605
9.2777567194605
9.2777567194605
9.2777567194605
9.2777567194605
9.2777567194605
9.2777567194605
9.2777567194605
9.2777567194605
9.2777567194605
9.2777567194605
9.2777567194605
9.2777567194605
9.2777567194605
9.2777567194605
9.2777567194605
9.2777567194605
9.2777567194605
9.2777567194605
9.2777567194605
9.2777567194605
9.2777567194605
9.2777567194605
9.2777567194605
9.2777567194605
9.2777567194605
9.2777567194605
9.2777567194605
9.2777567194605
9.2777567194605
9.2777567194605
9.2777567194605
9.2777567194605
9.2777567194605
9.2777567194605
9.2777567194605
9.2777567194605
9.2777567194605
9.2777567194605
9.2777567194605
9.2777567194605
9.2777567194605
9.2777567194605
9.2777567194605
9.2777567194605
9.2777567194605
9.2777567194605
9.2777567194605
9.2777567194605
9.2777567194605
9.2777567194605
9.2777567194605
9.2777567194605
9.2777567194605
9.2777567194605
9.2777567194605
9.2777567194605
9.2777567194605
9.2777567194605
9.2777567194605
9.2777567194605
9.2777567194605
9.2777567194605
9.2777567194605
9.2777567194605
9.2777567194605
9.2777567194605
9.2777567194605
9.2777567194605
9.2777567194605
9.2777567194605
9.2777567194605
9.2777567194605
9.2777567194605
9.2777567194605
9.2777567194605
9.2777567194605
9.2777567194605
9.2777567194605
9.2777567194605
9.2777567194605
9.2777567194605
9.2777567194605
9.2777567194605
9.2777567194605
9.2777567194605
9.2777567194605
9.2777567194605
9.2777567194605
9.2777567194605
9.2777567194605
9.2777567194605
9.2777567194605
9.2777567194605
9.2777567194605
9.2777567194605
9.2777567194605
9.2777567194605
9.2777567194605
9.2777567194605
9.2777567194605
9.2777567194605
9.2777567194605
9.2777567194605
9.2777567194605
9.2777567194605
9.2777567194605
9.2777567194605
9.2777567194605
9.2777567194605
9.2777567194605
9.2777567194605
9.2777567194605
9.2777567194605
9.2777567194605
9.2777567194605
9.2777567194605
9.2777567194605
9.2777567194605
9.2777567194605
9.2777567194605
9.2777567194605
9.2777567194605
9.2777567194605
9.2777567194605
9.2777567194605
9.2777567194605
9.2777567194605
9.2777567194605
9.2777567194605
9.2777567194605
9.2777567194605
9.2777567194605
9.2777567194605
9.2777567194605
9.2777567194605
9.2777567194605
9.2777567194605
9.2777567194605
9.2777567194605
9.2777567194605
9.2777567194605
9.2777567194605
9.2777567194605
9.2777567194605
9.2777567194605
9.2777567194605
9.2777567194605
9.2777567194605
9.2777567194605
9.2777567194605
9.2777567194605
9.2777567194605
9.2777567194605
9.2777567194605
9.2777567194605
9.2777567194605
9.2777567194605
9.2777567194605
9.2777567194605
9.2777567194605
9.2777567194605
9.2777567194605
9.2777567194605
9.278153460997006
9.278153460997006
9.278153460997006
9.278153460997006
9.278153460997006
9.278153460997006
9.278153460997006
9.278153460997006
9.278153460997006
9.278153460997006
9.278153460997006
9.278153460997006
9.278153460997006
9.278153460997006
9.278153460997006
9.278153460997006
9.278153460997006
9.278153460997006
9.278153460997006
9.278153460997006
9.278153460997006
9.278153460997006
9.278153460997006
9.278830388438596
9.278830388438596
9.278830388438596
9.278830388438596
9.288908873671808
9.288908873671808
9.288908873671808
9.288908873671808
9.288908873671808
9.288908873671808
9.288908873671808
9.288908873671808
9.288908873671808
9.288908873671808
9.288908873671808
9.291943745714015
9.291943745714015
9.291943745714015
9.291943745714015
9.291943745714015
9.291943745714015
9.291943745714015
9.291943745714015
9.291943745714015
9.291943745714015
9.291943745714015
9.291943745714015
9.291943745714015
9.291943745714015
9.291943745714015
9.291943745714015
9.291943745714015
9.291943745714015
9.291943745714015
9.30153344245015
9.30153344245015
9.30153344245015
9.30153344245015
9.30153344245015
9.30153344245015
9.30153344245015
9.30153344245015
9.30153344245015
9.302226243256452
9.302226243256452
9.302226243256452
9.302226243256452
9.302226243256452
9.302226243256452
9.302226243256452
9.302226243256452
9.302226243256452
9.302226243256452
9.302226243256452
9.302226243256452
9.302226243256452
9.302226243256452
9.302226243256452
9.302226243256452
9.302226243256452
9.302226243256452
9.302226243256452
9.307933331840031
9.307933331840031
9.307933331840031
9.307933331840031
9.318157844799575
9.318157844799575
9.318157844799575
9.318157844799575
9.318157844799575
9.318157844799575
9.318157844799575
9.318157844799575
9.318157844799575
9.318157844799575
9.318157844799575
9.318157844799575
9.318157844799575
9.318157844799575
9.318157844799575
9.318157844799575
9.318157844799575
9.318157844799575
9.318157844799575
9.318157844799575
9.318157844799575
9.318157844799575
9.318157844799575
9.318157844799575
9.318157844799575
9.318157844799575
9.318157844799575
9.318157844799575
9.318157844799575
9.318157844799575
9.318157844799575
9.318157844799575
9.318157844799575
9.318157844799575
9.322488854033177
9.322488854033177
9.322488854033177
9.322488854033177
9.322488854033177
9.322488854033177
9.327946210026232
9.327946210026232
9.327946210026232
9.327946210026232
9.327946210026232
9.327946210026232
9.327946210026232
9.327946210026232
9.327946210026232
9.327946210026232
9.327946210026232
9.327946210026232
9.327946210026232
9.327946210026232
9.327946210026232
9.327946210026232
9.327946210026232
9.327946210026232
9.327946210026232
9.32901688832813
9.32901688832813
9.32901688832813
9.32901688832813
9.32901688832813
9.32901688832813
9.32901688832813
9.32901688832813
9.32901688832813
9.32901688832813
9.32901688832813
9.32901688832813
9.32901688832813
9.32901688832813
9.32901688832813
9.329502681235677
9.341906380690457
9.341906380690457
9.341906380690457
9.341906380690457
9.341906380690457
9.341906380690457
9.341906380690457
9.341906380690457
9.341906380690457
9.341906380690457
9.341906380690457
9.341906380690457
9.341906380690457
9.341906380690457
9.341906380690457
9.341906380690457
9.341906380690457
9.341906380690457
9.341906380690457
9.341906380690457
9.341906380690457
9.341906380690457
9.341906380690457
9.341906380690457
9.341906380690457
9.341906380690457
9.341906380690457
9.341906380690457
9.341906380690457
9.341906380690457
9.342989176481321
9.342989176481321
9.342989176481321
9.347263928315739
9.347263928315739
9.347263928315739
9.347263928315739
9.347263928315739
9.347263928315739
9.347263928315739
9.347263928315739
9.347933825229719
9.347933825229719
9.347933825229719
9.347933825229719
9.347933825229719
9.347933825229719
9.347933825229719
9.347933825229719
9.347933825229719
9.347933825229719
9.347933825229719
9.347933825229719
9.347933825229719
9.349194788095325
9.349194788095325
9.349194788095325
9.349194788095325
9.349194788095325
9.349194788095325
9.349194788095325
9.349194788095325
9.349194788095325
9.349194788095325
9.349194788095325
9.349194788095325
9.349194788095325
9.349194788095325
9.349194788095325
9.349194788095325
9.349194788095325
9.349194788095325
9.349194788095325
9.349194788095325
9.349194788095325
9.349194788095325
9.35038225127008
9.35038225127008
9.35038225127008
9.35038225127008
9.35038225127008
9.35038225127008
9.35038225127008
9.35038225127008
9.35038225127008
9.35038225127008
9.35038225127008
9.35038225127008
9.35038225127008
9.35038225127008
9.35038225127008
9.35038225127008
9.35038225127008
9.35038225127008
9.35038225127008
9.35038225127008
9.35100358386704
9.35100358386704
9.35100358386704
9.35100358386704
9.35100358386704
9.35100358386704
9.35100358386704
9.35100358386704
9.35100358386704
9.35100358386704
9.351052272944003
9.351052272944003
9.351052272944003
9.351052272944003
9.351052272944003
9.351052272944003
9.351052272944003
9.351052272944003
9.351052272944003
9.351052272944003
9.351052272944003
9.351052272944003
9.351052272944003
9.351052272944003
9.351052272944003
9.351052272944003
9.351052272944003
9.351052272944003
9.351052272944003
9.351052272944003
9.351052272944003
9.351052272944003
9.351052272944003
9.351052272944003
9.351052272944003
9.353763695008317
9.353763695008317
9.353763695008317
9.353763695008317
9.353763695008317
9.353763695008317
9.353763695008317
9.353763695008317
9.353763695008317
9.353763695008317
9.353763695008317
9.353763695008317
9.353763695008317
9.353763695008317
9.353763695008317
9.353763695008317
9.353763695008317
9.353763695008317
9.353763695008317
9.353763695008317
9.353763695008317
9.353763695008317
9.353763695008317
9.353763695008317
9.353763695008317
9.353763695008317
9.353763695008317
9.353763695008317
9.353763695008317
9.353763695008317
9.353763695008317
9.353763695008317
9.353763695008317
9.353763695008317
9.353763695008317
9.353763695008317
9.353763695008317
9.353763695008317
9.353763695008317
9.353763695008317
9.353763695008317
9.353763695008317
9.353763695008317
9.353763695008317
9.353763695008317
9.353763695008317
9.353763695008317
9.353763695008317
9.353763695008317
9.353763695008317
9.353763695008317
9.353763695008317
9.353763695008317
9.353763695008317
9.353763695008317
9.353763695008317
9.353763695008317
9.353763695008317
9.353763695008317
9.353763695008317
9.353763695008317
9.353763695008317
9.353763695008317
9.353763695008317
9.353763695008317
9.353763695008317
9.353763695008317
9.353763695008317
9.353763695008317
9.353763695008317
9.353763695008317
9.353763695008317
9.353763695008317
9.353763695008317
9.353763695008317
9.353763695008317
9.353763695008317
9.353763695008317
9.353763695008317
9.353763695008317
9.353763695008317
9.353763695008317
9.353763695008317
9.353763695008317
9.353763695008317
9.353763695008317
9.353763695008317
9.353763695008317
9.353763695008317
9.353791124230217
9.353791124230217
9.353791124230217
9.353791124230217
9.353791124230217
9.353791124230217
9.353791124230217
9.354749596273987
9.354749596273987
9.354976088627911
9.354976088627911
9.354976088627911
9.354976088627911
9.354976088627911
Score: 9.354976088627911
Runtime: 647ms
