7.217120811826526E-9
9.204632313371194E-7
9.204632313371194E-7
9.204632313371194E-7
9.204632313371194E-7
9.204632313371194E-7
4.443889837944041E-4
4.443889837944041E-4
4.443889837944041E-4
4.443889837944041E-4
4.443889837944041E-4
4.443889837944041E-4
4.443889837944041E-4
0.007398494188043535
0.007398494188043535
0.007398494188043535
0.007398494188043535
0.007398494188043535
0.015426704191907788
0.02005400329097627
0.04375689480281421
0.04375689480281421
0.04375689480281421
0.08301054617911764
0.08301054617911764
0.08301054617911764
0.08301054617911764
0.1595000548802114
0.1595000548802114
0.1595000548802114
0.2848680510597396
0.2848680510597396
0.2848680510597396
0.2848680510597396
0.3435595625219548
0.3435595625219548
0.3435595625219548
0.3435595625219548
0.6851986708087479
0.6851986708087479
0.6851986708087479
0.6851986708087479
0.6851986708087479
0.6851986708087479
0.6851986708087479
0.6851986708087479
0.6851986708087479
0.6851986708087479
0.6851986708087479
0.6851986708087479
0.6851986708087479
0.6851986708087479
0.6851986708087479
0.6851986708087479
1.3175943562123056
1.3175943562123056
1.3175943562123056
1.3175943562123056
1.3175943562123056
1.3175943562123056
1.3175943562123056
1.3175943562123056
1.3175943562123056
1.3175943562123056
1.3175943562123056
1.3175943562123056
1.3175943562123056
1.5015224611156124
1.5015224611156124
1.5015224611156124
1.5015224611156124
1.5015224611156124
1.5015224611156124
1.5015224611156124
1.5015224611156124
1.5015224611156124
1.5015224611156124
1.5015224611156124
1.6087841013073068
1.6087841013073068
1.753117964422683
2.214704152909201
3.0521860024309353
3.7460607018834176
3.7460607018834176
3.7460607018834176
3.7460607018834176
3.7460607018834176
3.7460607018834176
3.7460607018834176
3.7460607018834176
3.7460607018834176
3.7460607018834176
3.7460607018834176
3.7460607018834176
3.7460607018834176
3.7460607018834176
3.7460607018834176
3.7460607018834176
3.7460607018834176
3.7460607018834176
3.7460607018834176
3.7460607018834176
3.7460607018834176
3.7460607018834176
3.7460607018834176
3.8100058141721367
3.8100058141721367
3.8100058141721367
3.8100058141721367
3.8100058141721367
3.8100058141721367
3.8100058141721367
3.8100058141721367
4.5045106146063025
4.5045106146063025
4.5045106146063025
4.5045106146063025
4.929278627794417
4.929278627794417
4.929278627794417
4.929278627794417
5.374303197652376
5.374303197652376
5.374303197652376
5.374303197652376
5.374303197652376
5.374303197652376
5.374303197652376
5.374303197652376
5.374303197652376
6.000777515465533
6.000777515465533
6.000777515465533
6.000777515465533
6.000777515465533
6.000777515465533
6.000777515465533
6.000777515465533
6.000777515465533
6.000777515465533
6.000777515465533
6.000777515465533
6.000777515465533
6.000777515465533
6.000777515465533
6.000777515465533
6.000777515465533
6.000777515465533
6.000777515465533
6.000777515465533
6.000777515465533
6.000777515465533
6.000777515465533
6.000777515465533
6.000777515465533
6.061194986833399
6.061194986833399
6.061194986833399
6.061194986833399
6.061194986833399
6.061194986833399
6.061194986833399
6.061194986833399
6.061194986833399
6.061194986833399
6.061194986833399
6.061194986833399
6.061194986833399
6.638886288025052
6.638886288025052
6.638886288025052
6.638886288025052
6.638886288025052
6.638886288025052
6.638886288025052
6.638886288025052
6.638886288025052
6.638886288025052
6.638886288025052
6.638886288025052
6.638886288025052
6.638886288025052
6.638886288025052
6.638886288025052
6.638886288025052
6.638886288025052
6.638886288025052
6.638886288025052
6.638886288025052
6.638886288025052
6.638886288025052
6.638886288025052
6.638886288025052
6.638886288025052
6.745500977425384
6.745500977425384
6.745500977425384
6.745500977425384
6.745500977425384
6.745500977425384
6.745500977425384
6.745500977425384
6.745500977425384
6.745500977425384
7.093521309879316
7.093521309879316
7.093521309879316
7.093521309879316
7.093521309879316
7.176029267148407
7.176029267148407
7.176029267148407
7.176029267148407
7.176029267148407
7.176029267148407
7.176029267148407
7.176029267148407
7.176029267148407
7.176029267148407
7.176029267148407
7.430390532049913
7.430390532049913
7.430390532049913
7.430390532049913
7.430390532049913
7.430390532049913
7.430390532049913
7.430390532049913
7.430390532049913
7.611848409568505
7.611848409568505
7.611848409568505
7.611848409568505
7.611848409568505
7.611848409568505
7.611848409568505
7.611848409568505
7.611848409568505
7.611848409568505
7.611848409568505
7.611848409568505
7.611848409568505
7.611848409568505
7.611848409568505
7.611848409568505
7.611848409568505
7.611848409568505
7.741652721162945
7.741652721162945
7.741652721162945
7.741652721162945
7.741652721162945
7.741652721162945
7.741652721162945
7.741652721162945
8.545269193599376
8.545269193599376
8.545269193599376
8.545269193599376
8.545269193599376
8.545269193599376
8.545269193599376
8.545269193599376
8.545269193599376
8.545269193599376
8.545269193599376
8.545269193599376
8.545269193599376
8.545269193599376
8.545269193599376
8.545269193599376
8.545269193599376
8.545269193599376
8.545269193599376
8.545269193599376
8.545269193599376
8.545269193599376
8.545269193599376
8.545269193599376
8.545269193599376
8.545269193599376
8.545269193599376
8.545269193599376
8.545269193599376
8.545269193599376
8.605641003628383
8.605641003628383
8.605641003628383
8.605641003628383
8.605641003628383
8.673825695663792
8.673825695663792
8.673825695663792
8.673825695663792
8.673825695663792
8.673825695663792
8.673825695663792
8.673825695663792
9.019799327626137
9.019799327626137
9.019799327626137
9.019799327626137
9.019799327626137
9.019799327626137
9.019799327626137
9.019799327626137
9.019799327626137
9.019799327626137
9.019799327626137
9.019799327626137
9.019799327626137
9.019799327626137
9.019799327626137
9.019799327626137
9.019799327626137
9.019799327626137
9.019799327626137
9.019799327626137
9.019799327626137
9.019799327626137
9.019799327626137
9.019799327626137
9.019799327626137
9.194465907953294
9.194465907953294
9.194465907953294
9.194465907953294
9.194465907953294
9.194465907953294
9.194465907953294
9.194465907953294
9.194465907953294
9.194465907953294
9.194465907953294
9.194465907953294
9.194465907953294
9.194465907953294
9.194465907953294
9.194465907953294
9.194465907953294
9.194465907953294
9.194465907953294
9.194465907953294
9.194465907953294
9.194465907953294
9.194465907953294
9.194465907953294
9.194465907953294
9.194465907953294
9.194465907953294
9.194465907953294
9.194465907953294
9.194465907953294
9.194465907953294
9.194465907953294
9.194465907953294
9.194465907953294
9.194465907953294
9.194465907953294
9.194465907953294
9.194465907953294
9.194465907953294
9.194465907953294
9.194465907953294
9.194465907953294
9.194465907953294
9.194465907953294
9.194465907953294
9.194465907953294
9.194465907953294
9.194465907953294
9.194465907953294
9.194465907953294
9.194465907953294
9.194465907953294
9.194465907953294
9.194465907953294
9.194465907953294
9.194465907953294
9.194465907953294
9.194465907953294
9.194465907953294
9.194465907953294
9.194465907953294
9.194465907953294
9.194465907953294
9.194465907953294
9.194465907953294
9.194465907953294
9.194465907953294
9.194465907953294
9.194465907953294
9.194465907953294
9.194465907953294
9.194465907953294
9.194465907953294
9.194465907953294
9.194465907953294
9.194465907953294
9.194465907953294
9.194465907953294
9.194465907953294
9.194465907953294
9.194465907953294
9.194465907953294
9.194465907953294
9.194465907953294
9.194465907953294
9.194465907953294
9.194465907953294
9.194465907953294
9.194465907953294
9.194465907953294
9.194465907953294
9.194465907953294
9.194465907953294
9.194465907953294
9.194465907953294
9.194465907953294
9.194465907953294
9.194465907953294
9.194465907953294
9.194465907953294
9.194465907953294
9.194465907953294
9.194465907953294
9.194465907953294
9.194465907953294
9.194465907953294
9.194465907953294
9.194465907953294
9.215342881892113
9.215342881892113
9.215342881892113
9.215342881892113
9.215342881892113
9.215342881892113
9.215342881892113
9.215342881892113
9.215342881892113
9.215342881892113
9.215342881892113
9.215342881892113
9.215342881892113
9.215342881892113
9.215342881892113
9.215342881892113
9.215342881892113
9.215342881892113
9.215342881892113
9.215342881892113
9.215342881892113
9.215342881892113
9.215342881892113
9.215342881892113
9.215342881892113
9.215342881892113
9.215342881892113
9.215342881892113
9.215342881892113
9.215342881892113
9.215342881892113
9.215342881892113
9.215342881892113
9.215342881892113
9.215342881892113
9.215342881892113
9.215342881892113
9.215342881892113
9.215342881892113
9.215342881892113
9.215342881892113
9.215342881892113
9.215342881892113
9.215342881892113
9.215342881892113
9.215342881892113
9.215342881892113
9.215342881892113
9.215342881892113
9.215342881892113
9.215342881892113
9.215342881892113
9.215342881892113
9.215342881892113
9.215342881892113
9.507961970381585
9.507961970381585
9.507961970381585
9.507961970381585
9.507961970381585
9.507961970381585
9.507961970381585
9.507961970381585
9.507961970381585
9.507961970381585
9.507961970381585
9.507961970381585
9.507961970381585
9.507961970381585
9.507961970381585
9.507961970381585
9.507961970381585
9.507961970381585
9.507961970381585
9.507961970381585
9.507961970381585
9.507961970381585
9.507961970381585
9.507961970381585
9.507961970381585
9.507961970381585
9.507961970381585
9.507961970381585
9.507961970381585
9.507961970381585
9.507961970381585
9.507961970381585
9.507961970381585
9.507961970381585
9.507961970381585
9.507961970381585
9.507961970381585
9.507961970381585
9.507961970381585
9.507961970381585
9.507961970381585
9.507961970381585
9.507961970381585
9.507961970381585
9.507961970381585
9.507961970381585
9.507961970381585
9.507961970381585
9.507961970381585
9.507961970381585
9.507961970381585
9.507961970381585
9.507961970381585
9.507961970381585
9.507961970381585
9.507961970381585
9.507961970381585
9.507961970381585
9.507961970381585
9.507961970381585
9.507961970381585
9.507961970381585
9.507961970381585
9.507961970381585
9.507961970381585
9.507961970381585
9.507961970381585
9.507961970381585
9.507961970381585
9.507961970381585
9.507961970381585
9.507961970381585
9.507961970381585
9.507961970381585
9.507961970381585
9.507961970381585
9.507961970381585
9.507961970381585
9.507961970381585
9.507961970381585
9.507961970381585
9.507961970381585
9.507961970381585
9.507961970381585
9.507961970381585
9.507961970381585
9.507961970381585
9.507961970381585
9.507961970381585
9.507961970381585
9.507961970381585
9.507961970381585
9.507961970381585
9.507961970381585
9.507961970381585
9.507961970381585
9.507961970381585
9.507961970381585
9.507961970381585
9.507961970381585
9.507961970381585
9.507961970381585
9.507961970381585
9.507961970381585
9.507961970381585
9.507961970381585
9.507961970381585
9.507961970381585
9.507961970381585
9.507961970381585
9.507961970381585
9.507961970381585
9.507961970381585
9.507961970381585
9.507961970381585
9.507961970381585
9.507961970381585
9.507961970381585
9.507961970381585
9.507961970381585
9.507961970381585
9.507961970381585
9.507961970381585
9.507961970381585
9.507961970381585
9.507961970381585
9.507961970381585
9.507961970381585
9.507961970381585
9.507961970381585
9.507961970381585
9.507961970381585
9.507961970381585
9.507961970381585
9.507961970381585
9.507961970381585
9.507961970381585
9.507961970381585
9.507961970381585
9.507961970381585
9.507961970381585
9.507961970381585
9.507961970381585
9.507961970381585
9.507961970381585
9.507961970381585
9.507961970381585
9.507961970381585
9.507961970381585
9.507961970381585
9.507961970381585
9.507961970381585
9.507961970381585
9.507961970381585
9.507961970381585
9.507961970381585
9.507961970381585
9.507961970381585
9.507961970381585
9.507961970381585
9.507961970381585
9.507961970381585
9.507961970381585
9.507961970381585
9.507961970381585
9.507961970381585
9.507961970381585
9.507961970381585
9.507961970381585
9.507961970381585
9.507961970381585
9.507961970381585
9.507961970381585
9.507961970381585
9.507961970381585
9.507961970381585
9.507961970381585
9.507961970381585
9.507961970381585
9.507961970381585
9.507961970381585
9.507961970381585
9.507961970381585
9.507961970381585
9.507961970381585
9.507961970381585
9.507961970381585
9.507961970381585
9.507961970381585
9.507961970381585
9.507961970381585
9.507961970381585
9.507961970381585
9.507961970381585
9.569225592601136
9.569225592601136
9.569225592601136
9.569225592601136
9.569225592601136
9.569225592601136
9.569225592601136
9.569225592601136
9.569225592601136
9.569225592601136
9.569225592601136
9.569225592601136
9.569225592601136
9.569225592601136
9.569225592601136
9.569225592601136
9.569225592601136
9.569225592601136
9.569225592601136
9.569225592601136
9.569225592601136
9.569225592601136
9.569225592601136
9.569225592601136
9.569225592601136
9.569225592601136
9.569225592601136
9.569225592601136
9.569225592601136
9.569225592601136
9.569225592601136
9.569225592601136
9.569225592601136
9.569225592601136
9.569225592601136
9.569225592601136
9.569225592601136
9.569225592601136
9.569225592601136
9.569225592601136
9.569225592601136
9.569225592601136
9.569225592601136
9.569225592601136
9.569225592601136
9.569225592601136
9.569225592601136
9.569225592601136
9.569225592601136
9.569225592601136
9.569225592601136
9.569225592601136
9.569225592601136
9.569225592601136
9.569225592601136
9.569225592601136
9.569225592601136
9.569225592601136
9.569225592601136
9.569225592601136
9.569225592601136
9.569225592601136
9.569225592601136
9.569225592601136
9.569225592601136
9.569225592601136
9.569225592601136
9.569225592601136
9.569225592601136
9.569225592601136
9.569225592601136
9.569225592601136
9.569225592601136
9.569225592601136
9.569225592601136
9.569225592601136
9.569225592601136
9.569225592601136
9.569225592601136
9.569225592601136
9.569225592601136
9.569225592601136
9.569225592601136
9.569225592601136
9.569225592601136
9.569225592601136
9.569225592601136
9.569225592601136
9.569225592601136
9.569225592601136
9.569225592601136
9.569225592601136
9.569225592601136
9.569225592601136
9.569225592601136
9.569225592601136
9.569225592601136
9.569225592601136
9.569225592601136
9.569225592601136
9.569225592601136
9.569225592601136
9.569225592601136
9.569225592601136
9.569225592601136
9.569225592601136
9.569225592601136
9.569225592601136
9.569225592601136
9.569225592601136
9.569225592601136
9.569225592601136
9.569225592601136
9.569225592601136
9.569225592601136
9.569225592601136
9.569225592601136
9.569225592601136
9.569225592601136
9.569225592601136
9.569225592601136
9.569225592601136
9.569225592601136
9.569225592601136
9.569225592601136
9.569225592601136
9.569225592601136
9.569225592601136
9.569225592601136
9.569225592601136
9.569225592601136
9.569225592601136
9.569225592601136
9.569225592601136
9.569225592601136
9.569225592601136
9.569225592601136
9.569225592601136
9.569225592601136
9.569225592601136
9.569225592601136
9.569225592601136
9.569225592601136
9.569225592601136
9.569225592601136
9.569225592601136
9.569225592601136
9.569225592601136
9.569225592601136
9.569225592601136
9.569225592601136
9.569225592601136
9.569225592601136
9.569225592601136
9.569225592601136
9.569225592601136
9.569225592601136
9.569225592601136
9.569225592601136
9.569225592601136
9.569225592601136
9.569225592601136
9.569225592601136
9.569225592601136
9.569225592601136
9.569225592601136
9.569225592601136
9.569225592601136
9.569225592601136
9.569225592601136
9.569225592601136
9.569225592601136
9.569225592601136
9.569225592601136
9.635911716520424
9.635911716520424
9.635911716520424
9.635911716520424
9.635911716520424
9.635911716520424
9.635911716520424
9.635911716520424
9.635911716520424
9.635911716520424
9.635911716520424
9.635911716520424
9.635911716520424
9.635911716520424
9.635911716520424
9.635911716520424
9.635911716520424
9.635911716520424
9.635911716520424
9.635911716520424
9.635911716520424
9.635911716520424
9.635911716520424
9.635911716520424
9.635911716520424
9.635911716520424
9.635911716520424
9.635911716520424
9.635911716520424
9.635911716520424
9.635911716520424
9.635911716520424
9.635911716520424
9.635911716520424
9.635911716520424
9.635911716520424
9.635911716520424
9.635911716520424
9.635911716520424
9.635911716520424
9.635911716520424
9.635911716520424
9.635911716520424
9.635911716520424
9.635911716520424
9.635911716520424
9.635911716520424
9.635911716520424
9.635911716520424
9.635911716520424
9.635911716520424
9.635911716520424
9.635911716520424
9.635911716520424
9.635911716520424
9.635911716520424
9.635911716520424
9.635911716520424
9.635911716520424
9.635911716520424
9.635911716520424
9.635911716520424
9.635911716520424
9.635911716520424
9.635911716520424
9.635911716520424
9.635911716520424
9.635911716520424
9.635911716520424
9.635911716520424
9.635911716520424
9.635911716520424
9.635911716520424
9.635911716520424
9.635911716520424
9.635911716520424
9.635911716520424
9.635911716520424
9.635911716520424
9.635911716520424
9.635911716520424
9.635911716520424
9.635911716520424
9.635911716520424
9.635911716520424
9.635911716520424
9.635911716520424
9.635911716520424
9.635911716520424
9.635911716520424
9.635911716520424
9.635911716520424
9.635911716520424
9.635911716520424
9.635911716520424
9.635911716520424
9.635911716520424
9.635911716520424
9.635911716520424
9.635911716520424
9.635911716520424
9.635911716520424
9.635911716520424
9.635911716520424
9.635911716520424
9.635911716520424
9.635911716520424
9.635911716520424
9.635911716520424
9.635911716520424
9.635911716520424
9.635911716520424
9.635911716520424
9.635911716520424
9.635911716520424
9.635911716520424
9.635911716520424
9.635911716520424
9.635911716520424
9.635911716520424
9.635911716520424
9.635911716520424
9.635911716520424
9.635911716520424
9.635911716520424
9.635911716520424
9.635911716520424
9.635911716520424
9.635911716520424
9.635911716520424
9.635911716520424
9.635911716520424
9.635911716520424
9.635911716520424
9.635911716520424
9.635911716520424
9.635911716520424
9.635911716520424
9.635911716520424
9.635911716520424
9.635911716520424
9.635911716520424
9.635911716520424
9.635911716520424
9.635911716520424
9.635911716520424
9.635911716520424
9.635911716520424
9.635911716520424
9.635911716520424
9.635911716520424
9.635911716520424
9.635911716520424
9.635911716520424
9.635911716520424
9.635911716520424
9.635911716520424
9.635911716520424
9.635911716520424
9.635911716520424
9.635911716520424
9.635911716520424
9.635911716520424
9.635911716520424
9.635911716520424
9.635911716520424
9.635911716520424
9.635911716520424
9.635911716520424
9.635911716520424
9.635911716520424
9.635911716520424
9.635911716520424
9.635911716520424
9.635911716520424
9.635911716520424
9.635911716520424
9.635911716520424
9.635911716520424
9.635911716520424
9.635911716520424
9.635911716520424
9.635911716520424
9.635911716520424
9.635911716520424
9.635911716520424
9.635911716520424
9.635911716520424
9.635911716520424
9.635911716520424
9.635911716520424
9.635911716520424
9.635911716520424
9.635911716520424
9.635911716520424
9.635911716520424
9.635911716520424
9.635911716520424
9.635911716520424
9.635911716520424
9.635911716520424
9.635911716520424
9.635911716520424
9.635911716520424
9.635911716520424
9.635911716520424
9.635911716520424
9.635911716520424
9.635911716520424
9.635911716520424
9.635911716520424
9.635911716520424
9.635911716520424
9.635911716520424
9.635911716520424
9.635911716520424
9.635911716520424
9.635911716520424
9.635911716520424
9.635911716520424
9.635911716520424
9.635911716520424
9.635911716520424
9.635911716520424
9.635911716520424
9.635911716520424
9.635911716520424
9.635911716520424
9.635911716520424
9.635911716520424
9.635911716520424
9.635911716520424
9.635911716520424
9.635911716520424
9.635911716520424
9.635911716520424
9.635911716520424
9.635911716520424
9.635911716520424
9.635911716520424
9.635911716520424
9.635911716520424
9.635911716520424
9.635911716520424
9.635911716520424
9.635911716520424
9.635911716520424
9.635911716520424
9.635911716520424
9.635911716520424
9.635911716520424
9.635911716520424
9.635911716520424
9.635911716520424
9.635911716520424
9.635911716520424
9.635911716520424
9.635911716520424
9.635911716520424
9.635911716520424
9.635911716520424
9.635911716520424
9.635911716520424
9.635911716520424
9.635911716520424
9.635911716520424
9.635911716520424
9.635911716520424
9.635911716520424
9.635911716520424
9.635911716520424
9.635911716520424
9.635911716520424
9.635911716520424
9.635911716520424
9.635911716520424
9.635911716520424
9.635911716520424
9.635911716520424
9.635911716520424
9.635911716520424
9.635911716520424
9.635911716520424
9.635911716520424
9.635911716520424
9.635911716520424
9.635911716520424
9.635911716520424
9.635911716520424
9.635911716520424
9.635911716520424
9.635911716520424
9.635911716520424
9.635911716520424
9.635911716520424
9.635911716520424
9.635911716520424
9.635911716520424
9.635911716520424
9.635911716520424
9.635911716520424
9.635911716520424
9.635911716520424
9.635911716520424
9.635911716520424
9.635911716520424
9.635911716520424
9.635911716520424
9.635911716520424
9.635911716520424
9.635911716520424
9.635911716520424
9.635911716520424
9.635911716520424
9.635911716520424
9.635911716520424
9.635911716520424
9.635911716520424
9.635911716520424
9.635911716520424
9.635911716520424
9.635911716520424
9.635911716520424
9.635911716520424
9.635911716520424
9.635911716520424
9.635911716520424
9.635911716520424
9.635911716520424
9.635911716520424
9.635911716520424
9.635911716520424
9.635911716520424
9.635911716520424
9.635911716520424
9.635911716520424
9.635911716520424
9.635911716520424
9.635911716520424
9.635911716520424
9.635911716520424
9.635911716520424
9.635911716520424
9.635911716520424
9.635911716520424
9.635911716520424
9.635911716520424
9.635911716520424
9.635911716520424
9.635911716520424
9.635911716520424
9.635911716520424
9.635911716520424
9.635911716520424
9.635911716520424
9.635911716520424
9.635911716520424
9.635911716520424
9.635911716520424
9.635911716520424
9.635911716520424
9.635911716520424
9.635911716520424
9.635911716520424
9.635911716520424
9.635911716520424
9.635911716520424
9.635911716520424
9.635911716520424
9.635911716520424
9.635911716520424
9.635911716520424
9.635911716520424
9.635911716520424
9.635911716520424
9.635911716520424
9.635911716520424
9.635911716520424
9.635911716520424
9.635911716520424
9.635911716520424
9.635911716520424
9.635911716520424
9.635911716520424
9.635911716520424
9.635911716520424
9.635911716520424
9.635911716520424
9.635911716520424
9.635911716520424
9.635911716520424
9.635911716520424
9.635911716520424
9.635911716520424
9.635911716520424
9.635911716520424
9.635911716520424
9.635911716520424
9.635911716520424
9.635911716520424
9.635911716520424
9.635911716520424
9.635911716520424
9.635911716520424
9.635911716520424
9.635911716520424
9.635911716520424
9.635911716520424
9.635911716520424
9.635911716520424
9.635911716520424
9.635911716520424
9.635911716520424
9.635911716520424
9.635911716520424
9.635911716520424
9.635911716520424
9.635911716520424
9.635911716520424
9.635911716520424
9.635911716520424
9.635911716520424
9.635911716520424
9.635911716520424
9.635911716520424
9.635911716520424
9.635911716520424
9.635911716520424
9.635911716520424
9.635911716520424
9.635911716520424
9.635911716520424
9.635911716520424
9.635911716520424
9.635911716520424
9.635911716520424
9.635911716520424
9.635911716520424
9.635911716520424
9.635911716520424
9.635911716520424
9.635911716520424
9.635911716520424
9.635911716520424
9.635911716520424
9.635911716520424
9.635911716520424
9.635911716520424
9.635911716520424
9.635911716520424
9.635911716520424
9.635911716520424
9.635911716520424
9.635911716520424
9.635911716520424
9.635911716520424
9.635911716520424
9.635911716520424
9.635911716520424
9.635911716520424
9.635911716520424
9.635911716520424
9.635911716520424
9.635911716520424
9.635911716520424
9.635911716520424
9.635911716520424
9.635911716520424
9.635911716520424
9.635911716520424
9.635911716520424
9.635911716520424
9.635911716520424
9.635911716520424
9.635911716520424
9.635911716520424
9.635911716520424
9.635911716520424
9.635911716520424
9.635911716520424
9.635911716520424
9.635911716520424
9.635911716520424
9.635911716520424
9.635911716520424
9.635911716520424
9.635911716520424
9.635911716520424
9.635911716520424
9.635911716520424
9.635911716520424
9.635911716520424
9.635911716520424
9.635911716520424
9.635911716520424
9.635911716520424
9.635911716520424
9.635911716520424
9.635911716520424
9.635911716520424
9.635911716520424
9.635911716520424
9.635911716520424
9.635911716520424
9.635911716520424
9.635911716520424
9.635911716520424
9.635911716520424
9.635911716520424
9.635911716520424
9.635911716520424
9.635911716520424
9.635911716520424
9.635911716520424
9.635911716520424
9.635911716520424
9.635911716520424
9.635911716520424
9.635911716520424
9.635911716520424
9.635911716520424
9.635911716520424
9.635911716520424
9.635911716520424
9.635911716520424
9.635911716520424
9.635911716520424
9.635911716520424
9.635911716520424
9.635911716520424
9.635911716520424
9.635911716520424
9.635911716520424
9.635911716520424
9.635911716520424
9.635911716520424
9.635911716520424
9.635911716520424
9.635911716520424
9.635911716520424
9.635911716520424
9.635911716520424
9.635911716520424
9.635911716520424
9.635911716520424
9.635911716520424
9.635911716520424
9.635911716520424
9.635911716520424
9.635911716520424
9.635911716520424
9.635911716520424
9.635911716520424
9.635911716520424
9.635911716520424
9.635911716520424
9.635911716520424
9.635911716520424
9.635911716520424
9.635911716520424
9.635911716520424
9.635911716520424
9.635911716520424
9.635911716520424
9.635911716520424
9.635911716520424
9.635911716520424
9.635911716520424
9.635911716520424
9.635911716520424
9.635911716520424
9.635911716520424
9.635911716520424
9.635911716520424
9.635911716520424
9.635911716520424
9.635911716520424
9.635911716520424
9.635911716520424
9.635911716520424
9.635911716520424
9.635911716520424
9.635911716520424
9.635911716520424
9.635911716520424
9.635911716520424
9.635911716520424
9.635911716520424
9.635911716520424
9.635911716520424
9.635911716520424
9.635911716520424
9.635911716520424
9.635911716520424
9.635911716520424
9.635911716520424
9.635911716520424
9.635911716520424
9.635911716520424
9.635911716520424
9.635911716520424
9.635911716520424
9.635911716520424
9.635911716520424
9.635911716520424
9.635911716520424
9.635911716520424
9.635911716520424
9.635911716520424
9.635911716520424
9.635911716520424
9.635911716520424
9.635911716520424
9.635911716520424
9.635911716520424
9.635911716520424
9.635911716520424
9.635911716520424
9.635911716520424
9.635911716520424
9.635911716520424
9.635911716520424
9.635911716520424
9.635911716520424
9.635911716520424
9.635911716520424
9.635911716520424
9.635911716520424
9.635911716520424
9.635911716520424
9.635911716520424
9.635911716520424
9.635911716520424
9.635911716520424
9.635911716520424
9.635911716520424
9.635911716520424
9.635911716520424
9.635911716520424
9.635911716520424
9.635911716520424
9.635911716520424
9.635911716520424
9.635911716520424
9.635911716520424
9.635911716520424
9.635911716520424
9.635911716520424
9.635911716520424
9.635911716520424
9.635911716520424
9.635911716520424
9.635911716520424
9.635911716520424
9.635911716520424
9.635911716520424
9.635911716520424
9.635911716520424
9.635911716520424
9.635911716520424
9.635911716520424
9.635911716520424
9.635911716520424
9.635911716520424
9.635911716520424
9.635911716520424
9.635911716520424
9.635911716520424
9.635911716520424
9.635911716520424
9.635911716520424
9.635911716520424
9.635911716520424
9.635911716520424
9.635911716520424
9.635911716520424
9.635911716520424
9.635911716520424
9.635911716520424
9.635911716520424
9.635911716520424
9.635911716520424
9.635911716520424
9.635911716520424
9.635911716520424
9.635911716520424
9.635911716520424
9.635911716520424
9.635911716520424
9.635911716520424
9.635911716520424
9.635911716520424
9.635911716520424
9.635911716520424
9.635911716520424
9.635911716520424
9.635911716520424
9.635911716520424
9.635911716520424
9.635911716520424
9.635911716520424
9.635911716520424
9.635911716520424
9.635911716520424
9.635911716520424
9.635911716520424
9.635911716520424
9.635911716520424
9.635911716520424
9.635911716520424
9.635911716520424
9.635911716520424
9.635911716520424
9.635911716520424
9.635911716520424
9.635911716520424
9.635911716520424
9.635911716520424
9.635911716520424
9.635911716520424
9.635911716520424
9.635911716520424
9.635911716520424
9.635911716520424
9.635911716520424
9.635911716520424
9.635911716520424
9.635911716520424
9.635911716520424
9.635911716520424
9.635911716520424
9.635911716520424
9.635911716520424
9.635911716520424
9.635911716520424
9.635911716520424
9.635911716520424
9.635911716520424
9.635911716520424
9.635911716520424
9.635911716520424
9.635911716520424
9.635911716520424
9.635911716520424
9.635911716520424
9.635911716520424
9.635911716520424
9.635911716520424
9.635911716520424
9.635911716520424
9.635911716520424
9.635911716520424
9.635911716520424
9.635911716520424
9.635911716520424
9.635911716520424
9.635911716520424
9.635911716520424
9.635911716520424
9.635911716520424
9.635911716520424
9.635911716520424
9.635911716520424
9.635911716520424
9.635911716520424
9.635911716520424
9.635911716520424
9.635911716520424
9.635911716520424
9.635911716520424
9.635911716520424
9.635911716520424
9.635911716520424
9.635911716520424
9.635911716520424
9.635911716520424
9.635911716520424
9.635911716520424
9.635911716520424
9.635911716520424
9.635911716520424
9.635911716520424
9.635911716520424
9.635911716520424
9.635911716520424
9.635911716520424
9.635911716520424
9.635911716520424
9.635911716520424
9.635911716520424
9.635911716520424
9.635911716520424
9.635911716520424
9.635911716520424
9.635911716520424
9.635911716520424
9.635911716520424
9.635911716520424
9.635911716520424
9.635911716520424
9.635911716520424
9.635911716520424
9.635911716520424
9.635911716520424
9.635911716520424
9.635911716520424
9.635911716520424
9.635911716520424
9.635911716520424
9.635911716520424
9.635911716520424
9.635911716520424
9.635911716520424
9.635911716520424
9.635911716520424
9.635911716520424
9.635911716520424
9.635911716520424
9.635911716520424
9.635911716520424
9.635911716520424
9.635911716520424
9.635911716520424
9.635911716520424
9.635911716520424
9.635911716520424
9.635911716520424
9.635911716520424
9.635911716520424
9.635911716520424
9.635911716520424
9.635911716520424
9.635911716520424
9.635911716520424
9.635911716520424
9.635911716520424
9.635911716520424
9.635911716520424
9.635911716520424
9.635911716520424
9.635911716520424
9.635911716520424
9.635911716520424
9.635911716520424
9.635911716520424
9.635911716520424
9.635911716520424
9.635911716520424
9.635911716520424
9.635911716520424
9.635911716520424
9.635911716520424
9.635911716520424
9.635911716520424
9.635911716520424
9.635911716520424
9.635911716520424
9.635911716520424
9.635911716520424
9.635911716520424
9.635911716520424
9.635911716520424
9.635911716520424
9.635911716520424
9.635911716520424
9.635911716520424
9.635911716520424
9.635911716520424
9.635911716520424
9.635911716520424
9.635911716520424
9.635911716520424
9.635911716520424
9.635911716520424
9.635911716520424
9.635911716520424
9.635911716520424
9.635911716520424
9.635911716520424
9.635911716520424
9.635911716520424
9.635911716520424
9.635911716520424
9.635911716520424
9.635911716520424
9.635911716520424
9.635911716520424
9.635911716520424
9.635911716520424
9.635911716520424
9.635911716520424
9.635911716520424
9.635911716520424
9.635911716520424
9.635911716520424
9.635911716520424
9.635911716520424
9.635911716520424
9.635911716520424
9.635911716520424
9.635911716520424
9.635911716520424
9.635911716520424
9.635911716520424
9.635911716520424
9.635911716520424
9.635911716520424
9.635911716520424
9.635911716520424
9.635911716520424
9.635911716520424
9.635911716520424
9.635911716520424
9.635911716520424
9.635911716520424
9.635911716520424
9.635911716520424
9.635911716520424
9.635911716520424
9.635911716520424
9.635911716520424
9.635911716520424
9.635911716520424
9.635911716520424
9.635911716520424
9.635911716520424
9.635911716520424
9.635911716520424
9.635911716520424
9.635911716520424
9.635911716520424
9.635911716520424
9.635911716520424
9.635911716520424
9.635911716520424
9.635911716520424
9.635911716520424
9.635911716520424
9.635911716520424
9.635911716520424
9.635911716520424
9.635911716520424
9.635911716520424
9.635911716520424
9.635911716520424
9.635911716520424
9.635911716520424
9.635911716520424
9.635911716520424
9.635911716520424
9.635911716520424
9.635911716520424
9.635911716520424
9.635911716520424
9.635911716520424
9.635911716520424
9.635911716520424
9.635911716520424
9.635911716520424
9.635911716520424
9.635911716520424
9.635911716520424
9.635911716520424
9.635911716520424
9.635911716520424
9.635911716520424
9.635911716520424
9.635911716520424
9.635911716520424
9.635911716520424
9.635911716520424
9.635911716520424
9.635911716520424
9.635911716520424
9.635911716520424
9.635911716520424
9.635911716520424
9.635911716520424
9.635911716520424
9.635911716520424
9.635911716520424
9.635911716520424
9.635911716520424
9.635911716520424
9.635911716520424
9.635911716520424
9.635911716520424
9.635911716520424
9.635911716520424
9.635911716520424
9.635911716520424
9.635911716520424
9.635911716520424
9.635911716520424
9.635911716520424
9.635911716520424
9.635911716520424
9.635911716520424
9.635911716520424
9.635911716520424
9.635911716520424
9.635911716520424
9.635911716520424
9.635911716520424
9.635911716520424
9.635911716520424
9.635911716520424
9.635911716520424
9.635911716520424
9.635911716520424
9.635911716520424
9.635911716520424
9.635911716520424
9.635911716520424
9.635911716520424
9.635911716520424
9.635911716520424
9.635911716520424
9.635911716520424
9.635911716520424
9.635911716520424
9.635911716520424
9.635911716520424
9.635911716520424
9.635911716520424
9.635911716520424
9.635911716520424
9.635911716520424
9.635911716520424
9.635911716520424
9.719263023944253
9.719263023944253
9.719263023944253
9.719263023944253
9.719263023944253
9.719263023944253
9.719263023944253
9.719263023944253
9.719263023944253
9.719263023944253
9.719263023944253
9.719263023944253
9.719263023944253
9.719263023944253
9.719263023944253
9.719263023944253
9.719263023944253
9.719263023944253
9.719263023944253
9.719263023944253
9.719263023944253
9.719263023944253
9.719263023944253
9.719263023944253
9.719263023944253
9.719263023944253
9.719263023944253
9.719263023944253
9.719263023944253
9.719263023944253
9.719263023944253
9.719263023944253
9.719263023944253
9.719263023944253
9.719263023944253
9.719263023944253
9.719263023944253
9.719263023944253
9.719263023944253
9.719263023944253
9.719263023944253
9.719263023944253
9.719263023944253
9.719263023944253
9.719263023944253
9.719263023944253
9.719263023944253
9.719263023944253
9.719263023944253
9.719263023944253
9.719263023944253
9.719263023944253
9.719263023944253
9.719263023944253
9.719263023944253
9.719263023944253
9.719263023944253
9.719263023944253
9.719263023944253
9.719263023944253
9.719263023944253
9.719263023944253
9.719263023944253
9.719263023944253
9.719263023944253
9.719263023944253
9.719263023944253
9.719263023944253
9.719263023944253
9.719263023944253
9.719263023944253
9.719263023944253
9.719263023944253
9.719263023944253
9.719263023944253
9.719263023944253
9.719263023944253
9.719263023944253
9.719263023944253
9.719263023944253
9.719263023944253
9.719263023944253
9.719263023944253
9.719263023944253
9.719263023944253
9.719263023944253
9.719263023944253
9.719263023944253
9.719263023944253
9.719263023944253
9.719263023944253
9.719263023944253
9.719263023944253
9.719263023944253
9.719263023944253
9.719263023944253
9.719263023944253
9.719263023944253
9.719263023944253
9.719263023944253
9.719263023944253
9.719263023944253
9.719263023944253
9.719263023944253
9.719263023944253
9.719263023944253
9.719263023944253
9.719263023944253
9.719263023944253
9.719263023944253
9.719263023944253
9.719263023944253
9.719263023944253
Score: 9.719263023944253
Runtime: 657ms
