8.219057623457816E-9
8.219057623457816E-9
7.515061858586471E-8
2.3263929249589462E-7
5.042882553563722E-7
2.29972969553573E-6
3.309662768877505E-5
0.0011256679721381793
0.0011256679721381793
0.0011256679721381793
0.0011717032940987645
0.0011717032940987645
0.009996447705842734
0.01344956608747682
0.01344956608747682
0.025609666580385146
0.025609666580385146
0.056023646267515236
0.056023646267515236
0.056023646267515236
0.15097212194742668
0.15097212194742668
0.20553913362118376
0.2252185333482429
0.2864701794303395
0.32557464971944455
0.32557464971944455
0.32557464971944455
0.32557464971944455
0.9905347456169789
0.9905347456169789
0.9905347456169789
0.9905347456169789
0.9905347456169789
0.9905347456169789
0.9905347456169789
1.0995443643855027
1.0995443643855027
1.0995443643855027
1.0995443643855027
1.1203505835423515
1.2980588294093434
1.5997882735821558
1.5997882735821558
1.5997882735821558
2.2222113943030912
2.451016662812853
2.451016662812853
2.451016662812853
2.451016662812853
3.2443539593218866
3.2443539593218866
3.2443539593218866
3.2443539593218866
3.2443539593218866
3.589227454938735
3.589227454938735
3.589227454938735
3.589227454938735
3.589227454938735
3.589227454938735
4.044773057179997
5.1348900725592586
5.1348900725592586
5.1348900725592586
5.1348900725592586
5.1348900725592586
5.1348900725592586
5.1348900725592586
5.1348900725592586
5.1348900725592586
5.1348900725592586
5.1348900725592586
5.1348900725592586
5.1348900725592586
5.1348900725592586
5.1348900725592586
5.1348900725592586
5.1348900725592586
5.1348900725592586
5.1348900725592586
5.1857861447795734
5.1857861447795734
5.1857861447795734
5.1857861447795734
5.1857861447795734
5.1857861447795734
5.1857861447795734
5.1857861447795734
5.1857861447795734
5.1857861447795734
5.1857861447795734
5.1857861447795734
5.1857861447795734
5.1857861447795734
5.1857861447795734
5.1857861447795734
5.1857861447795734
5.1857861447795734
5.1857861447795734
5.1857861447795734
5.1857861447795734
5.1857861447795734
5.1857861447795734
5.1857861447795734
5.1857861447795734
5.1857861447795734
5.250503634360365
5.250503634360365
5.250503634360365
5.250503634360365
5.250503634360365
5.250503634360365
5.433325020951027
5.433325020951027
5.433325020951027
5.433325020951027
5.433325020951027
5.433325020951027
5.433325020951027
5.433325020951027
5.44552018564556
5.44552018564556
5.44552018564556
5.44552018564556
5.702232659114087
5.702232659114087
5.702232659114087
5.702232659114087
5.9977772257206805
5.9977772257206805
5.9977772257206805
5.9977772257206805
6.097858305354389
6.097858305354389
6.097858305354389
6.097858305354389
6.243685663264036
6.243685663264036
6.243685663264036
6.243685663264036
6.243685663264036
6.243685663264036
6.243685663264036
6.380479011247441
6.550407755955442
6.550407755955442
6.550407755955442
6.550407755955442
6.550407755955442
6.550407755955442
6.550407755955442
6.550407755955442
6.550407755955442
6.550407755955442
6.550407755955442
6.550407755955442
6.550407755955442
6.709580787775991
6.93488821625671
6.93488821625671
6.93488821625671
6.93488821625671
6.93488821625671
6.93488821625671
6.93488821625671
6.93488821625671
6.93488821625671
6.93488821625671
6.93488821625671
7.316371866751416
7.316371866751416
7.316371866751416
7.316371866751416
7.316371866751416
7.316371866751416
7.316371866751416
7.316371866751416
7.316371866751416
7.316371866751416
7.316371866751416
7.316371866751416
7.316371866751416
7.316371866751416
7.316371866751416
7.316371866751416
7.4235219720987144
7.4235219720987144
7.4235219720987144
7.4235219720987144
7.4235219720987144
7.4235219720987144
7.4235219720987144
7.4235219720987144
7.4235219720987144
7.4235219720987144
7.4235219720987144
7.4235219720987144
7.4235219720987144
7.4235219720987144
7.4235219720987144
7.4235219720987144
7.4235219720987144
7.4235219720987144
7.4235219720987144
7.4235219720987144
7.4235219720987144
7.4235219720987144
7.4235219720987144
7.4235219720987144
7.4235219720987144
7.4235219720987144
7.4235219720987144
7.4235219720987144
7.4235219720987144
7.4235219720987144
7.4235219720987144
7.4235219720987144
7.4235219720987144
7.4235219720987144
7.4235219720987144
7.4235219720987144
7.4235219720987144
7.4235219720987144
7.4235219720987144
7.4235219720987144
7.4235219720987144
7.4235219720987144
7.4235219720987144
7.4235219720987144
7.4235219720987144
7.4235219720987144
7.4235219720987144
7.4235219720987144
7.4235219720987144
7.4235219720987144
7.4235219720987144
7.4235219720987144
7.4235219720987144
7.4235219720987144
7.4235219720987144
7.437884863578628
7.437884863578628
7.437884863578628
7.437884863578628
7.437884863578628
7.437884863578628
7.437884863578628
7.437884863578628
7.437884863578628
7.437884863578628
7.437884863578628
7.437884863578628
7.437884863578628
7.437884863578628
7.437884863578628
7.443628297030823
7.443628297030823
7.443628297030823
7.443628297030823
7.443628297030823
7.443628297030823
7.443628297030823
7.443628297030823
7.443628297030823
7.443628297030823
7.443628297030823
7.443628297030823
7.443628297030823
7.443628297030823
7.443628297030823
7.443628297030823
7.443628297030823
7.443628297030823
7.443628297030823
7.443628297030823
7.443628297030823
7.492716637108695
7.492716637108695
7.492716637108695
7.492716637108695
7.492716637108695
7.492716637108695
7.492716637108695
7.492716637108695
7.492716637108695
7.492716637108695
7.492716637108695
7.492716637108695
7.492716637108695
7.492716637108695
7.492716637108695
7.492716637108695
7.492716637108695
7.492716637108695
7.492716637108695
7.492716637108695
7.492716637108695
7.492716637108695
7.492716637108695
7.492716637108695
7.492716637108695
7.492716637108695
7.492716637108695
7.492716637108695
7.492716637108695
7.492716637108695
7.492716637108695
7.492716637108695
7.492716637108695
7.492716637108695
7.492716637108695
7.492716637108695
7.492716637108695
7.492716637108695
7.492716637108695
7.492716637108695
7.492716637108695
7.492716637108695
7.492716637108695
7.492716637108695
7.492716637108695
7.492716637108695
7.492716637108695
7.492716637108695
7.492716637108695
7.492716637108695
7.492716637108695
7.492716637108695
7.492716637108695
7.492716637108695
7.492716637108695
7.492716637108695
7.492716637108695
7.512052777124328
7.512052777124328
7.512052777124328
7.512052777124328
7.512052777124328
7.512052777124328
7.512052777124328
7.512052777124328
7.512052777124328
7.512052777124328
7.512052777124328
7.512052777124328
7.512052777124328
7.512052777124328
7.512052777124328
7.512052777124328
7.512052777124328
7.512052777124328
7.512052777124328
7.512052777124328
7.512052777124328
7.512052777124328
7.512052777124328
7.512052777124328
7.512052777124328
7.512052777124328
7.512052777124328
7.512052777124328
7.512052777124328
7.512052777124328
7.512052777124328
7.512052777124328
7.512052777124328
7.512052777124328
7.512052777124328
7.512052777124328
7.512052777124328
7.512052777124328
7.512052777124328
7.512052777124328
7.512052777124328
7.512052777124328
7.512052777124328
7.512052777124328
7.512052777124328
7.512052777124328
7.512052777124328
7.512052777124328
7.512052777124328
7.512052777124328
7.512052777124328
7.512052777124328
7.512052777124328
7.512052777124328
7.512052777124328
7.512052777124328
7.512052777124328
7.512052777124328
7.512052777124328
7.512052777124328
7.512052777124328
7.512052777124328
7.512052777124328
7.512052777124328
7.512052777124328
7.512052777124328
7.512052777124328
7.512052777124328
7.512052777124328
7.512052777124328
7.512052777124328
7.512052777124328
7.512052777124328
7.512052777124328
7.512052777124328
7.512052777124328
7.512052777124328
7.512052777124328
7.512052777124328
7.512052777124328
7.512052777124328
7.512052777124328
7.512052777124328
7.512052777124328
7.512052777124328
7.512052777124328
7.512052777124328
7.512052777124328
7.512052777124328
7.512052777124328
7.512052777124328
7.512052777124328
7.512052777124328
7.512052777124328
7.512052777124328
7.512052777124328
7.512052777124328
7.512052777124328
7.512052777124328
7.512052777124328
7.512052777124328
7.512052777124328
7.512052777124328
7.512052777124328
7.512052777124328
7.512052777124328
7.512052777124328
7.512052777124328
7.512052777124328
7.512052777124328
7.512052777124328
7.512052777124328
7.512052777124328
7.512052777124328
7.512052777124328
7.512052777124328
7.512052777124328
7.512052777124328
7.512052777124328
7.512052777124328
7.512052777124328
7.512052777124328
7.512052777124328
7.512052777124328
7.512052777124328
7.512052777124328
7.512052777124328
7.512052777124328
7.512052777124328
7.512052777124328
7.512052777124328
7.512052777124328
7.512052777124328
7.512052777124328
7.512052777124328
7.512052777124328
7.512052777124328
7.512052777124328
7.512052777124328
7.512052777124328
7.512052777124328
7.512052777124328
7.512052777124328
7.512052777124328
7.512052777124328
7.512052777124328
7.512052777124328
7.512052777124328
7.512052777124328
7.512052777124328
7.512052777124328
7.512052777124328
7.512052777124328
7.512052777124328
7.512052777124328
7.512052777124328
7.512052777124328
7.512052777124328
7.512052777124328
7.512052777124328
7.512052777124328
7.512052777124328
7.512052777124328
7.512052777124328
7.512052777124328
7.512052777124328
7.512052777124328
7.512052777124328
7.512052777124328
7.512052777124328
7.512052777124328
7.512052777124328
7.512052777124328
7.512052777124328
7.512052777124328
7.512052777124328
7.512052777124328
7.512052777124328
7.512052777124328
7.512052777124328
7.512052777124328
7.512052777124328
7.512052777124328
7.512052777124328
7.512052777124328
7.512052777124328
7.512052777124328
7.512052777124328
7.512052777124328
7.512052777124328
7.512052777124328
7.512052777124328
7.512052777124328
7.512052777124328
7.512052777124328
7.512052777124328
7.512052777124328
7.512052777124328
7.512052777124328
7.512052777124328
7.512052777124328
7.512052777124328
7.512052777124328
7.512052777124328
7.512052777124328
7.512052777124328
7.512052777124328
7.512052777124328
7.512052777124328
7.512052777124328
7.512052777124328
7.512052777124328
7.512052777124328
7.512052777124328
7.512052777124328
7.512052777124328
7.512052777124328
7.512052777124328
7.512052777124328
7.512052777124328
7.512052777124328
7.512052777124328
7.512052777124328
7.512052777124328
7.512052777124328
7.512052777124328
7.512052777124328
7.512052777124328
7.512052777124328
7.512052777124328
7.512052777124328
7.512052777124328
7.512052777124328
7.512052777124328
7.512052777124328
7.512052777124328
7.512052777124328
7.512052777124328
7.512052777124328
7.512052777124328
7.512052777124328
7.512052777124328
7.512052777124328
7.512052777124328
7.512052777124328
7.512052777124328
7.512052777124328
7.512052777124328
7.512052777124328
7.512052777124328
7.512052777124328
7.512052777124328
7.512052777124328
7.512052777124328
7.512052777124328
7.512052777124328
7.512052777124328
7.512052777124328
7.512052777124328
7.512052777124328
7.512052777124328
7.512052777124328
7.512052777124328
7.512052777124328
7.512052777124328
7.512052777124328
7.512052777124328
7.512052777124328
7.512052777124328
7.512052777124328
7.512052777124328
7.512052777124328
7.512052777124328
7.512052777124328
7.512052777124328
7.512052777124328
7.512052777124328
7.512052777124328
7.512052777124328
7.512052777124328
7.512052777124328
7.512052777124328
7.512052777124328
7.512052777124328
7.512052777124328
7.512052777124328
7.512052777124328
7.512052777124328
7.512052777124328
7.512052777124328
7.512052777124328
7.512052777124328
7.512052777124328
7.512052777124328
7.512052777124328
7.512052777124328
7.512052777124328
7.512052777124328
7.512052777124328
7.512052777124328
7.512052777124328
7.512052777124328
7.512052777124328
7.512052777124328
7.512052777124328
7.512052777124328
7.512052777124328
7.512052777124328
7.512052777124328
7.512052777124328
7.512052777124328
7.512052777124328
7.512052777124328
7.512052777124328
7.512052777124328
7.512052777124328
7.512052777124328
7.512052777124328
7.512052777124328
7.512052777124328
7.512052777124328
7.512052777124328
7.512052777124328
7.512052777124328
7.512052777124328
7.512052777124328
7.512052777124328
7.512052777124328
7.512052777124328
7.512052777124328
7.512052777124328
7.512052777124328
7.512052777124328
7.512052777124328
7.512052777124328
7.512052777124328
7.512052777124328
7.512052777124328
7.512052777124328
7.512052777124328
7.512052777124328
7.512052777124328
7.512052777124328
7.512052777124328
7.512052777124328
7.512052777124328
7.512052777124328
7.512052777124328
7.512052777124328
7.512052777124328
7.512052777124328
7.512052777124328
7.512052777124328
7.512052777124328
7.512052777124328
7.512052777124328
7.512052777124328
7.512052777124328
7.512052777124328
7.512052777124328
7.512052777124328
7.512052777124328
7.512052777124328
7.512052777124328
7.512052777124328
7.512052777124328
7.512052777124328
7.512052777124328
7.512052777124328
7.512052777124328
7.512052777124328
7.512052777124328
7.512052777124328
7.512052777124328
7.512052777124328
7.512052777124328
7.512052777124328
7.512052777124328
7.512052777124328
7.512052777124328
7.512052777124328
7.512052777124328
7.512052777124328
7.512052777124328
7.512052777124328
7.512052777124328
7.512052777124328
7.512052777124328
7.512052777124328
7.512052777124328
7.512052777124328
7.512052777124328
7.512052777124328
7.512052777124328
7.512052777124328
7.512052777124328
7.512052777124328
7.512052777124328
7.512052777124328
7.512052777124328
7.512052777124328
7.512052777124328
7.512052777124328
7.512052777124328
7.512052777124328
7.512052777124328
7.512052777124328
7.512052777124328
7.512052777124328
7.512052777124328
7.512052777124328
7.512052777124328
7.512052777124328
7.512052777124328
7.512052777124328
7.512052777124328
7.512052777124328
7.512052777124328
7.512052777124328
7.512052777124328
7.512052777124328
7.512052777124328
7.512052777124328
7.512052777124328
7.512052777124328
7.512052777124328
7.512052777124328
7.512052777124328
7.512052777124328
7.512052777124328
7.512052777124328
7.512052777124328
7.512052777124328
7.512052777124328
7.512052777124328
7.512052777124328
7.512052777124328
7.512052777124328
7.512052777124328
7.512052777124328
7.512052777124328
7.512052777124328
7.512052777124328
7.512052777124328
7.512052777124328
7.512052777124328
7.512052777124328
7.512052777124328
7.512052777124328
7.512052777124328
7.512052777124328
7.512052777124328
7.512052777124328
7.512052777124328
7.512052777124328
7.512052777124328
7.512052777124328
7.512052777124328
7.512052777124328
7.512052777124328
7.512052777124328
7.512052777124328
7.512052777124328
7.512052777124328
7.512052777124328
7.512052777124328
7.512052777124328
7.512052777124328
7.512052777124328
7.512052777124328
7.512052777124328
7.512052777124328
7.512052777124328
7.512052777124328
7.512052777124328
7.512052777124328
7.512052777124328
7.512052777124328
7.512052777124328
7.512052777124328
7.512052777124328
7.512052777124328
7.512052777124328
7.512052777124328
7.512052777124328
7.512052777124328
7.512052777124328
7.512052777124328
7.512052777124328
7.512052777124328
7.512052777124328
7.512052777124328
7.512052777124328
7.512052777124328
7.512052777124328
7.512052777124328
7.512052777124328
7.512052777124328
7.512052777124328
7.512052777124328
7.512052777124328
7.512052777124328
7.512052777124328
7.512052777124328
7.512052777124328
7.512052777124328
7.512052777124328
7.512052777124328
7.512052777124328
7.512052777124328
7.512052777124328
7.512052777124328
7.512052777124328
7.512052777124328
7.512052777124328
7.512052777124328
7.512052777124328
7.512052777124328
7.512052777124328
7.512052777124328
7.512052777124328
7.512052777124328
7.512052777124328
7.512052777124328
7.512052777124328
7.512052777124328
7.512052777124328
7.512052777124328
7.512052777124328
7.512052777124328
7.512052777124328
7.512052777124328
7.512052777124328
7.512052777124328
7.512052777124328
7.512052777124328
7.512052777124328
7.512052777124328
7.512052777124328
7.512052777124328
7.512052777124328
7.512052777124328
7.512052777124328
7.512052777124328
7.512052777124328
7.512052777124328
7.512052777124328
7.512052777124328
7.512052777124328
7.512052777124328
7.512052777124328
7.512052777124328
7.512052777124328
7.512052777124328
7.512052777124328
7.512052777124328
7.512052777124328
7.512052777124328
7.512052777124328
7.512052777124328
7.512052777124328
7.512052777124328
7.512052777124328
7.512052777124328
7.512052777124328
7.512052777124328
7.512052777124328
7.512052777124328
7.512052777124328
7.512052777124328
7.512052777124328
7.512052777124328
7.512052777124328
7.512052777124328
7.512052777124328
7.512052777124328
7.512052777124328
7.512052777124328
7.512052777124328
7.512052777124328
7.512052777124328
7.512052777124328
7.512052777124328
7.512052777124328
7.512052777124328
7.512052777124328
7.512052777124328
7.512052777124328
7.512052777124328
7.512052777124328
7.512052777124328
7.512052777124328
7.512052777124328
7.512052777124328
7.512052777124328
7.512052777124328
7.512052777124328
7.512052777124328
7.512052777124328
7.512052777124328
7.512052777124328
7.512052777124328
7.512052777124328
7.512052777124328
7.512052777124328
7.512052777124328
7.512052777124328
7.512052777124328
7.512052777124328
7.512052777124328
7.512052777124328
7.512052777124328
7.512052777124328
7.512052777124328
7.512052777124328
7.512052777124328
7.512052777124328
7.512052777124328
7.512052777124328
7.512052777124328
7.512052777124328
7.512052777124328
7.512052777124328
7.512052777124328
7.512052777124328
7.512052777124328
7.512052777124328
7.512052777124328
7.512052777124328
7.512052777124328
7.512052777124328
7.512052777124328
7.512052777124328
7.512052777124328
7.512052777124328
7.512052777124328
7.512052777124328
7.512052777124328
7.512052777124328
7.512052777124328
7.512052777124328
7.512052777124328
7.512052777124328
7.512052777124328
7.512052777124328
7.512052777124328
7.512052777124328
7.512052777124328
7.512052777124328
7.512052777124328
7.512052777124328
7.512052777124328
7.512052777124328
7.512052777124328
7.512052777124328
7.512052777124328
7.512052777124328
7.512052777124328
7.512052777124328
7.512052777124328
7.512052777124328
7.512052777124328
7.512052777124328
7.512052777124328
7.512052777124328
7.512052777124328
7.512052777124328
7.512052777124328
7.512052777124328
7.512052777124328
7.512052777124328
7.512052777124328
7.512052777124328
7.512052777124328
7.512052777124328
7.512052777124328
7.512052777124328
7.512052777124328
7.512052777124328
7.512052777124328
7.512052777124328
7.512052777124328
7.512052777124328
7.512052777124328
7.512052777124328
7.512052777124328
7.512052777124328
7.512052777124328
7.512052777124328
7.512052777124328
7.512052777124328
7.512052777124328
7.512052777124328
7.512052777124328
7.512052777124328
7.512052777124328
7.512052777124328
7.512052777124328
7.512052777124328
7.512052777124328
7.512052777124328
7.512052777124328
7.512052777124328
7.512052777124328
7.512052777124328
7.512052777124328
7.512052777124328
7.512052777124328
7.512052777124328
7.512052777124328
7.512052777124328
7.512052777124328
7.512052777124328
7.512052777124328
7.512052777124328
7.512052777124328
7.512052777124328
7.512052777124328
7.512052777124328
7.512052777124328
7.512052777124328
7.512052777124328
7.512052777124328
7.512052777124328
7.512052777124328
7.512052777124328
7.512052777124328
7.512052777124328
7.512052777124328
7.512052777124328
7.512052777124328
7.512052777124328
7.512052777124328
7.512052777124328
7.512052777124328
7.512052777124328
7.512052777124328
7.512052777124328
7.512052777124328
7.512052777124328
7.512052777124328
7.512052777124328
7.512052777124328
7.512052777124328
7.512052777124328
7.512052777124328
7.512052777124328
7.512052777124328
7.512052777124328
7.512052777124328
7.512052777124328
7.512052777124328
7.512052777124328
7.512052777124328
7.512052777124328
7.512052777124328
7.512052777124328
7.512052777124328
7.512052777124328
7.512052777124328
7.512052777124328
7.512052777124328
7.512052777124328
7.512052777124328
7.512052777124328
7.512052777124328
7.512052777124328
7.512052777124328
7.512052777124328
7.512052777124328
7.512052777124328
7.512052777124328
7.512052777124328
7.512052777124328
7.512052777124328
7.512052777124328
7.512052777124328
7.512052777124328
7.512052777124328
7.512052777124328
7.512052777124328
7.512052777124328
7.512052777124328
7.512052777124328
7.512052777124328
7.512052777124328
7.512052777124328
7.512052777124328
7.512052777124328
7.512052777124328
7.512052777124328
7.512052777124328
7.533558065663
7.628196236157008
7.628196236157008
7.628196236157008
7.628196236157008
7.628196236157008
7.628196236157008
7.628196236157008
7.628196236157008
7.628196236157008
7.628196236157008
7.628196236157008
7.628196236157008
7.628196236157008
7.628196236157008
7.628196236157008
7.628196236157008
7.628196236157008
7.628196236157008
7.628196236157008
7.628196236157008
7.628196236157008
7.628196236157008
7.628196236157008
7.628196236157008
7.628196236157008
7.628196236157008
7.628196236157008
7.628196236157008
7.628196236157008
7.628196236157008
7.628196236157008
7.628196236157008
7.628196236157008
7.628196236157008
7.628196236157008
7.628196236157008
7.628196236157008
7.628196236157008
7.628196236157008
7.628196236157008
7.628196236157008
7.628196236157008
7.628196236157008
7.628196236157008
7.628196236157008
7.628196236157008
7.628196236157008
7.628196236157008
7.628196236157008
7.628196236157008
7.628196236157008
7.628196236157008
7.628196236157008
7.628196236157008
7.628196236157008
7.628196236157008
7.628196236157008
7.628196236157008
7.628196236157008
7.628196236157008
7.628196236157008
7.628196236157008
7.628196236157008
7.628196236157008
7.628196236157008
7.628196236157008
7.628196236157008
7.628196236157008
7.628196236157008
7.628196236157008
7.628196236157008
7.628196236157008
7.628196236157008
7.628196236157008
7.628196236157008
7.628196236157008
7.628196236157008
7.628196236157008
7.628196236157008
7.628196236157008
7.628196236157008
7.628196236157008
7.628196236157008
7.628196236157008
7.628196236157008
7.628196236157008
7.628196236157008
7.628196236157008
7.628196236157008
7.628196236157008
7.628196236157008
7.628196236157008
7.628196236157008
7.628196236157008
7.628196236157008
7.628196236157008
7.628196236157008
7.628196236157008
7.628196236157008
7.628196236157008
7.628196236157008
7.628196236157008
7.628196236157008
7.628196236157008
7.628196236157008
7.628196236157008
7.628196236157008
7.628196236157008
7.628196236157008
7.628196236157008
7.628196236157008
7.628196236157008
7.628196236157008
7.628196236157008
7.628196236157008
7.628196236157008
7.628196236157008
7.628196236157008
7.628196236157008
7.628196236157008
7.628196236157008
7.628196236157008
7.628196236157008
7.628196236157008
7.628196236157008
7.628196236157008
7.628196236157008
7.628196236157008
7.628196236157008
7.628196236157008
7.628196236157008
7.628196236157008
7.628196236157008
7.628196236157008
7.628196236157008
7.628196236157008
7.628196236157008
7.687325667543954
7.687325667543954
7.687325667543954
7.687325667543954
7.687325667543954
7.687325667543954
7.687325667543954
7.687325667543954
7.687325667543954
7.687325667543954
7.687325667543954
7.687325667543954
7.687325667543954
7.687325667543954
7.687325667543954
7.687325667543954
7.687325667543954
7.687325667543954
7.687325667543954
7.687325667543954
7.687325667543954
7.687325667543954
7.687325667543954
7.687325667543954
7.687325667543954
7.687325667543954
7.687325667543954
7.687325667543954
7.687325667543954
7.687325667543954
7.687325667543954
7.687325667543954
7.687325667543954
7.687325667543954
7.687325667543954
7.687325667543954
7.687325667543954
7.687325667543954
7.687325667543954
7.687325667543954
7.687325667543954
7.687325667543954
7.687325667543954
7.687325667543954
7.687325667543954
7.687325667543954
7.687325667543954
7.687325667543954
7.687325667543954
7.687325667543954
7.687325667543954
7.687325667543954
7.687325667543954
7.701137751296194
7.701137751296194
7.701137751296194
7.701137751296194
7.701137751296194
7.701137751296194
7.701137751296194
7.701137751296194
7.701137751296194
7.701137751296194
7.701137751296194
7.701137751296194
7.701137751296194
7.701137751296194
7.701137751296194
7.701137751296194
7.701137751296194
7.701137751296194
7.701137751296194
7.701137751296194
7.701137751296194
7.701137751296194
7.701137751296194
7.701137751296194
7.701137751296194
7.701137751296194
7.701137751296194
7.701137751296194
7.701137751296194
7.701137751296194
7.701137751296194
7.701137751296194
7.701137751296194
7.701137751296194
7.701137751296194
7.701137751296194
7.701137751296194
7.701137751296194
7.701137751296194
7.701137751296194
7.701137751296194
7.701137751296194
7.701137751296194
7.701137751296194
7.701137751296194
7.701137751296194
7.701137751296194
7.701137751296194
7.701137751296194
7.701137751296194
7.701137751296194
7.701137751296194
7.701137751296194
7.701137751296194
7.701137751296194
7.701137751296194
7.701137751296194
7.701137751296194
7.701137751296194
7.701137751296194
7.701137751296194
7.701137751296194
7.701137751296194
7.701137751296194
7.701137751296194
7.701137751296194
7.701137751296194
7.701137751296194
7.701137751296194
7.701137751296194
7.701137751296194
7.701137751296194
7.701137751296194
7.701137751296194
7.701137751296194
7.701137751296194
7.701137751296194
7.701137751296194
7.701137751296194
7.701137751296194
7.701137751296194
7.701137751296194
7.701137751296194
7.701137751296194
7.701137751296194
7.701137751296194
7.701137751296194
7.701137751296194
7.701137751296194
7.701137751296194
7.701137751296194
7.701137751296194
7.701137751296194
7.701137751296194
7.701137751296194
7.701137751296194
7.701137751296194
7.701137751296194
7.701137751296194
7.701137751296194
7.701137751296194
7.701137751296194
7.701137751296194
7.701137751296194
7.701137751296194
7.701137751296194
7.701137751296194
7.701137751296194
7.701137751296194
7.701137751296194
7.701137751296194
7.701137751296194
7.701137751296194
7.701137751296194
7.701137751296194
7.701137751296194
7.701137751296194
7.701137751296194
7.701137751296194
7.701137751296194
7.701137751296194
7.701137751296194
7.701137751296194
7.701137751296194
7.701137751296194
7.701137751296194
7.701137751296194
7.701137751296194
7.701137751296194
7.701137751296194
7.701137751296194
7.701137751296194
7.701137751296194
7.701137751296194
7.701137751296194
7.701137751296194
7.701137751296194
7.701137751296194
7.701137751296194
7.701137751296194
7.701137751296194
7.701137751296194
7.701137751296194
7.701137751296194
7.701137751296194
7.701137751296194
7.701137751296194
7.701137751296194
7.701137751296194
7.701137751296194
7.701137751296194
7.701137751296194
7.701137751296194
7.701137751296194
7.701137751296194
7.701137751296194
7.701137751296194
7.701137751296194
7.701137751296194
7.701137751296194
7.701137751296194
7.701137751296194
7.701137751296194
7.701137751296194
7.701137751296194
7.701137751296194
7.701137751296194
7.701137751296194
7.701137751296194
7.701137751296194
7.701137751296194
7.701137751296194
7.701137751296194
7.701137751296194
7.701137751296194
7.701137751296194
7.701137751296194
7.701137751296194
7.701137751296194
7.701137751296194
7.701137751296194
7.701137751296194
7.701137751296194
7.701137751296194
7.701137751296194
7.701137751296194
7.701137751296194
7.701137751296194
7.701137751296194
7.701137751296194
7.701137751296194
7.701137751296194
7.701137751296194
7.701137751296194
7.701137751296194
7.701137751296194
7.701137751296194
7.701137751296194
7.701137751296194
7.701137751296194
7.701137751296194
7.701137751296194
7.701137751296194
7.701137751296194
7.701137751296194
7.701137751296194
7.701137751296194
7.701137751296194
7.701137751296194
7.701137751296194
7.701137751296194
7.701137751296194
7.701137751296194
7.701137751296194
7.701137751296194
7.701137751296194
7.701137751296194
7.701137751296194
7.701137751296194
7.701137751296194
7.701137751296194
7.701137751296194
7.701137751296194
7.701137751296194
7.701137751296194
7.701137751296194
7.701137751296194
7.701137751296194
7.701137751296194
7.701137751296194
7.701137751296194
7.701137751296194
7.701137751296194
7.701137751296194
7.701137751296194
7.701137751296194
7.701137751296194
7.701137751296194
7.701137751296194
7.701137751296194
7.701137751296194
7.701137751296194
7.701137751296194
7.701137751296194
7.701137751296194
7.701137751296194
7.701137751296194
7.701137751296194
7.701137751296194
7.701137751296194
7.701137751296194
7.701137751296194
7.701137751296194
7.701137751296194
7.701137751296194
7.701137751296194
7.701137751296194
7.701137751296194
7.701137751296194
7.701137751296194
7.701137751296194
7.701137751296194
7.701137751296194
7.701137751296194
7.701137751296194
7.701137751296194
7.701137751296194
7.701137751296194
7.701137751296194
7.701137751296194
7.701137751296194
7.701137751296194
7.701137751296194
7.701137751296194
7.701137751296194
7.701137751296194
7.701137751296194
7.701137751296194
7.701137751296194
7.701137751296194
7.701137751296194
7.701137751296194
7.701137751296194
7.701137751296194
7.701137751296194
7.701137751296194
7.701137751296194
7.701137751296194
7.701137751296194
7.701137751296194
7.701137751296194
7.701137751296194
7.701137751296194
7.701137751296194
7.701137751296194
7.701137751296194
7.701137751296194
7.701137751296194
7.701137751296194
7.701137751296194
7.701137751296194
7.701137751296194
7.701137751296194
7.701137751296194
7.701137751296194
7.701137751296194
7.701137751296194
7.701137751296194
7.701137751296194
7.701137751296194
7.701137751296194
7.701137751296194
7.701137751296194
7.701137751296194
7.701137751296194
7.701137751296194
7.701137751296194
7.701137751296194
7.701137751296194
7.701137751296194
7.701137751296194
7.701137751296194
7.701137751296194
7.701137751296194
7.701137751296194
7.701137751296194
7.701137751296194
7.701137751296194
7.701137751296194
7.701137751296194
7.701137751296194
7.701137751296194
7.701137751296194
7.701137751296194
7.701137751296194
7.701137751296194
7.701137751296194
7.701137751296194
7.701137751296194
7.701137751296194
7.701137751296194
7.701137751296194
7.701137751296194
7.701137751296194
7.701137751296194
7.701137751296194
7.701137751296194
7.701137751296194
7.701137751296194
7.701137751296194
7.701137751296194
7.701137751296194
7.701137751296194
7.701137751296194
7.701137751296194
7.701137751296194
7.701137751296194
7.701137751296194
7.701137751296194
7.701137751296194
7.701137751296194
7.701137751296194
7.701137751296194
7.701137751296194
7.701137751296194
7.701137751296194
7.701137751296194
7.701137751296194
7.701137751296194
7.701137751296194
7.701137751296194
7.701137751296194
7.701137751296194
7.701137751296194
7.701137751296194
7.701137751296194
7.701137751296194
7.701137751296194
7.701137751296194
7.701137751296194
7.701137751296194
7.701137751296194
7.701137751296194
7.701137751296194
7.701137751296194
7.701137751296194
7.701137751296194
7.701137751296194
7.701137751296194
7.701137751296194
7.701137751296194
7.701137751296194
7.701137751296194
7.701137751296194
7.701137751296194
7.701137751296194
7.701137751296194
7.701137751296194
7.701137751296194
7.701137751296194
7.701137751296194
7.701137751296194
7.701137751296194
7.701137751296194
7.701137751296194
7.701137751296194
7.701137751296194
7.701137751296194
7.701137751296194
7.701137751296194
7.701137751296194
7.701137751296194
7.701137751296194
7.701137751296194
7.701137751296194
7.701137751296194
7.701137751296194
7.701137751296194
7.701137751296194
7.701137751296194
7.701137751296194
7.701137751296194
7.701137751296194
7.701137751296194
7.701137751296194
7.701137751296194
7.701137751296194
7.701137751296194
7.701137751296194
7.701137751296194
7.701137751296194
7.701137751296194
7.701137751296194
7.701137751296194
7.701137751296194
7.701137751296194
7.701137751296194
7.701137751296194
7.701137751296194
7.701137751296194
7.701137751296194
7.701137751296194
7.701137751296194
7.701137751296194
7.701137751296194
7.701137751296194
7.701137751296194
7.701137751296194
7.701137751296194
7.701137751296194
7.701137751296194
7.701137751296194
7.701137751296194
7.701137751296194
7.701137751296194
7.701137751296194
7.701137751296194
7.701137751296194
7.701137751296194
7.701137751296194
7.701137751296194
7.701137751296194
7.701137751296194
7.701137751296194
7.701137751296194
7.701137751296194
7.701137751296194
7.701137751296194
7.701137751296194
7.701137751296194
7.701137751296194
7.701137751296194
7.701137751296194
7.701137751296194
7.701137751296194
7.701137751296194
7.701137751296194
7.701137751296194
7.701137751296194
7.701137751296194
7.701137751296194
7.701137751296194
7.701137751296194
7.701137751296194
7.701137751296194
7.701137751296194
7.701137751296194
7.701137751296194
7.701137751296194
7.701137751296194
7.701137751296194
7.701137751296194
7.701137751296194
7.701137751296194
7.701137751296194
7.701137751296194
7.701137751296194
7.701137751296194
7.701137751296194
7.701137751296194
7.701137751296194
7.701137751296194
7.701137751296194
7.701137751296194
7.701137751296194
7.701137751296194
7.701137751296194
7.701137751296194
7.701137751296194
7.701137751296194
7.701137751296194
7.701137751296194
7.701137751296194
7.701137751296194
7.701137751296194
7.701137751296194
7.701137751296194
7.701137751296194
7.701137751296194
7.701137751296194
7.701137751296194
7.701137751296194
7.701137751296194
7.701137751296194
7.701137751296194
7.701137751296194
7.701137751296194
7.701137751296194
7.701137751296194
7.701137751296194
7.701137751296194
7.701137751296194
7.701137751296194
7.701137751296194
7.701137751296194
7.701137751296194
7.701137751296194
7.701137751296194
7.701137751296194
7.701137751296194
7.701137751296194
7.701137751296194
7.701137751296194
7.701137751296194
7.701137751296194
7.701137751296194
7.701137751296194
7.701137751296194
7.701137751296194
7.701137751296194
7.701137751296194
7.701137751296194
7.701137751296194
7.701137751296194
7.701137751296194
7.701137751296194
7.701137751296194
7.701137751296194
7.701137751296194
7.701137751296194
7.701137751296194
7.701137751296194
7.701137751296194
7.701137751296194
7.701137751296194
7.701137751296194
7.701137751296194
7.701137751296194
7.701137751296194
7.701137751296194
7.701137751296194
7.701137751296194
7.701137751296194
7.701137751296194
7.701137751296194
7.701137751296194
7.701137751296194
7.701137751296194
7.701137751296194
7.701137751296194
7.701137751296194
7.701137751296194
7.701137751296194
7.701137751296194
7.701137751296194
7.701137751296194
7.701137751296194
7.701137751296194
7.701137751296194
7.701137751296194
7.701137751296194
7.701137751296194
7.701137751296194
7.701137751296194
7.701137751296194
7.701137751296194
7.701137751296194
7.701137751296194
7.701137751296194
7.701137751296194
7.701137751296194
7.701137751296194
7.701137751296194
7.701137751296194
7.701137751296194
7.701137751296194
7.701137751296194
7.701137751296194
7.701137751296194
7.701137751296194
7.701137751296194
7.701137751296194
7.701137751296194
7.701137751296194
7.701137751296194
7.701137751296194
7.701137751296194
7.701137751296194
7.701137751296194
7.701137751296194
7.701137751296194
7.701137751296194
7.701137751296194
7.701137751296194
7.701137751296194
7.701137751296194
7.701137751296194
7.701137751296194
7.701137751296194
7.701137751296194
7.701137751296194
7.701137751296194
7.701137751296194
7.701137751296194
7.701137751296194
7.701137751296194
7.701137751296194
7.701137751296194
7.701137751296194
7.701137751296194
7.701137751296194
7.701137751296194
7.701137751296194
7.701137751296194
7.701137751296194
7.701137751296194
7.701137751296194
7.701137751296194
7.701137751296194
7.701137751296194
7.701137751296194
7.701137751296194
7.701137751296194
7.701137751296194
7.701137751296194
7.701137751296194
7.701137751296194
7.701137751296194
7.701137751296194
7.701137751296194
7.701137751296194
7.701137751296194
7.701137751296194
7.701137751296194
7.701137751296194
7.701137751296194
7.701137751296194
7.701137751296194
7.701137751296194
7.701137751296194
7.701137751296194
7.701137751296194
7.701137751296194
7.701137751296194
7.701137751296194
7.701137751296194
7.701137751296194
7.701137751296194
7.701137751296194
7.701137751296194
7.701137751296194
Score: 7.701137751296194
Runtime: 650ms
