7.217120811826526E-9
1.5050851401335506E-7
1.172965672369446E-5
1.172965672369446E-5
1.172965672369446E-5
6.242355737495211E-5
6.242355737495211E-5
8.912553043056109E-4
0.0015395280899393785
0.0015395280899393785
0.001625389716695708
0.0016353756958480971
0.01645300730845348
0.01645300730845348
0.02586592188377606
0.04461375946694256
0.04461375946694256
0.06309937119166514
0.1236440917084653
0.1236440917084653
0.1236440917084653
0.3154285485179475
0.3154285485179475
0.3154285485179475
0.3154285485179475
0.3154285485179475
0.3154285485179475
0.7486786835223497
0.7486786835223497
0.7486786835223497
0.7486786835223497
0.7486786835223497
0.7486786835223497
0.7486786835223497
0.7486786835223497
0.7486786835223497
0.7486786835223497
1.4999554028398634
1.4999554028398634
1.4999554028398634
1.4999554028398634
1.4999554028398634
1.4999554028398634
1.4999554028398634
1.4999554028398634
1.4999554028398634
1.4999554028398634
1.4999554028398634
1.4999554028398634
1.4999554028398634
1.4999554028398634
1.4999554028398634
1.725219902241772
1.725219902241772
1.725219902241772
1.725219902241772
1.725219902241772
1.725219902241772
1.725219902241772
1.725219902241772
1.725219902241772
1.725219902241772
1.725219902241772
1.725219902241772
1.725219902241772
1.725219902241772
1.725219902241772
2.3375586267855937
2.3375586267855937
2.3375586267855937
2.3375586267855937
2.3375586267855937
2.3375586267855937
2.503416019404444
2.503416019404444
2.503416019404444
3.4723369276518863
5.173327383541684
5.173327383541684
5.173327383541684
5.173327383541684
5.173327383541684
5.173327383541684
5.173327383541684
5.173327383541684
5.173327383541684
5.58058207908772
5.58058207908772
5.58058207908772
5.58058207908772
5.58058207908772
5.58058207908772
5.58058207908772
5.58058207908772
5.58058207908772
5.672866382433426
5.672866382433426
5.672866382433426
5.672866382433426
5.672866382433426
5.672866382433426
5.672866382433426
5.672866382433426
5.788461472446635
5.788461472446635
5.788461472446635
5.788461472446635
6.221033477312028
6.221033477312028
6.221033477312028
6.221033477312028
6.221033477312028
6.221033477312028
6.221033477312028
6.221033477312028
6.221033477312028
6.221033477312028
6.221033477312028
6.221033477312028
6.221033477312028
6.359842925681933
6.359842925681933
6.359842925681933
6.359842925681933
6.359842925681933
6.359842925681933
6.359842925681933
6.359842925681933
6.359842925681933
6.607282815546158
6.607282815546158
6.607282815546158
6.607282815546158
6.607282815546158
6.607282815546158
6.607282815546158
6.607282815546158
6.607282815546158
6.9254204956521015
6.9254204956521015
6.9254204956521015
6.9254204956521015
6.9254204956521015
6.9254204956521015
6.9254204956521015
6.9254204956521015
6.9254204956521015
6.9254204956521015
6.9254204956521015
6.9254204956521015
6.9254204956521015
6.9254204956521015
6.9254204956521015
6.9254204956521015
6.9254204956521015
6.9254204956521015
6.9254204956521015
6.9254204956521015
6.9254204956521015
7.302720962231568
7.302720962231568
7.302720962231568
7.302720962231568
7.302720962231568
7.302720962231568
7.302720962231568
7.302720962231568
7.302720962231568
7.302720962231568
7.302720962231568
7.302720962231568
7.302720962231568
7.302720962231568
7.302720962231568
7.302720962231568
7.302720962231568
7.302720962231568
7.302720962231568
7.302720962231568
7.302720962231568
7.302720962231568
7.702261012126974
7.702261012126974
7.702261012126974
7.702261012126974
7.702261012126974
7.702261012126974
7.702261012126974
7.702261012126974
7.702261012126974
7.702261012126974
7.702261012126974
7.702261012126974
7.702261012126974
7.702261012126974
7.702261012126974
7.702261012126974
7.702261012126974
7.8117133382683015
7.8117133382683015
7.8117133382683015
7.8117133382683015
7.8117133382683015
7.8117133382683015
7.8117133382683015
7.8117133382683015
7.8117133382683015
7.8117133382683015
7.8117133382683015
7.8117133382683015
7.8117133382683015
7.8117133382683015
7.8117133382683015
7.8117133382683015
7.8117133382683015
7.8117133382683015
7.8117133382683015
7.8117133382683015
7.8117133382683015
7.8117133382683015
7.8117133382683015
7.8117133382683015
7.8117133382683015
7.8117133382683015
7.8117133382683015
7.8117133382683015
7.8117133382683015
7.8117133382683015
7.8117133382683015
7.8117133382683015
7.8117133382683015
7.8117133382683015
7.8117133382683015
7.8117133382683015
7.8117133382683015
7.8117133382683015
7.8117133382683015
7.8117133382683015
7.8117133382683015
7.8117133382683015
7.8117133382683015
7.8117133382683015
7.8117133382683015
7.8117133382683015
7.8117133382683015
7.8117133382683015
7.8117133382683015
7.8117133382683015
7.8117133382683015
7.8117133382683015
7.8117133382683015
7.8117133382683015
7.8117133382683015
7.8117133382683015
7.8117133382683015
7.8117133382683015
7.8117133382683015
7.8117133382683015
7.8117133382683015
7.8117133382683015
7.8117133382683015
7.8117133382683015
7.8117133382683015
7.8117133382683015
7.8117133382683015
7.8117133382683015
7.8117133382683015
7.8117133382683015
7.8117133382683015
7.8117133382683015
7.8117133382683015
7.8117133382683015
7.8117133382683015
7.8117133382683015
7.8117133382683015
7.8117133382683015
7.8117133382683015
7.8117133382683015
7.8117133382683015
7.8117133382683015
7.8117133382683015
7.8117133382683015
7.8117133382683015
7.8117133382683015
7.8117133382683015
7.8117133382683015
7.8117133382683015
7.8117133382683015
7.8117133382683015
7.8117133382683015
7.8117133382683015
7.8117133382683015
7.8117133382683015
7.8117133382683015
7.8117133382683015
7.8117133382683015
7.8117133382683015
7.8117133382683015
7.8117133382683015
7.8117133382683015
7.8117133382683015
7.8117133382683015
7.8117133382683015
7.8117133382683015
7.8117133382683015
7.8117133382683015
7.8117133382683015
7.8117133382683015
7.8117133382683015
7.8117133382683015
7.8117133382683015
7.8117133382683015
7.8117133382683015
7.8117133382683015
7.8117133382683015
7.8117133382683015
7.8117133382683015
7.8117133382683015
7.8117133382683015
7.8117133382683015
7.8117133382683015
7.8117133382683015
7.8117133382683015
7.8117133382683015
7.8117133382683015
7.8117133382683015
7.8117133382683015
7.8117133382683015
7.8117133382683015
7.8117133382683015
7.8117133382683015
7.8117133382683015
7.8117133382683015
7.8117133382683015
7.8117133382683015
7.8117133382683015
7.8117133382683015
7.8117133382683015
7.8117133382683015
7.8117133382683015
7.8117133382683015
7.8117133382683015
7.8117133382683015
7.8117133382683015
7.8117133382683015
7.8117133382683015
7.8117133382683015
7.8117133382683015
7.8117133382683015
7.8117133382683015
7.8117133382683015
7.8117133382683015
7.8117133382683015
7.8117133382683015
7.8117133382683015
7.8117133382683015
7.8117133382683015
7.8117133382683015
7.8117133382683015
7.8117133382683015
7.8117133382683015
7.8117133382683015
7.8117133382683015
7.8117133382683015
7.8117133382683015
7.8117133382683015
7.8117133382683015
7.8117133382683015
7.8117133382683015
7.8117133382683015
7.8117133382683015
7.8117133382683015
7.8117133382683015
7.8117133382683015
7.8117133382683015
7.8117133382683015
7.8117133382683015
7.8117133382683015
7.8117133382683015
7.8117133382683015
7.8117133382683015
7.8117133382683015
7.8117133382683015
7.8117133382683015
7.8117133382683015
7.8117133382683015
7.8117133382683015
7.8117133382683015
7.8117133382683015
7.8117133382683015
7.8117133382683015
7.8117133382683015
7.8117133382683015
7.8117133382683015
7.8117133382683015
7.8117133382683015
7.8117133382683015
7.8117133382683015
7.8117133382683015
7.8117133382683015
7.8117133382683015
7.8117133382683015
7.8117133382683015
7.8117133382683015
7.8117133382683015
7.8117133382683015
7.8117133382683015
7.8117133382683015
7.8117133382683015
7.8117133382683015
7.8117133382683015
7.8117133382683015
7.8117133382683015
7.8117133382683015
7.8117133382683015
7.8117133382683015
7.8117133382683015
7.8117133382683015
7.8117133382683015
7.8117133382683015
7.8117133382683015
7.8117133382683015
7.8117133382683015
7.8117133382683015
7.8117133382683015
7.8117133382683015
7.8117133382683015
7.8117133382683015
7.8117133382683015
7.8117133382683015
7.8117133382683015
7.8117133382683015
7.8117133382683015
7.8117133382683015
7.8117133382683015
7.8117133382683015
7.8117133382683015
7.8117133382683015
7.8117133382683015
7.8117133382683015
7.8117133382683015
7.8117133382683015
7.8117133382683015
7.8117133382683015
7.8117133382683015
7.8117133382683015
7.8117133382683015
7.8117133382683015
7.8117133382683015
7.8117133382683015
7.8117133382683015
7.8117133382683015
7.8117133382683015
7.8117133382683015
7.8117133382683015
7.8117133382683015
7.8117133382683015
7.8117133382683015
7.8117133382683015
7.8117133382683015
7.8117133382683015
7.8117133382683015
7.8117133382683015
7.8117133382683015
7.8117133382683015
7.8117133382683015
7.8117133382683015
7.8117133382683015
7.8117133382683015
7.8117133382683015
7.8117133382683015
7.8117133382683015
7.8117133382683015
7.8117133382683015
7.8117133382683015
7.8117133382683015
7.8117133382683015
7.8117133382683015
7.8117133382683015
7.8117133382683015
7.8117133382683015
7.8117133382683015
7.8117133382683015
7.8117133382683015
7.8117133382683015
7.8117133382683015
7.8117133382683015
7.8117133382683015
7.8117133382683015
7.8117133382683015
7.8117133382683015
7.8117133382683015
7.8117133382683015
7.8117133382683015
7.8117133382683015
7.8117133382683015
7.8117133382683015
7.8117133382683015
7.8117133382683015
7.8117133382683015
7.8117133382683015
7.8117133382683015
7.8117133382683015
7.8117133382683015
7.8117133382683015
7.8117133382683015
7.8117133382683015
7.8117133382683015
7.8117133382683015
7.8117133382683015
7.8117133382683015
7.8117133382683015
7.8117133382683015
7.8117133382683015
7.8117133382683015
7.8117133382683015
7.8117133382683015
7.8117133382683015
7.8117133382683015
7.8117133382683015
7.8117133382683015
7.8117133382683015
7.8117133382683015
7.8117133382683015
7.8117133382683015
7.8117133382683015
7.8117133382683015
7.8117133382683015
7.8117133382683015
7.8117133382683015
7.8117133382683015
7.8117133382683015
7.8117133382683015
7.8117133382683015
7.8117133382683015
7.8117133382683015
7.8117133382683015
7.8117133382683015
7.8117133382683015
7.8117133382683015
7.8117133382683015
7.8117133382683015
7.8117133382683015
7.8117133382683015
7.8117133382683015
7.8117133382683015
7.8117133382683015
7.8117133382683015
7.8117133382683015
7.8117133382683015
7.8117133382683015
7.8117133382683015
7.8117133382683015
7.8117133382683015
7.8117133382683015
7.8117133382683015
7.8117133382683015
7.8117133382683015
7.8117133382683015
7.8117133382683015
7.8117133382683015
7.8117133382683015
7.8117133382683015
7.8117133382683015
7.8117133382683015
7.8117133382683015
7.8117133382683015
7.8117133382683015
7.8117133382683015
7.8117133382683015
7.8117133382683015
7.8117133382683015
7.8117133382683015
7.8117133382683015
7.8117133382683015
7.8117133382683015
7.8117133382683015
7.8117133382683015
7.8117133382683015
7.8117133382683015
7.8117133382683015
7.8117133382683015
7.8117133382683015
7.8117133382683015
7.8117133382683015
7.8117133382683015
7.8117133382683015
7.8117133382683015
7.8117133382683015
7.8117133382683015
7.8117133382683015
7.8117133382683015
7.8117133382683015
7.8117133382683015
7.8117133382683015
7.8117133382683015
7.8117133382683015
7.8117133382683015
7.8117133382683015
7.8117133382683015
7.8117133382683015
7.8117133382683015
7.8117133382683015
7.8117133382683015
7.8117133382683015
7.8117133382683015
7.8117133382683015
7.8117133382683015
7.8117133382683015
7.8117133382683015
7.8117133382683015
7.8117133382683015
7.8117133382683015
7.8117133382683015
7.8117133382683015
7.8117133382683015
7.8117133382683015
7.8117133382683015
7.8117133382683015
7.8117133382683015
7.8117133382683015
7.8117133382683015
7.8117133382683015
7.8117133382683015
7.8117133382683015
7.8117133382683015
7.8117133382683015
7.8117133382683015
7.8117133382683015
7.8117133382683015
7.8117133382683015
7.8117133382683015
7.8117133382683015
7.8117133382683015
7.8117133382683015
7.8117133382683015
7.8117133382683015
7.8117133382683015
7.8117133382683015
7.8117133382683015
7.8117133382683015
7.8117133382683015
7.8117133382683015
7.8117133382683015
7.8117133382683015
7.8117133382683015
7.8117133382683015
7.8117133382683015
7.8117133382683015
7.8117133382683015
7.8117133382683015
7.8117133382683015
7.8117133382683015
7.8117133382683015
7.8117133382683015
7.8117133382683015
7.8117133382683015
7.8117133382683015
7.8117133382683015
7.8117133382683015
7.8117133382683015
7.8117133382683015
7.8117133382683015
7.8117133382683015
7.8117133382683015
7.8117133382683015
7.8117133382683015
7.8117133382683015
7.8117133382683015
7.8117133382683015
7.8117133382683015
7.8117133382683015
7.8117133382683015
7.8117133382683015
7.8117133382683015
7.8117133382683015
7.8117133382683015
7.8117133382683015
7.8117133382683015
7.8117133382683015
7.8117133382683015
7.8117133382683015
7.8117133382683015
7.8117133382683015
7.8117133382683015
7.8117133382683015
7.8117133382683015
7.8117133382683015
7.8117133382683015
7.8117133382683015
7.8117133382683015
7.8117133382683015
7.8117133382683015
7.8117133382683015
7.8117133382683015
7.8117133382683015
7.8117133382683015
7.8117133382683015
7.8117133382683015
7.8117133382683015
7.8117133382683015
7.8117133382683015
7.8117133382683015
7.8117133382683015
7.8117133382683015
7.8117133382683015
7.8117133382683015
7.8117133382683015
7.8117133382683015
7.8117133382683015
7.8117133382683015
7.8117133382683015
7.8117133382683015
7.8117133382683015
7.8117133382683015
7.8117133382683015
7.8117133382683015
7.8117133382683015
7.8117133382683015
7.8117133382683015
7.8117133382683015
7.8117133382683015
7.8117133382683015
7.8117133382683015
7.8117133382683015
7.8117133382683015
7.8117133382683015
7.8117133382683015
7.8117133382683015
7.8117133382683015
7.8117133382683015
7.8117133382683015
7.8117133382683015
7.8117133382683015
7.8117133382683015
7.8117133382683015
7.8117133382683015
7.8117133382683015
7.8117133382683015
7.8117133382683015
7.8117133382683015
7.8117133382683015
7.8117133382683015
7.8117133382683015
7.8117133382683015
7.8117133382683015
7.8117133382683015
7.8117133382683015
7.8117133382683015
7.8117133382683015
7.8117133382683015
7.8117133382683015
7.8117133382683015
7.8117133382683015
7.8117133382683015
7.8117133382683015
7.8117133382683015
7.8117133382683015
7.8117133382683015
7.8117133382683015
7.8117133382683015
7.8117133382683015
7.8117133382683015
7.8117133382683015
7.8117133382683015
7.8117133382683015
7.8117133382683015
7.8117133382683015
7.8117133382683015
7.8117133382683015
7.8117133382683015
7.8117133382683015
7.8117133382683015
7.8117133382683015
7.8117133382683015
7.8117133382683015
7.8117133382683015
7.8117133382683015
7.8117133382683015
7.8117133382683015
7.8117133382683015
7.8117133382683015
7.8117133382683015
7.8117133382683015
7.8117133382683015
7.8117133382683015
7.8117133382683015
7.8117133382683015
7.8117133382683015
7.8117133382683015
7.8117133382683015
7.8117133382683015
7.8117133382683015
7.8117133382683015
7.8117133382683015
7.8117133382683015
7.8117133382683015
7.8117133382683015
7.8117133382683015
7.8117133382683015
7.8117133382683015
7.8117133382683015
7.8117133382683015
7.8117133382683015
7.8117133382683015
7.8117133382683015
7.8117133382683015
7.8117133382683015
7.8117133382683015
7.8117133382683015
7.8117133382683015
7.8117133382683015
7.8117133382683015
7.8117133382683015
7.8117133382683015
7.8117133382683015
7.8117133382683015
7.8117133382683015
7.8117133382683015
7.8117133382683015
7.8117133382683015
7.8117133382683015
7.8117133382683015
7.8117133382683015
7.8117133382683015
7.8117133382683015
7.8117133382683015
7.8117133382683015
7.8117133382683015
7.8117133382683015
7.8117133382683015
7.8117133382683015
7.8117133382683015
7.8117133382683015
7.8117133382683015
7.8117133382683015
7.8117133382683015
7.8117133382683015
7.8117133382683015
7.8117133382683015
7.8117133382683015
7.8117133382683015
7.8117133382683015
7.8117133382683015
7.8117133382683015
7.8117133382683015
7.8117133382683015
7.8117133382683015
7.8117133382683015
7.8117133382683015
7.8117133382683015
7.8117133382683015
7.8117133382683015
7.8117133382683015
7.8117133382683015
7.8117133382683015
7.8117133382683015
7.8117133382683015
7.8117133382683015
7.8117133382683015
7.8117133382683015
7.8117133382683015
7.8117133382683015
7.8117133382683015
7.8117133382683015
7.8117133382683015
7.8117133382683015
7.8117133382683015
7.8117133382683015
7.8117133382683015
7.8117133382683015
7.8117133382683015
7.8117133382683015
7.8117133382683015
7.8117133382683015
7.8117133382683015
7.8117133382683015
7.8117133382683015
7.8117133382683015
7.8117133382683015
7.8117133382683015
7.8117133382683015
7.8117133382683015
7.8117133382683015
7.8117133382683015
7.8117133382683015
7.8117133382683015
7.8117133382683015
7.8117133382683015
7.8117133382683015
7.8117133382683015
7.8117133382683015
7.8117133382683015
7.8117133382683015
7.8117133382683015
7.8117133382683015
7.8117133382683015
7.8117133382683015
7.8117133382683015
7.8117133382683015
7.8117133382683015
7.8117133382683015
7.8117133382683015
7.8117133382683015
7.8117133382683015
7.8117133382683015
7.8117133382683015
7.8117133382683015
7.8117133382683015
7.8117133382683015
7.8117133382683015
7.8117133382683015
7.8117133382683015
7.8117133382683015
7.8117133382683015
7.8117133382683015
7.8117133382683015
7.8117133382683015
7.8117133382683015
7.8117133382683015
7.8117133382683015
7.8117133382683015
7.8117133382683015
7.8117133382683015
7.8117133382683015
7.8117133382683015
7.8117133382683015
7.8117133382683015
7.8117133382683015
7.8117133382683015
7.8117133382683015
7.8117133382683015
7.8117133382683015
7.8117133382683015
7.8117133382683015
7.8117133382683015
7.8117133382683015
7.8117133382683015
7.8117133382683015
7.8117133382683015
7.8117133382683015
7.8117133382683015
7.8117133382683015
7.8117133382683015
7.8117133382683015
7.8117133382683015
7.8117133382683015
7.8117133382683015
7.8117133382683015
7.8117133382683015
7.8117133382683015
7.8117133382683015
7.8117133382683015
7.8117133382683015
7.8117133382683015
7.8117133382683015
7.8117133382683015
7.8117133382683015
7.8117133382683015
7.8117133382683015
7.8117133382683015
7.8117133382683015
7.8117133382683015
7.8117133382683015
7.8117133382683015
7.8117133382683015
7.8117133382683015
7.8117133382683015
7.8117133382683015
7.8117133382683015
7.8117133382683015
7.8117133382683015
7.8117133382683015
7.8117133382683015
7.8117133382683015
7.8117133382683015
7.8117133382683015
7.8117133382683015
7.8117133382683015
7.8117133382683015
7.8117133382683015
7.8117133382683015
7.8117133382683015
7.8117133382683015
7.8117133382683015
7.8117133382683015
7.8117133382683015
7.8117133382683015
7.8117133382683015
7.8117133382683015
7.8117133382683015
7.8117133382683015
7.8117133382683015
7.8117133382683015
7.8117133382683015
7.8117133382683015
7.8117133382683015
7.8117133382683015
7.8117133382683015
7.8117133382683015
7.8117133382683015
7.8117133382683015
7.8117133382683015
7.8117133382683015
7.8117133382683015
7.8117133382683015
7.8117133382683015
7.8117133382683015
7.8117133382683015
7.8117133382683015
7.8117133382683015
7.8117133382683015
7.8117133382683015
7.8117133382683015
7.8117133382683015
7.8117133382683015
7.8117133382683015
7.8117133382683015
7.8117133382683015
7.8117133382683015
7.8117133382683015
7.8117133382683015
7.8117133382683015
7.8117133382683015
7.8117133382683015
7.8117133382683015
7.8117133382683015
7.8117133382683015
7.8117133382683015
7.8117133382683015
7.8117133382683015
7.8117133382683015
7.8117133382683015
7.8117133382683015
7.8117133382683015
7.8117133382683015
7.8117133382683015
7.8117133382683015
7.8117133382683015
7.8117133382683015
7.8117133382683015
7.8117133382683015
7.8117133382683015
7.8117133382683015
7.8117133382683015
7.8117133382683015
7.8117133382683015
7.8117133382683015
7.8117133382683015
7.8117133382683015
7.8117133382683015
7.8117133382683015
7.8117133382683015
7.8117133382683015
7.8117133382683015
7.8117133382683015
7.8117133382683015
7.8117133382683015
7.8117133382683015
7.8117133382683015
7.8117133382683015
7.8117133382683015
7.8117133382683015
7.8117133382683015
7.8117133382683015
7.8117133382683015
7.8117133382683015
7.8117133382683015
7.8117133382683015
7.8117133382683015
7.8117133382683015
7.8117133382683015
7.8117133382683015
7.8117133382683015
7.8117133382683015
7.8117133382683015
7.8117133382683015
7.8117133382683015
7.8117133382683015
7.8117133382683015
7.8117133382683015
7.8117133382683015
7.8117133382683015
7.8117133382683015
7.8117133382683015
7.8117133382683015
7.8117133382683015
7.8117133382683015
7.8117133382683015
7.8117133382683015
7.8117133382683015
7.8117133382683015
7.8117133382683015
7.8117133382683015
7.8117133382683015
7.8117133382683015
7.8117133382683015
7.8117133382683015
7.8117133382683015
7.8117133382683015
7.8117133382683015
7.8117133382683015
7.8117133382683015
7.8117133382683015
7.8117133382683015
7.8117133382683015
7.8117133382683015
7.8117133382683015
7.8117133382683015
7.8117133382683015
7.8117133382683015
7.8117133382683015
7.8117133382683015
7.8117133382683015
7.8117133382683015
7.8117133382683015
7.8117133382683015
7.8117133382683015
7.8117133382683015
7.8117133382683015
7.8117133382683015
7.8117133382683015
7.8117133382683015
7.8117133382683015
7.8117133382683015
7.8117133382683015
7.8117133382683015
7.8117133382683015
7.8117133382683015
7.8117133382683015
7.8117133382683015
7.8117133382683015
7.8117133382683015
7.8117133382683015
7.817243013067873
7.817243013067873
7.817243013067873
7.817243013067873
7.817243013067873
7.817243013067873
7.817243013067873
7.817243013067873
7.817243013067873
7.817243013067873
7.817243013067873
7.817243013067873
7.817243013067873
7.817243013067873
7.817243013067873
7.817243013067873
7.817243013067873
7.917556884445024
7.917556884445024
7.917556884445024
7.917556884445024
7.917556884445024
7.917556884445024
7.917556884445024
7.917556884445024
7.917556884445024
7.917556884445024
7.917556884445024
7.917556884445024
7.917556884445024
7.917556884445024
7.917556884445024
7.917556884445024
7.917556884445024
7.917556884445024
7.917556884445024
7.917556884445024
7.917556884445024
7.917556884445024
7.917556884445024
7.917556884445024
7.917556884445024
7.917556884445024
7.917556884445024
7.917556884445024
7.917556884445024
7.917556884445024
7.917556884445024
7.917556884445024
7.917556884445024
7.917556884445024
7.917556884445024
7.917556884445024
7.917556884445024
7.917556884445024
7.917556884445024
7.917556884445024
7.917556884445024
7.917556884445024
7.917556884445024
7.917556884445024
7.917556884445024
7.917556884445024
7.917556884445024
7.917556884445024
7.917556884445024
7.917556884445024
7.917556884445024
7.917556884445024
7.917556884445024
7.917556884445024
7.917556884445024
7.917556884445024
7.917556884445024
7.917556884445024
7.917556884445024
7.917556884445024
7.917556884445024
7.917556884445024
7.917556884445024
7.917556884445024
7.917556884445024
7.917556884445024
7.917556884445024
7.917556884445024
7.917556884445024
7.917556884445024
7.917556884445024
7.917556884445024
7.917556884445024
7.917556884445024
7.917556884445024
7.917556884445024
7.917556884445024
7.917556884445024
7.917556884445024
7.917556884445024
7.917556884445024
7.917556884445024
7.917556884445024
7.917556884445024
7.917556884445024
7.917556884445024
7.917556884445024
7.917556884445024
7.917556884445024
7.917556884445024
7.917556884445024
7.917556884445024
7.917556884445024
7.917556884445024
7.917556884445024
7.917556884445024
7.917556884445024
7.917556884445024
7.917556884445024
7.917556884445024
7.917556884445024
7.917556884445024
7.917556884445024
7.917556884445024
7.917556884445024
7.917556884445024
7.917556884445024
7.917556884445024
7.917556884445024
7.917556884445024
7.917556884445024
7.917556884445024
7.917556884445024
7.917556884445024
7.917556884445024
7.917556884445024
7.917556884445024
7.917556884445024
7.917556884445024
7.917556884445024
7.917556884445024
7.917556884445024
7.917556884445024
7.917556884445024
7.917556884445024
7.917556884445024
7.917556884445024
7.917556884445024
7.917556884445024
7.917556884445024
7.917556884445024
7.917556884445024
7.917556884445024
7.917556884445024
7.917556884445024
7.917556884445024
7.917556884445024
7.917556884445024
7.917556884445024
7.917556884445024
7.917556884445024
7.92948630708154
7.92948630708154
7.92948630708154
7.92948630708154
7.92948630708154
7.92948630708154
7.92948630708154
7.92948630708154
7.92948630708154
7.92948630708154
7.92948630708154
7.92948630708154
7.92948630708154
7.92948630708154
7.92948630708154
7.92948630708154
7.92948630708154
7.92948630708154
7.92948630708154
7.92948630708154
7.92948630708154
7.92948630708154
7.92948630708154
7.92948630708154
7.92948630708154
7.92948630708154
7.92948630708154
7.92948630708154
7.92948630708154
7.92948630708154
7.92948630708154
7.92948630708154
8.01287699926081
8.01287699926081
8.142189825245556
8.142189825245556
8.142189825245556
8.142189825245556
8.142189825245556
8.142189825245556
8.142189825245556
8.142189825245556
8.142189825245556
8.142189825245556
8.142189825245556
8.142189825245556
8.142189825245556
8.142189825245556
8.142189825245556
8.142189825245556
8.142189825245556
8.16768746900036
8.16768746900036
8.16768746900036
8.16768746900036
8.16768746900036
8.16768746900036
8.16768746900036
8.16768746900036
8.225591379570925
8.225591379570925
8.225591379570925
8.225591379570925
8.225591379570925
8.225591379570925
8.225591379570925
8.225591379570925
8.225591379570925
8.225591379570925
8.225591379570925
8.225591379570925
8.225591379570925
8.27852524209361
8.27852524209361
8.27852524209361
8.27852524209361
8.27852524209361
8.27852524209361
8.27852524209361
8.27852524209361
8.27852524209361
8.27852524209361
8.296347424175943
8.41531480200327
8.41531480200327
8.41531480200327
8.41531480200327
8.41531480200327
8.41531480200327
8.41531480200327
8.467084460465436
8.467084460465436
8.467084460465436
8.467084460465436
8.467084460465436
8.467084460465436
8.485528754904927
8.48757621815895
8.48757621815895
8.48757621815895
8.48757621815895
8.52674650906667
8.52674650906667
8.52674650906667
8.564098317845689
8.564098317845689
8.564098317845689
8.567811844898065
8.567811844898065
8.580880476475794
8.580880476475794
8.580880476475794
8.580880476475794
8.580880476475794
8.580880476475794
8.635006476818146
8.635006476818146
8.635006476818146
8.638144769622345
8.638144769622345
8.638144769622345
8.638144769622345
8.638144769622345
8.638144769622345
8.638144769622345
8.652421064891735
8.652421064891735
8.652421064891735
8.652421064891735
8.652421064891735
8.652421064891735
8.652421064891735
8.652421064891735
8.652421064891735
8.652421064891735
8.652421064891735
8.652421064891735
8.658877656447274
8.658877656447274
8.658877656447274
8.658897098314096
8.660674550804249
8.660674550804249
8.660674550804249
8.660674550804249
8.660674550804249
8.660674550804249
8.678608041378254
8.678608041378254
8.678608041378254
8.678608041378254
8.678608041378254
8.678608041378254
8.678608041378254
8.68958702411128
8.68958702411128
8.68958702411128
8.68958702411128
8.693779889908502
8.693779889908502
8.708015646341146
8.708015646341146
8.708015646341146
8.708015646341146
8.708015646341146
8.708015646341146
8.7120381946966
8.719736721802356
8.719736721802356
8.725367681318808
8.725367681318808
8.725367681318808
8.725367681318808
8.729333616735772
8.729333616735772
8.729333616735772
8.729333616735772
8.729333616735772
8.734507833451762
8.734507833451762
8.734507833451762
8.734507833451762
8.734507833451762
8.734507833451762
8.734507833451762
8.734507833451762
8.734507833451762
8.734507833451762
8.734507833451762
8.734507833451762
8.734507833451762
8.734507833451762
8.738572731503325
8.738572731503325
8.738572731503325
8.738572731503325
8.738572731503325
8.738572731503325
8.74558338003333
8.74558338003333
8.748109617658853
8.748109617658853
8.748109617658853
8.748109617658853
8.751970472781863
8.751970472781863
8.751970472781863
8.751970472781863
8.751970472781863
8.751970472781863
8.751970472781863
8.751970472781863
8.75213546682251
8.753870449681104
8.753870449681104
8.754312477082799
8.755227207661203
8.755713249915635
8.755713249915635
8.756963955684073
8.759992157970032
8.759992157970032
8.759992157970032
8.759992157970032
8.759992157970032
8.759992157970032
8.759992157970032
8.759992157970032
8.759992157970032
8.759992157970032
8.759992157970032
8.759992157970032
8.759992157970032
8.759992157970032
8.759992157970032
8.759992157970032
8.759992157970032
8.759992157970032
8.759992157970032
8.76009945858415
8.76009945858415
8.76033061714757
8.76033061714757
8.76033061714757
8.76033061714757
8.76033061714757
8.76033061714757
8.76033061714757
8.76033061714757
8.76033061714757
8.76033061714757
8.76033061714757
8.765720882043336
8.765720882043336
8.765720882043336
8.765720882043336
8.765720882043336
8.765720882043336
8.765720882043336
8.765720882043336
8.765720882043336
8.765720882043336
8.765720882043336
8.765720882043336
8.765720882043336
8.765720882043336
8.765720882043336
8.765720882043336
8.765720882043336
8.765720882043336
8.765720882043336
8.765720882043336
8.765720882043336
8.765720882043336
8.765720882043336
8.765720882043336
8.765720882043336
8.765720882043336
8.765720882043336
8.765720882043336
8.765720882043336
8.765720882043336
8.765720882043336
8.765720882043336
8.765720882043336
8.765720882043336
8.765720882043336
8.765720882043336
8.765720882043336
8.765720882043336
8.765720882043336
8.765720882043336
8.765720882043336
8.765720882043336
8.765720882043336
8.765720882043336
8.765720882043336
8.765720882043336
8.765720882043336
8.765720882043336
8.765720882043336
8.765720882043336
8.765720882043336
8.765720882043336
8.765720882043336
8.765720882043336
8.765720882043336
8.765720882043336
8.765720882043336
8.765720882043336
8.765720882043336
8.765720882043336
8.765720882043336
8.765720882043336
8.765720882043336
8.765720882043336
8.765720882043336
8.765720882043336
8.765720882043336
8.765720882043336
8.765720882043336
8.765720882043336
8.765720882043336
8.765720882043336
8.765720882043336
8.765720882043336
8.765720882043336
8.765720882043336
8.765720882043336
8.765720882043336
8.765720882043336
8.765720882043336
8.765720882043336
8.765720882043336
8.765720882043336
8.765720882043336
8.765720882043336
8.765720882043336
8.765720882043336
8.765720882043336
8.765720882043336
8.765720882043336
8.765720882043336
8.765720882043336
8.765720882043336
8.765720882043336
8.765720882043336
8.765720882043336
8.765720882043336
8.765720882043336
8.765720882043336
8.765720882043336
8.765720882043336
8.765720882043336
8.765720882043336
8.765720882043336
8.765720882043336
8.765720882043336
8.765720882043336
8.765720882043336
8.765720882043336
8.765720882043336
8.765720882043336
8.765720882043336
8.765720882043336
8.765720882043336
8.765720882043336
8.765720882043336
8.765720882043336
8.765720882043336
8.765720882043336
8.765720882043336
8.765720882043336
8.765720882043336
8.765720882043336
8.765720882043336
8.765720882043336
8.765720882043336
8.765720882043336
8.765720882043336
8.765720882043336
8.765720882043336
8.765720882043336
8.765720882043336
8.765720882043336
8.765720882043336
8.765720882043336
8.765720882043336
8.765720882043336
8.765720882043336
8.765720882043336
8.765720882043336
8.765720882043336
8.765720882043336
8.765720882043336
8.765720882043336
8.765720882043336
8.765720882043336
8.765720882043336
8.765720882043336
8.765720882043336
8.765720882043336
8.765720882043336
8.765720882043336
8.765720882043336
8.765720882043336
8.765720882043336
8.765720882043336
8.765720882043336
8.765720882043336
8.765720882043336
8.765720882043336
8.765720882043336
8.765720882043336
8.765720882043336
8.765720882043336
8.765720882043336
8.765720882043336
8.765720882043336
8.765720882043336
8.765720882043336
8.765720882043336
8.765720882043336
8.765720882043336
8.765720882043336
8.765720882043336
8.765720882043336
8.765720882043336
8.765720882043336
8.765720882043336
8.765720882043336
8.765720882043336
8.765720882043336
8.765720882043336
8.765720882043336
8.765720882043336
8.765720882043336
8.765720882043336
8.765720882043336
8.765720882043336
8.765720882043336
8.765720882043336
8.765720882043336
8.765720882043336
8.765720882043336
8.765720882043336
8.765720882043336
8.765720882043336
8.765720882043336
8.765720882043336
8.765720882043336
8.765720882043336
8.765720882043336
8.765720882043336
8.765720882043336
8.765720882043336
8.765720882043336
8.765720882043336
8.765720882043336
8.765720882043336
8.765720882043336
8.765720882043336
8.765720882043336
8.765720882043336
8.765720882043336
8.765720882043336
8.765720882043336
8.765720882043336
8.765720882043336
8.765720882043336
8.765720882043336
8.765720882043336
8.765720882043336
8.765720882043336
8.765720882043336
8.765720882043336
8.765720882043336
8.765720882043336
8.765720882043336
8.765720882043336
8.765720882043336
8.765720882043336
8.765720882043336
8.765720882043336
8.765720882043336
8.765720882043336
8.765720882043336
8.765720882043336
8.765720882043336
8.765720882043336
8.765720882043336
8.765720882043336
8.765720882043336
8.765720882043336
8.765720882043336
8.765720882043336
8.765720882043336
8.765720882043336
8.765720882043336
8.765720882043336
8.765720882043336
8.765720882043336
8.765720882043336
8.765720882043336
8.765720882043336
8.765720882043336
8.765720882043336
8.765720882043336
8.765720882043336
8.765720882043336
8.765720882043336
8.765720882043336
8.765720882043336
8.765720882043336
8.765720882043336
8.765720882043336
8.765720882043336
8.765720882043336
8.765720882043336
8.765720882043336
8.765720882043336
8.765720882043336
8.765720882043336
8.765720882043336
8.765720882043336
8.765720882043336
8.765720882043336
8.765720882043336
8.765720882043336
8.765720882043336
8.765720882043336
8.765720882043336
8.765720882043336
8.765720882043336
8.765720882043336
8.765720882043336
8.765720882043336
8.765720882043336
8.765720882043336
8.765720882043336
8.765720882043336
8.765720882043336
8.765720882043336
8.765720882043336
8.765720882043336
8.765720882043336
8.765720882043336
8.765720882043336
8.765720882043336
8.765720882043336
8.765720882043336
8.765720882043336
8.765720882043336
8.765720882043336
8.765720882043336
8.765720882043336
8.765720882043336
8.765720882043336
8.765720882043336
8.765720882043336
8.765720882043336
8.765720882043336
8.765720882043336
8.765720882043336
8.765720882043336
8.765720882043336
8.765720882043336
8.765720882043336
8.765720882043336
8.765720882043336
8.765720882043336
8.765720882043336
8.765807880439324
8.765807880439324
8.765807880439324
8.765807880439324
8.765807880439324
8.765807880439324
8.765807880439324
8.765807880439324
8.765807880439324
8.765807880439324
8.765807880439324
8.765807880439324
8.765807880439324
8.765807880439324
8.765807880439324
8.765807880439324
8.765807880439324
8.765807880439324
8.765807880439324
8.765807880439324
8.765807880439324
8.765807880439324
8.765807880439324
8.765807880439324
8.765807880439324
8.765807880439324
8.765807880439324
8.766125245897369
8.766125245897369
8.766125245897369
8.766125245897369
8.766125245897369
8.766125245897369
8.766125245897369
8.766125245897369
8.766125245897369
8.766125245897369
8.766125245897369
8.766125245897369
8.766125245897369
8.766125245897369
8.766125245897369
8.766125245897369
8.766125245897369
8.766125245897369
8.766125245897369
8.766125245897369
8.766125245897369
8.766125245897369
8.766125245897369
8.766125245897369
8.766125245897369
8.766125245897369
8.766125245897369
8.766125245897369
8.766125245897369
8.766125245897369
8.766125245897369
8.766125245897369
8.766125245897369
8.766125245897369
8.766125245897369
8.766125245897369
8.766125245897369
8.766125245897369
8.766125245897369
8.766125245897369
8.766125245897369
8.766125245897369
8.766125245897369
8.766125245897369
8.766125245897369
8.766125245897369
8.766125245897369
8.766125245897369
8.766125245897369
8.766125245897369
8.766125245897369
8.766125245897369
8.766125245897369
8.766125245897369
8.766125245897369
8.766125245897369
8.766125245897369
8.766125245897369
8.766125245897369
8.766125245897369
8.766125245897369
8.766125245897369
8.766125245897369
8.766125245897369
8.766125245897369
8.766125245897369
8.766125245897369
8.766125245897369
8.766125245897369
8.766125245897369
8.766125245897369
8.766125245897369
8.766125245897369
8.766125245897369
8.766125245897369
8.766125245897369
8.766125245897369
8.766125245897369
8.766125245897369
8.766125245897369
8.766125245897369
8.766125245897369
8.766125245897369
8.766125245897369
8.766125245897369
8.766125245897369
8.766125245897369
8.766125245897369
8.766125245897369
8.766125245897369
8.766125245897369
8.766125245897369
8.766125245897369
8.766125245897369
8.766125245897369
8.766125245897369
8.766125245897369
8.766125245897369
8.766125245897369
8.766125245897369
8.766125245897369
8.766125245897369
8.766125245897369
8.766125245897369
8.766125245897369
8.766125245897369
8.766125245897369
Score: 8.766125245897369
Runtime: 667ms
