4.641999599108996E-7
4.641999599108996E-7
4.641999599108996E-7
1.1559664899899057E-5
1.1559664899899057E-5
3.115835417862934E-4
0.0015917359768665641
0.013114852392223292
0.013114852392223292
0.013114852392223292
0.013114852392223292
0.013114852392223292
0.06928292864783059
0.06928292864783059
0.06928292864783059
0.06928292864783059
0.06928292864783059
0.06928292864783059
0.06928292864783059
0.06928292864783059
0.06928292864783059
0.06928292864783059
0.06928292864783059
0.06928292864783059
0.06928292864783059
0.06928292864783059
0.07767150761990543
0.07767150761990543
0.07967189397438543
0.18913574006491762
0.18913574006491762
0.18913574006491762
0.18913574006491762
0.18913574006491762
0.18913574006491762
0.36495997641349187
0.36495997641349187
0.36495997641349187
0.36495997641349187
0.36495997641349187
0.36495997641349187
0.36495997641349187
0.36495997641349187
0.36495997641349187
0.6916839467799756
0.6916839467799756
0.7215937593355591
0.7215937593355591
0.7215937593355591
0.9611902718583031
0.9611902718583031
0.9611902718583031
1.2648653074327711
4.811809609628341
4.811809609628341
4.811809609628341
4.811809609628341
4.811809609628341
4.811809609628341
4.811809609628341
4.811809609628341
4.811809609628341
4.811809609628341
4.811809609628341
4.811809609628341
4.811809609628341
4.811809609628341
4.811809609628341
4.811809609628341
4.9234227158799655
4.9234227158799655
4.9234227158799655
4.9234227158799655
4.9234227158799655
4.9234227158799655
4.9234227158799655
4.9234227158799655
4.9234227158799655
4.9234227158799655
4.9234227158799655
4.9234227158799655
4.9234227158799655
4.9234227158799655
4.9234227158799655
4.9234227158799655
4.9234227158799655
4.9234227158799655
4.9234227158799655
4.9234227158799655
4.9234227158799655
4.9234227158799655
4.9234227158799655
4.9234227158799655
4.9234227158799655
4.9234227158799655
5.716464505373963
5.716464505373963
5.716464505373963
5.716464505373963
5.716464505373963
5.716464505373963
5.716464505373963
5.716464505373963
5.716464505373963
5.716464505373963
5.716464505373963
5.716464505373963
5.716464505373963
5.716464505373963
5.716464505373963
5.716464505373963
5.716464505373963
6.1599325538644525
6.1599325538644525
6.1599325538644525
6.1599325538644525
6.1599325538644525
6.1599325538644525
6.1599325538644525
6.1599325538644525
6.1599325538644525
6.1599325538644525
6.1599325538644525
6.1599325538644525
6.241697922692859
6.241697922692859
6.241697922692859
6.241697922692859
6.241697922692859
6.241697922692859
6.241697922692859
6.241697922692859
6.241697922692859
6.241697922692859
6.241697922692859
6.534288863750916
6.534288863750916
6.534288863750916
6.534288863750916
6.534288863750916
6.534288863750916
6.710377047913257
6.710377047913257
6.710377047913257
6.710377047913257
6.710377047913257
6.710377047913257
6.710377047913257
6.710377047913257
6.710377047913257
6.710377047913257
6.710377047913257
8.061258170733204
8.323025653335424
8.323025653335424
8.323025653335424
8.323025653335424
8.323025653335424
8.323025653335424
8.323025653335424
8.323025653335424
8.323025653335424
8.323025653335424
8.323025653335424
8.323025653335424
8.323025653335424
8.323025653335424
8.323025653335424
8.323025653335424
8.323025653335424
8.323025653335424
8.323025653335424
8.323025653335424
8.323025653335424
8.323025653335424
8.323025653335424
8.323025653335424
8.323025653335424
8.323025653335424
8.323025653335424
8.323025653335424
8.323025653335424
8.323025653335424
8.323025653335424
8.323025653335424
8.323025653335424
8.323025653335424
8.323025653335424
8.323025653335424
8.323025653335424
8.323025653335424
8.340292811579445
8.340292811579445
8.340292811579445
8.340292811579445
8.42436170510742
8.42436170510742
8.42436170510742
8.42436170510742
8.42436170510742
8.42436170510742
8.42436170510742
8.42436170510742
8.42436170510742
8.42436170510742
8.42436170510742
8.500915628568862
8.500915628568862
8.500915628568862
8.500915628568862
8.500915628568862
8.500915628568862
8.500915628568862
8.500915628568862
8.500915628568862
8.500915628568862
8.500915628568862
8.500915628568862
8.500915628568862
8.500915628568862
8.500915628568862
8.500915628568862
8.527046907908142
8.527046907908142
8.691429426231085
8.691429426231085
8.691429426231085
8.691429426231085
8.7721012308946
8.7721012308946
8.7721012308946
8.7721012308946
8.7721012308946
8.7721012308946
8.7721012308946
8.84803080072071
8.84803080072071
8.84803080072071
8.84803080072071
8.84803080072071
9.005965698240143
9.005965698240143
9.005965698240143
9.005965698240143
9.005965698240143
9.005965698240143
9.005965698240143
9.005965698240143
9.005965698240143
9.005965698240143
9.005965698240143
9.06301177902414
9.06301177902414
9.137840018200823
9.1612068129244
9.1612068129244
9.1612068129244
9.1612068129244
9.259161512335629
9.259161512335629
9.259161512335629
9.259161512335629
9.259161512335629
9.259161512335629
9.259161512335629
9.259161512335629
9.259161512335629
9.259161512335629
9.259161512335629
9.259161512335629
9.259161512335629
9.259161512335629
9.259161512335629
9.259161512335629
9.259161512335629
9.259161512335629
9.259161512335629
9.268058235092035
9.268058235092035
9.268058235092035
9.290003676202975
9.290003676202975
9.290003676202975
9.290003676202975
9.290003676202975
9.290003676202975
9.290003676202975
9.290003676202975
9.290003676202975
9.290003676202975
9.290003676202975
9.290003676202975
9.290003676202975
9.362236753417834
9.362236753417834
9.414547218178878
9.414547218178878
9.414547218178878
9.414547218178878
9.414547218178878
9.414547218178878
9.414547218178878
9.414547218178878
9.414547218178878
9.414547218178878
9.414547218178878
9.414547218178878
9.414547218178878
9.414547218178878
9.414547218178878
9.414547218178878
9.414547218178878
9.414547218178878
9.414547218178878
9.414547218178878
9.414547218178878
9.414547218178878
9.414547218178878
9.414547218178878
9.414547218178878
9.414547218178878
9.414547218178878
9.422848822467905
9.422848822467905
9.422848822467905
9.470964367507436
9.470964367507436
9.470964367507436
9.470964367507436
9.470964367507436
9.470964367507436
9.470964367507436
9.470964367507436
9.470964367507436
9.470964367507436
9.470964367507436
9.497976881100291
9.497976881100291
9.497976881100291
9.497976881100291
9.497976881100291
9.497976881100291
9.497976881100291
9.497976881100291
9.497976881100291
9.497976881100291
9.497976881100291
9.497976881100291
9.497976881100291
9.497976881100291
9.497976881100291
9.497976881100291
9.497976881100291
9.497976881100291
9.497976881100291
9.497976881100291
9.497976881100291
9.497976881100291
9.497976881100291
9.497976881100291
9.497976881100291
9.497976881100291
9.497976881100291
9.497976881100291
9.527545951013689
9.527545951013689
9.527545951013689
9.527545951013689
9.527545951013689
9.527545951013689
9.578624224640148
9.578624224640148
9.578624224640148
9.578624224640148
9.578624224640148
9.578624224640148
9.578624224640148
9.591490932540609
9.591490932540609
9.591490932540609
9.591490932540609
9.591490932540609
9.591490932540609
9.591490932540609
9.591490932540609
9.591490932540609
9.591490932540609
9.591490932540609
9.591490932540609
9.591490932540609
9.591490932540609
9.591490932540609
9.591490932540609
9.591490932540609
9.600729071804222
9.600729071804222
9.600729071804222
9.600729071804222
9.646423825320602
9.646423825320602
9.646423825320602
9.646423825320602
9.646423825320602
9.646423825320602
9.646423825320602
9.646423825320602
9.646423825320602
9.646423825320602
9.646423825320602
9.646423825320602
9.646423825320602
9.646423825320602
9.646423825320602
9.646423825320602
9.646423825320602
9.646423825320602
9.659986258317865
9.659986258317865
9.659986258317865
9.659986258317865
9.659986258317865
9.659986258317865
9.659986258317865
9.659986258317865
9.659986258317865
9.659986258317865
9.659986258317865
9.659986258317865
9.659986258317865
9.659986258317865
9.659986258317865
9.659986258317865
9.659986258317865
9.659986258317865
9.659986258317865
9.659986258317865
9.659986258317865
9.659986258317865
9.659986258317865
9.659986258317865
9.659986258317865
9.659986258317865
9.67960625018028
9.67960625018028
9.683211785037305
9.683211785037305
9.683211785037305
9.683211785037305
9.683211785037305
9.683211785037305
9.683211785037305
9.683211785037305
9.683211785037305
9.683211785037305
9.683211785037305
9.683211785037305
9.683211785037305
9.683211785037305
9.70064309795899
9.70064309795899
9.70064309795899
9.70064309795899
9.70064309795899
9.70064309795899
9.70064309795899
9.70064309795899
9.70064309795899
9.70064309795899
9.70064309795899
9.70064309795899
9.70064309795899
9.70064309795899
9.70064309795899
9.70064309795899
9.734169345463998
9.734169345463998
9.734169345463998
9.734169345463998
9.734169345463998
9.734169345463998
9.734169345463998
9.734169345463998
9.751322736997796
9.751322736997796
9.751322736997796
9.751322736997796
9.751322736997796
9.751322736997796
9.751322736997796
9.751322736997796
9.751322736997796
9.751322736997796
9.751322736997796
9.751322736997796
9.751322736997796
9.751322736997796
9.751322736997796
9.751322736997796
9.751322736997796
9.76783467999251
9.76783467999251
9.76783467999251
9.76783467999251
9.76783467999251
9.76783467999251
9.76783467999251
9.76783467999251
9.76783467999251
9.76783467999251
9.76783467999251
9.76783467999251
9.76783467999251
9.76783467999251
9.76783467999251
9.76783467999251
9.76783467999251
9.76783467999251
9.76783467999251
9.76783467999251
9.76783467999251
9.76783467999251
9.76783467999251
9.76783467999251
9.76783467999251
9.76783467999251
9.76783467999251
9.76783467999251
9.76783467999251
9.76783467999251
9.76783467999251
9.76783467999251
9.76783467999251
9.76783467999251
9.76783467999251
9.76783467999251
9.76783467999251
9.76783467999251
9.76783467999251
9.76783467999251
9.76783467999251
9.76783467999251
9.76783467999251
9.76783467999251
9.76783467999251
9.76783467999251
9.76783467999251
9.76783467999251
9.76783467999251
9.76783467999251
9.76783467999251
9.76783467999251
9.76783467999251
9.76783467999251
9.76783467999251
9.76783467999251
9.76783467999251
9.76783467999251
9.76783467999251
9.76783467999251
9.76783467999251
9.76783467999251
9.76783467999251
9.76783467999251
9.76783467999251
9.76783467999251
9.76783467999251
9.76783467999251
9.76783467999251
9.76783467999251
9.76783467999251
9.76783467999251
9.76783467999251
9.76783467999251
9.76783467999251
9.76783467999251
9.76783467999251
9.76783467999251
9.76783467999251
9.76783467999251
9.76783467999251
9.76783467999251
9.76783467999251
9.76783467999251
9.76783467999251
9.76783467999251
9.76783467999251
9.76783467999251
9.76783467999251
9.76783467999251
9.76783467999251
9.76783467999251
9.76783467999251
9.76783467999251
9.76783467999251
9.76783467999251
9.76783467999251
9.76783467999251
9.76783467999251
9.76783467999251
9.76783467999251
9.76783467999251
9.76783467999251
9.76783467999251
9.76783467999251
9.76783467999251
9.76783467999251
9.76783467999251
9.76783467999251
9.76783467999251
9.76783467999251
9.76783467999251
9.76783467999251
9.76783467999251
9.76783467999251
9.76783467999251
9.76783467999251
9.76783467999251
9.76783467999251
9.76783467999251
9.76783467999251
9.76783467999251
9.76783467999251
9.76783467999251
9.76783467999251
9.76783467999251
9.76783467999251
9.76783467999251
9.76783467999251
9.76783467999251
9.76783467999251
9.76783467999251
9.76783467999251
9.76783467999251
9.76783467999251
9.76783467999251
9.76783467999251
9.76783467999251
9.76783467999251
9.76783467999251
9.76783467999251
9.76783467999251
9.76783467999251
9.76783467999251
9.76783467999251
9.76783467999251
9.76783467999251
9.76783467999251
9.76783467999251
9.76783467999251
9.76783467999251
9.76783467999251
9.76783467999251
9.76783467999251
9.76783467999251
9.76783467999251
9.76783467999251
9.76783467999251
9.76783467999251
9.76783467999251
9.76783467999251
9.76783467999251
9.76783467999251
9.76783467999251
9.76783467999251
9.76783467999251
9.76783467999251
9.76783467999251
9.76783467999251
9.76783467999251
9.76783467999251
9.76783467999251
9.76783467999251
9.76783467999251
9.76783467999251
9.76783467999251
9.76783467999251
9.76783467999251
9.76783467999251
9.76783467999251
9.76783467999251
9.76783467999251
9.76783467999251
9.76783467999251
9.76783467999251
9.76783467999251
9.76783467999251
9.76783467999251
9.76783467999251
9.76783467999251
9.76783467999251
9.76783467999251
9.76783467999251
9.76783467999251
9.76783467999251
9.76783467999251
9.76783467999251
9.76783467999251
9.76783467999251
9.76783467999251
9.76783467999251
9.76783467999251
9.76783467999251
9.76783467999251
9.76783467999251
9.76783467999251
9.76783467999251
9.76783467999251
9.76783467999251
9.76783467999251
9.76783467999251
9.76783467999251
9.76783467999251
9.76783467999251
9.76783467999251
9.76783467999251
9.76783467999251
9.76783467999251
9.76783467999251
9.76783467999251
9.76783467999251
9.76783467999251
9.76783467999251
9.76783467999251
9.76783467999251
9.76783467999251
9.76783467999251
9.76783467999251
9.76783467999251
9.76783467999251
9.76783467999251
9.76783467999251
9.76783467999251
9.76783467999251
9.76783467999251
9.76783467999251
9.76783467999251
9.76783467999251
9.76783467999251
9.76783467999251
9.76783467999251
9.76783467999251
9.76783467999251
9.76783467999251
9.76783467999251
9.76783467999251
9.76783467999251
9.76783467999251
9.76783467999251
9.76783467999251
9.76783467999251
9.76783467999251
9.76783467999251
9.76783467999251
9.76783467999251
9.76783467999251
9.76783467999251
9.76783467999251
9.76783467999251
9.76783467999251
9.76783467999251
9.76783467999251
9.76783467999251
9.76783467999251
9.76783467999251
9.76783467999251
9.76783467999251
9.76783467999251
9.76783467999251
9.76783467999251
9.76783467999251
9.76783467999251
9.76783467999251
9.76783467999251
9.76783467999251
9.76783467999251
9.76783467999251
9.76783467999251
9.76783467999251
9.76783467999251
9.76783467999251
9.76783467999251
9.76783467999251
9.76783467999251
9.76783467999251
9.76783467999251
9.76783467999251
9.76783467999251
9.76783467999251
9.76783467999251
9.76783467999251
9.76783467999251
9.76783467999251
9.76783467999251
9.76783467999251
9.76783467999251
9.76783467999251
9.76783467999251
9.76783467999251
9.76783467999251
9.76783467999251
9.76783467999251
9.76783467999251
9.76783467999251
9.76783467999251
9.76783467999251
9.76783467999251
9.76783467999251
9.76783467999251
9.76783467999251
9.76783467999251
9.76783467999251
9.76783467999251
9.76783467999251
9.76783467999251
9.76783467999251
9.76783467999251
9.76783467999251
9.76783467999251
9.76783467999251
9.76783467999251
9.76783467999251
9.76783467999251
9.76783467999251
9.76783467999251
9.76783467999251
9.76783467999251
9.76783467999251
9.76783467999251
9.76783467999251
9.76783467999251
9.76783467999251
9.76783467999251
9.76783467999251
9.76783467999251
9.76783467999251
9.76783467999251
9.76783467999251
9.76783467999251
9.76783467999251
9.76783467999251
9.76783467999251
9.76783467999251
9.76783467999251
9.76783467999251
9.76783467999251
9.76783467999251
9.76783467999251
9.76783467999251
9.76783467999251
9.76783467999251
9.76783467999251
9.76783467999251
9.76783467999251
9.76783467999251
9.76783467999251
9.76783467999251
9.76783467999251
9.76783467999251
9.76783467999251
9.76783467999251
9.76783467999251
9.76783467999251
9.76783467999251
9.76783467999251
9.76783467999251
9.76783467999251
9.76783467999251
9.76783467999251
9.76783467999251
9.76783467999251
9.76783467999251
9.76783467999251
9.76783467999251
9.76783467999251
9.76783467999251
9.76783467999251
9.76783467999251
9.768214061954431
9.768214061954431
9.768214061954431
9.768214061954431
9.768214061954431
9.768214061954431
9.768214061954431
9.768214061954431
9.768214061954431
9.768214061954431
9.768214061954431
9.768214061954431
9.768214061954431
9.768214061954431
9.768214061954431
9.768214061954431
9.768214061954431
9.768214061954431
9.768214061954431
9.768214061954431
9.768214061954431
9.768214061954431
9.768214061954431
9.768214061954431
9.768214061954431
9.768214061954431
9.768214061954431
9.768214061954431
9.768214061954431
9.768214061954431
9.768214061954431
9.768214061954431
9.768214061954431
9.768214061954431
9.768214061954431
9.768214061954431
9.768214061954431
9.768214061954431
9.768214061954431
9.768214061954431
9.768214061954431
9.768214061954431
9.768214061954431
9.768214061954431
9.768214061954431
9.768214061954431
9.768214061954431
9.768214061954431
9.768214061954431
9.768214061954431
9.768214061954431
9.768214061954431
9.768214061954431
9.768214061954431
9.768214061954431
9.768214061954431
9.768214061954431
9.768214061954431
9.768214061954431
9.768214061954431
9.768214061954431
9.768214061954431
9.768214061954431
9.768214061954431
9.768214061954431
9.768214061954431
9.768214061954431
9.768214061954431
9.768214061954431
9.768214061954431
9.768214061954431
9.768214061954431
9.768214061954431
9.768214061954431
9.768214061954431
9.768214061954431
9.768214061954431
9.768214061954431
9.768214061954431
9.768214061954431
9.768214061954431
9.768214061954431
9.768214061954431
9.768214061954431
9.768214061954431
9.768214061954431
9.768214061954431
9.768214061954431
9.768214061954431
9.768214061954431
9.768214061954431
9.768214061954431
9.768214061954431
9.768214061954431
9.768214061954431
9.768214061954431
9.768214061954431
9.768214061954431
9.768214061954431
9.768214061954431
9.768214061954431
9.768214061954431
9.768214061954431
9.768214061954431
9.768214061954431
9.768214061954431
9.768214061954431
9.768214061954431
9.768214061954431
9.768214061954431
9.768214061954431
9.768214061954431
9.768214061954431
9.768214061954431
9.768214061954431
9.768214061954431
9.768214061954431
9.768214061954431
9.768214061954431
9.768214061954431
9.768214061954431
9.768214061954431
9.768214061954431
9.768214061954431
9.768214061954431
9.768214061954431
9.768214061954431
9.768214061954431
9.768214061954431
9.768214061954431
9.768214061954431
9.768214061954431
9.768214061954431
9.768214061954431
9.768214061954431
9.768214061954431
9.768214061954431
9.768214061954431
9.768214061954431
9.768214061954431
9.768214061954431
9.768214061954431
9.768214061954431
9.768214061954431
9.768214061954431
9.768214061954431
9.768214061954431
9.768214061954431
9.768214061954431
9.768214061954431
9.768214061954431
9.768214061954431
9.768214061954431
9.768214061954431
9.768214061954431
9.768214061954431
9.768214061954431
9.768214061954431
9.768214061954431
9.768214061954431
9.768214061954431
9.768214061954431
9.768214061954431
9.768214061954431
9.768214061954431
9.768214061954431
9.768214061954431
9.768214061954431
9.768214061954431
9.768214061954431
9.768214061954431
9.768214061954431
9.768214061954431
9.768214061954431
9.768214061954431
9.768214061954431
9.768214061954431
9.768214061954431
9.768214061954431
9.768214061954431
9.768214061954431
9.768214061954431
9.768214061954431
9.768214061954431
9.768214061954431
9.768214061954431
9.768214061954431
9.768214061954431
9.768214061954431
9.768214061954431
9.768214061954431
9.768214061954431
9.768214061954431
9.768214061954431
9.768214061954431
9.768214061954431
9.768214061954431
9.768214061954431
9.768214061954431
9.768214061954431
9.768214061954431
9.768214061954431
9.768214061954431
9.768214061954431
9.768214061954431
9.768214061954431
9.768214061954431
9.768214061954431
9.768214061954431
9.768214061954431
9.768214061954431
9.768214061954431
9.768214061954431
9.768214061954431
9.768214061954431
9.768214061954431
9.768214061954431
9.768214061954431
9.768214061954431
9.768214061954431
9.768214061954431
9.768214061954431
9.768214061954431
9.768214061954431
9.768214061954431
9.768214061954431
9.768214061954431
9.768214061954431
9.768214061954431
9.768214061954431
9.768214061954431
9.768214061954431
9.768214061954431
9.768214061954431
9.768214061954431
9.768214061954431
9.768214061954431
9.768214061954431
9.768214061954431
9.768214061954431
9.768214061954431
9.768214061954431
9.768214061954431
9.768214061954431
9.768214061954431
9.768214061954431
9.768214061954431
9.768214061954431
9.768214061954431
9.768214061954431
9.768214061954431
9.768214061954431
9.768214061954431
9.768214061954431
9.768214061954431
9.768214061954431
9.768214061954431
9.768214061954431
9.768214061954431
9.768214061954431
9.768214061954431
9.768214061954431
9.768214061954431
9.768214061954431
9.768214061954431
9.768214061954431
9.768214061954431
9.768214061954431
9.768214061954431
9.768214061954431
9.768214061954431
9.768214061954431
9.768214061954431
9.768214061954431
9.768214061954431
9.768214061954431
9.768214061954431
9.768214061954431
9.768214061954431
9.768214061954431
9.768214061954431
9.768214061954431
9.768214061954431
9.768214061954431
9.768214061954431
9.768214061954431
9.768214061954431
9.768214061954431
9.768214061954431
9.768214061954431
9.768214061954431
9.768214061954431
9.768214061954431
9.768214061954431
9.768214061954431
9.768214061954431
9.768214061954431
9.768214061954431
9.768214061954431
9.768214061954431
9.768214061954431
9.768214061954431
9.768214061954431
9.768214061954431
9.768214061954431
9.768214061954431
9.774337088144806
9.774337088144806
9.774337088144806
9.774337088144806
9.774337088144806
9.774337088144806
9.774337088144806
9.774337088144806
9.774337088144806
9.774337088144806
9.774337088144806
9.774337088144806
9.774337088144806
9.774337088144806
9.774337088144806
9.774337088144806
9.774337088144806
9.774337088144806
9.774337088144806
9.774337088144806
9.774337088144806
9.774337088144806
9.774337088144806
9.774337088144806
9.774337088144806
9.774337088144806
9.774337088144806
9.774337088144806
9.774337088144806
9.774337088144806
9.774337088144806
9.774337088144806
9.774337088144806
9.774337088144806
9.774337088144806
9.774337088144806
9.774337088144806
9.774337088144806
9.774337088144806
9.774337088144806
9.774337088144806
9.774337088144806
9.774337088144806
9.774337088144806
9.774337088144806
9.774337088144806
9.774337088144806
9.774337088144806
9.774337088144806
9.774337088144806
9.774337088144806
9.774337088144806
9.774337088144806
9.774337088144806
9.774337088144806
9.774337088144806
9.774337088144806
9.774337088144806
9.774337088144806
9.774337088144806
9.774337088144806
9.774337088144806
9.774337088144806
9.774337088144806
9.774337088144806
9.774337088144806
9.774337088144806
9.774337088144806
9.774337088144806
9.774337088144806
9.774337088144806
9.774337088144806
9.774337088144806
9.774337088144806
9.774337088144806
9.774337088144806
9.774337088144806
9.774337088144806
9.774337088144806
9.774337088144806
9.774337088144806
9.774337088144806
9.774337088144806
9.774337088144806
9.774337088144806
9.774337088144806
9.774337088144806
9.774337088144806
9.774337088144806
9.774337088144806
9.774337088144806
9.774337088144806
9.774337088144806
9.774337088144806
9.774337088144806
9.774337088144806
9.774337088144806
9.774337088144806
9.774337088144806
9.774337088144806
9.774337088144806
9.774337088144806
9.774337088144806
9.774337088144806
9.774337088144806
9.774337088144806
9.774337088144806
9.774337088144806
9.774337088144806
9.774337088144806
9.774337088144806
9.774337088144806
9.774337088144806
9.774337088144806
9.774337088144806
9.774337088144806
9.774337088144806
9.774337088144806
9.774337088144806
9.774337088144806
9.774337088144806
9.774337088144806
9.774337088144806
9.774337088144806
9.774337088144806
9.774337088144806
9.774337088144806
9.774337088144806
9.774337088144806
9.774337088144806
9.774337088144806
9.774337088144806
9.774337088144806
9.774337088144806
9.774337088144806
9.774337088144806
9.774337088144806
9.774337088144806
9.774337088144806
9.774337088144806
9.774337088144806
9.774337088144806
9.774337088144806
9.774337088144806
9.774337088144806
9.774337088144806
9.774337088144806
9.774337088144806
9.774337088144806
9.774337088144806
9.774337088144806
9.774337088144806
9.774337088144806
9.774337088144806
9.774337088144806
9.774337088144806
9.774337088144806
9.774337088144806
9.774337088144806
9.774337088144806
9.774337088144806
9.774337088144806
9.774337088144806
9.774337088144806
9.774337088144806
9.774337088144806
9.774337088144806
9.774337088144806
9.774337088144806
9.774337088144806
9.774337088144806
9.774337088144806
9.774337088144806
9.774337088144806
9.774337088144806
9.774337088144806
9.774337088144806
9.774337088144806
9.774337088144806
9.774337088144806
9.774337088144806
9.774337088144806
9.774337088144806
9.774337088144806
9.774337088144806
9.774337088144806
9.774337088144806
9.774337088144806
9.774337088144806
9.774337088144806
9.774337088144806
9.774337088144806
9.774337088144806
9.774337088144806
9.774337088144806
9.774337088144806
9.774337088144806
9.774337088144806
9.774337088144806
9.774337088144806
9.774337088144806
9.774337088144806
9.774337088144806
9.774337088144806
9.774337088144806
9.774337088144806
9.774337088144806
9.774337088144806
9.774337088144806
9.774337088144806
9.774337088144806
9.774337088144806
9.774337088144806
9.774337088144806
9.774337088144806
9.774337088144806
9.774337088144806
9.774337088144806
9.774337088144806
9.774337088144806
9.774337088144806
9.774337088144806
9.774337088144806
9.774337088144806
9.774337088144806
9.774337088144806
9.774337088144806
9.774337088144806
9.774337088144806
9.774337088144806
9.774337088144806
9.774337088144806
9.774337088144806
9.774337088144806
9.774337088144806
9.774337088144806
9.774337088144806
9.774337088144806
9.774337088144806
9.774337088144806
9.774337088144806
9.774337088144806
9.774337088144806
9.774337088144806
9.774337088144806
9.774337088144806
9.774337088144806
9.774337088144806
9.774337088144806
9.774337088144806
9.774337088144806
9.774337088144806
9.774337088144806
9.774337088144806
9.774337088144806
9.774337088144806
9.774337088144806
9.774337088144806
9.774337088144806
9.774337088144806
9.774337088144806
9.774337088144806
9.774337088144806
9.774337088144806
9.774337088144806
9.774337088144806
9.774337088144806
9.774337088144806
9.774337088144806
9.774337088144806
9.774337088144806
9.774337088144806
9.774337088144806
9.774337088144806
9.774337088144806
9.774337088144806
9.774337088144806
9.774337088144806
9.774337088144806
9.774337088144806
9.774337088144806
9.774337088144806
9.774337088144806
9.774337088144806
9.774337088144806
9.774337088144806
9.774337088144806
9.774337088144806
9.774337088144806
9.774337088144806
9.774337088144806
9.774337088144806
9.774337088144806
9.774337088144806
9.774337088144806
9.774337088144806
9.774337088144806
9.774337088144806
9.774337088144806
9.774337088144806
9.774337088144806
9.774337088144806
9.774337088144806
9.774337088144806
9.774337088144806
9.774337088144806
9.774337088144806
9.774337088144806
9.774337088144806
9.774337088144806
9.774337088144806
9.774337088144806
9.774337088144806
9.774337088144806
9.774337088144806
9.774337088144806
9.774337088144806
9.774337088144806
9.774337088144806
9.774337088144806
9.774337088144806
9.774337088144806
9.774337088144806
9.774337088144806
9.774337088144806
9.774337088144806
9.774337088144806
9.774337088144806
9.774337088144806
9.774337088144806
9.774337088144806
9.774337088144806
9.774337088144806
9.774337088144806
9.774337088144806
9.774337088144806
9.774337088144806
9.774337088144806
9.774337088144806
9.774337088144806
9.774337088144806
9.774337088144806
9.774337088144806
9.774337088144806
9.774337088144806
9.774337088144806
9.774337088144806
9.774337088144806
9.774337088144806
9.774337088144806
9.774337088144806
9.774337088144806
9.774337088144806
9.774337088144806
9.774337088144806
9.774337088144806
9.774337088144806
9.774337088144806
9.774337088144806
9.774337088144806
9.774337088144806
9.774337088144806
9.774337088144806
9.774337088144806
9.774337088144806
9.774337088144806
9.774337088144806
9.774337088144806
9.774337088144806
9.774337088144806
9.774337088144806
9.774337088144806
9.774337088144806
9.774337088144806
9.774337088144806
9.774337088144806
9.774337088144806
9.774337088144806
9.774337088144806
9.774337088144806
9.774337088144806
9.774337088144806
9.774620865774462
9.774620865774462
9.774620865774462
9.774620865774462
9.774620865774462
9.774620865774462
9.774620865774462
9.774620865774462
9.774620865774462
9.774620865774462
9.774620865774462
9.774620865774462
9.774620865774462
9.774620865774462
9.774620865774462
9.774620865774462
9.774620865774462
9.774620865774462
9.774620865774462
9.774620865774462
9.774620865774462
9.774620865774462
9.774620865774462
9.774620865774462
9.774620865774462
9.774620865774462
9.774620865774462
9.774620865774462
9.774620865774462
9.774620865774462
9.774620865774462
9.774620865774462
9.774620865774462
9.774620865774462
9.774620865774462
9.774620865774462
9.774620865774462
9.774620865774462
9.774620865774462
9.774620865774462
9.774620865774462
9.774620865774462
9.774620865774462
9.774620865774462
9.774620865774462
9.774620865774462
9.774620865774462
9.774620865774462
9.774620865774462
9.774620865774462
9.774620865774462
9.774620865774462
9.774620865774462
9.774620865774462
9.774620865774462
9.774620865774462
9.774620865774462
9.774620865774462
9.774620865774462
9.774620865774462
9.774620865774462
9.774620865774462
9.774620865774462
9.774620865774462
9.774620865774462
9.774620865774462
9.774620865774462
9.774620865774462
9.774620865774462
9.774620865774462
9.774620865774462
9.774620865774462
9.774620865774462
9.774620865774462
9.774620865774462
9.774620865774462
9.774620865774462
9.774620865774462
9.774620865774462
9.774620865774462
9.774620865774462
9.774620865774462
9.774620865774462
9.774620865774462
9.774620865774462
9.774620865774462
9.774620865774462
9.774620865774462
9.774620865774462
9.774620865774462
9.774620865774462
9.774620865774462
9.774620865774462
9.774620865774462
9.774620865774462
9.774620865774462
9.774620865774462
9.774620865774462
9.774620865774462
9.774620865774462
9.774620865774462
9.774620865774462
9.774620865774462
9.774620865774462
9.774620865774462
9.774620865774462
9.774620865774462
9.774620865774462
9.774620865774462
9.774620865774462
9.774620865774462
9.774620865774462
9.774620865774462
9.779162967230475
9.779162967230475
9.779162967230475
9.779162967230475
9.779162967230475
9.779162967230475
9.779162967230475
9.779162967230475
9.779162967230475
9.779162967230475
9.779162967230475
9.779162967230475
9.779162967230475
9.779162967230475
9.779162967230475
9.779162967230475
9.779162967230475
9.779162967230475
9.779162967230475
9.779162967230475
9.779162967230475
9.779162967230475
9.779162967230475
9.779162967230475
9.779162967230475
9.779162967230475
9.779162967230475
9.779162967230475
9.779162967230475
9.779162967230475
9.779162967230475
9.779162967230475
9.779162967230475
9.779162967230475
9.779162967230475
9.779162967230475
9.779162967230475
9.779162967230475
9.779162967230475
9.781884564398379
9.781884564398379
9.781884564398379
9.781884564398379
9.781884564398379
9.781884564398379
9.781884564398379
9.781884564398379
9.781884564398379
9.781884564398379
9.781884564398379
9.781884564398379
9.781884564398379
9.781884564398379
9.781884564398379
9.781884564398379
9.781884564398379
9.781884564398379
9.781884564398379
9.781884564398379
9.781884564398379
9.781884564398379
9.781884564398379
9.781884564398379
9.781884564398379
9.781884564398379
9.781884564398379
9.781884564398379
9.781884564398379
9.781884564398379
9.781884564398379
9.781884564398379
9.781884564398379
9.781884564398379
9.781884564398379
9.781884564398379
9.781884564398379
9.781884564398379
9.781884564398379
9.781884564398379
9.781884564398379
9.781884564398379
9.781884564398379
9.781884564398379
9.781884564398379
9.781884564398379
9.781884564398379
9.781884564398379
9.781884564398379
9.781884564398379
9.781884564398379
9.781884564398379
9.781884564398379
9.781884564398379
9.781884564398379
9.781884564398379
9.781884564398379
9.781884564398379
9.781884564398379
9.781884564398379
9.781884564398379
9.781884564398379
9.781884564398379
9.781884564398379
9.781884564398379
9.781884564398379
9.781884564398379
9.781884564398379
9.781884564398379
9.781884564398379
9.781884564398379
9.781884564398379
9.781884564398379
9.781884564398379
9.781884564398379
9.781884564398379
9.781884564398379
9.781884564398379
9.781884564398379
9.781884564398379
9.781884564398379
9.781884564398379
9.781884564398379
9.781884564398379
9.781884564398379
9.781884564398379
9.781884564398379
9.781884564398379
9.781884564398379
9.781884564398379
9.781884564398379
9.781884564398379
9.781884564398379
9.781884564398379
9.781884564398379
9.781884564398379
9.781884564398379
9.781884564398379
9.781884564398379
9.781884564398379
9.781884564398379
9.781884564398379
9.781884564398379
9.781884564398379
9.781884564398379
9.781884564398379
9.781884564398379
9.781884564398379
9.781884564398379
9.781884564398379
9.781884564398379
9.781884564398379
9.781884564398379
9.781884564398379
9.781884564398379
9.781884564398379
9.781884564398379
9.781884564398379
9.781884564398379
9.781884564398379
9.781884564398379
9.781884564398379
9.781884564398379
9.781884564398379
9.781884564398379
9.781884564398379
9.781884564398379
9.781884564398379
9.781884564398379
9.781884564398379
9.781884564398379
9.781884564398379
9.781884564398379
9.781884564398379
9.781884564398379
9.781884564398379
9.781884564398379
9.781884564398379
9.781884564398379
9.781884564398379
9.781884564398379
9.781884564398379
9.781884564398379
9.781884564398379
9.781884564398379
9.781884564398379
9.781884564398379
9.781884564398379
9.781884564398379
9.781884564398379
9.781884564398379
9.781884564398379
9.781884564398379
9.781884564398379
9.781884564398379
9.781884564398379
9.781884564398379
9.781884564398379
9.781884564398379
9.781884564398379
9.781884564398379
9.781884564398379
9.781884564398379
9.781884564398379
9.781884564398379
9.781884564398379
9.781884564398379
9.781884564398379
9.781884564398379
9.781884564398379
9.781884564398379
9.781884564398379
9.781884564398379
9.781884564398379
9.781884564398379
9.781884564398379
9.781884564398379
9.781884564398379
9.781884564398379
9.781884564398379
9.781884564398379
9.781884564398379
9.781884564398379
9.781884564398379
9.781884564398379
9.781884564398379
9.781884564398379
9.781884564398379
9.781884564398379
9.781884564398379
9.781884564398379
9.781884564398379
9.781884564398379
9.786993180917577
9.786993180917577
9.786993180917577
9.786993180917577
9.786993180917577
9.786993180917577
9.786993180917577
9.786993180917577
9.786993180917577
9.786993180917577
9.786993180917577
9.786993180917577
9.786993180917577
9.786993180917577
9.786993180917577
9.786993180917577
9.786993180917577
9.786993180917577
9.786993180917577
9.786993180917577
9.786993180917577
9.786993180917577
9.786993180917577
9.786993180917577
9.786993180917577
9.786993180917577
9.786993180917577
9.786993180917577
9.786993180917577
9.786993180917577
9.786993180917577
9.786993180917577
9.786993180917577
9.786993180917577
9.786993180917577
9.786993180917577
9.786993180917577
9.786993180917577
9.786993180917577
9.786993180917577
9.786993180917577
9.786993180917577
9.786993180917577
9.786993180917577
9.786993180917577
9.786993180917577
9.786993180917577
9.786993180917577
9.786993180917577
9.786993180917577
9.786993180917577
9.786993180917577
9.786993180917577
9.786993180917577
9.786993180917577
9.786993180917577
9.786993180917577
9.786993180917577
9.786993180917577
9.786993180917577
9.786993180917577
9.786993180917577
9.786993180917577
9.786993180917577
9.786993180917577
9.786993180917577
9.786993180917577
9.786993180917577
9.786993180917577
9.786993180917577
9.786993180917577
9.786993180917577
9.786993180917577
9.786993180917577
9.786993180917577
9.786993180917577
9.786993180917577
9.786993180917577
9.786993180917577
9.786993180917577
9.790039083674252
9.790039083674252
9.790039083674252
9.790039083674252
9.790039083674252
9.790039083674252
9.790039083674252
9.790039083674252
Score: 9.790039083674252
Runtime: 636ms
