7.217120811826526E-9
7.217120811826526E-9
3.827889340105217E-7
3.827889340105217E-7
3.827889340105217E-7
1.2604179910396898E-5
1.2604179910396898E-5
7.369535663628136E-5
7.369535663628136E-5
9.563089624736785E-4
0.1603574446194085
0.1603574446194085
0.1603574446194085
0.1603574446194085
0.1603574446194085
0.1603574446194085
0.1603574446194085
0.1603574446194085
0.1603574446194085
0.1603574446194085
0.1603574446194085
0.1603574446194085
0.1603574446194085
0.1603574446194085
0.1603574446194085
0.1603574446194085
0.1603574446194085
0.1603574446194085
0.1603574446194085
0.1603574446194085
0.1603574446194085
0.17780642000123204
0.17780642000123204
0.19980519064140684
0.19980519064140684
0.19980519064140684
0.19980519064140684
0.19980519064140684
0.19980519064140684
0.29888670150740754
0.29888670150740754
0.29888670150740754
0.372618658467069
0.372618658467069
0.5646677156265297
0.5646677156265297
0.8379777207307159
0.8379777207307159
0.8379777207307159
0.8379777207307159
0.8379777207307159
0.8379777207307159
1.6028645647835107
1.6028645647835107
1.6179641482598448
1.6179641482598448
1.6179641482598448
1.6179641482598448
1.7274173913617972
1.7274173913617972
1.7274173913617972
1.7274173913617972
1.7274173913617972
1.7274173913617972
1.7274173913617972
1.7274173913617972
1.7274173913617972
1.7274173913617972
1.7274173913617972
1.7274173913617972
1.7274173913617972
1.7274173913617972
1.7274173913617972
1.7274173913617972
1.7274173913617972
1.7274173913617972
2.1754399459183875
2.1791987003190862
2.1791987003190862
2.1791987003190862
2.1791987003190862
2.1791987003190862
2.1791987003190862
2.1791987003190862
2.310344014569417
2.310344014569417
2.5751291724235843
2.5751291724235843
2.5751291724235843
2.79152780043632
2.79152780043632
2.79152780043632
2.79152780043632
3.4928902436716625
3.4928902436716625
3.4928902436716625
3.4928902436716625
3.4928902436716625
3.4928902436716625
3.727098958982965
4.017765884563957
4.017765884563957
4.017765884563957
4.017765884563957
4.017765884563957
4.017765884563957
4.017765884563957
4.017765884563957
4.017765884563957
4.017765884563957
4.017765884563957
4.017765884563957
4.017765884563957
4.017765884563957
4.017765884563957
4.017765884563957
4.017765884563957
4.017765884563957
4.017765884563957
4.017765884563957
4.017765884563957
4.017765884563957
4.017765884563957
4.017765884563957
4.017765884563957
4.017765884563957
4.017765884563957
4.017765884563957
4.369776942681566
4.369776942681566
4.369776942681566
4.369776942681566
4.369776942681566
4.451657890889992
4.451657890889992
4.451657890889992
4.718260765256313
4.718260765256313
4.718260765256313
4.718260765256313
4.718260765256313
4.718260765256313
4.718260765256313
4.718260765256313
4.718260765256313
4.819283579224066
4.819283579224066
4.819283579224066
4.819283579224066
4.819283579224066
4.819283579224066
4.819283579224066
4.819283579224066
4.819283579224066
4.819283579224066
5.374012623699073
5.647873203175415
5.647873203175415
5.647873203175415
5.647873203175415
5.647873203175415
5.647873203175415
5.809129532195291
6.184967098803526
6.184967098803526
6.184967098803526
6.184967098803526
6.6784133904538585
6.6784133904538585
6.6784133904538585
6.6784133904538585
6.6784133904538585
6.6784133904538585
6.6784133904538585
6.6784133904538585
6.6784133904538585
6.6784133904538585
6.6784133904538585
6.6784133904538585
6.9675443612329975
6.9675443612329975
6.9675443612329975
6.9675443612329975
6.9675443612329975
6.9675443612329975
6.9675443612329975
6.9675443612329975
6.9675443612329975
6.9675443612329975
6.9675443612329975
6.9675443612329975
6.9675443612329975
6.9675443612329975
6.9675443612329975
6.9675443612329975
6.9675443612329975
6.9675443612329975
6.9675443612329975
6.9675443612329975
6.9675443612329975
6.9675443612329975
6.9675443612329975
6.9675443612329975
6.9675443612329975
6.9675443612329975
6.9675443612329975
6.9675443612329975
6.9675443612329975
6.9675443612329975
7.317407627809358
7.317407627809358
7.317407627809358
7.317407627809358
7.317407627809358
7.317407627809358
7.317407627809358
7.317407627809358
7.317407627809358
7.317407627809358
7.317407627809358
7.317407627809358
7.317407627809358
7.317407627809358
7.317407627809358
7.317407627809358
7.317407627809358
7.317407627809358
7.317407627809358
7.317407627809358
7.317407627809358
7.465551020120223
7.465551020120223
7.465551020120223
7.465551020120223
7.465551020120223
7.465551020120223
7.465551020120223
7.465551020120223
7.465551020120223
7.465551020120223
7.547127899605952
7.547127899605952
7.547127899605952
7.547127899605952
7.547127899605952
7.547127899605952
7.547127899605952
7.547127899605952
7.547127899605952
7.547127899605952
7.547127899605952
7.547127899605952
7.547127899605952
7.547127899605952
7.547127899605952
7.547127899605952
7.547127899605952
7.547127899605952
7.547127899605952
7.547127899605952
7.547127899605952
7.547127899605952
7.547127899605952
7.547127899605952
7.547127899605952
7.547127899605952
7.547127899605952
7.547127899605952
7.547127899605952
7.547127899605952
7.547127899605952
7.547127899605952
7.547127899605952
7.547127899605952
7.547127899605952
7.547127899605952
7.547127899605952
7.547127899605952
7.547127899605952
7.547127899605952
7.547127899605952
7.547127899605952
7.547127899605952
7.547127899605952
7.547127899605952
7.547127899605952
7.547127899605952
7.547127899605952
7.547127899605952
7.547127899605952
7.547127899605952
7.547127899605952
7.547127899605952
7.547127899605952
7.547127899605952
7.547127899605952
7.547127899605952
7.547127899605952
7.547127899605952
7.547127899605952
7.547127899605952
7.547127899605952
7.547127899605952
7.547127899605952
7.547127899605952
7.547127899605952
7.547127899605952
7.547127899605952
7.547127899605952
7.547127899605952
7.547127899605952
7.547127899605952
7.547127899605952
7.547127899605952
7.547127899605952
7.547127899605952
7.547127899605952
7.547127899605952
7.547127899605952
7.547127899605952
7.547127899605952
7.9400442106975175
7.9400442106975175
7.9400442106975175
7.9400442106975175
7.9400442106975175
7.9400442106975175
8.192908451293793
8.192908451293793
8.192908451293793
8.192908451293793
8.192908451293793
8.192908451293793
8.192908451293793
8.192908451293793
8.192908451293793
8.192908451293793
8.192908451293793
8.192908451293793
8.192908451293793
8.192908451293793
8.192908451293793
8.192908451293793
8.192908451293793
8.192908451293793
8.192908451293793
8.192908451293793
8.192908451293793
8.192908451293793
8.192908451293793
8.192908451293793
8.192908451293793
8.192908451293793
8.192908451293793
8.192908451293793
8.192908451293793
8.192908451293793
8.192908451293793
8.192908451293793
8.192908451293793
8.192908451293793
8.192908451293793
8.192908451293793
8.192908451293793
8.192908451293793
8.192908451293793
8.192908451293793
8.192908451293793
8.192908451293793
8.192908451293793
8.192908451293793
8.192908451293793
8.192908451293793
8.192908451293793
8.192908451293793
8.192908451293793
8.192908451293793
8.192908451293793
8.192908451293793
8.192908451293793
8.192908451293793
8.192908451293793
8.192908451293793
8.192908451293793
8.192908451293793
8.192908451293793
8.192908451293793
8.192908451293793
8.192908451293793
8.192908451293793
8.192908451293793
8.192908451293793
8.192908451293793
8.192908451293793
8.192908451293793
8.192908451293793
8.192908451293793
8.192908451293793
8.192908451293793
8.192908451293793
8.192908451293793
8.192908451293793
8.192908451293793
8.192908451293793
8.192908451293793
8.192908451293793
8.192908451293793
8.192908451293793
8.192908451293793
8.192908451293793
8.192908451293793
8.192908451293793
8.192908451293793
8.192908451293793
8.192908451293793
8.192908451293793
8.192908451293793
8.192908451293793
8.192908451293793
8.192908451293793
8.192908451293793
8.192908451293793
8.192908451293793
8.192908451293793
8.192908451293793
8.192908451293793
8.192908451293793
8.192908451293793
8.192908451293793
8.192908451293793
8.192908451293793
8.192908451293793
8.192908451293793
8.192908451293793
8.192908451293793
8.192908451293793
8.192908451293793
8.192908451293793
8.192908451293793
8.192908451293793
8.192908451293793
8.192908451293793
8.192908451293793
8.192908451293793
8.192908451293793
8.192908451293793
8.192908451293793
8.192908451293793
8.192908451293793
8.192908451293793
8.192908451293793
8.192908451293793
8.192908451293793
8.192908451293793
8.192908451293793
8.192908451293793
8.192908451293793
8.192908451293793
8.192908451293793
8.192908451293793
8.192908451293793
8.192908451293793
8.192908451293793
8.192908451293793
8.192908451293793
8.192908451293793
8.192908451293793
8.192908451293793
8.192908451293793
8.192908451293793
8.192908451293793
8.192908451293793
8.192908451293793
8.192908451293793
8.192908451293793
8.192908451293793
8.192908451293793
8.192908451293793
8.192908451293793
8.192908451293793
8.192908451293793
8.192908451293793
8.192908451293793
8.192908451293793
8.192908451293793
8.192908451293793
8.192908451293793
8.192908451293793
8.192908451293793
8.192908451293793
8.192908451293793
8.192908451293793
8.192908451293793
8.192908451293793
8.192908451293793
8.192908451293793
8.192908451293793
8.192908451293793
8.192908451293793
8.192908451293793
8.192908451293793
8.192908451293793
8.192908451293793
8.192908451293793
8.192908451293793
8.192908451293793
8.192908451293793
8.192908451293793
8.192908451293793
8.192908451293793
8.192908451293793
8.192908451293793
8.192908451293793
8.192908451293793
8.192908451293793
8.192908451293793
8.192908451293793
8.192908451293793
8.192908451293793
8.192908451293793
8.192908451293793
8.192908451293793
8.192908451293793
8.192908451293793
8.192908451293793
8.192908451293793
8.192908451293793
8.192908451293793
8.192908451293793
8.192908451293793
8.192908451293793
8.192908451293793
8.192908451293793
8.192908451293793
8.192908451293793
8.192908451293793
8.192908451293793
8.192908451293793
8.192908451293793
8.192908451293793
8.192908451293793
8.192908451293793
8.192908451293793
8.192908451293793
8.192908451293793
8.192908451293793
8.192908451293793
8.192908451293793
8.192908451293793
8.192908451293793
8.192908451293793
8.192908451293793
8.192908451293793
8.192908451293793
8.192908451293793
8.192908451293793
8.192908451293793
8.192908451293793
8.192908451293793
8.192908451293793
8.192908451293793
8.192908451293793
8.192908451293793
8.192908451293793
8.192908451293793
8.192908451293793
8.192908451293793
8.192908451293793
8.192908451293793
8.192908451293793
8.192908451293793
8.192908451293793
8.192908451293793
8.192908451293793
8.192908451293793
8.192908451293793
8.192908451293793
8.192908451293793
8.192908451293793
8.192908451293793
8.192908451293793
8.192908451293793
8.192908451293793
8.192908451293793
8.192908451293793
8.192908451293793
8.192908451293793
8.192908451293793
8.192908451293793
8.192908451293793
8.192908451293793
8.192908451293793
8.192908451293793
8.192908451293793
8.192908451293793
8.192908451293793
8.192908451293793
8.192908451293793
8.192908451293793
8.192908451293793
8.192908451293793
8.192908451293793
8.192908451293793
8.192908451293793
8.192908451293793
8.192908451293793
8.192908451293793
8.192908451293793
8.467095044204358
8.467095044204358
8.467095044204358
8.467095044204358
8.467095044204358
8.467095044204358
8.467095044204358
8.467095044204358
8.467095044204358
8.467095044204358
8.467095044204358
8.467095044204358
8.467095044204358
8.467095044204358
8.467095044204358
8.467095044204358
8.467095044204358
8.467095044204358
8.467095044204358
8.467095044204358
8.467095044204358
8.467095044204358
8.467095044204358
8.467095044204358
8.467095044204358
8.467095044204358
8.467095044204358
8.467095044204358
8.467095044204358
8.467095044204358
8.467095044204358
8.467095044204358
8.467095044204358
8.467095044204358
8.467095044204358
8.467095044204358
8.467095044204358
8.467095044204358
8.467095044204358
8.467095044204358
8.467095044204358
8.467095044204358
8.467095044204358
8.467095044204358
8.467095044204358
8.467095044204358
8.467095044204358
8.467095044204358
8.467095044204358
8.467095044204358
8.467095044204358
8.467095044204358
8.467095044204358
8.467095044204358
8.467095044204358
8.467095044204358
8.467095044204358
8.467095044204358
8.467095044204358
8.467095044204358
8.467095044204358
8.467095044204358
8.467095044204358
8.467095044204358
8.467095044204358
8.467095044204358
8.467095044204358
8.467095044204358
8.467095044204358
8.467095044204358
8.467095044204358
8.467095044204358
8.467095044204358
8.467095044204358
8.467095044204358
8.467095044204358
8.467095044204358
8.467095044204358
8.467095044204358
8.467095044204358
8.467095044204358
8.467095044204358
8.467095044204358
8.467095044204358
8.467095044204358
8.467095044204358
8.467095044204358
8.467095044204358
8.467095044204358
8.467095044204358
8.467095044204358
8.467095044204358
8.467095044204358
8.467095044204358
8.467095044204358
8.467095044204358
8.467095044204358
8.467095044204358
8.467095044204358
8.467095044204358
8.467095044204358
8.467095044204358
8.467095044204358
8.467095044204358
8.467095044204358
8.467095044204358
8.467095044204358
8.467095044204358
8.467095044204358
8.467095044204358
8.467095044204358
8.467095044204358
8.467095044204358
8.467095044204358
8.467095044204358
8.467095044204358
8.467095044204358
8.467095044204358
8.467095044204358
8.467095044204358
8.467095044204358
8.467095044204358
8.467095044204358
8.467095044204358
8.467095044204358
8.467095044204358
8.467095044204358
8.467095044204358
8.467095044204358
8.467095044204358
8.467095044204358
8.467095044204358
8.467095044204358
8.467095044204358
8.467095044204358
8.467095044204358
8.467095044204358
8.467095044204358
8.467095044204358
8.467095044204358
8.467095044204358
8.467095044204358
8.467095044204358
8.467095044204358
8.467095044204358
8.467095044204358
8.467095044204358
8.467095044204358
8.467095044204358
8.467095044204358
8.467095044204358
8.467095044204358
8.467095044204358
8.467095044204358
8.467095044204358
8.467095044204358
8.467095044204358
8.467095044204358
8.467095044204358
8.467095044204358
8.467095044204358
8.467095044204358
8.467095044204358
8.467095044204358
8.467095044204358
8.467095044204358
8.467095044204358
8.467095044204358
8.467095044204358
8.467095044204358
8.467095044204358
8.467095044204358
8.467095044204358
8.467095044204358
8.467095044204358
8.467095044204358
8.467095044204358
8.467095044204358
8.467095044204358
8.467095044204358
8.467095044204358
8.467095044204358
8.467095044204358
8.467095044204358
8.467095044204358
8.467095044204358
8.467095044204358
8.467095044204358
8.467095044204358
8.467095044204358
8.467095044204358
8.467095044204358
8.467095044204358
8.467095044204358
8.467095044204358
8.467095044204358
8.467095044204358
8.467095044204358
8.467095044204358
8.467095044204358
8.467095044204358
8.467095044204358
8.467095044204358
8.467095044204358
8.467095044204358
8.467095044204358
8.467095044204358
8.467095044204358
8.467095044204358
8.467095044204358
8.467095044204358
8.467095044204358
8.467095044204358
8.467095044204358
8.467095044204358
8.467095044204358
8.467095044204358
8.467095044204358
8.467095044204358
8.467095044204358
8.467095044204358
8.467095044204358
8.467095044204358
8.467095044204358
8.467095044204358
8.467095044204358
8.467095044204358
8.467095044204358
8.467095044204358
8.467095044204358
8.467095044204358
8.467095044204358
8.467095044204358
8.467095044204358
8.467095044204358
8.467095044204358
8.467095044204358
8.467095044204358
8.467095044204358
8.467095044204358
8.467095044204358
8.467095044204358
8.467095044204358
8.467095044204358
8.467095044204358
8.467095044204358
8.467095044204358
8.467095044204358
8.467095044204358
8.467095044204358
8.467095044204358
8.467095044204358
8.467095044204358
8.467095044204358
8.467095044204358
8.467095044204358
8.467095044204358
8.467095044204358
8.467095044204358
8.467095044204358
8.467095044204358
8.467095044204358
8.467095044204358
8.467095044204358
8.467095044204358
8.467095044204358
8.467095044204358
8.467095044204358
8.467095044204358
8.467095044204358
8.467095044204358
8.467095044204358
8.467095044204358
8.467095044204358
8.467095044204358
8.467095044204358
8.467095044204358
8.467095044204358
8.467095044204358
8.467095044204358
8.467095044204358
8.467095044204358
8.467095044204358
8.467095044204358
8.467095044204358
8.467095044204358
8.467095044204358
8.467095044204358
8.467095044204358
8.467095044204358
8.467095044204358
8.467095044204358
8.467095044204358
8.467095044204358
8.467095044204358
8.467095044204358
8.467095044204358
8.467095044204358
8.467095044204358
8.467095044204358
8.467095044204358
8.467095044204358
8.467095044204358
8.467095044204358
8.467095044204358
8.467095044204358
8.467095044204358
8.467095044204358
8.467095044204358
8.467095044204358
8.467095044204358
8.467095044204358
8.467095044204358
8.467095044204358
8.467095044204358
8.467095044204358
8.467095044204358
8.467095044204358
8.467095044204358
8.467095044204358
8.467095044204358
8.467095044204358
8.467095044204358
8.467095044204358
8.467095044204358
8.467095044204358
8.467095044204358
8.467095044204358
8.467095044204358
8.467095044204358
8.467095044204358
8.467095044204358
8.467095044204358
8.467095044204358
8.467095044204358
8.467095044204358
8.467095044204358
8.467095044204358
8.467095044204358
8.467095044204358
8.467095044204358
8.467095044204358
8.467095044204358
8.467095044204358
8.467095044204358
8.467095044204358
8.467095044204358
8.467095044204358
8.467095044204358
8.467095044204358
8.467095044204358
8.467095044204358
8.467095044204358
8.467095044204358
8.467095044204358
8.467095044204358
8.467095044204358
8.467095044204358
8.467095044204358
8.467095044204358
8.467095044204358
8.467095044204358
8.467095044204358
8.467095044204358
8.467095044204358
8.467095044204358
8.467095044204358
8.467095044204358
8.467095044204358
8.467095044204358
8.467095044204358
8.467095044204358
8.467095044204358
8.467095044204358
8.467095044204358
8.467095044204358
8.467095044204358
8.467095044204358
8.467095044204358
8.467095044204358
8.467095044204358
8.467095044204358
8.467095044204358
8.467095044204358
8.467095044204358
8.467095044204358
8.467095044204358
8.467095044204358
8.467095044204358
8.467095044204358
8.467095044204358
8.467095044204358
8.467095044204358
8.467095044204358
8.467095044204358
8.467095044204358
8.467095044204358
8.467095044204358
8.467095044204358
8.467095044204358
8.467095044204358
8.467095044204358
8.467095044204358
8.467095044204358
8.467095044204358
8.467095044204358
8.467095044204358
8.467095044204358
8.467095044204358
8.467095044204358
8.467095044204358
8.467095044204358
8.467095044204358
8.467095044204358
8.467095044204358
8.467095044204358
8.467095044204358
8.467095044204358
8.467095044204358
8.467095044204358
8.467095044204358
8.467095044204358
8.467095044204358
8.467095044204358
8.467095044204358
8.467095044204358
8.467095044204358
8.467095044204358
8.467095044204358
8.467095044204358
8.467095044204358
8.467095044204358
8.467095044204358
8.467095044204358
8.467095044204358
8.467095044204358
8.467095044204358
8.467095044204358
8.467095044204358
8.467095044204358
8.467095044204358
8.467095044204358
8.467095044204358
8.467095044204358
8.467095044204358
8.467095044204358
8.467095044204358
8.467095044204358
8.467095044204358
8.467095044204358
8.467095044204358
8.467095044204358
8.467095044204358
8.467095044204358
8.467095044204358
8.467095044204358
8.467095044204358
8.467095044204358
8.467095044204358
8.467095044204358
8.467095044204358
8.467095044204358
8.467095044204358
8.467095044204358
8.467095044204358
8.467095044204358
8.467095044204358
8.467095044204358
8.467095044204358
8.467095044204358
8.467095044204358
8.467095044204358
8.467095044204358
8.467095044204358
8.467095044204358
8.467095044204358
8.467095044204358
8.467095044204358
8.467095044204358
8.467095044204358
8.467095044204358
8.467095044204358
8.467095044204358
8.467095044204358
8.467095044204358
8.467095044204358
8.467095044204358
8.467095044204358
8.467095044204358
8.467095044204358
8.467095044204358
8.467095044204358
8.467095044204358
8.467095044204358
8.467095044204358
8.467095044204358
8.467095044204358
8.467095044204358
8.467095044204358
8.467095044204358
8.467095044204358
8.467095044204358
8.467095044204358
8.467095044204358
8.467095044204358
8.467095044204358
8.467095044204358
8.467095044204358
8.467095044204358
8.467095044204358
8.467095044204358
8.467095044204358
8.467095044204358
8.467095044204358
8.467095044204358
8.467095044204358
8.467095044204358
8.467095044204358
8.467095044204358
8.467095044204358
8.467095044204358
8.467095044204358
8.467095044204358
8.467095044204358
8.467095044204358
8.467095044204358
8.467095044204358
8.467095044204358
8.467095044204358
8.467095044204358
8.467095044204358
8.467095044204358
8.467095044204358
8.467095044204358
8.467095044204358
8.467095044204358
8.467095044204358
8.467095044204358
8.467095044204358
8.467095044204358
8.467095044204358
8.467095044204358
8.467095044204358
8.467095044204358
8.467095044204358
8.467095044204358
8.467095044204358
8.467095044204358
8.467095044204358
8.467095044204358
8.467095044204358
8.467095044204358
8.467095044204358
8.467095044204358
8.467095044204358
8.467095044204358
8.467095044204358
8.467095044204358
8.467095044204358
8.467095044204358
8.467095044204358
8.467095044204358
8.467095044204358
8.467095044204358
8.467095044204358
8.467095044204358
8.467095044204358
8.467095044204358
8.467095044204358
8.467095044204358
8.467095044204358
8.467095044204358
8.467095044204358
8.467095044204358
8.467095044204358
8.467095044204358
8.467095044204358
8.467095044204358
8.467095044204358
8.467095044204358
8.467095044204358
8.467095044204358
8.467095044204358
8.467095044204358
8.467095044204358
8.467095044204358
8.467095044204358
8.467095044204358
8.467095044204358
8.467095044204358
8.467095044204358
8.467095044204358
8.467095044204358
8.467095044204358
8.467095044204358
8.467095044204358
8.467095044204358
8.467095044204358
8.467095044204358
8.467095044204358
8.467095044204358
8.467095044204358
8.467095044204358
8.467095044204358
8.467095044204358
8.467095044204358
8.467095044204358
8.467095044204358
8.467095044204358
8.467095044204358
8.467095044204358
8.467095044204358
8.467095044204358
8.467095044204358
8.467095044204358
8.467095044204358
8.467095044204358
8.467095044204358
8.467095044204358
8.467095044204358
8.467095044204358
8.467095044204358
8.467095044204358
8.467095044204358
8.467095044204358
8.467095044204358
8.467095044204358
8.467095044204358
8.467095044204358
8.467095044204358
8.467095044204358
8.467095044204358
8.467095044204358
8.467095044204358
8.467095044204358
8.467095044204358
8.467095044204358
8.467095044204358
8.467095044204358
8.467095044204358
8.467095044204358
8.467095044204358
8.467095044204358
8.467095044204358
8.467095044204358
8.467095044204358
8.467095044204358
8.467095044204358
8.467095044204358
8.467095044204358
8.467095044204358
8.467095044204358
8.467095044204358
8.467095044204358
8.467095044204358
8.467095044204358
8.467095044204358
8.467095044204358
8.467095044204358
8.467095044204358
8.467095044204358
8.467095044204358
8.467095044204358
8.467095044204358
8.467095044204358
8.467095044204358
8.467095044204358
8.467095044204358
8.467095044204358
8.467095044204358
8.467095044204358
8.467095044204358
8.467095044204358
8.467095044204358
8.467095044204358
8.467095044204358
8.467095044204358
8.467095044204358
8.467095044204358
8.467095044204358
8.467095044204358
8.467095044204358
8.467095044204358
8.467095044204358
8.467095044204358
8.467095044204358
8.467095044204358
8.467095044204358
8.467095044204358
8.467095044204358
8.467095044204358
8.467095044204358
8.467095044204358
8.467095044204358
8.467095044204358
8.467095044204358
8.467095044204358
8.467095044204358
8.467095044204358
8.467095044204358
8.467095044204358
8.467095044204358
8.467095044204358
8.467095044204358
8.467095044204358
8.467095044204358
8.467095044204358
8.467095044204358
8.467095044204358
8.467095044204358
8.467095044204358
8.467095044204358
8.467095044204358
8.467095044204358
8.467095044204358
8.467095044204358
8.467095044204358
8.467095044204358
8.467095044204358
8.467095044204358
8.467095044204358
8.467095044204358
8.467095044204358
8.467095044204358
8.467095044204358
8.467095044204358
8.467095044204358
8.467095044204358
8.467095044204358
8.467095044204358
8.467095044204358
8.467095044204358
8.467095044204358
8.467095044204358
8.467095044204358
8.467095044204358
8.467095044204358
8.467095044204358
8.467095044204358
8.467095044204358
8.467095044204358
8.467095044204358
8.467095044204358
8.467095044204358
8.467095044204358
8.467095044204358
8.467095044204358
8.467095044204358
8.467095044204358
8.467095044204358
8.467095044204358
8.467095044204358
8.467095044204358
8.467095044204358
8.467095044204358
8.467095044204358
8.467095044204358
8.467095044204358
8.467095044204358
8.467095044204358
8.467095044204358
8.467095044204358
8.467095044204358
8.467095044204358
8.467095044204358
8.467095044204358
8.467095044204358
8.467095044204358
8.467095044204358
8.467095044204358
8.467095044204358
8.467095044204358
8.467095044204358
8.467095044204358
8.467095044204358
8.467095044204358
8.467095044204358
8.467095044204358
8.467095044204358
8.467095044204358
8.467095044204358
8.467095044204358
8.467095044204358
8.467095044204358
8.467095044204358
8.467095044204358
8.467095044204358
8.467095044204358
8.467095044204358
8.467095044204358
8.467095044204358
8.467095044204358
8.467095044204358
8.467095044204358
8.467095044204358
8.467095044204358
8.467095044204358
8.467095044204358
8.467095044204358
8.467095044204358
8.467095044204358
8.467095044204358
8.467095044204358
8.467095044204358
8.467095044204358
8.467095044204358
8.467095044204358
8.467095044204358
8.467095044204358
8.467095044204358
8.467095044204358
8.467095044204358
8.467095044204358
8.467095044204358
8.467095044204358
8.467095044204358
8.467095044204358
8.467095044204358
8.467095044204358
8.467095044204358
8.467095044204358
8.467095044204358
8.467095044204358
8.467095044204358
8.467095044204358
8.467095044204358
8.467095044204358
8.467095044204358
8.467095044204358
8.467095044204358
8.467095044204358
8.467095044204358
8.467095044204358
8.467095044204358
8.467095044204358
8.467095044204358
8.467095044204358
8.467095044204358
8.467095044204358
8.467095044204358
8.467095044204358
8.467095044204358
8.467095044204358
8.467095044204358
8.467095044204358
8.467095044204358
8.467095044204358
8.467095044204358
8.467095044204358
8.467095044204358
8.467095044204358
8.467095044204358
8.467095044204358
8.467095044204358
8.467095044204358
8.467095044204358
8.467095044204358
8.467095044204358
8.467095044204358
8.467095044204358
8.467095044204358
8.467095044204358
8.467095044204358
8.467095044204358
8.467095044204358
8.467095044204358
8.467095044204358
8.467095044204358
8.467095044204358
8.467095044204358
8.467095044204358
8.467095044204358
8.467095044204358
8.467095044204358
8.467095044204358
8.467095044204358
8.467095044204358
8.467095044204358
8.467095044204358
8.467095044204358
8.467095044204358
8.467095044204358
8.467095044204358
8.467095044204358
8.467095044204358
8.467095044204358
8.467095044204358
8.467095044204358
8.467095044204358
8.467095044204358
8.467095044204358
8.467095044204358
8.467095044204358
8.467095044204358
8.467095044204358
8.467095044204358
8.467095044204358
8.467095044204358
8.467095044204358
8.467095044204358
8.467095044204358
8.467095044204358
8.467095044204358
8.467095044204358
8.467095044204358
8.467095044204358
8.467095044204358
8.467095044204358
8.467095044204358
8.467095044204358
8.467095044204358
8.467095044204358
8.467095044204358
8.467095044204358
8.467095044204358
8.467095044204358
8.467095044204358
8.467095044204358
8.467095044204358
8.467095044204358
8.467095044204358
8.467095044204358
8.467095044204358
8.467095044204358
8.467095044204358
8.467095044204358
8.467095044204358
8.467095044204358
8.467095044204358
8.467095044204358
8.467095044204358
8.467095044204358
8.467095044204358
8.467095044204358
8.467095044204358
8.467095044204358
8.467095044204358
8.467095044204358
8.467095044204358
8.467095044204358
8.467095044204358
8.467095044204358
8.467095044204358
8.467095044204358
8.467095044204358
8.467095044204358
8.467095044204358
8.467095044204358
8.467095044204358
8.467095044204358
8.467095044204358
8.467095044204358
8.467095044204358
8.467095044204358
8.467095044204358
8.467095044204358
8.467095044204358
8.467095044204358
8.467095044204358
8.467095044204358
8.467095044204358
8.467095044204358
8.467095044204358
8.467095044204358
8.467095044204358
8.467095044204358
8.467095044204358
8.467095044204358
8.467095044204358
8.467095044204358
8.467095044204358
8.467095044204358
8.467095044204358
8.467095044204358
8.467095044204358
8.467095044204358
8.467095044204358
8.467095044204358
8.467095044204358
8.467095044204358
8.467095044204358
8.467095044204358
8.467095044204358
8.467095044204358
8.467095044204358
8.467095044204358
8.467095044204358
8.467095044204358
8.467095044204358
8.467095044204358
8.467095044204358
8.467095044204358
8.467095044204358
8.467095044204358
8.467095044204358
8.467095044204358
8.467095044204358
8.467095044204358
8.467095044204358
8.467095044204358
8.467095044204358
8.467095044204358
8.467095044204358
8.467095044204358
8.467095044204358
8.467095044204358
8.467095044204358
8.467095044204358
8.467095044204358
8.467095044204358
8.467095044204358
8.467095044204358
8.467095044204358
8.467095044204358
8.467095044204358
8.467095044204358
8.467095044204358
8.467095044204358
8.467095044204358
8.467095044204358
8.467095044204358
8.467095044204358
8.467095044204358
8.467095044204358
8.467095044204358
8.467095044204358
8.467095044204358
8.467095044204358
8.467095044204358
8.467095044204358
8.467095044204358
8.467095044204358
8.467095044204358
8.467095044204358
8.467095044204358
8.467095044204358
8.467095044204358
8.467095044204358
8.467095044204358
8.467095044204358
8.467095044204358
8.467095044204358
8.467095044204358
8.467095044204358
8.467095044204358
8.467095044204358
8.467095044204358
8.467095044204358
8.467095044204358
8.467095044204358
8.467095044204358
8.467095044204358
8.467095044204358
8.467095044204358
8.467095044204358
8.467095044204358
8.467095044204358
8.467095044204358
8.467095044204358
8.467095044204358
8.467095044204358
8.467095044204358
8.467095044204358
8.467095044204358
8.467095044204358
8.467095044204358
8.467095044204358
8.467095044204358
8.467095044204358
8.467095044204358
8.467095044204358
8.467095044204358
8.467095044204358
8.467095044204358
8.467095044204358
8.467095044204358
8.467095044204358
8.467095044204358
8.467095044204358
8.467095044204358
8.467095044204358
8.467095044204358
8.467095044204358
8.467095044204358
8.467095044204358
8.467095044204358
8.467095044204358
8.467095044204358
8.467095044204358
8.467095044204358
8.467095044204358
8.467095044204358
8.467095044204358
8.467095044204358
8.467095044204358
8.467095044204358
8.467095044204358
8.467095044204358
8.467095044204358
8.467095044204358
8.467095044204358
8.467095044204358
8.467095044204358
8.467095044204358
8.467095044204358
8.467095044204358
8.467095044204358
8.467095044204358
8.467095044204358
8.467095044204358
8.467095044204358
8.467095044204358
8.467095044204358
8.467095044204358
8.467095044204358
8.467095044204358
8.467095044204358
8.467095044204358
8.467095044204358
8.467095044204358
8.467095044204358
8.467095044204358
8.467095044204358
8.467095044204358
8.467095044204358
8.467095044204358
8.467095044204358
8.467095044204358
8.467095044204358
8.467095044204358
8.467095044204358
8.467095044204358
8.467095044204358
8.467095044204358
8.467095044204358
8.467095044204358
8.467095044204358
8.467095044204358
8.467095044204358
8.467095044204358
8.467095044204358
8.467095044204358
8.467095044204358
8.467095044204358
8.467095044204358
8.467095044204358
8.467095044204358
8.467095044204358
8.467095044204358
8.467095044204358
8.467095044204358
8.467095044204358
8.467095044204358
8.467095044204358
8.467095044204358
8.467095044204358
8.467095044204358
8.467095044204358
8.467095044204358
8.467095044204358
8.467095044204358
8.467095044204358
8.467095044204358
8.467095044204358
8.467095044204358
8.467095044204358
8.467095044204358
8.467095044204358
8.467095044204358
8.467095044204358
8.467095044204358
8.467095044204358
8.467095044204358
8.467095044204358
8.467095044204358
8.467095044204358
8.467095044204358
8.467095044204358
8.467095044204358
8.467095044204358
8.467095044204358
8.467095044204358
8.467095044204358
8.467095044204358
8.467095044204358
8.467095044204358
8.467095044204358
8.467095044204358
8.467095044204358
8.467095044204358
8.467095044204358
8.467095044204358
8.467095044204358
8.467095044204358
8.467095044204358
8.467095044204358
8.467095044204358
8.467095044204358
8.467095044204358
8.467095044204358
8.467095044204358
8.467095044204358
8.467095044204358
8.467095044204358
8.467095044204358
8.467095044204358
8.467095044204358
8.467095044204358
8.467095044204358
8.467095044204358
8.467095044204358
8.467095044204358
8.467095044204358
8.467095044204358
8.467095044204358
8.467095044204358
8.467095044204358
8.467095044204358
8.467095044204358
8.467095044204358
8.467095044204358
8.467095044204358
8.467095044204358
8.467095044204358
8.467095044204358
8.467095044204358
8.467095044204358
8.467095044204358
8.467095044204358
8.467095044204358
8.467095044204358
8.467095044204358
8.467095044204358
8.467095044204358
8.467095044204358
8.467095044204358
8.467095044204358
8.467095044204358
8.467095044204358
8.467095044204358
8.467095044204358
8.467095044204358
8.467095044204358
8.467095044204358
8.467095044204358
8.467095044204358
8.467095044204358
8.467095044204358
8.467095044204358
8.467095044204358
8.467095044204358
8.467095044204358
8.467095044204358
8.467095044204358
8.467095044204358
8.467095044204358
8.467095044204358
8.467095044204358
8.467095044204358
8.467095044204358
8.467095044204358
8.467095044204358
8.467095044204358
8.467095044204358
8.467095044204358
8.467095044204358
8.467095044204358
8.467095044204358
8.467095044204358
8.467095044204358
8.467095044204358
8.467095044204358
8.467095044204358
8.467095044204358
8.467095044204358
8.467095044204358
8.467095044204358
8.467095044204358
8.467095044204358
8.467095044204358
8.467095044204358
8.467095044204358
8.467095044204358
8.467095044204358
8.467095044204358
8.467095044204358
8.467095044204358
8.467095044204358
8.467095044204358
8.467095044204358
8.467095044204358
8.467095044204358
8.467095044204358
8.467095044204358
8.467095044204358
8.467095044204358
8.467095044204358
8.467095044204358
8.467095044204358
8.467095044204358
8.467095044204358
8.467095044204358
8.467095044204358
8.467095044204358
8.467095044204358
8.467095044204358
8.467095044204358
8.467095044204358
8.467095044204358
8.467095044204358
8.467095044204358
8.467095044204358
8.467095044204358
8.467095044204358
8.467095044204358
8.467095044204358
8.467095044204358
8.467095044204358
8.467095044204358
8.467095044204358
8.467095044204358
8.467095044204358
8.467095044204358
8.467095044204358
8.467095044204358
8.467095044204358
8.467095044204358
8.467095044204358
8.467095044204358
8.467095044204358
8.467095044204358
8.467095044204358
8.467095044204358
8.467095044204358
8.467095044204358
8.467095044204358
8.467095044204358
8.467095044204358
8.467095044204358
8.467095044204358
8.467095044204358
8.467095044204358
8.467095044204358
8.467095044204358
8.467095044204358
8.467095044204358
8.467095044204358
8.467095044204358
8.467095044204358
8.467095044204358
8.467095044204358
8.467095044204358
8.467095044204358
8.467095044204358
8.467095044204358
8.467095044204358
8.467095044204358
8.467095044204358
8.467095044204358
8.467095044204358
8.467095044204358
8.467095044204358
8.467095044204358
8.467095044204358
8.467095044204358
8.467095044204358
8.467095044204358
8.467095044204358
8.467095044204358
8.467095044204358
8.467095044204358
8.467095044204358
8.467095044204358
8.467095044204358
8.467095044204358
8.467095044204358
8.467095044204358
8.467095044204358
8.467095044204358
8.467095044204358
8.467095044204358
8.467095044204358
8.467095044204358
8.467095044204358
8.467095044204358
8.467095044204358
8.467095044204358
8.467095044204358
8.467095044204358
8.467095044204358
Score: 8.467095044204358
Runtime: 683ms
