7.217120811826526E-9
7.217120811826526E-9
8.281018149395632E-9
9.015749654883732E-8
6.411392977199316E-5
8.924093620034805E-5
8.924093620034805E-5
8.924093620034805E-5
8.924093620034805E-5
8.924093620034805E-5
0.0016969883694107778
0.008982734365613945
0.008982734365613945
0.008982734365613945
0.01032928697822992
0.01032928697822992
0.013386600243691883
0.017973993139612437
0.017973993139612437
0.017973993139612437
0.018296018098708445
0.02759525064063264
0.02759525064063264
0.09358864203174214
0.2964413648656693
0.2964413648656693
0.2964413648656693
0.2964413648656693
0.2964413648656693
0.2964413648656693
0.2964413648656693
0.2964413648656693
0.2964413648656693
0.2964413648656693
0.2964413648656693
0.34773705287237155
0.34773705287237155
0.34773705287237155
0.34773705287237155
0.34773705287237155
0.34773705287237155
0.34773705287237155
1.1250598904491977
1.1250598904491977
1.1250598904491977
1.1250598904491977
1.1250598904491977
1.1250598904491977
1.1250598904491977
1.1250598904491977
1.1250598904491977
1.1250598904491977
1.1250598904491977
1.1250598904491977
1.1250598904491977
1.1250598904491977
1.1250598904491977
1.1250598904491977
1.1250598904491977
1.1250598904491977
1.1250598904491977
1.1250598904491977
1.1250598904491977
1.1250598904491977
1.1250598904491977
1.1250598904491977
1.1250598904491977
1.1250598904491977
1.1250598904491977
1.1250598904491977
1.2542011720714872
1.2542011720714872
1.2542011720714872
1.2542011720714872
1.2542011720714872
1.2542011720714872
1.2542011720714872
1.2542011720714872
1.2542011720714872
1.2542011720714872
1.2542011720714872
1.2542011720714872
1.2542011720714872
1.2542011720714872
1.2542011720714872
1.2542011720714872
1.2542011720714872
1.63927801834924
2.1169875226812316
2.1169875226812316
2.1169875226812316
2.1169875226812316
2.1169875226812316
2.1169875226812316
2.1169875226812316
2.1169875226812316
2.1169875226812316
2.1169875226812316
2.1169875226812316
2.1169875226812316
2.1169875226812316
2.8788721217468387
2.8788721217468387
2.8788721217468387
2.8788721217468387
2.8788721217468387
2.8788721217468387
2.8788721217468387
2.8788721217468387
2.8788721217468387
2.8788721217468387
2.8788721217468387
2.8788721217468387
2.8788721217468387
2.8788721217468387
2.8788721217468387
2.8788721217468387
2.8788721217468387
2.9689947630575126
2.9689947630575126
2.9689947630575126
2.9689947630575126
3.315693488053558
3.315693488053558
4.292574531292209
4.292574531292209
4.292574531292209
4.292574531292209
4.292574531292209
4.292574531292209
4.292574531292209
4.292574531292209
4.292574531292209
4.363226550867067
4.363226550867067
4.363226550867067
4.363226550867067
4.363226550867067
4.363226550867067
4.363226550867067
4.363226550867067
4.363226550867067
4.363226550867067
4.363226550867067
4.363226550867067
4.363226550867067
4.363226550867067
4.363226550867067
4.363226550867067
4.363226550867067
4.363226550867067
4.363226550867067
4.363226550867067
4.363226550867067
4.363226550867067
4.363226550867067
4.363226550867067
4.363226550867067
4.363226550867067
4.398465405881646
4.7587737684162015
4.7587737684162015
4.7587737684162015
4.7587737684162015
4.7587737684162015
4.847625487490401
4.847625487490401
4.847625487490401
4.847625487490401
4.876871135493184
4.876871135493184
4.876871135493184
4.876871135493184
4.876871135493184
4.876871135493184
4.876871135493184
4.876871135493184
4.876871135493184
4.876871135493184
4.876871135493184
4.876871135493184
4.876871135493184
4.876871135493184
4.876871135493184
4.876871135493184
4.876871135493184
5.800749672224587
5.800749672224587
5.800749672224587
5.800749672224587
5.800749672224587
5.878668098776836
5.878668098776836
5.878668098776836
5.878668098776836
5.878668098776836
5.917582534866676
5.917582534866676
5.917582534866676
5.917582534866676
5.917582534866676
5.917582534866676
5.917582534866676
5.917582534866676
5.917582534866676
5.917582534866676
5.917582534866676
5.917582534866676
5.917582534866676
5.917582534866676
5.917582534866676
5.917582534866676
5.917582534866676
5.917582534866676
5.917582534866676
5.917582534866676
5.917582534866676
5.917582534866676
6.168176253178039
6.168176253178039
6.5200936647829515
6.5200936647829515
6.5200936647829515
6.5200936647829515
6.5200936647829515
6.5200936647829515
6.5200936647829515
6.5200936647829515
6.5200936647829515
6.5200936647829515
6.5200936647829515
6.920441337837531
6.920441337837531
6.920441337837531
6.920441337837531
6.920441337837531
6.920441337837531
6.920441337837531
6.920441337837531
6.920441337837531
6.920441337837531
6.920441337837531
6.920441337837531
6.920441337837531
6.920441337837531
6.920441337837531
6.920441337837531
6.920441337837531
6.920441337837531
6.920441337837531
6.920441337837531
6.920441337837531
6.920441337837531
6.920441337837531
6.920441337837531
6.920441337837531
6.920441337837531
6.920441337837531
6.920441337837531
6.920441337837531
6.920441337837531
6.97654595903363
6.97654595903363
6.97654595903363
6.97654595903363
6.97654595903363
6.97654595903363
6.97654595903363
6.97654595903363
6.97654595903363
6.97654595903363
6.97654595903363
6.97654595903363
6.97654595903363
6.97654595903363
6.97654595903363
6.97654595903363
6.97654595903363
6.97654595903363
6.97654595903363
6.97654595903363
6.97654595903363
6.97654595903363
6.97654595903363
6.97654595903363
6.97654595903363
6.97654595903363
6.97654595903363
6.97654595903363
6.97654595903363
6.97654595903363
6.97654595903363
6.97654595903363
6.97654595903363
6.97654595903363
6.97654595903363
6.97654595903363
6.97654595903363
6.97654595903363
6.97654595903363
6.97654595903363
6.97654595903363
6.97654595903363
6.97654595903363
6.97654595903363
6.97654595903363
6.97654595903363
6.97654595903363
6.97654595903363
6.97654595903363
6.97654595903363
6.97654595903363
6.97654595903363
6.97654595903363
6.97654595903363
6.97654595903363
6.97654595903363
6.97654595903363
6.97654595903363
6.97654595903363
6.97654595903363
6.97654595903363
6.97654595903363
6.97654595903363
6.97654595903363
6.97654595903363
6.97654595903363
6.97654595903363
6.97654595903363
6.97654595903363
6.97654595903363
6.97654595903363
6.97654595903363
6.97654595903363
6.97654595903363
7.271110221972163
7.271110221972163
7.271110221972163
7.271110221972163
7.271110221972163
7.271110221972163
7.271110221972163
7.271110221972163
7.271110221972163
7.271110221972163
7.271110221972163
7.271110221972163
7.271110221972163
7.271110221972163
7.271110221972163
7.271110221972163
7.271110221972163
7.271110221972163
7.271110221972163
7.271110221972163
7.271110221972163
7.271110221972163
7.271110221972163
7.271110221972163
7.271110221972163
7.271110221972163
7.271110221972163
7.271110221972163
7.271110221972163
7.271110221972163
7.271110221972163
7.365807567361317
7.365807567361317
7.365807567361317
7.365807567361317
7.365807567361317
7.365807567361317
7.365807567361317
7.365807567361317
7.365807567361317
7.365807567361317
7.365807567361317
7.365807567361317
7.365807567361317
7.365807567361317
7.365807567361317
7.365807567361317
7.372475400386448
7.372475400386448
7.372475400386448
7.372475400386448
7.372475400386448
7.372475400386448
7.372475400386448
7.372475400386448
7.372475400386448
7.467468917300889
7.467468917300889
7.467468917300889
7.467468917300889
7.467468917300889
7.467468917300889
7.467468917300889
7.467468917300889
7.467468917300889
7.467468917300889
7.467468917300889
7.467468917300889
7.467468917300889
7.467468917300889
7.467468917300889
7.486840395435957
7.486840395435957
7.486840395435957
7.8060387431658915
7.8060387431658915
7.8060387431658915
7.8060387431658915
7.8060387431658915
7.8060387431658915
7.8060387431658915
7.8060387431658915
7.8060387431658915
7.8060387431658915
7.8060387431658915
7.8060387431658915
7.8060387431658915
7.8060387431658915
7.8060387431658915
7.8060387431658915
7.8060387431658915
7.8060387431658915
7.8060387431658915
7.8060387431658915
7.8060387431658915
7.8060387431658915
7.8060387431658915
7.8060387431658915
7.8060387431658915
7.8060387431658915
7.8060387431658915
7.8060387431658915
7.8060387431658915
7.8060387431658915
7.8060387431658915
7.8060387431658915
7.8060387431658915
7.8060387431658915
7.8060387431658915
7.8060387431658915
7.8060387431658915
7.8060387431658915
7.8060387431658915
7.8060387431658915
7.876224918535607
7.876224918535607
7.876224918535607
7.876224918535607
7.892479078056115
7.892479078056115
7.892479078056115
7.914316160547302
7.914316160547302
7.914316160547302
7.914316160547302
7.914316160547302
7.9152485778866435
7.9152485778866435
7.9152485778866435
7.942036750315534
7.942036750315534
7.942036750315534
7.942036750315534
7.942036750315534
7.942036750315534
7.942036750315534
7.942036750315534
7.942036750315534
7.990879415688372
7.990879415688372
7.990879415688372
7.990879415688372
7.990879415688372
7.990879415688372
7.990879415688372
7.990879415688372
7.990879415688372
7.990879415688372
7.990879415688372
7.990879415688372
7.990879415688372
7.990879415688372
7.990879415688372
7.990879415688372
7.990879415688372
7.990879415688372
8.118640065426368
8.118640065426368
8.118640065426368
8.118640065426368
8.118640065426368
8.118640065426368
8.118640065426368
8.118640065426368
8.118640065426368
8.118640065426368
8.118640065426368
8.118640065426368
8.118640065426368
8.118640065426368
8.118640065426368
8.118640065426368
8.118640065426368
8.118640065426368
8.118640065426368
8.118640065426368
8.118640065426368
8.118640065426368
8.118640065426368
8.118640065426368
8.118640065426368
8.118640065426368
8.118640065426368
8.118640065426368
8.118640065426368
8.118640065426368
8.118640065426368
8.118640065426368
8.118640065426368
8.118640065426368
8.118640065426368
8.118640065426368
8.118640065426368
8.118640065426368
8.118640065426368
8.118640065426368
8.118640065426368
8.118640065426368
8.118640065426368
8.118640065426368
8.126260176318077
8.126260176318077
8.126260176318077
8.126260176318077
8.126260176318077
8.126260176318077
8.126260176318077
8.126260176318077
8.126260176318077
8.126260176318077
8.126260176318077
8.126260176318077
8.126260176318077
8.126260176318077
8.126260176318077
8.126260176318077
8.126260176318077
8.126260176318077
8.126260176318077
8.126260176318077
8.126260176318077
8.126260176318077
8.126260176318077
8.126260176318077
8.126260176318077
8.126260176318077
8.126260176318077
8.126260176318077
8.126260176318077
8.126260176318077
8.126260176318077
8.126260176318077
8.126260176318077
8.126260176318077
8.126260176318077
8.126260176318077
8.126260176318077
8.126260176318077
8.126260176318077
8.126260176318077
8.126260176318077
8.126260176318077
8.126260176318077
8.126260176318077
8.148249947601085
8.148249947601085
8.148249947601085
8.148249947601085
8.148249947601085
8.148249947601085
8.148249947601085
8.148249947601085
8.148249947601085
8.148249947601085
8.148249947601085
8.148249947601085
8.148249947601085
8.148249947601085
8.148249947601085
8.148249947601085
8.148249947601085
8.148249947601085
8.148249947601085
8.148249947601085
8.148249947601085
8.148249947601085
8.148249947601085
8.179285314859737
8.179285314859737
8.179285314859737
8.179285314859737
8.179285314859737
8.179285314859737
8.179285314859737
8.179285314859737
8.179285314859737
8.179285314859737
8.179285314859737
8.181345584133515
8.181345584133515
8.181345584133515
8.181345584133515
8.181345584133515
8.185767444808796
8.185767444808796
8.185767444808796
8.185767444808796
8.185767444808796
8.185767444808796
8.185767444808796
8.185767444808796
8.280158576221787
8.280158576221787
8.280158576221787
8.280158576221787
8.280158576221787
8.280158576221787
8.280158576221787
8.280158576221787
8.280158576221787
8.280158576221787
8.280158576221787
8.280158576221787
8.280158576221787
8.280158576221787
8.280158576221787
8.280158576221787
8.280158576221787
8.280158576221787
8.284741495588513
8.284741495588513
8.284741495588513
8.284741495588513
8.284741495588513
8.284741495588513
8.284741495588513
8.284741495588513
8.284741495588513
8.284741495588513
8.284741495588513
8.284741495588513
8.284741495588513
8.315823376365785
8.315823376365785
8.315823376365785
8.315823376365785
8.315823376365785
8.315823376365785
8.315823376365785
8.315823376365785
8.315823376365785
8.315823376365785
8.315823376365785
8.315823376365785
8.315823376365785
8.315823376365785
8.315823376365785
8.315823376365785
8.335834679963076
8.335834679963076
8.335834679963076
8.335834679963076
8.335834679963076
8.335834679963076
8.335834679963076
8.335834679963076
8.335834679963076
8.335834679963076
8.335834679963076
8.335834679963076
8.335834679963076
8.335834679963076
8.335834679963076
8.335834679963076
8.335834679963076
8.335834679963076
8.335834679963076
8.335834679963076
8.335834679963076
8.335834679963076
8.335834679963076
8.335834679963076
8.336929698513757
8.336929698513757
8.336929698513757
8.336929698513757
8.336929698513757
8.336929698513757
8.336929698513757
8.336929698513757
8.336929698513757
8.336929698513757
8.336929698513757
8.336929698513757
8.336929698513757
8.336929698513757
8.336929698513757
8.336929698513757
8.345669703578517
8.345669703578517
8.345669703578517
8.345669703578517
8.345669703578517
8.345669703578517
8.345669703578517
8.345669703578517
8.345669703578517
8.345669703578517
8.345669703578517
8.345669703578517
8.345669703578517
8.345669703578517
8.346609800504206
8.346609800504206
8.346609800504206
8.346609800504206
8.346609800504206
8.346609800504206
8.346609800504206
8.346609800504206
8.346609800504206
8.346609800504206
8.348793188408424
8.348793188408424
8.348793188408424
8.348793188408424
8.348793188408424
8.348793188408424
8.348793188408424
8.348793188408424
8.398693064779582
8.398693064779582
8.398693064779582
8.398693064779582
8.398693064779582
8.398693064779582
8.398693064779582
8.398693064779582
8.398693064779582
8.398693064779582
8.398693064779582
8.398693064779582
8.398693064779582
8.398693064779582
8.398693064779582
8.398693064779582
8.398693064779582
8.398693064779582
8.398693064779582
8.414311701821891
8.414311701821891
8.414311701821891
8.414311701821891
8.414311701821891
8.414311701821891
8.414311701821891
8.414311701821891
8.414311701821891
8.414311701821891
8.414311701821891
8.414311701821891
8.414311701821891
8.414311701821891
8.414311701821891
8.414311701821891
8.414311701821891
8.414311701821891
8.414311701821891
8.42753229943471
8.42753229943471
8.42753229943471
8.42753229943471
8.42753229943471
8.42753229943471
8.42753229943471
8.42753229943471
8.42753229943471
8.42753229943471
8.42753229943471
8.42753229943471
8.42753229943471
8.42753229943471
8.42753229943471
8.42753229943471
8.42753229943471
8.42753229943471
8.429042998303109
8.429042998303109
8.429042998303109
8.429042998303109
8.429042998303109
8.429150585645552
8.429150585645552
8.429150585645552
8.429150585645552
8.429150585645552
8.429150585645552
8.429150585645552
8.429150585645552
8.437650010196826
8.437650010196826
8.437650010196826
8.437650010196826
8.437650010196826
8.437650010196826
8.4563754749304
8.4563754749304
8.4563754749304
8.4563754749304
8.4563754749304
8.4563754749304
8.4563754749304
8.4563754749304
8.4563754749304
8.4563754749304
8.4563754749304
8.4563754749304
8.4563754749304
8.4563754749304
8.4563754749304
8.4563754749304
8.4563754749304
8.4563754749304
8.4563754749304
8.4563754749304
8.4563754749304
8.4563754749304
8.4563754749304
8.4563754749304
8.4563754749304
8.4563754749304
8.4563754749304
8.4563754749304
8.4563754749304
8.4563754749304
8.4563754749304
8.4563754749304
8.4563754749304
8.4563754749304
8.4563754749304
8.4563754749304
8.4563754749304
8.4563754749304
8.4563754749304
8.4563754749304
8.4563754749304
8.4563754749304
8.4563754749304
8.4563754749304
8.4563754749304
8.4563754749304
8.4563754749304
8.4563754749304
8.4563754749304
8.469280151034575
8.469280151034575
8.469280151034575
8.469280151034575
8.469280151034575
8.469280151034575
8.469280151034575
8.469280151034575
8.469280151034575
8.469280151034575
8.469280151034575
8.469280151034575
8.469280151034575
8.469280151034575
8.469280151034575
8.469280151034575
8.469280151034575
8.469280151034575
8.469280151034575
8.469280151034575
8.469280151034575
8.469280151034575
8.469280151034575
8.469280151034575
8.469280151034575
8.469280151034575
8.469280151034575
8.469280151034575
8.469280151034575
8.469280151034575
8.469280151034575
8.469280151034575
8.469280151034575
8.469280151034575
8.469280151034575
8.469280151034575
8.469280151034575
8.469280151034575
8.469280151034575
8.469280151034575
8.469280151034575
8.469280151034575
8.469280151034575
8.469280151034575
8.469280151034575
8.469280151034575
8.469280151034575
8.469280151034575
8.469280151034575
8.469280151034575
8.469280151034575
8.469280151034575
8.469280151034575
8.469280151034575
8.469280151034575
8.469280151034575
8.469280151034575
8.469280151034575
8.469280151034575
8.469280151034575
8.469280151034575
8.469280151034575
8.469280151034575
8.469280151034575
8.469280151034575
8.469280151034575
8.469280151034575
8.469280151034575
8.469280151034575
8.469280151034575
8.469280151034575
8.469280151034575
8.469280151034575
8.469280151034575
8.469280151034575
8.469280151034575
8.469280151034575
8.469280151034575
8.469280151034575
8.469280151034575
8.469280151034575
8.469280151034575
8.469280151034575
8.469280151034575
8.469280151034575
8.469280151034575
8.469280151034575
8.469280151034575
8.469280151034575
8.469280151034575
8.469280151034575
8.469280151034575
8.469280151034575
8.469280151034575
8.469280151034575
8.469280151034575
8.469280151034575
8.469280151034575
8.469280151034575
8.469280151034575
8.469280151034575
8.469280151034575
8.469280151034575
8.469280151034575
8.469280151034575
8.469280151034575
8.469280151034575
8.469280151034575
8.469280151034575
8.469280151034575
8.469280151034575
8.469280151034575
8.469280151034575
8.469280151034575
8.469280151034575
8.469280151034575
8.469280151034575
8.469280151034575
8.469280151034575
8.469280151034575
8.469280151034575
8.469280151034575
8.469280151034575
8.469280151034575
8.469280151034575
8.469280151034575
8.469280151034575
8.469280151034575
8.469280151034575
8.469280151034575
8.469280151034575
8.469280151034575
8.469280151034575
8.469280151034575
8.469280151034575
8.469280151034575
8.469280151034575
8.469280151034575
8.469280151034575
8.469280151034575
8.469280151034575
8.469280151034575
8.469280151034575
8.469280151034575
8.469280151034575
8.469280151034575
8.469280151034575
8.469280151034575
8.469280151034575
8.469280151034575
8.469280151034575
8.469280151034575
8.469280151034575
8.469280151034575
8.469280151034575
8.469280151034575
8.469280151034575
8.469280151034575
8.469280151034575
8.469280151034575
8.469280151034575
8.469280151034575
8.469280151034575
8.469280151034575
8.469280151034575
8.469280151034575
8.469280151034575
8.469280151034575
8.469280151034575
8.469280151034575
8.469280151034575
8.469280151034575
8.469280151034575
8.469280151034575
8.469280151034575
8.469280151034575
8.469280151034575
8.469280151034575
8.469280151034575
8.469280151034575
8.469280151034575
8.469280151034575
8.469280151034575
8.469280151034575
8.469280151034575
8.469280151034575
8.469280151034575
8.469280151034575
8.469280151034575
8.469280151034575
8.469280151034575
8.469280151034575
8.469280151034575
8.469280151034575
8.469280151034575
8.469280151034575
8.469280151034575
8.469280151034575
8.469280151034575
8.469280151034575
8.469280151034575
8.469280151034575
8.469280151034575
8.469280151034575
8.469280151034575
8.469280151034575
8.469280151034575
8.469280151034575
8.469280151034575
8.469280151034575
8.469280151034575
8.469280151034575
8.469280151034575
8.469280151034575
8.469280151034575
8.469280151034575
8.469280151034575
8.469280151034575
8.469280151034575
8.469280151034575
8.469280151034575
8.469280151034575
8.469280151034575
8.469280151034575
8.469280151034575
8.469280151034575
8.469280151034575
8.469280151034575
8.469280151034575
8.469280151034575
8.469280151034575
8.469280151034575
8.469280151034575
8.469280151034575
8.469280151034575
8.469280151034575
8.469280151034575
8.469280151034575
8.469280151034575
8.469280151034575
8.469280151034575
8.469280151034575
8.469280151034575
8.469280151034575
8.469280151034575
8.469280151034575
8.469280151034575
8.469280151034575
8.469280151034575
8.469280151034575
8.469280151034575
8.469280151034575
8.469280151034575
8.469280151034575
8.469280151034575
8.469280151034575
8.469280151034575
8.469280151034575
8.469280151034575
8.469280151034575
8.469280151034575
8.469280151034575
8.469280151034575
8.469280151034575
8.469280151034575
8.469280151034575
8.469280151034575
8.469280151034575
8.469280151034575
8.469280151034575
8.469280151034575
8.469280151034575
8.469280151034575
8.469280151034575
8.469280151034575
8.469280151034575
8.469280151034575
8.469280151034575
8.469280151034575
8.469280151034575
8.469280151034575
8.469280151034575
8.469280151034575
8.469280151034575
8.469280151034575
8.469280151034575
8.469280151034575
8.469280151034575
8.469280151034575
8.469280151034575
8.469280151034575
8.469280151034575
8.469280151034575
8.469280151034575
8.469280151034575
8.469280151034575
8.469280151034575
8.469280151034575
8.469280151034575
8.469280151034575
8.469280151034575
8.469280151034575
8.469280151034575
8.469280151034575
8.469280151034575
8.469280151034575
8.469280151034575
8.469280151034575
8.469280151034575
8.469280151034575
8.469280151034575
8.469280151034575
8.469280151034575
8.469280151034575
8.469280151034575
8.469280151034575
8.469280151034575
8.469280151034575
8.469280151034575
8.469280151034575
8.469280151034575
8.469280151034575
8.469280151034575
8.469280151034575
8.469280151034575
8.469280151034575
8.469280151034575
8.469280151034575
8.469280151034575
8.469280151034575
8.469280151034575
8.469280151034575
8.469280151034575
8.469280151034575
8.469280151034575
8.469280151034575
8.469280151034575
8.469280151034575
8.469280151034575
8.469280151034575
8.469280151034575
8.469280151034575
8.469280151034575
8.469280151034575
8.469280151034575
8.469280151034575
8.469280151034575
8.469280151034575
8.469280151034575
8.469280151034575
8.469280151034575
8.469280151034575
8.469280151034575
8.469280151034575
8.469280151034575
8.469280151034575
8.469280151034575
8.469280151034575
8.469280151034575
8.469280151034575
8.469280151034575
8.469280151034575
8.469280151034575
8.469280151034575
8.469280151034575
8.469280151034575
8.469280151034575
8.469280151034575
8.469280151034575
8.469280151034575
8.469280151034575
8.469280151034575
8.469280151034575
8.469280151034575
8.469280151034575
8.469280151034575
8.469280151034575
8.469280151034575
8.469280151034575
8.469280151034575
8.469280151034575
8.469280151034575
8.469280151034575
8.469280151034575
8.469280151034575
8.469280151034575
8.469280151034575
8.469280151034575
8.469280151034575
8.469280151034575
8.469280151034575
8.469280151034575
8.469280151034575
8.469280151034575
8.469280151034575
8.469280151034575
8.469280151034575
8.469280151034575
8.469280151034575
8.469280151034575
8.469280151034575
8.469280151034575
8.469280151034575
8.469280151034575
8.469280151034575
8.469280151034575
8.469280151034575
8.469280151034575
8.469280151034575
8.469280151034575
8.469280151034575
8.469280151034575
8.469280151034575
8.469280151034575
8.469280151034575
8.469280151034575
8.469280151034575
8.469280151034575
8.469280151034575
8.469280151034575
8.469280151034575
8.469280151034575
8.469280151034575
8.469280151034575
8.469280151034575
8.469280151034575
8.469280151034575
8.469280151034575
8.469280151034575
8.469280151034575
8.469280151034575
8.469280151034575
8.469280151034575
8.469280151034575
8.469280151034575
8.469280151034575
8.469280151034575
8.469280151034575
8.469280151034575
8.469280151034575
8.469280151034575
8.469280151034575
8.469280151034575
8.469280151034575
8.469280151034575
8.469280151034575
8.469280151034575
8.469280151034575
8.469280151034575
8.469280151034575
8.469280151034575
8.469280151034575
8.469280151034575
8.469280151034575
8.469280151034575
8.469280151034575
8.469280151034575
8.469280151034575
8.469280151034575
8.469280151034575
8.469280151034575
8.469280151034575
8.469280151034575
8.469280151034575
8.469280151034575
8.469280151034575
8.469280151034575
8.469280151034575
8.469280151034575
8.469280151034575
8.469280151034575
8.469280151034575
8.469280151034575
8.469280151034575
8.469280151034575
8.469280151034575
8.469280151034575
8.469280151034575
8.469280151034575
8.469280151034575
8.469280151034575
8.469280151034575
8.469280151034575
8.469280151034575
8.469280151034575
8.469280151034575
8.469280151034575
8.469280151034575
8.469280151034575
8.469280151034575
8.469280151034575
8.469280151034575
8.469280151034575
8.469280151034575
8.469280151034575
8.469280151034575
8.469280151034575
8.469280151034575
8.469280151034575
8.469280151034575
8.469280151034575
8.469280151034575
8.469280151034575
8.469280151034575
8.469280151034575
8.469280151034575
8.469280151034575
8.469280151034575
8.469280151034575
8.469280151034575
8.469280151034575
8.469280151034575
8.469280151034575
8.469280151034575
8.469280151034575
8.469280151034575
8.469280151034575
8.469280151034575
8.469280151034575
8.469280151034575
8.469280151034575
8.469280151034575
8.469280151034575
8.469280151034575
8.469280151034575
8.469280151034575
8.469280151034575
8.469280151034575
8.469280151034575
8.469280151034575
8.469280151034575
8.469280151034575
8.469280151034575
8.469280151034575
8.469280151034575
8.469280151034575
8.469280151034575
8.469280151034575
8.469280151034575
8.469280151034575
8.469280151034575
8.469280151034575
8.469280151034575
8.469280151034575
8.469280151034575
8.469280151034575
8.469280151034575
8.469280151034575
8.469280151034575
8.469280151034575
8.469280151034575
8.469280151034575
8.469280151034575
8.469280151034575
8.469280151034575
8.469280151034575
8.469280151034575
8.469280151034575
8.469280151034575
8.469280151034575
8.469280151034575
8.469280151034575
8.469280151034575
8.469280151034575
8.469280151034575
8.469280151034575
8.469280151034575
8.469280151034575
8.469280151034575
8.469280151034575
8.469280151034575
8.469280151034575
8.469280151034575
8.469280151034575
8.469280151034575
8.469280151034575
8.469280151034575
8.469280151034575
8.469280151034575
8.469280151034575
8.469280151034575
8.469280151034575
8.469280151034575
8.469280151034575
8.469280151034575
8.469280151034575
8.469280151034575
8.469280151034575
8.469280151034575
8.469280151034575
8.469280151034575
8.469280151034575
8.469280151034575
8.469280151034575
8.469280151034575
8.469280151034575
8.469280151034575
8.469280151034575
8.469280151034575
8.469280151034575
8.469280151034575
8.469280151034575
8.469280151034575
8.469280151034575
8.469280151034575
8.469280151034575
8.469280151034575
8.469280151034575
8.469280151034575
8.469280151034575
8.469280151034575
8.469280151034575
8.469280151034575
8.469280151034575
8.469280151034575
8.469280151034575
8.469280151034575
8.469280151034575
8.469280151034575
8.469280151034575
8.469280151034575
8.469280151034575
8.469280151034575
8.469280151034575
8.469280151034575
8.469280151034575
8.469280151034575
8.469280151034575
8.469280151034575
8.469280151034575
8.469280151034575
8.469280151034575
8.469280151034575
8.469280151034575
8.469280151034575
8.469280151034575
8.469280151034575
8.469280151034575
8.469280151034575
8.469280151034575
8.469280151034575
8.469280151034575
8.469280151034575
8.469280151034575
8.469280151034575
8.469280151034575
8.469280151034575
8.469280151034575
8.469280151034575
8.469280151034575
8.469280151034575
8.469280151034575
8.469280151034575
8.469280151034575
8.469280151034575
8.469280151034575
8.469280151034575
8.469280151034575
8.469280151034575
8.469280151034575
8.469280151034575
8.469280151034575
8.469280151034575
8.469280151034575
8.469280151034575
8.469280151034575
8.469280151034575
8.469280151034575
8.469280151034575
8.469280151034575
8.469280151034575
8.469280151034575
8.469280151034575
8.469280151034575
8.469280151034575
8.469280151034575
8.469280151034575
8.469280151034575
8.469280151034575
8.469280151034575
8.469280151034575
8.469280151034575
8.469280151034575
8.469280151034575
8.469280151034575
8.469280151034575
8.469280151034575
8.469280151034575
8.469280151034575
8.469280151034575
8.469280151034575
8.469280151034575
8.469280151034575
8.469280151034575
8.469280151034575
8.469280151034575
8.469280151034575
8.469280151034575
8.469280151034575
8.469280151034575
8.469280151034575
8.469280151034575
8.469280151034575
8.469280151034575
8.469280151034575
8.469280151034575
8.469280151034575
8.469280151034575
8.469280151034575
8.469280151034575
8.469280151034575
8.469280151034575
8.469280151034575
8.469280151034575
8.469280151034575
8.469280151034575
8.469280151034575
8.469280151034575
8.469280151034575
8.469280151034575
8.469280151034575
8.469280151034575
8.469280151034575
8.469280151034575
8.469280151034575
8.469280151034575
8.469280151034575
8.469280151034575
8.469280151034575
8.469280151034575
8.469280151034575
8.469280151034575
8.469280151034575
8.469280151034575
8.469280151034575
8.469280151034575
8.469280151034575
8.469280151034575
8.469280151034575
8.469280151034575
8.469280151034575
8.469280151034575
8.469280151034575
8.469280151034575
8.469280151034575
8.469280151034575
8.469280151034575
8.469280151034575
8.469280151034575
8.469280151034575
8.469280151034575
8.469280151034575
8.469280151034575
8.469280151034575
8.469280151034575
8.469280151034575
8.469280151034575
8.469280151034575
8.469280151034575
8.469280151034575
8.469280151034575
8.469280151034575
8.469280151034575
8.469280151034575
8.469280151034575
8.469280151034575
8.469280151034575
8.469280151034575
8.469280151034575
8.469280151034575
8.469280151034575
8.469280151034575
8.469280151034575
8.469280151034575
8.469280151034575
8.469280151034575
8.469280151034575
8.469280151034575
8.469280151034575
8.469280151034575
8.469280151034575
8.469280151034575
8.469280151034575
8.469280151034575
8.469280151034575
8.469280151034575
8.469280151034575
8.469280151034575
8.469280151034575
8.469280151034575
8.469280151034575
8.469280151034575
8.469280151034575
8.469280151034575
8.469280151034575
8.469280151034575
8.469280151034575
8.469280151034575
8.469280151034575
8.469280151034575
8.469280151034575
8.469280151034575
8.469280151034575
8.469280151034575
8.469280151034575
8.469280151034575
8.469280151034575
8.469280151034575
8.469280151034575
8.469280151034575
8.469280151034575
8.469280151034575
8.469280151034575
8.469280151034575
8.469280151034575
8.469280151034575
8.469280151034575
8.469280151034575
8.469280151034575
8.469280151034575
8.469280151034575
8.469280151034575
8.469280151034575
8.469280151034575
8.469280151034575
8.469280151034575
8.469280151034575
8.469280151034575
8.469280151034575
8.469280151034575
8.469280151034575
8.469280151034575
8.469280151034575
8.469280151034575
8.469280151034575
8.469280151034575
8.469280151034575
8.469280151034575
8.469280151034575
8.469280151034575
8.469280151034575
8.469280151034575
8.469280151034575
8.469280151034575
8.469280151034575
8.469280151034575
8.469280151034575
8.469280151034575
8.469280151034575
8.469280151034575
8.469280151034575
8.469280151034575
8.469280151034575
8.469280151034575
8.469280151034575
8.469280151034575
8.469280151034575
8.469280151034575
8.469280151034575
8.469280151034575
8.469280151034575
8.469280151034575
8.469280151034575
8.469280151034575
8.469280151034575
8.469280151034575
8.469280151034575
8.469280151034575
8.469280151034575
8.469280151034575
8.469280151034575
8.469280151034575
8.469280151034575
8.469280151034575
8.469280151034575
8.469280151034575
8.469280151034575
8.469280151034575
8.469280151034575
8.469280151034575
8.469280151034575
8.469280151034575
8.469280151034575
8.469280151034575
8.469280151034575
8.469280151034575
8.469280151034575
8.469280151034575
8.469280151034575
8.469280151034575
8.469280151034575
8.469280151034575
8.469280151034575
8.469280151034575
8.469280151034575
8.469280151034575
8.469280151034575
8.469280151034575
8.469280151034575
8.469280151034575
8.469280151034575
8.469280151034575
8.469280151034575
8.469280151034575
8.469280151034575
8.469280151034575
8.469280151034575
8.469280151034575
8.469280151034575
8.469280151034575
8.469280151034575
8.469280151034575
8.469280151034575
8.469280151034575
8.469280151034575
8.469280151034575
8.469280151034575
8.469280151034575
8.469280151034575
8.469280151034575
8.469280151034575
8.469280151034575
8.469280151034575
8.469280151034575
8.469280151034575
8.469280151034575
8.469280151034575
8.469280151034575
8.469280151034575
8.469280151034575
8.469280151034575
8.469280151034575
8.469280151034575
8.469280151034575
8.469280151034575
8.469280151034575
8.469280151034575
8.469280151034575
8.469280151034575
8.469280151034575
8.469280151034575
8.469280151034575
8.469280151034575
8.469280151034575
8.469280151034575
8.469280151034575
8.469280151034575
8.469280151034575
8.469280151034575
8.469280151034575
8.469280151034575
8.469280151034575
8.469280151034575
8.469280151034575
8.469280151034575
8.469280151034575
8.469280151034575
8.469280151034575
8.469280151034575
8.469280151034575
8.469280151034575
8.469280151034575
8.469280151034575
8.469280151034575
8.469280151034575
8.469280151034575
8.469280151034575
8.469280151034575
8.469280151034575
8.469280151034575
8.469280151034575
8.469280151034575
8.469280151034575
8.469280151034575
8.469280151034575
8.469280151034575
8.469280151034575
8.469280151034575
8.469280151034575
8.469280151034575
8.469280151034575
8.469280151034575
8.469280151034575
8.469280151034575
8.469280151034575
8.469280151034575
8.469280151034575
8.469280151034575
8.469280151034575
8.469280151034575
8.469280151034575
8.469280151034575
8.469280151034575
8.469280151034575
8.469280151034575
8.469280151034575
8.469280151034575
8.469280151034575
8.469280151034575
8.469280151034575
8.469280151034575
8.469280151034575
8.469280151034575
8.469280151034575
8.469280151034575
8.469280151034575
8.469280151034575
8.469280151034575
8.469280151034575
8.469280151034575
8.469280151034575
8.469280151034575
8.469280151034575
8.469280151034575
8.469280151034575
8.469280151034575
8.469280151034575
8.469280151034575
8.469280151034575
8.469280151034575
8.469280151034575
8.469280151034575
8.469280151034575
8.469280151034575
8.469280151034575
8.469280151034575
8.469280151034575
8.469280151034575
8.469280151034575
8.469280151034575
8.469280151034575
8.469280151034575
8.469280151034575
8.469280151034575
8.469280151034575
8.469280151034575
8.469280151034575
8.469280151034575
8.469280151034575
8.469280151034575
8.469280151034575
8.469280151034575
8.469280151034575
8.469280151034575
8.469280151034575
8.469280151034575
8.469280151034575
8.469280151034575
8.469280151034575
8.469280151034575
8.469280151034575
8.469280151034575
8.469280151034575
8.469280151034575
8.469280151034575
8.469280151034575
8.469280151034575
8.469280151034575
8.469280151034575
8.469280151034575
8.469280151034575
8.469280151034575
8.469280151034575
8.469280151034575
8.469280151034575
8.469280151034575
8.469280151034575
8.469280151034575
8.469280151034575
8.469280151034575
8.469280151034575
8.469280151034575
8.469280151034575
8.469280151034575
8.469280151034575
8.469280151034575
8.469280151034575
8.469280151034575
8.469280151034575
8.469280151034575
8.469280151034575
8.469280151034575
8.469280151034575
8.469280151034575
8.469280151034575
8.469280151034575
8.469280151034575
8.469280151034575
8.469280151034575
8.469280151034575
8.469280151034575
8.469280151034575
8.469280151034575
8.469280151034575
8.469280151034575
8.469280151034575
8.469280151034575
8.469280151034575
8.469280151034575
8.469280151034575
8.469280151034575
8.469280151034575
8.469280151034575
8.469280151034575
8.469280151034575
8.469280151034575
8.469280151034575
8.469280151034575
8.469280151034575
8.469280151034575
8.469280151034575
8.469280151034575
8.469280151034575
8.469280151034575
8.469280151034575
8.469280151034575
8.469280151034575
8.469280151034575
8.469280151034575
8.469280151034575
8.469280151034575
8.469280151034575
8.469280151034575
8.469280151034575
8.469280151034575
8.469280151034575
8.469280151034575
8.469280151034575
8.469280151034575
Score: 8.469280151034575
Runtime: 652ms
