1.9455240536118617E-8
3.827297194785811E-7
3.827297194785811E-7
3.827297194785811E-7
3.827297194785811E-7
2.1359481224991968E-6
7.001774097213714E-4
0.003171798554866669
0.003171798554866669
0.003171798554866669
0.011955850767815634
0.015026040522978724
0.015026040522978724
0.015026040522978724
0.019923184438640898
0.03604196646029034
0.07567554777015485
0.07567554777015485
0.07567554777015485
0.07567554777015485
0.07567554777015485
0.12998843192045006
0.12998843192045006
0.12998843192045006
0.18319393301944092
0.18319393301944092
0.20926358945727505
0.20926358945727505
0.27504098098108964
0.27504098098108964
0.46437487306082054
0.46437487306082054
0.46437487306082054
0.46437487306082054
0.8856414526746509
0.8856414526746509
0.8856414526746509
0.8856414526746509
0.8856414526746509
0.8856414526746509
0.8856414526746509
1.0893399509722914
1.397544438655959
1.397544438655959
1.397544438655959
1.397544438655959
1.397544438655959
1.397544438655959
1.5626714188509507
1.5626714188509507
1.5626714188509507
1.5626714188509507
1.5626714188509507
2.661958135168052
2.661958135168052
2.734837923941147
2.734837923941147
2.734837923941147
2.734837923941147
3.003028903937144
3.003028903937144
3.159861748263392
3.159861748263392
3.159861748263392
3.159861748263392
3.159861748263392
3.398081997639586
3.398081997639586
3.398081997639586
3.398081997639586
4.485078440092659
4.485078440092659
4.485078440092659
4.485078440092659
4.737515373733881
4.737515373733881
4.737515373733881
5.359065276131927
5.359065276131927
5.359065276131927
5.745310624174782
5.745310624174782
5.745310624174782
5.745310624174782
5.745310624174782
5.745310624174782
5.745310624174782
5.834360591735551
5.834360591735551
5.834360591735551
5.834360591735551
5.834360591735551
6.340753189116048
6.340753189116048
6.6412595966220085
6.6412595966220085
6.6412595966220085
6.695606934696766
6.695606934696766
6.695606934696766
6.695606934696766
6.695606934696766
6.695606934696766
6.795906458110438
6.795906458110438
7.223394517377617
7.290822562180423
7.290822562180423
7.290822562180423
7.290822562180423
7.290822562180423
7.290822562180423
7.290822562180423
7.290822562180423
7.290822562180423
7.611714144678236
7.611714144678236
7.611714144678236
7.611714144678236
7.611714144678236
7.728419595746491
7.728419595746491
7.728419595746491
7.728419595746491
7.728419595746491
7.728419595746491
7.728419595746491
7.728419595746491
7.728419595746491
7.728419595746491
7.728419595746491
7.803891929976356
7.803891929976356
7.803891929976356
7.852408352384833
7.852408352384833
7.852408352384833
7.852408352384833
7.852408352384833
7.852408352384833
7.852408352384833
7.977328566814856
7.977328566814856
8.032140762667584
8.069163803267772
8.119222164134536
8.202915753312597
8.401991273562224
8.51875672354397
8.51875672354397
8.735468112013278
8.735468112013278
8.735468112013278
8.735468112013278
8.735468112013278
8.735468112013278
8.735468112013278
8.735468112013278
8.735468112013278
8.735468112013278
8.735468112013278
8.735468112013278
8.735468112013278
8.776651915870913
8.776651915870913
8.776651915870913
8.776651915870913
8.776651915870913
8.776651915870913
8.935383398854018
8.935383398854018
8.935383398854018
8.935383398854018
9.023214203959874
9.023214203959874
9.023214203959874
9.023214203959874
9.023214203959874
9.023214203959874
9.023214203959874
9.093183951541112
9.093183951541112
9.093183951541112
9.093183951541112
9.093183951541112
9.093183951541112
9.093183951541112
9.093183951541112
9.125778306285637
9.125778306285637
9.125778306285637
9.125778306285637
9.125778306285637
9.130478137459171
9.130478137459171
9.130478137459171
9.130478137459171
9.130478137459171
9.130478137459171
9.130478137459171
9.130478137459171
9.130478137459171
9.130478137459171
9.130478137459171
9.130478137459171
9.130478137459171
9.130478137459171
9.130478137459171
9.130478137459171
9.130478137459171
9.130478137459171
9.130478137459171
9.130478137459171
9.130478137459171
9.130478137459171
9.130478137459171
9.130478137459171
9.130478137459171
9.130478137459171
9.130478137459171
9.130478137459171
9.130478137459171
9.130478137459171
9.130478137459171
9.130478137459171
9.130478137459171
9.130478137459171
9.130478137459171
9.130478137459171
9.130478137459171
9.130478137459171
9.130478137459171
9.130478137459171
9.130478137459171
9.130478137459171
9.130478137459171
9.130478137459171
9.130478137459171
9.130478137459171
9.130478137459171
9.130478137459171
9.130478137459171
9.130478137459171
9.130478137459171
9.130478137459171
9.130478137459171
9.130478137459171
9.130478137459171
9.130478137459171
9.130478137459171
9.160774455424603
9.160774455424603
9.162326132089202
9.162326132089202
9.162326132089202
9.162326132089202
9.162326132089202
9.162326132089202
9.162326132089202
9.162326132089202
9.162714584906945
9.167774012370316
9.167774012370316
9.167774012370316
9.167774012370316
9.167774012370316
9.167774012370316
9.167774012370316
9.227801591647815
9.227801591647815
9.227801591647815
9.227801591647815
9.227801591647815
9.227801591647815
9.227801591647815
9.227801591647815
9.227801591647815
9.227801591647815
9.227801591647815
9.227801591647815
9.227801591647815
9.227801591647815
9.227801591647815
9.227801591647815
9.227801591647815
9.236507654682631
9.236507654682631
9.236507654682631
9.236507654682631
9.236507654682631
9.236507654682631
9.236507654682631
9.236507654682631
9.236507654682631
9.236507654682631
9.236507654682631
9.236507654682631
9.236507654682631
9.236507654682631
9.236507654682631
9.236507654682631
9.236507654682631
9.236507654682631
9.236507654682631
9.236507654682631
9.236507654682631
9.236507654682631
9.236507654682631
9.236507654682631
9.236507654682631
9.236507654682631
9.236507654682631
9.236507654682631
9.236507654682631
9.236507654682631
9.236507654682631
9.236507654682631
9.236554819587
9.236554819587
9.236554819587
9.236554819587
9.236554819587
9.236554819587
9.236554819587
9.236554819587
9.240852046374524
9.257379570582865
9.257379570582865
9.257379570582865
9.257379570582865
9.268427484635101
9.268427484635101
9.268427484635101
9.268427484635101
9.268427484635101
9.268427484635101
9.268427484635101
9.268427484635101
9.268427484635101
9.26945213276153
9.26945213276153
9.27029626495653
9.27029626495653
9.27029626495653
9.27029626495653
9.27029626495653
9.27029626495653
9.27029626495653
9.27029626495653
9.27029626495653
9.27029626495653
9.27029626495653
9.27029626495653
9.27029626495653
9.27029626495653
9.27029626495653
9.27029626495653
9.27029626495653
9.273908661298378
9.273908661298378
9.273908661298378
9.273908661298378
9.273908661298378
9.273908661298378
9.273908661298378
9.273908661298378
9.275726976482586
9.275726976482586
9.275951603543577
9.275951603543577
9.275951603543577
9.275951603543577
9.275951603543577
9.275951603543577
9.275951603543577
9.278184770319573
9.278184770319573
9.278184770319573
9.28089654061507
9.280911581736914
9.281935909679138
9.281935909679138
9.281935909679138
9.281935909679138
9.281935909679138
9.281935909679138
9.281935909679138
9.281935909679138
9.281935909679138
9.281935909679138
9.281935909679138
9.281935909679138
9.281935909679138
9.281935909679138
9.281935909679138
9.281935909679138
9.282565667825516
9.282946258003527
9.282946258003527
9.282946258003527
9.282946258003527
9.282946258003527
9.282946258003527
9.282946258003527
9.282946258003527
9.283081790173553
9.283516051727933
9.283516051727933
9.283537532851286
9.283537532851286
9.28369184764713
9.283933965588929
9.283933965588929
9.284165146344588
9.284165146344588
9.284165146344588
9.285052494166997
9.285052494166997
9.285052494166997
9.285052494166997
9.285052494166997
9.285081747308775
9.285081747308775
9.285545358730388
9.285545358730388
9.285545358730388
9.285592552890263
9.285670106468094
9.28607858849186
9.28607858849186
9.286333828875394
9.286333828875394
9.286333828875394
9.286333828875394
9.286333828875394
9.286483917482508
9.286483917482508
9.286962740797204
9.286962740797204
9.287068073344663
9.287068073344663
9.287068073344663
9.287150411865861
9.287238033500016
9.287296708954493
9.287296708954493
9.287695166244667
9.287695166244667
9.287695166244667
9.287695166244667
9.287695166244667
9.289420938649355
9.289420938649355
9.289420938649355
9.289420938649355
9.289420938649355
9.289420938649355
9.289420938649355
9.28967380484655
9.28967380484655
9.290339007017671
9.290339007017671
9.290339007017671
9.290339007017671
9.290339007017671
9.290339007017671
9.290339007017671
9.290339007017671
9.290339007017671
9.290339007017671
9.290339007017671
9.290339007017671
9.290339007017671
9.290339007017671
9.290339007017671
9.290339007017671
9.290339007017671
9.290339007017671
9.290339007017671
9.290339007017671
9.290339007017671
9.290339007017671
9.290339007017671
9.290339007017671
9.290339007017671
9.290339007017671
9.290339007017671
9.290339007017671
9.290543611819318
9.290543611819318
9.290543611819318
9.290543611819318
9.290543611819318
9.290543611819318
9.290543611819318
9.290543611819318
9.290543611819318
9.290543611819318
9.290543611819318
9.290543611819318
9.290543611819318
9.290543611819318
9.290570076324489
9.290570076324489
9.290570076324489
9.290570076324489
9.290570076324489
9.290570076324489
9.290570076324489
9.290570076324489
9.290570076324489
9.290570076324489
9.290570076324489
9.290570076324489
9.290570076324489
9.290570076324489
9.290570076324489
9.290570076324489
9.290570076324489
9.290570076324489
9.290570076324489
9.290570076324489
9.290570076324489
9.290570076324489
9.290570076324489
9.290570076324489
9.290570076324489
9.290570076324489
9.290570076324489
9.290570076324489
9.290570076324489
9.290663528820616
9.290663528820616
9.290663528820616
9.290663528820616
9.290663528820616
9.290663528820616
9.290663528820616
9.290663528820616
9.290663528820616
9.290663528820616
9.290663528820616
9.290663528820616
9.290663528820616
9.290663528820616
9.290663528820616
9.290663528820616
9.290663528820616
9.290663528820616
9.290663528820616
9.29067678361749
9.29067678361749
9.29067678361749
9.29067678361749
9.290700821791527
9.290700821791527
9.290700821791527
9.290700821791527
9.290700821791527
9.290700821791527
9.290700821791527
9.290700821791527
9.290700821791527
9.290700821791527
9.290764713897751
9.290764713897751
9.290764713897751
9.290764713897751
9.290764713897751
9.290764713897751
9.290764713897751
9.290764713897751
9.290764713897751
9.290764713897751
9.290764713897751
9.290764713897751
9.290764713897751
9.290764713897751
9.290764713897751
9.29101051303207
9.29101051303207
9.29101051303207
9.29101051303207
9.29101051303207
9.29101051303207
9.29101051303207
9.29101051303207
9.29101051303207
9.29101051303207
9.29101051303207
9.29101051303207
9.29101051303207
9.29101051303207
9.29101051303207
9.29101051303207
9.29101051303207
9.29101051303207
9.29101051303207
9.29101051303207
9.29101051303207
9.29101051303207
9.29101051303207
9.29101051303207
9.29101051303207
9.29101051303207
9.29101051303207
9.29101051303207
9.29101051303207
9.29101051303207
9.29101051303207
9.29101051303207
9.29101051303207
9.29101051303207
9.29101051303207
9.29101051303207
9.29101051303207
9.29101051303207
9.29101051303207
9.29101051303207
9.29101051303207
9.29101051303207
9.29101051303207
9.29101051303207
9.29101051303207
9.29101051303207
9.29101051303207
9.29101051303207
9.29101051303207
9.29101051303207
9.29101051303207
9.29101051303207
9.29101051303207
9.29101051303207
9.29101051303207
9.29101051303207
9.29101051303207
9.29101051303207
9.29101051303207
9.29101051303207
9.29101051303207
9.29101051303207
9.29101051303207
9.29101051303207
9.29101051303207
9.29101051303207
9.29101051303207
9.29101051303207
9.29101051303207
9.29101051303207
9.29101051303207
9.29101051303207
9.29101051303207
9.291078254933229
9.291078254933229
9.291078254933229
9.291078254933229
9.291078254933229
9.291078254933229
9.291078254933229
9.291078254933229
9.291078254933229
9.291078254933229
9.291078254933229
9.291078254933229
9.291078254933229
9.291078254933229
9.291078254933229
9.291078254933229
9.291078254933229
9.291078254933229
9.291078254933229
9.291078254933229
9.291078254933229
9.291078254933229
9.291078254933229
9.291078254933229
9.291078254933229
9.291078254933229
9.291078254933229
9.291078254933229
9.291078254933229
9.291078254933229
9.291078254933229
9.291078254933229
9.291078254933229
9.291078254933229
9.291078254933229
9.291078254933229
9.291078254933229
9.291078254933229
9.291078254933229
9.291078254933229
9.291078254933229
9.291078254933229
9.291078254933229
9.291078254933229
9.291078254933229
9.291078254933229
9.291078254933229
9.291078254933229
9.291078254933229
9.291078254933229
9.291078254933229
9.291078254933229
9.291078254933229
9.291078254933229
9.291078254933229
9.291078254933229
9.291078254933229
9.291078254933229
9.291078254933229
9.291078254933229
9.291078254933229
9.291078254933229
9.291078254933229
9.291078254933229
9.291078254933229
9.291078254933229
9.291078254933229
9.291078254933229
9.291078254933229
9.291078254933229
9.291078254933229
9.291078254933229
9.291078254933229
9.291078254933229
9.291078254933229
9.291078254933229
9.291078254933229
9.291078254933229
9.291078254933229
9.291078254933229
9.291078254933229
9.291078254933229
9.291078254933229
9.291078254933229
9.291078254933229
9.291078254933229
9.291078254933229
9.291078254933229
9.291078254933229
9.291078254933229
9.291078254933229
9.291078254933229
9.291078254933229
9.291078254933229
9.291078254933229
9.291078254933229
9.291078254933229
9.291078254933229
9.291078254933229
9.291078254933229
9.291078254933229
9.291078254933229
9.291078254933229
9.291078254933229
9.291078254933229
9.291078254933229
9.291078254933229
9.291078254933229
9.291078254933229
9.291078254933229
9.291078254933229
9.291078254933229
9.291078254933229
9.291078254933229
9.291078254933229
9.291078254933229
9.291078254933229
9.291078254933229
9.291078254933229
9.291078254933229
9.291078254933229
9.291078254933229
9.291078254933229
9.291078254933229
9.291078254933229
9.291078254933229
9.291078254933229
9.291078254933229
9.291078254933229
9.291078254933229
9.291078254933229
9.291078254933229
9.291078254933229
9.291078254933229
9.291078254933229
9.291078254933229
9.291078254933229
9.291078254933229
9.291078254933229
9.291078254933229
9.291078254933229
9.291078254933229
9.291078254933229
9.291078254933229
9.291078254933229
9.291078254933229
9.291078254933229
9.291078254933229
9.291078254933229
9.291078254933229
9.291078254933229
9.291078254933229
9.291078254933229
9.291078254933229
9.291078254933229
9.291078254933229
9.291078254933229
9.291078254933229
9.291078254933229
9.291078254933229
9.291078254933229
9.291078254933229
9.291078254933229
9.291078254933229
9.291078254933229
9.291078254933229
9.291078254933229
9.291078254933229
9.291078254933229
9.291078254933229
9.291078254933229
9.291078254933229
9.291078254933229
9.291078254933229
9.291078254933229
9.291078254933229
9.291078254933229
9.291078254933229
9.291078254933229
9.291078254933229
9.291078254933229
9.291078254933229
9.291078254933229
9.291078254933229
9.291078254933229
9.291078254933229
9.291078254933229
9.291078254933229
9.291078254933229
9.291078254933229
9.291078254933229
9.291078254933229
9.291078254933229
9.291078254933229
9.291078254933229
9.291078254933229
9.291078254933229
9.291078254933229
9.291078254933229
9.291078254933229
9.291078254933229
9.291078254933229
9.291078254933229
9.291078254933229
9.291078254933229
9.291078254933229
9.291078254933229
9.291078254933229
9.291078254933229
9.291078254933229
9.291078254933229
9.291078254933229
9.291078254933229
9.291078254933229
9.291078254933229
9.291078254933229
9.291078254933229
9.291078254933229
9.291078254933229
9.291078254933229
9.291078254933229
9.291078254933229
9.291078254933229
9.291078254933229
9.291078254933229
9.291078254933229
9.291078254933229
9.291078254933229
9.291078254933229
9.291078254933229
9.291078254933229
9.291078254933229
9.291078254933229
9.291078254933229
9.291078254933229
9.291078254933229
9.291078254933229
9.291078254933229
9.291078254933229
9.291078254933229
9.291078254933229
9.291078254933229
9.291078254933229
9.291078254933229
9.291078254933229
9.291078254933229
9.291078254933229
9.291078254933229
9.291078254933229
9.291078254933229
9.291078254933229
9.291078254933229
9.291078254933229
9.291078254933229
9.291078254933229
9.291078254933229
9.291078254933229
9.291078254933229
9.291078254933229
9.291078254933229
9.291078254933229
9.291078254933229
9.291078254933229
9.291078254933229
9.291078254933229
9.291078254933229
9.291078254933229
9.291078254933229
9.291078254933229
9.291078254933229
9.291078254933229
9.291078254933229
9.291078254933229
9.291078254933229
9.291078254933229
9.291078254933229
9.291078254933229
9.291078254933229
9.291078254933229
9.291078254933229
9.291078254933229
9.291078254933229
9.291078254933229
9.291078254933229
9.291078254933229
9.291078254933229
9.291078254933229
9.291078254933229
9.291078254933229
9.291078254933229
9.291078254933229
9.291078254933229
9.291078254933229
9.291078254933229
9.291078254933229
9.291078254933229
9.291078254933229
9.291078254933229
9.291078254933229
9.291078254933229
9.291078254933229
9.291078254933229
9.291078254933229
9.291078254933229
9.291078254933229
9.291078254933229
9.291078254933229
9.291078254933229
9.291078254933229
9.291078254933229
9.291078254933229
9.291078254933229
9.291078254933229
9.291078254933229
9.291078254933229
9.291078254933229
9.291078254933229
9.291078254933229
9.291078254933229
9.291078254933229
9.291078254933229
9.291078254933229
9.291078254933229
9.291078254933229
9.291078254933229
9.291078254933229
9.291078254933229
9.291078254933229
9.291078254933229
9.291078254933229
9.291078254933229
9.291078254933229
9.291078254933229
9.291078254933229
9.291078254933229
9.291078254933229
9.291078254933229
9.291078254933229
9.291078254933229
9.291078254933229
9.291078254933229
9.291078254933229
9.291078254933229
9.291078254933229
9.291078254933229
9.291078254933229
9.291078254933229
9.291078254933229
9.291078254933229
9.291078254933229
9.291078254933229
9.291078254933229
9.291078254933229
9.291078254933229
9.291078254933229
9.291078254933229
9.291078254933229
9.291078254933229
9.291078254933229
9.291078254933229
9.291078254933229
9.291078254933229
9.291078254933229
9.291078254933229
9.291078254933229
9.291078254933229
9.291078254933229
9.291078254933229
9.291078254933229
9.291078254933229
9.291078254933229
9.291078254933229
9.291078254933229
9.291078254933229
9.291078254933229
9.291078254933229
9.291078254933229
9.291078254933229
9.291078254933229
9.291078254933229
9.291078254933229
9.291078254933229
9.291078254933229
9.291078254933229
9.291078254933229
9.291078254933229
9.291078254933229
9.291078254933229
9.291078254933229
9.291078254933229
9.291078254933229
9.291078254933229
9.291078254933229
9.291078254933229
9.291078254933229
9.291078254933229
9.291078254933229
9.291078254933229
9.291078254933229
9.291078254933229
9.291078254933229
9.291098771732306
9.291098771732306
9.291098771732306
9.291098771732306
9.291098771732306
9.291098771732306
9.291098771732306
9.291098771732306
9.291098771732306
9.291098771732306
9.291098771732306
9.291098771732306
9.291098771732306
9.291098771732306
9.291098771732306
9.291098771732306
9.291098771732306
9.291098771732306
9.291098771732306
9.291098771732306
9.291098771732306
9.291098771732306
9.291098771732306
9.291098771732306
9.291098771732306
9.291098771732306
9.291098771732306
9.291098771732306
9.291098771732306
9.291098771732306
9.291098771732306
9.291098771732306
9.291098771732306
9.291098771732306
9.291098771732306
9.291098771732306
9.291098771732306
9.291098771732306
9.291098771732306
9.291098771732306
9.291098771732306
9.291098771732306
9.291098771732306
9.291098771732306
9.291098771732306
9.291098771732306
9.291098771732306
9.291098771732306
9.291098771732306
9.291098771732306
9.291098771732306
9.291098771732306
9.291098771732306
9.291098771732306
9.291098771732306
9.291098771732306
9.291098771732306
9.291098771732306
9.291098771732306
9.291098771732306
9.291098771732306
9.291098771732306
9.291098771732306
9.291098771732306
9.291098771732306
9.291098771732306
9.291098771732306
9.291098771732306
9.291098771732306
9.291098771732306
9.291098771732306
9.291098771732306
9.291098771732306
9.291098771732306
9.291098771732306
9.291098771732306
9.291098771732306
9.291098771732306
9.291098771732306
9.291098771732306
9.291098771732306
9.291098771732306
9.291098771732306
9.291098771732306
9.291098771732306
9.291098771732306
9.291098771732306
9.291098771732306
9.291098771732306
9.291098771732306
9.291098771732306
9.291098771732306
9.291098771732306
9.291098771732306
9.291098771732306
9.291098771732306
9.291098771732306
9.291098771732306
9.291098771732306
9.291098771732306
9.291098771732306
9.291098771732306
9.291098771732306
9.291098771732306
9.291098771732306
9.291098771732306
9.291098771732306
9.291098771732306
9.291098771732306
9.291098771732306
9.291098771732306
9.291098771732306
9.291098771732306
9.291098771732306
9.291098771732306
9.291098771732306
9.291098771732306
9.291098771732306
9.291098771732306
9.291098771732306
9.291098771732306
9.291098771732306
9.291098771732306
9.291098771732306
9.291098771732306
9.291098771732306
9.291098771732306
9.291098771732306
9.291098771732306
9.291098771732306
9.291098771732306
9.291098771732306
9.291098771732306
9.291098771732306
9.291098771732306
9.291098771732306
9.291098771732306
9.291098771732306
9.291098771732306
9.291098771732306
9.291098771732306
9.291098771732306
9.291098771732306
9.291098771732306
9.291098771732306
9.291098771732306
9.291098771732306
9.291098771732306
9.291098771732306
9.291098771732306
9.291098771732306
9.291098771732306
9.291098771732306
9.291098771732306
9.291098771732306
9.291098771732306
9.291098771732306
9.291098771732306
9.291098771732306
9.291098771732306
9.291098771732306
9.291098771732306
9.291098771732306
9.291098771732306
9.291098771732306
9.291098771732306
9.291098771732306
9.291098771732306
9.291098771732306
9.291098771732306
9.291098771732306
9.291098771732306
9.291098771732306
9.291098771732306
9.291098771732306
9.291098771732306
9.291098771732306
9.291098771732306
9.291098771732306
9.291098771732306
9.291098771732306
9.291098771732306
9.291098771732306
9.291098771732306
9.291098771732306
9.291098771732306
9.291098771732306
9.291098771732306
9.291098771732306
9.291098771732306
9.291098771732306
9.291098771732306
9.291098771732306
9.291098771732306
9.291098771732306
9.291098771732306
9.291098771732306
9.291098771732306
9.291098771732306
9.291098771732306
9.291098771732306
9.291098771732306
9.291098771732306
9.291098771732306
9.291098771732306
9.291098771732306
9.291098771732306
9.291098771732306
9.291098771732306
9.291098771732306
9.291098771732306
9.291098771732306
9.291098771732306
9.291098771732306
9.291098771732306
9.291098771732306
9.291098771732306
9.291098771732306
9.291098771732306
9.291098771732306
9.291098771732306
9.291098771732306
9.291098771732306
9.291098771732306
9.291098771732306
9.291098771732306
9.291098771732306
9.291098771732306
9.291098771732306
9.291098771732306
9.291098771732306
9.291098771732306
9.291098771732306
9.291098771732306
9.291098771732306
9.291098771732306
9.291098771732306
9.291098771732306
9.291098771732306
9.291098771732306
9.291098771732306
9.291098771732306
9.291098771732306
9.291098771732306
9.291098771732306
9.291098771732306
9.291098771732306
9.291098771732306
9.291098771732306
9.291098771732306
9.291098771732306
9.291098771732306
9.291098771732306
9.291098771732306
9.291098771732306
9.291098771732306
9.291098771732306
9.291098771732306
9.291098771732306
9.291098771732306
9.291098771732306
9.291098771732306
9.291098771732306
9.291098771732306
9.291098771732306
9.291098771732306
9.291098771732306
9.291098771732306
9.291098771732306
9.291098771732306
9.291098771732306
9.291098771732306
9.291098771732306
9.291098771732306
9.291098771732306
9.291098771732306
9.291098771732306
9.291098771732306
9.291098771732306
9.291098771732306
9.291098771732306
9.291098771732306
9.291098771732306
9.291098771732306
9.291098771732306
9.291098771732306
9.291098771732306
9.291098771732306
9.291098771732306
9.291098771732306
9.291098771732306
9.291098771732306
9.291098771732306
9.291098771732306
9.291098771732306
9.291098771732306
9.291098771732306
9.291098771732306
9.291098771732306
9.291098771732306
9.291098771732306
9.291098771732306
9.291098771732306
9.291098771732306
9.291098771732306
9.291098771732306
9.291098771732306
9.291098771732306
9.291098771732306
9.291098771732306
9.291098771732306
9.291098771732306
9.291098771732306
9.291098771732306
9.291098771732306
9.291098771732306
9.291098771732306
9.291098771732306
9.291098771732306
9.291098771732306
9.291098771732306
9.291098771732306
9.291098771732306
9.291098771732306
9.291098771732306
9.291098771732306
9.291098771732306
9.291098771732306
9.291098771732306
9.291098771732306
9.291098771732306
9.291098771732306
9.291098771732306
9.291098771732306
9.291098771732306
9.291098771732306
9.291098771732306
9.291098771732306
9.291098771732306
9.291098771732306
9.291098771732306
9.291098771732306
9.291098771732306
9.291098771732306
9.291098771732306
9.291098771732306
9.291098771732306
9.291098771732306
9.291098771732306
9.291098771732306
9.291098771732306
9.291098771732306
9.291098771732306
9.291098771732306
9.291098771732306
9.291098771732306
9.291098771732306
9.291098771732306
9.291098771732306
9.291098771732306
9.291098771732306
9.291098771732306
9.291098771732306
9.291098771732306
9.291098771732306
9.291098771732306
9.291098771732306
9.291098771732306
9.291098771732306
9.291098771732306
9.291098771732306
9.291098771732306
9.291098771732306
9.291098771732306
9.291098771732306
9.291098771732306
9.291098771732306
9.291098771732306
9.291098771732306
9.291098771732306
9.291098771732306
9.291098771732306
9.291098771732306
9.291098771732306
9.291098771732306
9.291098771732306
9.291098771732306
9.291098771732306
9.291098771732306
9.291098771732306
9.291098771732306
9.291098771732306
9.291098771732306
9.291098771732306
9.291098771732306
9.291098771732306
9.291098771732306
9.291098771732306
9.291098771732306
9.291098771732306
9.291098771732306
9.291098771732306
9.291098771732306
9.291098771732306
9.291098771732306
9.291098771732306
9.291098771732306
9.291098771732306
9.291098771732306
9.291098771732306
9.291098771732306
9.291098771732306
9.291098771732306
9.291098771732306
9.291098771732306
9.291098771732306
9.291098771732306
9.291098771732306
9.291098771732306
9.291098771732306
9.291098771732306
9.291098771732306
9.291098771732306
9.291098771732306
9.291098771732306
9.291098771732306
9.291098771732306
9.291098771732306
9.291098771732306
9.291098771732306
9.291098771732306
9.291098771732306
9.291098771732306
9.291098771732306
9.291098771732306
9.291098771732306
9.291098771732306
9.291098771732306
9.291098771732306
9.291098771732306
9.291098771732306
9.291098771732306
9.291098771732306
9.291098771732306
9.291098771732306
9.291098771732306
9.291098771732306
9.291098771732306
9.291098771732306
9.291098771732306
9.291098771732306
9.291098771732306
9.291098771732306
9.291098771732306
9.291098771732306
9.291098771732306
9.291098771732306
9.291098771732306
9.291098771732306
9.291098771732306
9.291098771732306
9.291098771732306
9.291098771732306
9.291098771732306
9.291098771732306
9.291098771732306
9.291098771732306
9.291098771732306
9.291098771732306
9.291098771732306
9.291098771732306
9.291098771732306
9.291098771732306
9.291098771732306
9.291098771732306
9.291098771732306
9.291098771732306
9.291098771732306
9.291098771732306
9.291098771732306
9.291098771732306
9.291098771732306
9.291098771732306
9.291098771732306
9.291098771732306
9.291098771732306
9.291098771732306
9.291098771732306
9.291098771732306
9.291098771732306
9.291098771732306
9.291098771732306
9.291098771732306
9.291098771732306
9.291098771732306
9.291098771732306
9.291098771732306
9.291098771732306
9.291098771732306
9.291098771732306
9.291098771732306
9.291098771732306
9.291098771732306
9.291098771732306
9.291098771732306
9.291098771732306
9.291098771732306
9.291098771732306
9.291098771732306
9.291098771732306
9.291098771732306
9.291098771732306
9.291098771732306
9.291098771732306
9.291098771732306
9.291098771732306
9.291098771732306
9.291098771732306
9.291098771732306
9.291098771732306
9.291098771732306
9.291098771732306
9.291098771732306
9.291098771732306
9.291098771732306
9.291098771732306
9.291098771732306
9.291098771732306
9.291098771732306
9.291098771732306
9.291098771732306
9.291098771732306
9.291098771732306
9.291098771732306
9.291098771732306
9.291098771732306
9.291098771732306
9.291098771732306
9.291098771732306
9.291098771732306
9.291098771732306
9.291098771732306
9.291098771732306
9.291098771732306
9.291098771732306
9.291098771732306
9.291098771732306
9.291098771732306
9.291098771732306
9.291098771732306
9.291098771732306
9.291098771732306
9.291098771732306
9.291098771732306
9.291098771732306
9.291098771732306
9.291098771732306
9.291098771732306
9.291098771732306
9.291098771732306
9.291098771732306
9.291098771732306
9.291098771732306
9.291098771732306
9.291098771732306
9.291098771732306
9.291098771732306
9.291098771732306
9.291098771732306
9.291098771732306
9.291098771732306
9.291098771732306
9.291098771732306
9.291098771732306
9.291098771732306
9.291098771732306
9.291098771732306
9.291098771732306
9.291098771732306
9.291098771732306
9.291098771732306
9.291098771732306
9.291098771732306
9.291098771732306
9.291098771732306
9.291098771732306
9.291098771732306
9.291098771732306
9.291098771732306
9.291098771732306
9.291098771732306
9.291098771732306
9.291098771732306
9.291098771732306
9.291098771732306
9.291098771732306
9.291098771732306
9.291098771732306
9.291098771732306
9.291098771732306
9.291098771732306
9.291098771732306
9.291098771732306
9.291098771732306
9.291098771732306
9.291098771732306
9.291098771732306
9.291098771732306
9.291098771732306
9.291098771732306
9.291098771732306
9.291098771732306
9.291098771732306
9.291098771732306
9.291098771732306
9.291098771732306
9.291098771732306
9.291098771732306
9.291098771732306
9.291098771732306
9.291098771732306
9.291098771732306
9.291098771732306
9.291098771732306
9.291098771732306
9.291098771732306
9.291098771732306
9.291098771732306
9.291098771732306
9.291098771732306
9.291098771732306
9.291098771732306
9.291098771732306
9.291098771732306
9.291098771732306
9.291098771732306
9.291098771732306
9.291098771732306
9.291098771732306
9.291098771732306
9.291098771732306
9.291098771732306
9.291098771732306
9.291098771732306
9.291098771732306
9.291098771732306
9.291098771732306
9.291098771732306
9.291098771732306
9.291098771732306
9.291098771732306
9.291098771732306
9.291098771732306
9.291098771732306
9.291098771732306
9.291098771732306
9.291098771732306
9.291098771732306
9.291098771732306
9.291098771732306
9.291098771732306
9.291098771732306
9.291098771732306
9.291098771732306
9.291098771732306
9.291098771732306
9.291098771732306
9.291098771732306
9.291098771732306
9.291098771732306
9.291098771732306
9.291098771732306
9.291098771732306
9.291098771732306
9.291098771732306
9.291098771732306
9.291098771732306
9.291098771732306
9.291098771732306
9.291098771732306
9.291098771732306
9.291098771732306
9.291098771732306
9.291098771732306
9.291098771732306
9.291098771732306
9.291098771732306
9.291098771732306
9.291098771732306
9.291098771732306
9.291098771732306
9.291098771732306
9.291098771732306
9.291098771732306
9.291098771732306
9.291098771732306
9.291098771732306
9.291098771732306
9.291098771732306
9.291098771732306
9.291098771732306
9.291098771732306
9.291098771732306
9.291098771732306
9.291098771732306
9.291098771732306
9.291098771732306
9.291098771732306
9.291098771732306
9.291098771732306
9.291098771732306
9.291098771732306
9.291098771732306
9.291098771732306
9.291098771732306
9.291098771732306
9.291098771732306
9.291098771732306
9.291098771732306
9.291098771732306
9.291098771732306
9.291098771732306
9.291098771732306
9.291098771732306
9.291098771732306
9.291098771732306
9.291098771732306
9.291098771732306
9.291098771732306
9.291098771732306
9.291098771732306
9.291098771732306
9.291098771732306
9.291098771732306
9.291098771732306
9.291098771732306
9.291098771732306
9.291098771732306
9.291098771732306
9.291098771732306
9.291098771732306
9.291098771732306
9.291098771732306
9.291098771732306
9.291098771732306
9.291098771732306
9.291098771732306
9.291098771732306
9.291098771732306
9.291098771732306
9.291098771732306
9.291098771732306
9.291098771732306
9.291098771732306
9.291098771732306
9.291098771732306
9.291098771732306
9.291098771732306
9.291098771732306
9.291098771732306
9.291098771732306
9.291098771732306
9.291098771732306
9.291098771732306
9.291098771732306
9.291098771732306
9.291098771732306
9.291098771732306
9.291098771732306
9.291098771732306
9.291098771732306
9.291098771732306
9.291098771732306
9.291098771732306
9.291098771732306
9.291098771732306
9.291098771732306
9.291098771732306
9.291098771732306
9.291098771732306
9.291098771732306
9.291098771732306
9.291098771732306
9.291098771732306
9.291098771732306
9.291098771732306
9.291098771732306
9.291098771732306
9.291098771732306
9.291098771732306
9.291098771732306
9.291098771732306
9.291098771732306
9.291098771732306
9.291098771732306
9.291098771732306
9.291098771732306
9.291098771732306
9.291098771732306
9.291098771732306
9.291098771732306
9.291098771732306
9.291098771732306
9.291098771732306
9.291098771732306
9.291098771732306
9.291098771732306
9.291098771732306
9.291098771732306
9.291098771732306
9.291098771732306
9.291098771732306
9.291098771732306
9.291098771732306
9.291098771732306
9.291098771732306
9.291098771732306
9.291098771732306
9.291098771732306
9.291098771732306
9.291098771732306
9.291098771732306
9.291098771732306
9.291098771732306
9.291098771732306
9.291098771732306
9.291098771732306
9.291098771732306
9.291098771732306
9.291098771732306
9.291098771732306
9.291098771732306
9.291098771732306
9.291098771732306
9.291098771732306
9.291098771732306
9.291098771732306
9.291098771732306
9.291098771732306
9.291098771732306
9.291098771732306
9.291098771732306
9.291098771732306
9.291098771732306
9.291098771732306
9.291098771732306
9.291098771732306
9.291098771732306
9.291098771732306
9.291098771732306
9.291098771732306
9.291098771732306
9.291098771732306
9.291098771732306
9.291098771732306
9.291098771732306
9.291098771732306
9.291098771732306
9.291098771732306
9.291098771732306
9.291098771732306
9.291098771732306
9.291098771732306
9.291098771732306
9.291098771732306
9.291098771732306
9.291098771732306
9.291098771732306
9.291098771732306
9.291098771732306
9.291098771732306
9.291098771732306
9.291098771732306
9.291098771732306
9.291098771732306
9.291098771732306
9.291098771732306
9.291098771732306
9.291098771732306
9.291098771732306
9.291098771732306
9.291098771732306
9.291098771732306
9.291098771732306
9.291098771732306
9.291098771732306
9.291098771732306
9.291098771732306
9.291098771732306
9.291098771732306
9.291098771732306
9.291098771732306
9.291098771732306
9.291098771732306
9.291098771732306
9.291098771732306
9.291098771732306
9.291098771732306
9.291098771732306
9.291098771732306
9.291098771732306
9.291098771732306
9.291098771732306
9.291098771732306
9.291098771732306
9.291098771732306
9.291098771732306
9.291098771732306
9.291098771732306
9.291098771732306
9.291098771732306
9.291098771732306
9.291098771732306
9.291098771732306
9.291098771732306
9.291098771732306
9.291098771732306
9.291098771732306
9.291098771732306
9.291098771732306
9.291098771732306
9.291098771732306
9.291098771732306
9.291098771732306
9.291098771732306
9.291098771732306
9.291098771732306
9.291098771732306
9.291098771732306
9.291098771732306
9.291098771732306
9.291098771732306
9.291098771732306
9.291098771732306
9.291098771732306
9.291098771732306
9.291098771732306
9.291098771732306
9.291098771732306
9.291098771732306
9.291098771732306
9.291098771732306
9.291098771732306
9.291098771732306
9.291098771732306
Score: 9.291098771732306
Runtime: 742ms
