7.217120811826526E-9
1.7012878689762304E-8
2.020108110576372E-8
4.261485623308112E-6
9.592490241522753E-5
2.980670819398566E-4
0.002237747331408419
0.002237747331408419
0.019336195901162256
0.019336195901162256
0.019336195901162256
0.14377629839864303
0.14377629839864303
0.14377629839864303
0.14377629839864303
0.14377629839864303
0.14377629839864303
0.14377629839864303
0.14377629839864303
0.14377629839864303
0.14377629839864303
0.14377629839864303
0.21568181477085638
0.21568181477085638
0.21568181477085638
0.21568181477085638
0.21568181477085638
0.21568181477085638
0.21568181477085638
0.21568181477085638
0.7157876411148254
0.7157876411148254
0.7157876411148254
0.7157876411148254
0.7157876411148254
0.7157876411148254
0.7157876411148254
0.7157876411148254
0.7157876411148254
0.7157876411148254
0.7157876411148254
0.7157876411148254
0.7157876411148254
0.7157876411148254
1.0814778657600173
1.0814778657600173
1.0814778657600173
1.192866740050687
1.192866740050687
1.192866740050687
1.192866740050687
1.192866740050687
1.192866740050687
1.5138984868402723
1.5138984868402723
1.5138984868402723
1.5138984868402723
2.0489872031756184
2.0489872031756184
2.0489872031756184
2.0489872031756184
2.0489872031756184
2.0489872031756184
2.0489872031756184
2.0489872031756184
2.4320049484014956
2.4320049484014956
2.4320049484014956
2.8676422307977956
2.8676422307977956
3.4848005044615222
3.6889627497563477
3.6889627497563477
3.6889627497563477
4.700384544915563
4.700384544915563
4.700384544915563
4.700384544915563
4.700384544915563
4.700384544915563
5.039300748871197
5.039300748871197
5.039300748871197
5.906586047597212
5.906586047597212
5.906586047597212
5.906586047597212
5.906586047597212
5.906586047597212
5.906586047597212
5.906586047597212
5.906586047597212
5.906586047597212
5.906586047597212
5.967881082197594
5.967881082197594
5.967881082197594
5.967881082197594
5.967881082197594
5.967881082197594
5.967881082197594
6.046930676626196
6.046930676626196
6.046930676626196
6.046930676626196
6.046930676626196
6.147005461252192
6.147005461252192
6.147005461252192
6.714124858774463
6.8991488150845175
6.8991488150845175
6.8991488150845175
6.8991488150845175
6.8991488150845175
6.8991488150845175
6.8991488150845175
6.8991488150845175
6.8991488150845175
6.8991488150845175
6.8991488150845175
6.93319466060718
6.93319466060718
6.93319466060718
6.93319466060718
6.93319466060718
6.93319466060718
6.93319466060718
6.93319466060718
6.93319466060718
6.93319466060718
6.93319466060718
6.93319466060718
6.93319466060718
6.93319466060718
6.93319466060718
6.93319466060718
6.93319466060718
6.93319466060718
6.93319466060718
6.93319466060718
6.93319466060718
6.93319466060718
6.93319466060718
6.93319466060718
6.93319466060718
6.93319466060718
6.93319466060718
6.93319466060718
6.93319466060718
6.93319466060718
6.93319466060718
6.93319466060718
6.93319466060718
7.221981919730868
7.221981919730868
7.221981919730868
7.221981919730868
7.221981919730868
7.221981919730868
7.221981919730868
7.221981919730868
7.221981919730868
7.221981919730868
7.221981919730868
7.221981919730868
7.221981919730868
7.221981919730868
7.221981919730868
7.221981919730868
7.221981919730868
7.221981919730868
7.221981919730868
7.221981919730868
7.221981919730868
7.221981919730868
7.221981919730868
7.221981919730868
7.221981919730868
7.221981919730868
7.221981919730868
7.221981919730868
7.221981919730868
7.221981919730868
7.221981919730868
7.221981919730868
7.221981919730868
7.221981919730868
7.221981919730868
7.221981919730868
7.221981919730868
7.221981919730868
7.221981919730868
7.221981919730868
7.221981919730868
7.221981919730868
7.221981919730868
7.221981919730868
7.221981919730868
7.221981919730868
7.221981919730868
7.221981919730868
7.221981919730868
7.221981919730868
7.221981919730868
7.221981919730868
7.221981919730868
7.221981919730868
7.221981919730868
7.458250888076714
7.458250888076714
7.458250888076714
7.458250888076714
7.458250888076714
7.458250888076714
7.458250888076714
7.458250888076714
7.458250888076714
7.458250888076714
7.458250888076714
7.458250888076714
7.458250888076714
7.458250888076714
7.458250888076714
7.458250888076714
7.458250888076714
7.458250888076714
7.458250888076714
7.458250888076714
7.458250888076714
7.458250888076714
7.458250888076714
7.458250888076714
7.458250888076714
7.458250888076714
7.458250888076714
7.458250888076714
7.458250888076714
7.458250888076714
7.458250888076714
7.458250888076714
7.458250888076714
7.458250888076714
7.458250888076714
7.458250888076714
7.458250888076714
7.458250888076714
7.458250888076714
7.458250888076714
7.458250888076714
7.458250888076714
7.458250888076714
7.458250888076714
7.458250888076714
7.458250888076714
7.458250888076714
7.458250888076714
7.458250888076714
7.458250888076714
7.458250888076714
7.458250888076714
7.458250888076714
7.458250888076714
7.458250888076714
7.458250888076714
7.466156314155299
7.466156314155299
7.466156314155299
7.466156314155299
7.466156314155299
7.466156314155299
7.466156314155299
7.466156314155299
7.466156314155299
7.466156314155299
7.466156314155299
7.466156314155299
7.572734553801002
7.703774672402382
7.703774672402382
7.703774672402382
7.703774672402382
7.703774672402382
7.703774672402382
7.703774672402382
7.703774672402382
7.703774672402382
7.703774672402382
7.703774672402382
7.703774672402382
7.703774672402382
7.703774672402382
7.703774672402382
7.703774672402382
7.703774672402382
7.703774672402382
7.703774672402382
7.703774672402382
7.703774672402382
7.703774672402382
7.703774672402382
7.703774672402382
7.703774672402382
7.703774672402382
7.703774672402382
7.703774672402382
7.703774672402382
7.703774672402382
7.703774672402382
7.703774672402382
7.703774672402382
7.703774672402382
7.703774672402382
7.75237485711172
7.75237485711172
7.75237485711172
7.75237485711172
7.75237485711172
7.75237485711172
7.75237485711172
7.75237485711172
7.75237485711172
7.75237485711172
7.75237485711172
7.75237485711172
7.75237485711172
7.75237485711172
7.75237485711172
7.75237485711172
7.75237485711172
7.75237485711172
7.75237485711172
7.75237485711172
7.75237485711172
7.75237485711172
7.75237485711172
7.788282674344497
7.788282674344497
7.788282674344497
7.788282674344497
7.788282674344497
7.788282674344497
7.788282674344497
7.788282674344497
7.788282674344497
7.788282674344497
7.788282674344497
7.788282674344497
7.788282674344497
7.788282674344497
7.788282674344497
7.788282674344497
7.788282674344497
7.849609490022518
7.849609490022518
7.849609490022518
7.849609490022518
7.849609490022518
7.849609490022518
7.849609490022518
7.849609490022518
7.849609490022518
7.849609490022518
7.849609490022518
7.849609490022518
7.849609490022518
7.849609490022518
7.981271655109249
7.981271655109249
7.981271655109249
7.981271655109249
7.981271655109249
7.981271655109249
7.981271655109249
7.981271655109249
7.981271655109249
7.981271655109249
7.981271655109249
7.981271655109249
7.981271655109249
7.981271655109249
7.981271655109249
7.981271655109249
7.981271655109249
7.981271655109249
7.981271655109249
7.981271655109249
7.981271655109249
7.981271655109249
7.981271655109249
7.981271655109249
7.981271655109249
7.981271655109249
7.981271655109249
7.981271655109249
7.981271655109249
7.981271655109249
7.981271655109249
7.981271655109249
7.981271655109249
7.981271655109249
7.981271655109249
7.990507304585215
7.990507304585215
7.990507304585215
7.990507304585215
7.990507304585215
7.990507304585215
8.075797129220057
8.075797129220057
8.075797129220057
8.075797129220057
8.075797129220057
8.075797129220057
8.075797129220057
8.075797129220057
8.075797129220057
8.075797129220057
8.075797129220057
8.075797129220057
8.075797129220057
8.075797129220057
8.075797129220057
8.075797129220057
8.075797129220057
8.075797129220057
8.075797129220057
8.075797129220057
8.075797129220057
8.075797129220057
8.075797129220057
8.075797129220057
8.075797129220057
8.075797129220057
8.075797129220057
8.075797129220057
8.075797129220057
8.075797129220057
8.075797129220057
8.075797129220057
8.075797129220057
8.075797129220057
8.075797129220057
8.075797129220057
8.075797129220057
8.075797129220057
8.075797129220057
8.075797129220057
8.075797129220057
8.075797129220057
8.075797129220057
8.075797129220057
8.075797129220057
8.075797129220057
8.075797129220057
8.075797129220057
8.075797129220057
8.075797129220057
8.075797129220057
8.075797129220057
8.075797129220057
8.075797129220057
8.075797129220057
8.075797129220057
8.075797129220057
8.075797129220057
8.075797129220057
8.075797129220057
8.075797129220057
8.075797129220057
8.075797129220057
8.075797129220057
8.075797129220057
8.075797129220057
8.075797129220057
8.075797129220057
8.075797129220057
8.075797129220057
8.075797129220057
8.075797129220057
8.075797129220057
8.075797129220057
8.075797129220057
8.075797129220057
8.075797129220057
8.075797129220057
8.075797129220057
8.075797129220057
8.075797129220057
8.075797129220057
8.075797129220057
8.075797129220057
8.075797129220057
8.075797129220057
8.075797129220057
8.075797129220057
8.075797129220057
8.075797129220057
8.075797129220057
8.075797129220057
8.075797129220057
8.075797129220057
8.075797129220057
8.075797129220057
8.075797129220057
8.075797129220057
8.075797129220057
8.075797129220057
8.075797129220057
8.075797129220057
8.075797129220057
8.075797129220057
8.075797129220057
8.075797129220057
8.075797129220057
8.075797129220057
8.075797129220057
8.075797129220057
8.075797129220057
8.075797129220057
8.075797129220057
8.075797129220057
8.075797129220057
8.075797129220057
8.075797129220057
8.075797129220057
8.075797129220057
8.075797129220057
8.075797129220057
8.075797129220057
8.075797129220057
8.075797129220057
8.075797129220057
8.075797129220057
8.075797129220057
8.075797129220057
8.075797129220057
8.075797129220057
8.075797129220057
8.075797129220057
8.075797129220057
8.075797129220057
8.075797129220057
8.075797129220057
8.075797129220057
8.075797129220057
8.075797129220057
8.075797129220057
8.075797129220057
8.075797129220057
8.075797129220057
8.075797129220057
8.075797129220057
8.075797129220057
8.075797129220057
8.075797129220057
8.075797129220057
8.075797129220057
8.075797129220057
8.075797129220057
8.075797129220057
8.075797129220057
8.075797129220057
8.075797129220057
8.075797129220057
8.075797129220057
8.075797129220057
8.075797129220057
8.075797129220057
8.075797129220057
8.075797129220057
8.075797129220057
8.075797129220057
8.075797129220057
8.075797129220057
8.075797129220057
8.075797129220057
8.075797129220057
8.075797129220057
8.075797129220057
8.075797129220057
8.075797129220057
8.075797129220057
8.075797129220057
8.075797129220057
8.075797129220057
8.075797129220057
8.075797129220057
8.075797129220057
8.075797129220057
8.075797129220057
8.075797129220057
8.075797129220057
8.075797129220057
8.075797129220057
8.075797129220057
8.075797129220057
8.075797129220057
8.075797129220057
8.075797129220057
8.075797129220057
8.075797129220057
8.075797129220057
8.075797129220057
8.075797129220057
8.075797129220057
8.075797129220057
8.075797129220057
8.075797129220057
8.075797129220057
8.075797129220057
8.075797129220057
8.075797129220057
8.075797129220057
8.075797129220057
8.075797129220057
8.075797129220057
8.075797129220057
8.075797129220057
8.075797129220057
8.075797129220057
8.075797129220057
8.075797129220057
8.075797129220057
8.075797129220057
8.075797129220057
8.075797129220057
8.075797129220057
8.075797129220057
8.075797129220057
8.075797129220057
8.075797129220057
8.075797129220057
8.075797129220057
8.075797129220057
8.075797129220057
8.075797129220057
8.075797129220057
8.075797129220057
8.075797129220057
8.075797129220057
8.075797129220057
8.075797129220057
8.075797129220057
8.075797129220057
8.075797129220057
8.075797129220057
8.075797129220057
8.075797129220057
8.075797129220057
8.075797129220057
8.075797129220057
8.075797129220057
8.075797129220057
8.075797129220057
8.075797129220057
8.075797129220057
8.075797129220057
8.075797129220057
8.075797129220057
8.075797129220057
8.075797129220057
8.075797129220057
8.075797129220057
8.075797129220057
8.075797129220057
8.075797129220057
8.075797129220057
8.075797129220057
8.075797129220057
8.075797129220057
8.075797129220057
8.075797129220057
8.075797129220057
8.075797129220057
8.075797129220057
8.075797129220057
8.075797129220057
8.075797129220057
8.075797129220057
8.075797129220057
8.075797129220057
8.075797129220057
8.075797129220057
8.075797129220057
8.075797129220057
8.075797129220057
8.075797129220057
8.075797129220057
8.075797129220057
8.075797129220057
8.075797129220057
8.075797129220057
8.075797129220057
8.075797129220057
8.075797129220057
8.075797129220057
8.075797129220057
8.075797129220057
8.075797129220057
8.075797129220057
8.075797129220057
8.075797129220057
8.075797129220057
8.075797129220057
8.075797129220057
8.075797129220057
8.075797129220057
8.075797129220057
8.075797129220057
8.075797129220057
8.075797129220057
8.075797129220057
8.075797129220057
8.075797129220057
8.075797129220057
8.075797129220057
8.075797129220057
8.075797129220057
8.075797129220057
8.075797129220057
8.075797129220057
8.075797129220057
8.075797129220057
8.075797129220057
8.075797129220057
8.075797129220057
8.075797129220057
8.075797129220057
8.075797129220057
8.075797129220057
8.075797129220057
8.075797129220057
8.075797129220057
8.075797129220057
8.075797129220057
8.075797129220057
8.075797129220057
8.075797129220057
8.075797129220057
8.075797129220057
8.075797129220057
8.075797129220057
8.075797129220057
8.075797129220057
8.075797129220057
8.075797129220057
8.075797129220057
8.075797129220057
8.075797129220057
8.075797129220057
8.075797129220057
8.075797129220057
8.075797129220057
8.075797129220057
8.075797129220057
8.075797129220057
8.075797129220057
8.075797129220057
8.075797129220057
8.075797129220057
8.075797129220057
8.075797129220057
8.075797129220057
8.075797129220057
8.075797129220057
8.075797129220057
8.075797129220057
8.075797129220057
8.075797129220057
8.075797129220057
8.075797129220057
8.075797129220057
8.075797129220057
8.075797129220057
8.075797129220057
8.075797129220057
8.075797129220057
8.075797129220057
8.075797129220057
8.075797129220057
8.075797129220057
8.075797129220057
8.075797129220057
8.075797129220057
8.075797129220057
8.075797129220057
8.075797129220057
8.075797129220057
8.075797129220057
8.075797129220057
8.075797129220057
8.075797129220057
8.075797129220057
8.075797129220057
8.075797129220057
8.075797129220057
8.075797129220057
8.075797129220057
8.075797129220057
8.075797129220057
8.075797129220057
8.075797129220057
8.075797129220057
8.075797129220057
8.075797129220057
8.075797129220057
8.075797129220057
8.075797129220057
8.075797129220057
8.075797129220057
8.075797129220057
8.075797129220057
8.075797129220057
8.075797129220057
8.075797129220057
8.075797129220057
8.075797129220057
8.075797129220057
8.075797129220057
8.075797129220057
8.075797129220057
8.075797129220057
8.075797129220057
8.075797129220057
8.075797129220057
8.075797129220057
8.075797129220057
8.075797129220057
8.075797129220057
8.075797129220057
8.075797129220057
8.075797129220057
8.075797129220057
8.075797129220057
8.075797129220057
8.075797129220057
8.075797129220057
8.075797129220057
8.075797129220057
8.075797129220057
8.075797129220057
8.075797129220057
8.075797129220057
8.075797129220057
8.075797129220057
8.075797129220057
8.075797129220057
8.075797129220057
8.075797129220057
8.075797129220057
8.075797129220057
8.075797129220057
8.075797129220057
8.075797129220057
8.075797129220057
8.075797129220057
8.075797129220057
8.075797129220057
8.075797129220057
8.075797129220057
8.075797129220057
8.075797129220057
8.075797129220057
8.075797129220057
8.075797129220057
8.075797129220057
8.075797129220057
8.075797129220057
8.075797129220057
8.075797129220057
8.075797129220057
8.075797129220057
8.075797129220057
8.075797129220057
8.075797129220057
8.075797129220057
8.075797129220057
8.075797129220057
8.075797129220057
8.075797129220057
8.075797129220057
8.075797129220057
8.075797129220057
8.075797129220057
8.075797129220057
8.075797129220057
8.075797129220057
8.075797129220057
8.075797129220057
8.075797129220057
8.075797129220057
8.075797129220057
8.075797129220057
8.075797129220057
8.075797129220057
8.075797129220057
8.075797129220057
8.075797129220057
8.075797129220057
8.075797129220057
8.075797129220057
8.075797129220057
8.075797129220057
8.075797129220057
8.075797129220057
8.075797129220057
8.075797129220057
8.075797129220057
8.075797129220057
8.075797129220057
8.075797129220057
8.075797129220057
8.075797129220057
8.075797129220057
8.075797129220057
8.075797129220057
8.075797129220057
8.075797129220057
8.075797129220057
8.075797129220057
8.075797129220057
8.075797129220057
8.075797129220057
8.075797129220057
8.075797129220057
8.075797129220057
8.075797129220057
8.075797129220057
8.075797129220057
8.075797129220057
8.075797129220057
8.075797129220057
8.075797129220057
8.075797129220057
8.075797129220057
8.075797129220057
8.075797129220057
8.075797129220057
8.075797129220057
8.075797129220057
8.075797129220057
8.075797129220057
8.075797129220057
8.075797129220057
8.075797129220057
8.075797129220057
8.075797129220057
8.075797129220057
8.075797129220057
8.075797129220057
8.075797129220057
8.075797129220057
8.075797129220057
8.075797129220057
8.075797129220057
8.075797129220057
8.075797129220057
8.075797129220057
8.075797129220057
8.075797129220057
8.075797129220057
8.075797129220057
8.075797129220057
8.075797129220057
8.075797129220057
8.075797129220057
8.075797129220057
8.075797129220057
8.075797129220057
8.075797129220057
8.075797129220057
8.075797129220057
8.075797129220057
8.075797129220057
8.075797129220057
8.075797129220057
8.075797129220057
8.075797129220057
8.075797129220057
8.075797129220057
8.075797129220057
8.075797129220057
8.075797129220057
8.075797129220057
8.075797129220057
8.075797129220057
8.075797129220057
8.075797129220057
8.075797129220057
8.075797129220057
8.075797129220057
8.075797129220057
8.075797129220057
8.075797129220057
8.075797129220057
8.075797129220057
8.075797129220057
8.075797129220057
8.075797129220057
8.075797129220057
8.075797129220057
8.075797129220057
8.075797129220057
8.075797129220057
8.075797129220057
8.075797129220057
8.075797129220057
8.075797129220057
8.075797129220057
8.075797129220057
8.075797129220057
8.075797129220057
8.075797129220057
8.075797129220057
8.075797129220057
8.075797129220057
8.075797129220057
8.075797129220057
8.075797129220057
8.075797129220057
8.075797129220057
8.075797129220057
8.075797129220057
8.075797129220057
8.075797129220057
8.075797129220057
8.075797129220057
8.075797129220057
8.075797129220057
8.075797129220057
8.075797129220057
8.075797129220057
8.075797129220057
8.075797129220057
8.075797129220057
8.075797129220057
8.075797129220057
8.075797129220057
8.075797129220057
8.075797129220057
8.075797129220057
8.075797129220057
8.075797129220057
8.075797129220057
8.075797129220057
8.075797129220057
8.075797129220057
8.075797129220057
8.075797129220057
8.075797129220057
8.075797129220057
8.075797129220057
8.075797129220057
8.075797129220057
8.075797129220057
8.075797129220057
8.075797129220057
8.075797129220057
8.075797129220057
8.075797129220057
8.075797129220057
8.075797129220057
8.075797129220057
8.075797129220057
8.075797129220057
8.075797129220057
8.075797129220057
8.075797129220057
8.075797129220057
8.075797129220057
8.075797129220057
8.075797129220057
8.075797129220057
8.075797129220057
8.075797129220057
8.075797129220057
8.075797129220057
8.075797129220057
8.075797129220057
8.075797129220057
8.075797129220057
8.075797129220057
8.075797129220057
8.075797129220057
8.075797129220057
8.075797129220057
8.075797129220057
8.075797129220057
8.075797129220057
8.075797129220057
8.075797129220057
8.075797129220057
8.108360558871025
8.108360558871025
8.108360558871025
8.108360558871025
8.108360558871025
8.108360558871025
8.108360558871025
8.108360558871025
8.108360558871025
8.108360558871025
8.108360558871025
8.108360558871025
8.108360558871025
8.108360558871025
8.108360558871025
8.108360558871025
8.108360558871025
8.108360558871025
8.108360558871025
8.108360558871025
8.108360558871025
8.108360558871025
8.108360558871025
8.108360558871025
8.108360558871025
8.108360558871025
8.108360558871025
8.108360558871025
8.119516291933785
8.119516291933785
8.119516291933785
8.119516291933785
8.119516291933785
8.119516291933785
8.119516291933785
8.119516291933785
8.119516291933785
8.119516291933785
8.119516291933785
8.119516291933785
8.119516291933785
8.119516291933785
8.119516291933785
8.153742915542862
8.156965900673029
8.156965900673029
8.156965900673029
8.156965900673029
8.156965900673029
8.156965900673029
8.156965900673029
8.156965900673029
8.156965900673029
8.156965900673029
8.156965900673029
8.156965900673029
8.156965900673029
8.156965900673029
8.156965900673029
8.156965900673029
8.156965900673029
8.156965900673029
8.156965900673029
8.156965900673029
8.16429930813792
8.16429930813792
8.16429930813792
8.16429930813792
8.16429930813792
8.16429930813792
8.16429930813792
8.16429930813792
8.16429930813792
8.16429930813792
8.16429930813792
8.16429930813792
8.16429930813792
8.16429930813792
8.16429930813792
8.16429930813792
8.16429930813792
8.167968229088952
8.167968229088952
8.167968229088952
8.167968229088952
8.167968229088952
8.167968229088952
8.167968229088952
8.167968229088952
8.167968229088952
8.167968229088952
8.167968229088952
8.202849715427458
8.202849715427458
8.202849715427458
8.202849715427458
8.202849715427458
8.202849715427458
8.202849715427458
8.202849715427458
8.202849715427458
8.202849715427458
8.202849715427458
8.202849715427458
8.202849715427458
8.202849715427458
8.202849715427458
8.202849715427458
8.202849715427458
8.202849715427458
8.202849715427458
8.202849715427458
8.202849715427458
8.214221894496163
8.214221894496163
8.214221894496163
8.238393349700038
8.238393349700038
8.238393349700038
8.238393349700038
8.238393349700038
8.238393349700038
8.238393349700038
8.238393349700038
8.238393349700038
8.238393349700038
8.238393349700038
8.238393349700038
8.238393349700038
8.238393349700038
8.238393349700038
8.238393349700038
8.238393349700038
8.238393349700038
8.238393349700038
8.238393349700038
8.238393349700038
8.238393349700038
8.238393349700038
8.238393349700038
8.238393349700038
8.238393349700038
8.238393349700038
8.238393349700038
8.238393349700038
8.238393349700038
8.238393349700038
8.238393349700038
8.238393349700038
8.238393349700038
8.238393349700038
8.238393349700038
8.238393349700038
8.238393349700038
8.238393349700038
8.238393349700038
8.238393349700038
8.238393349700038
8.238393349700038
8.238393349700038
8.238393349700038
8.238393349700038
8.238393349700038
8.238393349700038
8.238393349700038
8.238393349700038
8.238393349700038
8.238393349700038
8.238393349700038
8.238393349700038
8.238393349700038
8.238393349700038
8.238393349700038
8.238393349700038
8.238393349700038
8.238393349700038
8.238393349700038
8.238393349700038
8.238393349700038
8.238393349700038
8.238393349700038
8.238637161399375
8.238637161399375
8.24715703571686
8.24715703571686
8.24715703571686
8.24715703571686
8.24715703571686
8.24715703571686
8.253150546324663
8.253150546324663
8.253150546324663
8.262676041499233
8.262676041499233
8.262676041499233
8.262676041499233
8.262676041499233
8.262676041499233
8.268242953060978
8.268242953060978
8.268242953060978
8.268242953060978
8.268242953060978
8.268242953060978
8.268242953060978
8.268242953060978
8.268242953060978
8.268242953060978
8.268242953060978
8.273591999917626
8.273591999917626
8.273591999917626
8.273591999917626
8.273591999917626
8.276558234714045
8.276558234714045
8.276558234714045
8.276558234714045
8.27906150188136
8.27906150188136
8.27906150188136
8.27906150188136
8.27906150188136
8.27906150188136
8.27906150188136
8.27906150188136
8.27906150188136
8.284785366037434
8.294779192155877
8.301729390759402
8.301729390759402
8.308499110780055
8.308499110780055
8.308499110780055
8.308499110780055
8.308499110780055
8.308499110780055
8.308499110780055
8.308499110780055
8.308499110780055
8.308499110780055
8.308499110780055
8.308499110780055
8.308499110780055
8.308499110780055
8.308499110780055
8.308499110780055
8.308499110780055
8.308499110780055
8.308499110780055
8.308499110780055
8.308499110780055
8.308499110780055
8.308499110780055
8.308499110780055
8.308499110780055
8.308499110780055
8.308499110780055
8.308499110780055
8.312689608730063
8.312689608730063
8.312689608730063
8.312689608730063
8.312689608730063
8.312689608730063
8.312689608730063
8.312689608730063
8.312689608730063
8.312689608730063
8.312689608730063
8.312689608730063
8.312689608730063
8.337938254069616
8.337938254069616
8.337938254069616
8.337938254069616
8.337938254069616
8.337938254069616
8.337938254069616
8.337938254069616
8.337938254069616
8.337938254069616
8.337938254069616
8.337938254069616
8.337938254069616
8.337938254069616
8.337938254069616
8.337938254069616
8.337938254069616
8.337938254069616
8.337938254069616
8.337938254069616
8.337938254069616
8.337938254069616
8.337938254069616
8.337938254069616
8.337938254069616
8.337938254069616
8.337938254069616
8.337938254069616
8.337938254069616
8.337938254069616
8.337938254069616
8.337938254069616
8.337938254069616
8.337938254069616
8.337938254069616
8.337938254069616
8.337938254069616
8.337938254069616
8.337938254069616
8.337938254069616
8.337938254069616
8.337938254069616
8.337938254069616
8.337938254069616
8.337938254069616
8.337938254069616
8.337938254069616
8.337938254069616
8.337938254069616
8.337938254069616
8.339762833542657
8.339762833542657
8.339762833542657
8.339762833542657
8.339762833542657
8.345812972233134
8.345812972233134
8.345812972233134
8.345812972233134
8.346301639629484
8.346301639629484
8.346301639629484
8.346301639629484
8.346301639629484
8.347664570600967
8.347664570600967
8.347664570600967
8.372423093918638
8.372423093918638
8.372423093918638
8.376464976355717
8.376464976355717
8.376464976355717
8.376464976355717
8.376464976355717
8.376464976355717
8.376464976355717
8.376464976355717
8.387877723412021
8.387877723412021
8.387877723412021
8.387877723412021
8.387877723412021
8.387877723412021
8.387877723412021
8.387877723412021
8.387877723412021
8.387877723412021
8.387877723412021
8.387877723412021
8.387877723412021
8.387877723412021
8.393522970437902
8.393522970437902
8.393522970437902
8.393522970437902
8.393522970437902
8.393522970437902
8.393522970437902
8.393522970437902
8.393522970437902
8.393522970437902
8.393522970437902
8.393522970437902
8.393522970437902
8.393522970437902
8.393522970437902
8.393522970437902
8.393522970437902
8.393522970437902
8.393522970437902
8.393522970437902
8.393522970437902
8.393522970437902
8.393522970437902
8.393522970437902
8.393522970437902
8.393522970437902
8.39518139506953
8.39518139506953
8.39518139506953
8.39518139506953
8.39518139506953
8.39518139506953
8.397883366149635
8.397883366149635
8.397883366149635
8.397883366149635
8.397883366149635
8.397883366149635
8.397883366149635
8.400615342267606
8.400615342267606
8.400615342267606
8.400615342267606
8.400615342267606
8.400615342267606
8.400615342267606
8.400615342267606
8.400615342267606
8.400615342267606
8.400615342267606
8.400615342267606
8.400615342267606
8.400615342267606
8.400615342267606
8.400615342267606
8.400615342267606
8.400615342267606
8.400615342267606
8.400615342267606
8.400615342267606
8.400615342267606
8.402129955151912
8.402129955151912
8.402129955151912
8.402129955151912
8.402129955151912
8.402129955151912
8.403493297034167
8.403493297034167
8.403493297034167
8.403493297034167
8.403493297034167
8.403493297034167
8.405375729530336
8.405375729530336
8.405375729530336
8.40614525551876
8.40614525551876
8.40614525551876
8.40614525551876
8.40614525551876
8.40614525551876
8.40614525551876
8.40614525551876
8.40614525551876
8.40614525551876
8.40614525551876
8.40614525551876
8.411628913687887
8.411628913687887
8.411628913687887
8.411628913687887
8.411628913687887
8.411628913687887
8.411628913687887
8.411628913687887
8.411628913687887
8.411628913687887
8.411628913687887
8.411628913687887
8.411628913687887
8.411628913687887
8.411628913687887
8.421549464119822
8.421549464119822
8.421549464119822
8.421549464119822
8.421549464119822
8.421549464119822
8.421549464119822
8.421549464119822
8.421549464119822
8.421549464119822
8.421549464119822
8.421549464119822
8.421549464119822
8.421549464119822
8.421549464119822
8.421549464119822
8.421549464119822
8.421549464119822
8.421549464119822
8.421549464119822
8.421549464119822
8.421549464119822
8.421549464119822
8.421549464119822
8.421549464119822
8.421549464119822
8.421549464119822
8.421549464119822
8.421549464119822
8.421549464119822
8.421549464119822
8.421549464119822
8.421549464119822
8.421549464119822
8.421549464119822
8.421549464119822
8.421549464119822
8.421549464119822
8.421549464119822
8.421549464119822
8.421549464119822
8.421549464119822
8.421549464119822
8.421549464119822
8.421549464119822
8.421549464119822
8.421549464119822
8.421549464119822
8.421549464119822
8.421549464119822
8.421549464119822
8.421549464119822
8.421549464119822
8.421549464119822
8.421549464119822
8.421549464119822
8.421549464119822
8.421549464119822
8.421549464119822
8.421549464119822
8.421549464119822
8.421549464119822
8.421549464119822
8.421549464119822
8.421549464119822
8.421549464119822
8.421549464119822
8.421549464119822
8.421549464119822
8.421549464119822
8.421549464119822
8.421549464119822
8.421549464119822
8.421549464119822
8.421549464119822
8.421549464119822
8.421549464119822
8.421549464119822
8.421549464119822
8.421549464119822
8.421549464119822
8.421549464119822
8.421549464119822
8.421549464119822
8.421549464119822
8.421549464119822
8.421549464119822
8.421549464119822
8.421549464119822
8.421549464119822
8.421549464119822
8.421549464119822
8.421549464119822
8.421549464119822
8.421549464119822
8.421549464119822
8.421549464119822
8.421549464119822
8.421549464119822
8.421549464119822
8.421549464119822
8.421549464119822
8.421549464119822
8.421549464119822
8.421549464119822
8.421549464119822
8.421549464119822
8.421549464119822
8.421549464119822
8.421549464119822
8.421549464119822
8.421549464119822
8.421549464119822
8.421549464119822
8.421549464119822
8.421549464119822
8.421549464119822
8.421549464119822
8.421549464119822
8.421549464119822
8.421549464119822
8.421549464119822
8.421549464119822
8.421549464119822
8.421549464119822
8.421549464119822
8.421549464119822
8.421549464119822
8.421549464119822
8.421549464119822
8.421549464119822
8.421549464119822
8.421549464119822
8.421549464119822
8.421549464119822
8.421549464119822
8.421549464119822
8.421549464119822
8.421549464119822
8.421549464119822
8.421549464119822
8.421549464119822
8.421549464119822
8.421549464119822
8.421549464119822
8.421549464119822
8.421549464119822
8.421549464119822
8.421549464119822
8.421549464119822
8.421549464119822
8.421549464119822
8.421549464119822
8.421549464119822
8.421549464119822
8.421549464119822
8.421549464119822
8.421549464119822
8.421549464119822
8.421549464119822
8.421549464119822
8.421549464119822
8.421549464119822
8.421549464119822
8.421549464119822
8.421549464119822
8.421549464119822
8.421549464119822
8.421549464119822
8.421549464119822
8.421549464119822
8.421549464119822
8.421549464119822
8.421549464119822
8.421549464119822
8.421549464119822
8.421549464119822
8.421549464119822
8.421549464119822
8.421549464119822
8.421549464119822
8.421549464119822
8.421549464119822
8.421549464119822
8.421549464119822
8.421549464119822
8.421549464119822
8.421549464119822
8.421549464119822
8.421549464119822
8.421549464119822
8.421549464119822
8.421549464119822
8.421549464119822
8.421549464119822
8.421549464119822
8.421549464119822
8.421549464119822
8.421549464119822
8.421549464119822
8.421549464119822
8.421549464119822
8.421549464119822
8.421549464119822
8.421549464119822
8.421549464119822
8.421549464119822
8.421549464119822
8.421549464119822
8.421549464119822
8.421549464119822
8.421549464119822
8.421549464119822
8.421549464119822
8.421549464119822
8.421549464119822
8.421549464119822
8.421549464119822
8.421549464119822
8.421549464119822
8.421549464119822
8.421549464119822
8.421549464119822
8.421549464119822
8.421549464119822
8.421549464119822
8.421549464119822
8.421549464119822
8.421549464119822
8.421549464119822
8.421549464119822
8.421549464119822
8.421549464119822
8.421549464119822
8.421549464119822
8.421549464119822
8.421549464119822
8.421549464119822
8.421549464119822
8.421549464119822
8.421549464119822
8.421549464119822
8.421549464119822
8.421549464119822
8.421549464119822
8.421549464119822
8.421549464119822
8.421549464119822
8.421549464119822
8.421549464119822
8.421549464119822
8.421549464119822
8.421549464119822
8.421549464119822
8.421549464119822
8.421549464119822
8.421549464119822
8.421549464119822
8.421549464119822
8.421549464119822
8.421549464119822
8.421549464119822
8.421549464119822
8.421549464119822
8.421549464119822
8.421549464119822
8.421549464119822
8.421549464119822
8.421549464119822
8.421549464119822
8.421549464119822
8.421549464119822
8.421549464119822
8.421549464119822
8.421549464119822
8.421549464119822
8.421549464119822
8.421549464119822
8.421549464119822
8.421549464119822
8.421549464119822
8.421549464119822
8.421549464119822
8.421549464119822
8.421549464119822
8.421549464119822
8.421549464119822
8.421549464119822
8.421549464119822
8.421549464119822
8.421549464119822
8.421549464119822
8.421549464119822
8.421549464119822
8.421549464119822
8.421549464119822
8.421549464119822
8.421549464119822
8.421549464119822
8.421549464119822
8.421549464119822
8.421549464119822
8.421549464119822
8.421549464119822
8.421549464119822
8.421549464119822
8.421549464119822
8.421549464119822
8.421549464119822
8.421549464119822
8.421549464119822
8.421549464119822
8.421549464119822
8.421549464119822
8.421549464119822
8.421549464119822
8.421549464119822
8.421549464119822
8.421549464119822
8.421549464119822
8.421549464119822
8.421549464119822
8.421549464119822
8.421549464119822
8.421549464119822
8.421549464119822
8.421549464119822
8.421549464119822
8.421549464119822
8.421549464119822
8.421549464119822
8.421549464119822
8.421549464119822
8.421549464119822
8.421549464119822
8.421549464119822
8.421549464119822
8.421549464119822
8.421549464119822
8.421549464119822
8.421549464119822
8.421549464119822
8.421549464119822
8.421549464119822
8.421549464119822
8.421549464119822
8.421549464119822
8.421549464119822
8.421549464119822
8.421549464119822
8.421549464119822
8.421549464119822
8.421549464119822
8.421549464119822
8.421549464119822
8.421549464119822
8.421549464119822
8.421549464119822
8.421549464119822
8.421549464119822
8.421549464119822
8.421549464119822
8.421549464119822
8.421549464119822
8.421549464119822
8.421549464119822
8.421549464119822
8.421549464119822
8.421549464119822
8.421549464119822
8.421549464119822
8.421549464119822
8.421549464119822
8.421549464119822
8.421549464119822
8.421549464119822
8.421549464119822
8.421549464119822
8.421549464119822
8.421549464119822
8.421549464119822
8.421549464119822
8.421549464119822
8.421549464119822
8.421549464119822
8.421549464119822
8.421549464119822
8.421549464119822
8.421549464119822
8.421549464119822
8.421549464119822
8.421549464119822
8.421549464119822
8.421549464119822
8.421549464119822
8.421549464119822
8.421549464119822
8.421549464119822
8.421549464119822
8.421549464119822
8.421549464119822
8.421549464119822
8.421549464119822
8.421549464119822
8.421549464119822
8.421549464119822
8.421549464119822
8.421549464119822
8.421549464119822
8.421549464119822
8.421549464119822
8.421549464119822
8.421549464119822
8.421549464119822
8.421549464119822
8.421549464119822
8.421549464119822
8.421549464119822
8.421549464119822
8.421549464119822
8.421549464119822
8.421549464119822
8.421549464119822
8.421549464119822
8.421549464119822
8.421549464119822
8.421549464119822
8.421549464119822
8.421549464119822
8.421549464119822
8.421549464119822
8.421549464119822
8.421549464119822
8.421549464119822
8.421549464119822
8.421549464119822
8.421549464119822
8.421549464119822
Score: 8.421549464119822
Runtime: 729ms
