7.217120811826526E-9
8.627695831627092E-9
8.627695831627092E-9
7.599651942085292E-8
2.400078997897731E-7
7.062549556389795E-6
1.741051024835012E-5
6.190094233737128E-5
8.198272251793359E-4
0.002862188844894622
0.01997876064547277
0.01997876064547277
0.028326157239679434
0.028326157239679434
0.26653283179918197
0.26653283179918197
0.26653283179918197
0.26653283179918197
0.44837782812457005
0.44837782812457005
0.44837782812457005
0.44837782812457005
0.44837782812457005
0.44837782812457005
0.66732145647225
0.66732145647225
0.8119754181857596
0.8119754181857596
0.8119754181857596
1.3148168745549305
1.3148168745549305
1.3148168745549305
1.3148168745549305
1.3148168745549305
1.3148168745549305
1.3148168745549305
1.3148168745549305
1.9090975775024754
1.9090975775024754
1.9090975775024754
1.9090975775024754
1.9090975775024754
2.145124638333595
2.145124638333595
2.145124638333595
2.145124638333595
2.145124638333595
2.145124638333595
2.145124638333595
2.145124638333595
2.145124638333595
2.145124638333595
2.145124638333595
2.145124638333595
2.145124638333595
2.145124638333595
2.145124638333595
2.145124638333595
2.145124638333595
2.145124638333595
2.145124638333595
2.145124638333595
2.145124638333595
2.145124638333595
2.665371877720217
2.665371877720217
2.665371877720217
2.665371877720217
2.665371877720217
2.665371877720217
2.665371877720217
2.7551140212022878
2.7551140212022878
2.7551140212022878
2.7551140212022878
2.7551140212022878
2.7551140212022878
3.544176800766169
3.544176800766169
3.544176800766169
3.544176800766169
3.544176800766169
3.544176800766169
3.544176800766169
4.297760701830573
4.546226571864253
4.546226571864253
4.546226571864253
4.815349407449298
4.815349407449298
4.815349407449298
4.815349407449298
4.815349407449298
4.815349407449298
4.815349407449298
4.815349407449298
4.815349407449298
4.815349407449298
4.815349407449298
4.815349407449298
4.815349407449298
4.815349407449298
4.815349407449298
4.815349407449298
4.815349407449298
4.815349407449298
4.815349407449298
4.815349407449298
4.815349407449298
4.815349407449298
4.815349407449298
4.815349407449298
4.815349407449298
4.815349407449298
4.815349407449298
4.815349407449298
4.815349407449298
4.815349407449298
5.2520810309546295
5.2520810309546295
5.2520810309546295
5.2520810309546295
5.2520810309546295
5.2520810309546295
5.2520810309546295
5.2520810309546295
5.2520810309546295
5.2520810309546295
5.2520810309546295
5.2520810309546295
5.2520810309546295
5.2520810309546295
5.2520810309546295
5.2520810309546295
5.2520810309546295
5.2520810309546295
5.2520810309546295
5.2520810309546295
5.2520810309546295
5.2520810309546295
5.2520810309546295
5.2520810309546295
5.2520810309546295
5.2520810309546295
5.2520810309546295
5.2520810309546295
5.2520810309546295
5.2520810309546295
5.2520810309546295
5.2520810309546295
5.2520810309546295
5.2520810309546295
5.2520810309546295
5.2520810309546295
5.2520810309546295
5.2520810309546295
5.2520810309546295
5.2520810309546295
5.2520810309546295
5.2520810309546295
5.2520810309546295
5.2520810309546295
5.2520810309546295
5.2520810309546295
5.2520810309546295
5.2520810309546295
5.2520810309546295
5.2520810309546295
5.2520810309546295
5.2520810309546295
5.2520810309546295
5.2520810309546295
5.2520810309546295
5.2520810309546295
5.2520810309546295
5.2520810309546295
5.2520810309546295
5.2520810309546295
5.2520810309546295
5.2520810309546295
5.2520810309546295
5.2520810309546295
5.2520810309546295
5.2520810309546295
5.2520810309546295
5.2520810309546295
5.2520810309546295
5.2520810309546295
5.2520810309546295
5.2520810309546295
5.2520810309546295
5.2520810309546295
5.2520810309546295
5.2520810309546295
5.2520810309546295
5.2520810309546295
5.2520810309546295
5.2520810309546295
5.2520810309546295
5.2520810309546295
5.2520810309546295
5.2520810309546295
5.2520810309546295
5.2520810309546295
5.2520810309546295
5.2520810309546295
5.2520810309546295
5.2520810309546295
5.2520810309546295
5.2520810309546295
5.2520810309546295
5.2520810309546295
5.2520810309546295
5.2520810309546295
5.2520810309546295
5.2520810309546295
5.2520810309546295
5.2520810309546295
5.2520810309546295
5.2520810309546295
5.2520810309546295
5.2520810309546295
5.2520810309546295
5.2520810309546295
5.2520810309546295
5.2520810309546295
5.2520810309546295
5.2520810309546295
5.2520810309546295
5.2520810309546295
5.2520810309546295
5.2520810309546295
5.2520810309546295
5.2520810309546295
5.2520810309546295
5.2520810309546295
5.2520810309546295
5.2520810309546295
5.2520810309546295
5.2520810309546295
5.2520810309546295
5.2520810309546295
5.2520810309546295
5.2520810309546295
5.2520810309546295
5.2520810309546295
5.2520810309546295
5.2520810309546295
5.2520810309546295
5.2520810309546295
5.2520810309546295
5.2520810309546295
5.2520810309546295
5.2520810309546295
5.2520810309546295
5.2520810309546295
5.2520810309546295
5.2520810309546295
5.2520810309546295
5.2520810309546295
5.2520810309546295
5.2520810309546295
5.2520810309546295
5.2520810309546295
5.2520810309546295
5.2520810309546295
5.2520810309546295
5.2520810309546295
5.2520810309546295
5.2520810309546295
5.2520810309546295
5.2520810309546295
5.2520810309546295
5.2520810309546295
5.2520810309546295
5.2520810309546295
5.2520810309546295
5.2520810309546295
5.2520810309546295
5.2520810309546295
5.2520810309546295
5.2520810309546295
5.2520810309546295
5.2520810309546295
5.2520810309546295
5.2520810309546295
5.2520810309546295
5.2520810309546295
5.2520810309546295
5.2520810309546295
5.2520810309546295
5.2520810309546295
5.2520810309546295
5.2520810309546295
5.2520810309546295
5.2520810309546295
5.2520810309546295
5.2520810309546295
5.2520810309546295
5.2520810309546295
5.2520810309546295
5.2520810309546295
5.2520810309546295
5.2520810309546295
5.2520810309546295
5.2520810309546295
5.2520810309546295
5.2520810309546295
5.2520810309546295
5.2520810309546295
5.2520810309546295
5.2520810309546295
5.2520810309546295
5.2520810309546295
5.2520810309546295
5.2520810309546295
5.2520810309546295
5.2520810309546295
5.2520810309546295
5.2520810309546295
5.2520810309546295
5.2520810309546295
5.2520810309546295
5.2520810309546295
5.2520810309546295
5.2520810309546295
5.2520810309546295
5.2520810309546295
5.2520810309546295
5.2520810309546295
5.2520810309546295
5.2520810309546295
5.2520810309546295
5.2520810309546295
5.2520810309546295
5.2520810309546295
5.2520810309546295
5.2520810309546295
5.2520810309546295
5.2520810309546295
5.2520810309546295
5.2520810309546295
5.2520810309546295
5.2520810309546295
5.2520810309546295
5.2520810309546295
5.2520810309546295
5.2520810309546295
5.2520810309546295
5.2520810309546295
5.2520810309546295
5.2520810309546295
5.2520810309546295
5.2520810309546295
5.2520810309546295
5.2520810309546295
5.2520810309546295
5.2520810309546295
5.2520810309546295
5.2520810309546295
5.2520810309546295
5.2520810309546295
5.2520810309546295
5.276851550680592
5.276851550680592
5.276851550680592
5.276851550680592
5.276851550680592
5.276851550680592
5.276851550680592
5.276851550680592
5.276851550680592
5.276851550680592
5.276851550680592
5.276851550680592
5.276851550680592
5.276851550680592
5.276851550680592
5.560029409523295
5.560029409523295
5.560029409523295
5.560029409523295
5.560029409523295
5.560029409523295
5.560029409523295
5.560029409523295
5.560029409523295
5.56353810004458
5.56353810004458
5.56353810004458
5.56353810004458
5.56353810004458
5.56353810004458
5.56353810004458
5.56353810004458
5.56353810004458
5.56353810004458
5.56353810004458
5.56353810004458
5.56353810004458
5.56353810004458
5.56353810004458
5.56353810004458
5.56353810004458
5.56353810004458
5.56353810004458
5.56353810004458
5.56353810004458
6.0428716669432685
6.0428716669432685
6.0428716669432685
6.0428716669432685
6.0428716669432685
6.0428716669432685
6.0428716669432685
6.0428716669432685
6.0428716669432685
6.0428716669432685
6.0428716669432685
6.0428716669432685
6.0428716669432685
6.0428716669432685
6.0428716669432685
6.0428716669432685
6.0428716669432685
6.0428716669432685
6.0428716669432685
6.0428716669432685
6.436987572157422
6.436987572157422
6.436987572157422
6.436987572157422
6.436987572157422
6.436987572157422
6.436987572157422
6.436987572157422
6.436987572157422
6.436987572157422
6.436987572157422
6.436987572157422
6.436987572157422
6.436987572157422
6.436987572157422
6.444141060724975
6.444141060724975
6.444141060724975
6.444141060724975
6.444141060724975
6.444141060724975
6.444141060724975
6.444141060724975
6.444141060724975
6.444141060724975
6.444141060724975
6.444141060724975
6.444141060724975
6.444141060724975
6.450980886964799
6.450980886964799
6.450980886964799
6.450980886964799
6.450980886964799
6.450980886964799
6.450980886964799
6.450980886964799
6.450980886964799
6.450980886964799
6.553874234394708
6.553874234394708
6.553874234394708
6.553874234394708
6.553874234394708
6.783469485065229
6.783469485065229
6.783469485065229
6.783469485065229
6.783469485065229
6.783469485065229
6.783469485065229
6.783469485065229
6.783469485065229
6.783469485065229
6.783469485065229
6.783469485065229
6.783469485065229
7.1550626848651655
7.1550626848651655
7.1550626848651655
7.1550626848651655
7.1550626848651655
7.1550626848651655
7.1550626848651655
7.1550626848651655
7.1550626848651655
7.1550626848651655
7.1550626848651655
7.1550626848651655
7.1550626848651655
7.1550626848651655
7.1550626848651655
7.1550626848651655
7.1550626848651655
7.1550626848651655
7.1550626848651655
7.1550626848651655
7.1550626848651655
7.1550626848651655
7.1550626848651655
7.1550626848651655
7.1550626848651655
7.1550626848651655
7.1550626848651655
7.1550626848651655
7.1550626848651655
7.1550626848651655
7.1550626848651655
7.1550626848651655
7.1550626848651655
7.1550626848651655
7.1550626848651655
7.1550626848651655
7.1550626848651655
7.1550626848651655
7.1550626848651655
7.1550626848651655
7.1550626848651655
7.1550626848651655
7.178956587627439
7.178956587627439
7.178956587627439
7.178956587627439
7.178956587627439
7.178956587627439
7.178956587627439
7.178956587627439
7.178956587627439
7.178956587627439
7.178956587627439
7.178956587627439
7.178956587627439
7.178956587627439
7.178956587627439
7.178956587627439
7.178956587627439
7.178956587627439
7.178956587627439
7.476720031552915
7.476720031552915
7.476720031552915
7.476720031552915
7.476720031552915
7.476720031552915
7.476720031552915
7.476720031552915
7.476720031552915
7.476720031552915
7.476720031552915
7.476720031552915
7.476720031552915
7.476720031552915
7.476720031552915
7.476720031552915
7.476720031552915
7.476720031552915
7.476720031552915
7.476720031552915
7.476720031552915
7.476720031552915
7.476720031552915
7.476720031552915
7.476720031552915
7.505267377683405
7.505267377683405
7.505267377683405
7.505267377683405
7.505267377683405
7.505267377683405
7.505267377683405
7.505267377683405
7.505267377683405
7.505267377683405
7.505267377683405
7.505267377683405
7.505267377683405
7.505267377683405
7.505267377683405
7.505267377683405
7.505267377683405
7.505267377683405
7.505267377683405
7.505267377683405
7.505267377683405
7.505267377683405
7.505267377683405
7.505267377683405
7.505267377683405
7.505267377683405
7.505267377683405
7.505267377683405
7.505267377683405
7.505267377683405
7.505267377683405
7.505267377683405
7.505267377683405
7.505267377683405
7.505267377683405
7.505267377683405
7.505267377683405
7.505267377683405
7.505267377683405
7.505267377683405
7.505267377683405
7.505267377683405
7.505267377683405
7.505267377683405
7.505267377683405
7.505267377683405
7.505267377683405
7.505267377683405
7.505267377683405
7.505267377683405
7.505267377683405
7.505267377683405
7.505267377683405
7.505267377683405
7.505267377683405
7.505267377683405
7.505267377683405
7.505267377683405
7.505267377683405
7.505267377683405
7.505267377683405
7.505267377683405
7.505267377683405
7.505267377683405
7.505267377683405
7.505267377683405
7.505267377683405
7.505267377683405
7.505267377683405
7.505267377683405
7.505267377683405
7.505267377683405
7.505267377683405
7.505267377683405
7.505267377683405
7.505267377683405
7.505267377683405
7.505267377683405
7.505267377683405
7.505267377683405
7.505267377683405
7.505267377683405
7.505267377683405
7.505267377683405
7.505267377683405
7.505267377683405
7.505267377683405
7.505267377683405
7.505267377683405
7.505267377683405
7.505267377683405
7.505267377683405
7.505267377683405
7.505267377683405
7.505267377683405
7.505267377683405
7.505267377683405
7.505267377683405
7.505267377683405
7.505267377683405
7.505267377683405
7.505267377683405
7.505267377683405
7.505267377683405
7.505267377683405
7.505267377683405
7.505267377683405
7.505267377683405
7.505267377683405
7.505267377683405
7.505267377683405
7.505267377683405
7.505267377683405
7.505267377683405
7.505267377683405
7.505267377683405
7.505267377683405
7.505267377683405
7.505267377683405
7.505267377683405
7.505267377683405
7.505267377683405
7.505267377683405
7.505267377683405
7.505267377683405
7.505267377683405
7.505267377683405
7.505267377683405
7.505267377683405
7.505267377683405
7.505267377683405
7.505267377683405
7.505267377683405
7.505267377683405
7.505267377683405
7.505267377683405
7.505267377683405
7.505267377683405
7.505267377683405
7.505267377683405
7.505267377683405
7.505267377683405
7.505267377683405
7.505267377683405
7.505267377683405
7.505267377683405
7.505267377683405
7.505267377683405
7.505267377683405
7.505267377683405
7.505267377683405
7.505267377683405
7.505267377683405
7.505267377683405
7.505267377683405
7.505267377683405
7.505267377683405
7.505267377683405
7.505267377683405
7.505267377683405
7.505267377683405
7.505267377683405
7.505267377683405
7.505267377683405
7.505267377683405
7.505267377683405
7.505267377683405
7.505267377683405
7.505267377683405
7.505267377683405
7.505267377683405
7.505267377683405
7.505267377683405
7.505267377683405
7.505267377683405
7.505267377683405
7.505267377683405
7.505267377683405
7.505267377683405
7.505267377683405
7.505267377683405
7.505267377683405
7.505267377683405
7.505267377683405
7.505267377683405
7.505267377683405
7.505267377683405
7.505267377683405
7.505267377683405
7.505267377683405
7.505267377683405
7.505267377683405
7.505267377683405
7.505267377683405
7.505267377683405
7.505267377683405
7.505267377683405
7.505267377683405
7.505267377683405
7.505267377683405
7.505267377683405
7.505267377683405
7.505267377683405
7.505267377683405
7.505267377683405
7.505267377683405
7.505267377683405
7.505267377683405
7.505267377683405
7.505267377683405
7.505267377683405
7.505267377683405
7.505267377683405
7.505267377683405
7.505267377683405
7.505267377683405
7.505267377683405
7.505267377683405
7.505267377683405
7.505267377683405
7.505267377683405
7.505267377683405
7.505267377683405
7.505267377683405
7.505267377683405
7.505267377683405
7.505267377683405
7.505267377683405
7.505267377683405
7.505267377683405
7.505267377683405
7.505267377683405
7.505267377683405
7.505267377683405
7.505267377683405
7.505267377683405
7.505267377683405
7.505267377683405
7.505267377683405
7.505267377683405
7.505267377683405
7.505267377683405
7.505267377683405
7.505267377683405
7.505267377683405
7.505267377683405
7.505267377683405
7.505267377683405
7.505267377683405
7.505267377683405
7.505267377683405
7.505267377683405
7.505267377683405
7.505267377683405
7.505267377683405
7.505267377683405
7.505267377683405
7.505267377683405
7.505267377683405
7.505267377683405
7.505267377683405
7.505267377683405
7.505267377683405
7.505267377683405
7.505267377683405
7.505267377683405
7.505267377683405
7.505267377683405
7.505267377683405
7.505267377683405
7.505267377683405
7.505267377683405
7.505267377683405
7.505267377683405
7.505267377683405
7.505267377683405
7.505267377683405
7.505267377683405
7.505267377683405
7.505267377683405
7.505267377683405
7.505267377683405
7.505267377683405
7.505267377683405
7.505267377683405
7.505267377683405
7.505267377683405
7.505267377683405
7.505267377683405
7.505267377683405
7.505267377683405
7.505267377683405
7.505267377683405
7.505267377683405
7.505267377683405
7.505267377683405
7.505267377683405
7.505267377683405
7.505267377683405
7.505267377683405
7.505267377683405
7.505267377683405
7.505267377683405
7.505267377683405
7.505267377683405
7.505267377683405
7.505267377683405
7.505267377683405
7.505267377683405
7.505267377683405
7.505267377683405
7.505267377683405
7.505267377683405
7.505267377683405
7.505267377683405
7.505267377683405
7.505267377683405
7.505267377683405
7.505267377683405
7.505267377683405
7.505267377683405
7.505267377683405
7.505267377683405
7.505267377683405
7.505267377683405
7.505267377683405
7.505267377683405
7.505267377683405
7.505267377683405
7.505267377683405
7.505267377683405
7.505267377683405
7.505267377683405
7.505267377683405
7.505267377683405
7.505267377683405
7.505267377683405
7.505267377683405
7.505267377683405
7.505267377683405
7.505267377683405
7.505267377683405
7.505267377683405
7.505267377683405
7.505267377683405
7.505267377683405
7.505267377683405
7.505267377683405
7.505267377683405
7.505267377683405
7.505267377683405
7.505267377683405
7.505267377683405
7.505267377683405
7.505267377683405
7.505267377683405
7.505267377683405
7.505267377683405
7.505267377683405
7.505267377683405
7.505267377683405
7.505267377683405
7.505267377683405
7.505267377683405
7.505267377683405
7.505267377683405
7.505267377683405
7.505267377683405
7.505267377683405
7.505267377683405
7.505267377683405
7.505267377683405
7.505267377683405
7.505267377683405
7.505267377683405
7.505267377683405
7.505267377683405
7.505267377683405
7.505267377683405
7.505267377683405
7.505267377683405
7.505267377683405
7.505267377683405
7.505267377683405
7.505267377683405
7.505267377683405
7.505267377683405
7.505267377683405
7.505267377683405
7.505267377683405
7.505267377683405
7.505267377683405
7.505267377683405
7.505267377683405
7.505267377683405
7.505267377683405
7.505267377683405
7.505267377683405
7.505267377683405
7.505267377683405
7.505267377683405
7.505267377683405
7.505267377683405
7.505267377683405
7.505267377683405
7.505267377683405
7.505267377683405
7.505267377683405
7.505267377683405
7.505267377683405
7.505267377683405
7.505267377683405
7.505267377683405
7.505267377683405
7.505267377683405
7.505267377683405
7.505267377683405
7.505267377683405
7.505267377683405
7.505267377683405
7.505267377683405
7.505267377683405
7.505267377683405
7.505267377683405
7.505267377683405
7.505267377683405
7.505267377683405
7.505267377683405
7.505267377683405
7.505267377683405
7.505267377683405
7.505267377683405
7.505267377683405
7.505267377683405
7.505267377683405
7.505267377683405
7.505267377683405
7.505267377683405
7.505267377683405
7.505267377683405
7.505267377683405
7.505267377683405
7.505267377683405
7.505267377683405
7.505267377683405
7.505267377683405
7.505267377683405
7.505267377683405
7.505267377683405
7.505267377683405
7.505267377683405
7.505267377683405
7.505267377683405
7.505267377683405
7.505267377683405
7.505267377683405
7.505267377683405
7.505267377683405
7.505267377683405
7.505267377683405
7.505267377683405
7.505267377683405
7.505267377683405
7.505267377683405
7.505267377683405
7.505267377683405
7.505267377683405
7.505267377683405
7.505267377683405
7.505267377683405
7.505267377683405
7.505267377683405
7.505267377683405
7.505267377683405
7.505267377683405
7.505267377683405
7.505267377683405
7.505267377683405
7.505267377683405
7.505267377683405
7.505267377683405
7.505267377683405
7.505267377683405
7.505267377683405
7.505267377683405
7.505267377683405
7.505267377683405
7.505267377683405
7.505267377683405
7.505267377683405
7.505267377683405
7.505267377683405
7.505267377683405
7.505267377683405
7.505267377683405
7.505267377683405
7.505267377683405
7.505267377683405
7.821355314339371
7.821355314339371
7.821355314339371
7.821355314339371
7.821355314339371
7.821355314339371
7.821355314339371
7.821355314339371
7.821355314339371
7.821355314339371
7.821355314339371
7.821355314339371
7.821355314339371
7.821355314339371
7.821355314339371
7.821355314339371
7.821355314339371
7.821355314339371
7.821355314339371
7.821355314339371
7.821355314339371
7.821355314339371
7.821355314339371
7.821355314339371
7.821355314339371
7.821355314339371
7.821355314339371
7.821355314339371
7.821355314339371
7.821355314339371
7.821355314339371
7.821355314339371
7.821355314339371
7.821355314339371
7.821355314339371
7.821355314339371
7.821355314339371
7.821355314339371
7.821355314339371
7.821355314339371
7.821355314339371
7.821355314339371
7.821355314339371
7.821355314339371
7.821355314339371
7.821355314339371
7.821355314339371
7.821355314339371
7.821355314339371
7.821355314339371
7.821355314339371
7.821355314339371
7.821355314339371
7.821355314339371
7.821355314339371
7.821355314339371
7.821355314339371
7.821355314339371
7.821355314339371
7.821355314339371
7.821355314339371
7.821355314339371
7.821355314339371
7.821355314339371
7.821355314339371
7.821355314339371
7.821355314339371
7.821355314339371
7.821355314339371
7.821355314339371
7.821355314339371
7.821355314339371
7.821355314339371
7.821355314339371
7.821355314339371
7.821355314339371
7.821355314339371
7.821355314339371
7.821355314339371
7.821355314339371
7.821355314339371
7.821355314339371
7.821355314339371
7.821355314339371
7.821355314339371
7.821355314339371
7.821355314339371
7.821355314339371
7.821355314339371
7.821355314339371
7.821355314339371
7.821355314339371
7.821355314339371
7.821355314339371
7.821355314339371
7.821355314339371
7.821355314339371
7.821355314339371
7.821355314339371
7.821355314339371
7.821355314339371
7.821355314339371
7.821355314339371
7.821355314339371
7.821355314339371
7.821355314339371
7.821355314339371
7.821355314339371
7.821355314339371
7.821355314339371
7.821355314339371
7.821355314339371
7.821355314339371
7.821355314339371
7.821355314339371
7.821355314339371
7.821355314339371
7.821355314339371
7.821355314339371
7.821355314339371
7.821355314339371
7.821355314339371
7.821355314339371
7.821355314339371
7.821355314339371
7.821355314339371
7.821355314339371
7.821355314339371
7.821355314339371
7.821355314339371
7.821355314339371
7.821355314339371
7.821355314339371
7.821355314339371
7.821355314339371
7.821355314339371
7.821355314339371
7.821355314339371
7.821355314339371
7.821355314339371
7.821355314339371
7.821355314339371
7.821355314339371
7.821355314339371
7.821355314339371
7.821355314339371
7.821355314339371
7.821355314339371
7.821355314339371
7.821355314339371
7.821355314339371
7.821355314339371
7.821355314339371
7.821355314339371
7.821355314339371
7.821355314339371
7.821355314339371
7.821355314339371
7.821355314339371
7.821355314339371
7.821355314339371
7.821355314339371
7.821355314339371
7.821355314339371
7.821355314339371
7.821355314339371
7.821355314339371
7.821355314339371
7.821355314339371
7.821355314339371
7.821355314339371
7.821355314339371
7.821355314339371
7.821355314339371
7.821355314339371
7.821355314339371
7.821355314339371
7.821355314339371
7.821355314339371
7.821355314339371
7.821355314339371
7.821355314339371
7.821355314339371
7.821355314339371
7.821355314339371
7.821355314339371
7.821355314339371
7.821355314339371
7.821355314339371
7.821355314339371
7.821355314339371
7.821355314339371
7.821355314339371
7.821355314339371
7.821355314339371
7.821355314339371
7.821355314339371
7.821355314339371
7.821355314339371
7.821355314339371
7.821355314339371
7.821355314339371
7.821355314339371
7.821355314339371
7.821355314339371
7.821355314339371
7.821355314339371
7.821355314339371
7.821355314339371
7.821355314339371
7.821355314339371
7.821355314339371
7.821355314339371
7.821355314339371
7.821355314339371
7.821355314339371
7.821355314339371
7.821355314339371
7.821355314339371
7.821355314339371
7.821355314339371
7.821355314339371
7.821355314339371
7.821355314339371
7.821355314339371
7.821355314339371
7.821355314339371
7.821355314339371
7.821355314339371
7.821355314339371
7.821355314339371
7.821355314339371
7.821355314339371
7.821355314339371
7.821355314339371
7.821355314339371
7.821355314339371
7.821355314339371
7.821355314339371
7.821355314339371
7.821355314339371
7.821355314339371
7.821355314339371
7.821355314339371
7.821355314339371
7.821355314339371
7.821355314339371
7.821355314339371
7.821355314339371
7.821355314339371
7.821355314339371
7.821355314339371
7.821355314339371
7.821355314339371
7.821355314339371
7.821355314339371
7.821355314339371
7.821355314339371
7.821355314339371
7.821355314339371
7.821355314339371
7.821355314339371
7.821355314339371
7.821355314339371
7.821355314339371
7.821355314339371
7.821355314339371
7.821355314339371
7.821355314339371
7.821355314339371
7.821355314339371
7.821355314339371
7.821355314339371
7.821355314339371
7.821355314339371
7.821355314339371
7.821355314339371
7.821355314339371
7.821355314339371
7.821355314339371
7.821355314339371
7.821355314339371
7.821355314339371
7.821355314339371
7.821355314339371
7.821355314339371
7.821355314339371
7.821355314339371
7.821355314339371
7.821355314339371
7.821355314339371
7.821355314339371
7.821355314339371
7.821355314339371
7.821355314339371
7.821355314339371
7.821355314339371
7.821355314339371
7.821355314339371
7.821355314339371
7.821355314339371
7.821355314339371
7.821355314339371
7.821355314339371
7.821355314339371
7.821355314339371
7.821355314339371
7.821355314339371
7.821355314339371
7.821355314339371
7.821355314339371
7.821355314339371
7.821355314339371
7.821355314339371
7.821355314339371
7.821355314339371
7.821355314339371
7.821355314339371
7.821355314339371
7.821355314339371
7.821355314339371
7.821355314339371
7.821355314339371
7.821355314339371
7.821355314339371
7.821355314339371
7.821355314339371
7.821355314339371
7.821355314339371
7.821355314339371
7.821355314339371
7.821355314339371
7.821355314339371
7.821355314339371
7.821355314339371
7.821355314339371
7.821355314339371
7.821355314339371
7.821355314339371
7.821355314339371
7.821355314339371
7.821355314339371
7.821355314339371
7.821355314339371
7.821355314339371
7.821355314339371
7.821355314339371
7.821355314339371
7.821355314339371
7.821355314339371
7.821355314339371
7.821355314339371
7.821355314339371
7.821355314339371
7.821355314339371
7.821355314339371
7.821355314339371
7.821355314339371
7.821355314339371
7.821355314339371
7.821355314339371
7.821355314339371
7.821355314339371
7.821355314339371
7.821355314339371
7.821355314339371
7.821355314339371
7.821355314339371
7.821355314339371
7.821355314339371
7.821355314339371
7.821355314339371
7.821355314339371
7.821355314339371
7.821355314339371
7.821355314339371
7.821355314339371
7.821355314339371
7.821355314339371
7.821355314339371
7.821355314339371
7.821355314339371
7.821355314339371
7.821355314339371
7.821355314339371
7.821355314339371
7.821355314339371
7.821355314339371
7.821355314339371
7.821355314339371
7.821355314339371
7.821355314339371
7.821355314339371
7.821355314339371
7.821355314339371
7.821355314339371
7.821355314339371
7.821355314339371
7.821355314339371
7.821355314339371
7.821355314339371
7.821355314339371
7.821355314339371
7.821355314339371
7.821355314339371
7.821355314339371
7.821355314339371
7.821355314339371
7.821355314339371
7.821355314339371
7.821355314339371
7.821355314339371
7.821355314339371
7.821355314339371
7.821355314339371
7.821355314339371
7.821355314339371
7.821355314339371
7.821355314339371
7.821355314339371
7.821355314339371
7.821355314339371
7.821355314339371
7.821355314339371
7.821355314339371
7.821355314339371
7.821355314339371
7.821355314339371
7.821355314339371
7.821355314339371
7.821355314339371
7.821355314339371
7.821355314339371
7.821355314339371
7.821355314339371
7.821355314339371
7.821355314339371
7.821355314339371
7.821355314339371
7.821355314339371
7.821355314339371
7.821355314339371
7.821355314339371
7.821355314339371
7.821355314339371
7.821355314339371
7.821355314339371
7.821355314339371
7.821355314339371
7.821355314339371
7.821355314339371
7.821355314339371
7.821355314339371
7.821355314339371
7.821355314339371
7.821355314339371
7.821355314339371
7.821355314339371
7.821355314339371
7.821355314339371
7.821355314339371
7.821355314339371
7.821355314339371
7.821355314339371
7.821355314339371
7.821355314339371
7.821355314339371
7.821355314339371
7.821355314339371
7.821355314339371
7.821355314339371
7.821355314339371
7.821355314339371
7.821355314339371
7.821355314339371
7.821355314339371
7.821355314339371
7.821355314339371
7.821355314339371
7.821355314339371
7.821355314339371
7.821355314339371
7.821355314339371
7.821355314339371
7.821355314339371
7.821355314339371
7.821355314339371
7.821355314339371
7.821355314339371
7.821355314339371
7.821355314339371
7.821355314339371
7.821355314339371
7.821355314339371
7.821355314339371
7.821355314339371
7.821355314339371
7.821355314339371
7.821355314339371
7.821355314339371
7.821355314339371
7.821355314339371
7.821355314339371
7.821355314339371
7.821355314339371
7.821355314339371
7.821355314339371
7.821355314339371
7.821355314339371
7.821355314339371
7.821355314339371
7.821355314339371
7.821355314339371
7.821355314339371
7.821355314339371
7.821355314339371
7.821355314339371
7.821355314339371
7.821355314339371
7.821355314339371
7.821355314339371
7.821355314339371
7.821355314339371
7.821355314339371
7.821355314339371
7.821355314339371
7.821355314339371
7.821355314339371
7.821355314339371
7.821355314339371
7.821355314339371
7.821355314339371
7.821355314339371
7.821355314339371
7.821355314339371
7.821355314339371
7.821355314339371
7.821355314339371
7.821355314339371
7.821355314339371
7.821355314339371
7.821355314339371
7.821355314339371
7.821355314339371
7.821355314339371
7.821355314339371
7.821355314339371
7.821355314339371
7.821355314339371
7.821355314339371
7.863902750625924
7.863902750625924
7.863902750625924
7.863902750625924
7.863902750625924
7.863902750625924
7.863902750625924
7.863902750625924
7.863902750625924
7.863902750625924
7.863902750625924
7.863902750625924
7.863902750625924
7.863902750625924
7.863902750625924
7.863902750625924
7.863902750625924
7.863902750625924
7.863902750625924
7.863902750625924
7.863902750625924
7.863902750625924
7.863902750625924
7.863902750625924
7.863902750625924
7.863902750625924
7.863902750625924
7.863902750625924
7.863902750625924
7.863902750625924
7.863902750625924
7.872952275359041
7.872952275359041
7.872952275359041
7.872952275359041
7.872952275359041
7.872952275359041
7.872952275359041
7.872952275359041
7.872952275359041
7.872952275359041
7.872952275359041
7.872952275359041
7.872952275359041
7.872952275359041
7.872952275359041
7.872952275359041
7.872952275359041
7.872952275359041
7.872952275359041
7.872952275359041
7.872952275359041
7.872952275359041
7.872952275359041
7.872952275359041
7.872952275359041
7.872952275359041
7.872952275359041
7.872952275359041
7.990081583397259
7.990081583397259
7.990081583397259
7.990081583397259
7.990081583397259
7.990081583397259
7.990081583397259
7.990081583397259
7.990081583397259
7.990081583397259
7.990081583397259
7.990081583397259
7.990081583397259
7.990081583397259
7.990081583397259
7.990081583397259
7.990081583397259
7.990081583397259
7.990081583397259
7.990081583397259
7.990081583397259
7.990081583397259
7.990081583397259
7.990081583397259
7.990081583397259
7.990081583397259
7.990081583397259
7.990081583397259
7.990081583397259
7.990081583397259
7.990081583397259
7.990081583397259
7.990081583397259
7.990081583397259
7.990081583397259
7.990081583397259
7.990081583397259
7.990411983596582
7.990411983596582
7.990411983596582
7.990411983596582
7.990411983596582
7.990411983596582
7.990411983596582
7.990411983596582
7.990411983596582
7.990411983596582
7.990411983596582
7.990411983596582
7.990411983596582
7.990411983596582
7.990411983596582
7.990411983596582
7.990411983596582
7.990411983596582
7.990411983596582
7.990411983596582
7.990411983596582
7.990411983596582
7.990411983596582
7.990411983596582
7.990411983596582
7.990411983596582
7.990411983596582
8.149374772447379
8.149374772447379
8.149374772447379
8.149374772447379
8.149374772447379
8.149374772447379
8.230069903572147
8.230069903572147
8.230069903572147
8.230069903572147
8.230069903572147
8.230069903572147
8.363777711470668
8.363777711470668
8.363777711470668
8.363777711470668
8.363777711470668
8.363777711470668
8.363777711470668
8.363777711470668
8.363777711470668
8.363777711470668
8.363777711470668
8.363777711470668
8.363777711470668
8.363777711470668
8.39877771358619
8.39877771358619
8.39877771358619
8.39877771358619
8.39877771358619
8.39877771358619
8.39877771358619
8.39877771358619
8.39877771358619
8.39877771358619
8.39877771358619
8.39877771358619
8.39877771358619
8.39877771358619
8.39877771358619
8.39877771358619
8.39877771358619
8.744037338987539
8.744037338987539
8.744037338987539
8.744037338987539
8.744037338987539
8.744037338987539
8.744037338987539
8.744037338987539
8.744037338987539
8.744037338987539
8.744037338987539
8.744037338987539
8.744037338987539
8.744037338987539
8.744037338987539
8.744037338987539
8.744037338987539
8.744037338987539
8.744037338987539
8.744037338987539
8.744037338987539
8.744037338987539
8.744037338987539
8.744037338987539
8.744037338987539
8.744037338987539
8.744037338987539
8.744037338987539
8.744037338987539
8.744037338987539
8.744037338987539
8.744037338987539
8.744037338987539
8.744037338987539
8.744037338987539
8.744037338987539
8.744037338987539
8.744037338987539
8.744037338987539
8.744037338987539
8.744037338987539
8.744037338987539
8.744037338987539
8.744037338987539
8.744037338987539
8.744037338987539
8.744037338987539
8.744037338987539
8.744037338987539
8.744037338987539
8.744037338987539
8.744037338987539
8.744037338987539
8.744037338987539
8.744037338987539
8.744037338987539
8.744037338987539
8.744037338987539
8.744037338987539
8.744037338987539
8.744037338987539
8.744037338987539
8.744037338987539
8.744037338987539
8.744037338987539
8.744037338987539
8.744037338987539
8.744037338987539
8.744037338987539
8.744037338987539
8.744037338987539
8.744037338987539
8.744037338987539
8.744037338987539
8.744037338987539
8.744037338987539
8.744037338987539
8.744037338987539
8.744037338987539
8.744037338987539
8.744037338987539
8.744037338987539
8.744037338987539
8.744037338987539
8.744037338987539
8.744037338987539
8.744037338987539
8.744037338987539
8.744037338987539
8.744037338987539
8.744037338987539
8.744037338987539
8.744037338987539
8.744037338987539
8.744037338987539
8.744037338987539
8.744037338987539
8.744037338987539
8.744037338987539
8.744037338987539
8.744037338987539
8.744037338987539
8.744037338987539
8.744037338987539
8.744037338987539
8.744037338987539
8.744037338987539
8.744037338987539
8.744037338987539
8.744037338987539
8.744037338987539
8.744037338987539
8.744037338987539
8.744037338987539
8.744037338987539
8.744037338987539
8.744037338987539
8.744037338987539
8.744037338987539
8.744037338987539
8.744037338987539
8.744037338987539
8.744037338987539
8.744037338987539
8.744037338987539
8.744037338987539
8.744037338987539
8.744037338987539
8.744037338987539
8.744037338987539
8.744037338987539
8.744037338987539
8.744037338987539
8.744037338987539
8.744037338987539
8.744037338987539
8.744037338987539
8.744037338987539
8.744037338987539
8.744037338987539
8.744037338987539
8.744037338987539
8.744037338987539
8.744037338987539
8.744037338987539
8.744037338987539
8.744037338987539
8.744037338987539
8.744037338987539
8.744037338987539
8.744037338987539
8.744037338987539
8.744037338987539
8.744037338987539
8.744037338987539
8.744037338987539
8.744037338987539
8.744037338987539
8.744037338987539
8.744037338987539
8.744037338987539
8.744037338987539
8.744037338987539
8.744037338987539
8.744037338987539
8.744037338987539
8.744037338987539
8.744037338987539
8.744037338987539
8.744037338987539
8.744037338987539
8.744037338987539
8.744037338987539
8.744037338987539
8.744037338987539
8.744037338987539
8.744037338987539
8.744037338987539
8.744037338987539
8.744037338987539
8.744037338987539
8.744037338987539
8.744037338987539
8.744037338987539
8.744037338987539
8.744037338987539
8.744037338987539
8.744037338987539
8.744037338987539
8.744037338987539
8.744037338987539
8.744037338987539
8.744037338987539
8.744037338987539
8.744037338987539
8.744037338987539
8.744037338987539
8.744037338987539
8.744037338987539
8.744037338987539
8.744037338987539
8.744037338987539
8.744037338987539
8.744037338987539
8.744037338987539
8.744037338987539
8.744037338987539
8.744037338987539
8.744037338987539
8.744037338987539
8.744037338987539
8.744037338987539
8.744037338987539
Score: 8.744037338987539
Runtime: 644ms
