1.0719863780831574E-8
2.3662673413464578E-6
1.220991861871221E-5
1.220991861871221E-5
2.2661925356739265E-5
3.6817814347020125E-4
3.6817814347020125E-4
3.6817814347020125E-4
0.0014905556894077787
0.0014905556894077787
0.002068164939457874
0.004168033482486131
0.004193121757324312
0.004193121757324312
0.005374760491439624
0.019921483146719127
0.02126519687726642
0.06598296360046503
0.2060522673280206
0.2060522673280206
0.2306093515028313
0.7961925311030347
0.7961925311030347
0.7961925311030347
0.8293719772654952
0.8293719772654952
0.8460643893178075
1.2311270073526885
1.6200581638298046
1.6200581638298046
1.6200581638298046
1.6200581638298046
1.6200581638298046
1.6200581638298046
2.6880465345579196
2.6880465345579196
2.6880465345579196
2.6880465345579196
2.7552753148746594
2.7552753148746594
2.7552753148746594
2.7552753148746594
2.7552753148746594
2.7552753148746594
3.137972319954796
3.1516301212142728
3.1522250694207865
3.1522250694207865
3.1522250694207865
3.1522250694207865
3.1522250694207865
3.2402984821535474
3.725336526606716
3.725336526606716
3.725336526606716
3.725336526606716
3.725336526606716
3.725336526606716
3.725336526606716
3.725336526606716
3.725336526606716
3.725336526606716
3.725336526606716
3.725336526606716
3.725336526606716
3.725336526606716
3.7303643195267404
3.7303643195267404
3.7303643195267404
3.7303643195267404
3.7303643195267404
3.7303643195267404
3.8188636836352705
3.8188636836352705
3.8188636836352705
3.8188636836352705
3.8188636836352705
3.8188636836352705
3.8188636836352705
3.8188636836352705
3.8188636836352705
3.8188636836352705
3.8188636836352705
3.914709106039858
3.914709106039858
3.914709106039858
3.914709106039858
3.914709106039858
3.914709106039858
4.305199564589655
4.305199564589655
4.305199564589655
4.488410075635204
4.488410075635204
4.488410075635204
4.488410075635204
4.5195475923159965
4.5195475923159965
4.5195475923159965
4.5195475923159965
4.5195475923159965
4.5195475923159965
4.5195475923159965
4.5195475923159965
4.961526155720325
4.961526155720325
4.961526155720325
4.961526155720325
4.961526155720325
4.961526155720325
4.961526155720325
4.961526155720325
4.961526155720325
4.961526155720325
4.961526155720325
4.961526155720325
4.961526155720325
4.961526155720325
4.961526155720325
4.961526155720325
4.961526155720325
4.961526155720325
4.961526155720325
4.961526155720325
4.961526155720325
4.961526155720325
4.961526155720325
4.961526155720325
4.961526155720325
4.961526155720325
4.961526155720325
4.961526155720325
4.961526155720325
4.961526155720325
4.961526155720325
4.961526155720325
4.961526155720325
4.961526155720325
4.961526155720325
4.961526155720325
4.961526155720325
4.961526155720325
4.961526155720325
4.961526155720325
4.961526155720325
4.961526155720325
4.961526155720325
4.961526155720325
4.961526155720325
4.961526155720325
4.961526155720325
4.961526155720325
4.961526155720325
4.961526155720325
4.961526155720325
4.961526155720325
4.961526155720325
4.961526155720325
4.961526155720325
4.961526155720325
4.961526155720325
4.961526155720325
4.961526155720325
4.961526155720325
4.961526155720325
4.961526155720325
4.961526155720325
4.961526155720325
4.961526155720325
4.961526155720325
4.961526155720325
4.961526155720325
4.961526155720325
4.961526155720325
4.961526155720325
4.961526155720325
4.961526155720325
4.961526155720325
4.961526155720325
4.961526155720325
5.0205614830557534
5.0205614830557534
5.0205614830557534
5.0205614830557534
5.226261782880791
5.226261782880791
5.226261782880791
5.226261782880791
5.226261782880791
5.226261782880791
5.226261782880791
5.226261782880791
5.226261782880791
5.226261782880791
5.226261782880791
5.226261782880791
5.226261782880791
5.226261782880791
5.226261782880791
5.226261782880791
5.226261782880791
5.226261782880791
5.226261782880791
5.226261782880791
5.226261782880791
5.226261782880791
5.226261782880791
5.226261782880791
5.226261782880791
5.226261782880791
5.226261782880791
5.226261782880791
5.226261782880791
5.226261782880791
5.226261782880791
5.226261782880791
5.226261782880791
5.226261782880791
5.226261782880791
5.226261782880791
5.226261782880791
5.226261782880791
5.226261782880791
5.226261782880791
5.226261782880791
5.226261782880791
5.226261782880791
5.226261782880791
5.226261782880791
5.226261782880791
5.226261782880791
5.226261782880791
5.226261782880791
5.226261782880791
5.226261782880791
5.226261782880791
5.226261782880791
5.226261782880791
5.226261782880791
5.226261782880791
5.226261782880791
5.226261782880791
5.226261782880791
5.226261782880791
5.226261782880791
5.226261782880791
5.226261782880791
5.226261782880791
5.226261782880791
5.226261782880791
5.226261782880791
5.226261782880791
5.226261782880791
5.226261782880791
5.226261782880791
5.226261782880791
5.226261782880791
5.226261782880791
5.226261782880791
5.226261782880791
5.226261782880791
5.226261782880791
5.226261782880791
5.226261782880791
5.226261782880791
5.226261782880791
5.226261782880791
5.226261782880791
5.226261782880791
5.226261782880791
5.226261782880791
5.226261782880791
5.226261782880791
5.226261782880791
5.226261782880791
5.226261782880791
5.226261782880791
5.226261782880791
5.226261782880791
5.226261782880791
5.226261782880791
5.226261782880791
5.226261782880791
5.226261782880791
5.226261782880791
5.226261782880791
5.226261782880791
5.226261782880791
5.226261782880791
5.226261782880791
5.226261782880791
5.226261782880791
5.226261782880791
5.226261782880791
5.226261782880791
5.226261782880791
5.226261782880791
5.226261782880791
5.226261782880791
5.226261782880791
5.226261782880791
5.226261782880791
5.226261782880791
5.226261782880791
5.226261782880791
5.226261782880791
5.226261782880791
5.226261782880791
5.226261782880791
5.226261782880791
5.226261782880791
5.226261782880791
5.226261782880791
5.226261782880791
5.226261782880791
5.226261782880791
5.226261782880791
5.226261782880791
5.226261782880791
5.226261782880791
5.226261782880791
5.226261782880791
5.226261782880791
5.226261782880791
5.226261782880791
5.226261782880791
5.226261782880791
5.226261782880791
5.226261782880791
5.226261782880791
5.226261782880791
5.226261782880791
5.226261782880791
5.226261782880791
5.226261782880791
5.226261782880791
5.226261782880791
5.226261782880791
5.226261782880791
5.226261782880791
5.226261782880791
5.226261782880791
5.226261782880791
5.226261782880791
5.226261782880791
5.226261782880791
5.226261782880791
5.226261782880791
5.226261782880791
5.226261782880791
5.226261782880791
5.226261782880791
5.226261782880791
5.226261782880791
5.226261782880791
5.226261782880791
5.226261782880791
5.226261782880791
5.226261782880791
5.226261782880791
5.226261782880791
5.226261782880791
5.226261782880791
5.226261782880791
5.226261782880791
5.226261782880791
5.226261782880791
5.226261782880791
5.226261782880791
5.226261782880791
5.226261782880791
5.226261782880791
5.226261782880791
5.226261782880791
5.226261782880791
5.226261782880791
5.226261782880791
5.226261782880791
5.226261782880791
5.226261782880791
5.226261782880791
5.226261782880791
5.226261782880791
5.226261782880791
5.226261782880791
5.226261782880791
5.226261782880791
5.226261782880791
5.226261782880791
5.226261782880791
5.226261782880791
5.226261782880791
5.274793117584098
5.274793117584098
5.274793117584098
5.274793117584098
5.274793117584098
5.274793117584098
5.274793117584098
5.274793117584098
5.274793117584098
5.274793117584098
5.288476977334594
5.288476977334594
5.288476977334594
5.288476977334594
5.288476977334594
5.288476977334594
5.288476977334594
5.288476977334594
5.288476977334594
5.288476977334594
5.288476977334594
5.288476977334594
5.288476977334594
5.288476977334594
5.288476977334594
5.288476977334594
5.288476977334594
5.288476977334594
5.288476977334594
5.288476977334594
5.288476977334594
5.288476977334594
5.288476977334594
5.288476977334594
5.288476977334594
5.288476977334594
5.288476977334594
5.288476977334594
5.288476977334594
5.288476977334594
5.288476977334594
5.288476977334594
5.288476977334594
5.288476977334594
5.288476977334594
5.288476977334594
5.288476977334594
5.288476977334594
5.288476977334594
5.288476977334594
5.288476977334594
5.288476977334594
5.288476977334594
5.288476977334594
5.288476977334594
5.288476977334594
5.288476977334594
5.288476977334594
5.288476977334594
5.288476977334594
5.288476977334594
5.288476977334594
5.288476977334594
5.288476977334594
5.288476977334594
5.288476977334594
5.288476977334594
5.288476977334594
5.288476977334594
5.288476977334594
5.288476977334594
5.288476977334594
5.288476977334594
5.288476977334594
5.288476977334594
5.288476977334594
5.288476977334594
5.288476977334594
5.288476977334594
5.288476977334594
5.288476977334594
5.288476977334594
5.288476977334594
5.288476977334594
5.288476977334594
5.288476977334594
5.288476977334594
5.288476977334594
5.288476977334594
5.288476977334594
5.288476977334594
5.288476977334594
5.288476977334594
5.288476977334594
5.288476977334594
5.288476977334594
5.288476977334594
5.288476977334594
5.288476977334594
5.288476977334594
5.288476977334594
5.288476977334594
5.288476977334594
5.288476977334594
5.288476977334594
5.288476977334594
5.288476977334594
5.288476977334594
5.288476977334594
5.288476977334594
5.288476977334594
5.288476977334594
5.288476977334594
5.288476977334594
5.288476977334594
5.288476977334594
5.288476977334594
5.288476977334594
5.288476977334594
5.288476977334594
5.288476977334594
5.288476977334594
5.288476977334594
5.288476977334594
5.288476977334594
5.288476977334594
5.288476977334594
5.288476977334594
5.288476977334594
5.288476977334594
5.288476977334594
5.288476977334594
5.288476977334594
5.288476977334594
5.288476977334594
5.288476977334594
5.288476977334594
5.288476977334594
5.288476977334594
5.288476977334594
5.288476977334594
5.288476977334594
5.288476977334594
5.288476977334594
5.288476977334594
5.288476977334594
5.288476977334594
5.288476977334594
5.288476977334594
5.288476977334594
5.288476977334594
5.288476977334594
5.288476977334594
5.288476977334594
5.288476977334594
5.288476977334594
5.288476977334594
5.288476977334594
5.288476977334594
5.288476977334594
5.288476977334594
5.288476977334594
5.288476977334594
5.288476977334594
5.288476977334594
5.288476977334594
5.288476977334594
5.288476977334594
5.288476977334594
5.288476977334594
5.288476977334594
5.288476977334594
5.288476977334594
5.288476977334594
5.288476977334594
5.288476977334594
5.288476977334594
5.288476977334594
5.288476977334594
5.288476977334594
5.288476977334594
5.288476977334594
5.288476977334594
5.288476977334594
5.288476977334594
5.288476977334594
5.288476977334594
5.288476977334594
5.288476977334594
5.288476977334594
5.288476977334594
5.288476977334594
5.288476977334594
5.288476977334594
5.288476977334594
5.288476977334594
5.288476977334594
5.288476977334594
5.288476977334594
5.288476977334594
5.288476977334594
5.288476977334594
5.288476977334594
5.288476977334594
5.288476977334594
5.288476977334594
5.288476977334594
5.288476977334594
5.288476977334594
5.288476977334594
5.288476977334594
5.288476977334594
5.288476977334594
5.288476977334594
5.288476977334594
5.288476977334594
5.288476977334594
5.288476977334594
5.288476977334594
5.288476977334594
5.288476977334594
5.288476977334594
5.288476977334594
5.288476977334594
5.288476977334594
5.288476977334594
5.288476977334594
5.288476977334594
5.288476977334594
5.288476977334594
5.288476977334594
5.288476977334594
5.288476977334594
5.288476977334594
5.288476977334594
5.288476977334594
5.288476977334594
5.288476977334594
5.288476977334594
5.288476977334594
5.288476977334594
5.288476977334594
5.288476977334594
5.288476977334594
5.288476977334594
5.288476977334594
5.288476977334594
5.288476977334594
5.288476977334594
5.288476977334594
5.288476977334594
5.288476977334594
5.288476977334594
5.288476977334594
5.288476977334594
5.288476977334594
5.288476977334594
5.288476977334594
5.288476977334594
5.288476977334594
5.288476977334594
5.288476977334594
5.288476977334594
5.288476977334594
5.288476977334594
5.288476977334594
5.288476977334594
5.288476977334594
5.288476977334594
5.288476977334594
5.288476977334594
5.288476977334594
5.288476977334594
5.288476977334594
5.288476977334594
5.288476977334594
5.288476977334594
5.288476977334594
5.288476977334594
5.288476977334594
5.288476977334594
5.288476977334594
5.288476977334594
5.288476977334594
5.288476977334594
5.288476977334594
5.288476977334594
5.288476977334594
5.288476977334594
5.288476977334594
5.288476977334594
5.288476977334594
5.288476977334594
5.288476977334594
5.288476977334594
5.288476977334594
5.288476977334594
5.288476977334594
5.288476977334594
5.288476977334594
5.288476977334594
5.288476977334594
5.288476977334594
5.288476977334594
5.288476977334594
5.288476977334594
5.288476977334594
5.288476977334594
5.288476977334594
5.288476977334594
5.288476977334594
5.288476977334594
5.288476977334594
5.288476977334594
5.288476977334594
5.288476977334594
5.288476977334594
5.288476977334594
5.288476977334594
5.288476977334594
5.339957850973666
5.339957850973666
5.339957850973666
5.339957850973666
5.339957850973666
5.339957850973666
5.339957850973666
5.339957850973666
5.339957850973666
5.339957850973666
5.339957850973666
5.339957850973666
5.339957850973666
5.339957850973666
5.339957850973666
5.339957850973666
5.339957850973666
5.339957850973666
5.339957850973666
5.339957850973666
5.339957850973666
5.339957850973666
5.339957850973666
5.339957850973666
5.339957850973666
5.339957850973666
5.339957850973666
5.339957850973666
5.339957850973666
5.339957850973666
5.339957850973666
5.339957850973666
5.339957850973666
5.339957850973666
5.339957850973666
5.339957850973666
5.339957850973666
5.339957850973666
5.339957850973666
5.339957850973666
5.339957850973666
5.339957850973666
5.339957850973666
5.339957850973666
5.339957850973666
5.339957850973666
5.339957850973666
5.339957850973666
5.339957850973666
5.339957850973666
5.339957850973666
5.339957850973666
5.339957850973666
5.339957850973666
5.339957850973666
5.339957850973666
5.339957850973666
5.339957850973666
5.339957850973666
5.339957850973666
5.339957850973666
5.339957850973666
5.339957850973666
5.339957850973666
5.339957850973666
5.339957850973666
5.339957850973666
5.4438100997902055
5.4438100997902055
5.4438100997902055
5.4438100997902055
5.4438100997902055
5.4438100997902055
5.4438100997902055
5.4438100997902055
5.4438100997902055
5.4438100997902055
5.4438100997902055
5.4438100997902055
5.4438100997902055
5.4438100997902055
5.4438100997902055
5.4438100997902055
5.4438100997902055
5.4438100997902055
5.4438100997902055
5.4438100997902055
5.4438100997902055
5.4438100997902055
5.4438100997902055
5.4438100997902055
5.4438100997902055
5.4438100997902055
5.4438100997902055
5.4438100997902055
5.4438100997902055
5.4438100997902055
5.4438100997902055
5.4438100997902055
5.4438100997902055
5.4438100997902055
5.4438100997902055
5.4438100997902055
5.4438100997902055
5.4438100997902055
5.4438100997902055
5.4438100997902055
5.4438100997902055
5.4438100997902055
5.4438100997902055
5.4438100997902055
5.4438100997902055
5.4438100997902055
5.4438100997902055
5.4438100997902055
5.4438100997902055
5.4438100997902055
5.4438100997902055
5.4438100997902055
5.4438100997902055
5.4438100997902055
5.4438100997902055
5.4438100997902055
5.4438100997902055
5.4438100997902055
5.4438100997902055
5.4438100997902055
5.4438100997902055
5.4438100997902055
5.4438100997902055
5.4438100997902055
5.4438100997902055
5.4438100997902055
5.4438100997902055
5.4438100997902055
5.4438100997902055
5.4438100997902055
5.4438100997902055
5.4438100997902055
5.4438100997902055
5.4438100997902055
5.4438100997902055
5.4438100997902055
5.4438100997902055
5.4438100997902055
5.4438100997902055
5.4438100997902055
5.4438100997902055
5.4438100997902055
5.4438100997902055
5.4438100997902055
5.4438100997902055
5.4438100997902055
5.4438100997902055
5.4438100997902055
5.4438100997902055
5.4438100997902055
5.4438100997902055
5.4438100997902055
5.4438100997902055
5.4438100997902055
5.4438100997902055
5.4438100997902055
5.4438100997902055
5.4438100997902055
5.4438100997902055
5.4438100997902055
5.4438100997902055
5.4438100997902055
5.4438100997902055
5.4438100997902055
5.4438100997902055
5.4438100997902055
5.4438100997902055
5.4438100997902055
5.4438100997902055
5.4438100997902055
5.4438100997902055
5.4438100997902055
5.4438100997902055
5.4438100997902055
5.4438100997902055
5.4438100997902055
5.4438100997902055
5.4438100997902055
5.4438100997902055
5.4438100997902055
5.4438100997902055
5.4438100997902055
5.4438100997902055
5.4438100997902055
5.4438100997902055
5.4438100997902055
5.4438100997902055
5.4438100997902055
5.4438100997902055
5.4438100997902055
5.4438100997902055
5.4438100997902055
5.4438100997902055
5.4438100997902055
5.4438100997902055
5.4438100997902055
5.4438100997902055
5.4438100997902055
5.4438100997902055
5.4438100997902055
5.4438100997902055
5.4438100997902055
5.4438100997902055
5.4438100997902055
5.4438100997902055
5.4438100997902055
5.4438100997902055
5.4438100997902055
5.4438100997902055
5.4438100997902055
5.4438100997902055
5.4438100997902055
5.4438100997902055
5.4438100997902055
5.4438100997902055
5.4438100997902055
5.4438100997902055
5.4438100997902055
5.4438100997902055
5.4438100997902055
5.4438100997902055
5.4438100997902055
5.4438100997902055
5.4438100997902055
5.4438100997902055
5.4438100997902055
5.4438100997902055
5.4438100997902055
5.4438100997902055
5.4438100997902055
5.4438100997902055
5.4438100997902055
5.4438100997902055
5.4438100997902055
5.4438100997902055
5.4438100997902055
5.4438100997902055
5.4438100997902055
5.4438100997902055
5.4438100997902055
5.4438100997902055
5.4438100997902055
5.4438100997902055
5.4438100997902055
5.4438100997902055
5.4438100997902055
5.4438100997902055
5.4438100997902055
5.4438100997902055
5.4438100997902055
5.4438100997902055
5.4438100997902055
5.4438100997902055
5.4438100997902055
5.4438100997902055
5.4438100997902055
5.4438100997902055
5.4438100997902055
5.4438100997902055
5.4438100997902055
5.4438100997902055
5.4438100997902055
5.4438100997902055
5.4438100997902055
5.4438100997902055
5.4438100997902055
5.4438100997902055
5.4438100997902055
5.4438100997902055
5.4438100997902055
5.4438100997902055
5.4438100997902055
5.4438100997902055
5.4438100997902055
5.4438100997902055
5.4438100997902055
5.4438100997902055
5.4438100997902055
5.4438100997902055
5.4438100997902055
5.4438100997902055
5.4438100997902055
5.4438100997902055
5.4438100997902055
5.4438100997902055
5.4438100997902055
5.4438100997902055
5.4438100997902055
5.641660145692272
5.641660145692272
5.641660145692272
5.641660145692272
5.641660145692272
5.641660145692272
5.641660145692272
5.641660145692272
5.641660145692272
5.641660145692272
5.641660145692272
5.641660145692272
5.641660145692272
5.641660145692272
5.641660145692272
5.641660145692272
5.641660145692272
5.641660145692272
5.641660145692272
5.641660145692272
5.641660145692272
5.641660145692272
5.641660145692272
5.641660145692272
5.641660145692272
5.641660145692272
5.641660145692272
5.641660145692272
5.641660145692272
5.641660145692272
5.641660145692272
5.641660145692272
5.641660145692272
5.641660145692272
5.641660145692272
5.641660145692272
5.641660145692272
5.641660145692272
5.641660145692272
5.641660145692272
5.641660145692272
5.641660145692272
5.641660145692272
5.641660145692272
5.641660145692272
5.641660145692272
5.641660145692272
5.641660145692272
5.641660145692272
5.641660145692272
5.641660145692272
5.641660145692272
5.641660145692272
5.641660145692272
5.641660145692272
5.641660145692272
5.641660145692272
5.641660145692272
5.641660145692272
5.641660145692272
5.641660145692272
5.641660145692272
5.641660145692272
5.641660145692272
5.641660145692272
5.641660145692272
5.641660145692272
5.641660145692272
5.641660145692272
5.641660145692272
5.641660145692272
5.641660145692272
5.641660145692272
5.641660145692272
5.641660145692272
5.641660145692272
5.641660145692272
5.641660145692272
5.641660145692272
5.641660145692272
5.641660145692272
5.641660145692272
5.641660145692272
5.641660145692272
5.641660145692272
5.641660145692272
5.641660145692272
5.641660145692272
5.641660145692272
5.641660145692272
5.641660145692272
5.641660145692272
5.641660145692272
5.641660145692272
5.641660145692272
5.641660145692272
5.641660145692272
5.641660145692272
5.641660145692272
5.641660145692272
5.641660145692272
5.641660145692272
5.641660145692272
5.641660145692272
5.641660145692272
5.641660145692272
5.641660145692272
5.641660145692272
5.641660145692272
5.641660145692272
5.641660145692272
5.641660145692272
5.641660145692272
5.641660145692272
5.641660145692272
5.641660145692272
5.641660145692272
5.641660145692272
5.641660145692272
5.641660145692272
5.641660145692272
5.641660145692272
5.641660145692272
5.641660145692272
5.641660145692272
5.641660145692272
5.641660145692272
5.641660145692272
5.641660145692272
5.641660145692272
5.641660145692272
5.641660145692272
5.641660145692272
5.641660145692272
5.641660145692272
5.641660145692272
5.641660145692272
5.641660145692272
5.641660145692272
5.641660145692272
5.641660145692272
5.641660145692272
5.641660145692272
5.641660145692272
5.641660145692272
5.641660145692272
5.641660145692272
5.641660145692272
5.641660145692272
5.641660145692272
5.641660145692272
5.641660145692272
5.641660145692272
5.641660145692272
5.641660145692272
5.641660145692272
5.641660145692272
5.641660145692272
5.641660145692272
5.641660145692272
5.641660145692272
5.641660145692272
5.641660145692272
5.641660145692272
5.641660145692272
5.641660145692272
5.641660145692272
5.641660145692272
5.641660145692272
5.641660145692272
5.641660145692272
5.641660145692272
5.641660145692272
5.641660145692272
5.641660145692272
5.641660145692272
5.641660145692272
5.641660145692272
5.641660145692272
5.641660145692272
5.641660145692272
5.641660145692272
5.641660145692272
5.641660145692272
5.641660145692272
5.641660145692272
5.641660145692272
5.641660145692272
5.641660145692272
5.641660145692272
5.641660145692272
5.641660145692272
5.641660145692272
5.641660145692272
5.641660145692272
5.641660145692272
5.641660145692272
5.641660145692272
5.641660145692272
5.641660145692272
5.641660145692272
5.641660145692272
5.641660145692272
5.641660145692272
5.641660145692272
5.641660145692272
5.641660145692272
5.641660145692272
5.641660145692272
5.641660145692272
5.641660145692272
5.641660145692272
5.641660145692272
5.641660145692272
5.641660145692272
5.641660145692272
5.641660145692272
5.641660145692272
5.641660145692272
5.641660145692272
5.641660145692272
5.641660145692272
5.641660145692272
5.641660145692272
5.641660145692272
5.641660145692272
5.641660145692272
5.641660145692272
5.641660145692272
5.641660145692272
5.641660145692272
5.641660145692272
5.641660145692272
5.641660145692272
5.641660145692272
5.641660145692272
5.641660145692272
5.641660145692272
5.641660145692272
5.641660145692272
5.641660145692272
5.751576294274232
5.751576294274232
5.751576294274232
5.751576294274232
5.751576294274232
5.751576294274232
5.751576294274232
5.751576294274232
5.751576294274232
5.751576294274232
5.751576294274232
5.751576294274232
5.751576294274232
5.751576294274232
5.751576294274232
5.751576294274232
5.751576294274232
5.751576294274232
5.751576294274232
5.751576294274232
5.751576294274232
5.751576294274232
5.751576294274232
5.751576294274232
5.751576294274232
5.751576294274232
5.751576294274232
5.751576294274232
5.751576294274232
5.751576294274232
5.751576294274232
5.751576294274232
5.751576294274232
5.751576294274232
5.751576294274232
5.751576294274232
5.751576294274232
5.751576294274232
5.751576294274232
5.751576294274232
5.751576294274232
5.751576294274232
5.751576294274232
5.751576294274232
5.751576294274232
5.751576294274232
5.751576294274232
5.751576294274232
5.751576294274232
5.751576294274232
5.751576294274232
5.751576294274232
5.751576294274232
5.751576294274232
5.751576294274232
5.751576294274232
5.751576294274232
5.751576294274232
5.751576294274232
5.751576294274232
5.751576294274232
5.751576294274232
5.751576294274232
5.751576294274232
5.751576294274232
5.751576294274232
5.751576294274232
5.751576294274232
5.751576294274232
5.751576294274232
5.751576294274232
5.751576294274232
5.751576294274232
5.751576294274232
5.751576294274232
5.751576294274232
5.751576294274232
5.751576294274232
5.751576294274232
5.751576294274232
5.751576294274232
5.751576294274232
5.751576294274232
5.751576294274232
5.751576294274232
5.751576294274232
5.751576294274232
5.751576294274232
5.751576294274232
5.751576294274232
5.751576294274232
5.751576294274232
5.751576294274232
5.751576294274232
5.751576294274232
5.751576294274232
5.751576294274232
5.751576294274232
5.751576294274232
5.751576294274232
5.751576294274232
5.751576294274232
5.751576294274232
5.751576294274232
5.751576294274232
5.751576294274232
5.751576294274232
5.751576294274232
5.751576294274232
5.751576294274232
5.751576294274232
5.751576294274232
5.751576294274232
5.751576294274232
5.751576294274232
5.751576294274232
5.751576294274232
5.751576294274232
5.751576294274232
5.751576294274232
5.751576294274232
5.751576294274232
5.751576294274232
5.751576294274232
5.751576294274232
5.751576294274232
5.751576294274232
5.751576294274232
5.751576294274232
5.751576294274232
5.751576294274232
5.751576294274232
5.751576294274232
5.751576294274232
5.751576294274232
5.751576294274232
5.751576294274232
5.785145219082224
5.785145219082224
5.785145219082224
5.785145219082224
5.785145219082224
5.785145219082224
5.785145219082224
5.785145219082224
5.785145219082224
5.785145219082224
5.785145219082224
5.785145219082224
5.785145219082224
5.813790718907485
5.813790718907485
5.813790718907485
5.813790718907485
5.813790718907485
5.813790718907485
5.813790718907485
5.813790718907485
5.8623818949287765
5.990933503744229
5.990933503744229
5.990933503744229
5.990933503744229
5.990933503744229
6.083794389310942
6.163977843515795
6.163977843515795
6.163977843515795
6.319274515206672
6.319274515206672
6.319274515206672
6.319274515206672
6.319274515206672
6.319274515206672
6.319274515206672
6.319274515206672
6.319274515206672
6.319274515206672
6.319274515206672
6.319274515206672
6.319274515206672
6.319274515206672
6.319274515206672
6.342420603984552
6.342420603984552
6.4196900947352304
6.4196900947352304
6.4196900947352304
6.4196900947352304
6.4196900947352304
6.420211834249896
6.420211834249896
6.420211834249896
6.420211834249896
6.420211834249896
6.420211834249896
6.420211834249896
6.420211834249896
6.420211834249896
6.420211834249896
6.420211834249896
6.420211834249896
6.420211834249896
6.420211834249896
6.420211834249896
6.420211834249896
6.420821363618888
6.420821363618888
6.420821363618888
6.420821363618888
6.420821363618888
6.420821363618888
6.420821363618888
6.420821363618888
6.420821363618888
6.420821363618888
6.420821363618888
6.420821363618888
6.420821363618888
6.420821363618888
6.420821363618888
6.420821363618888
6.420821363618888
6.420821363618888
6.420821363618888
6.420821363618888
6.420821363618888
6.420821363618888
6.530626837172473
6.530626837172473
6.530626837172473
6.530626837172473
6.530626837172473
6.530626837172473
6.530626837172473
6.530626837172473
6.530626837172473
6.530626837172473
6.530626837172473
6.530626837172473
6.530626837172473
6.530626837172473
6.530626837172473
6.530626837172473
6.530626837172473
6.530626837172473
6.530626837172473
6.530626837172473
6.530626837172473
6.530626837172473
6.530626837172473
6.530626837172473
6.530626837172473
6.530626837172473
6.530626837172473
6.530626837172473
6.530626837172473
6.530626837172473
6.530626837172473
6.530626837172473
6.530626837172473
6.530626837172473
6.530626837172473
6.530626837172473
6.530626837172473
6.530626837172473
6.530626837172473
6.530626837172473
6.530626837172473
6.530626837172473
6.530626837172473
6.530626837172473
6.530626837172473
6.530626837172473
6.530626837172473
6.530626837172473
6.530626837172473
6.530626837172473
6.530626837172473
6.530626837172473
6.530626837172473
6.530626837172473
6.530626837172473
6.530626837172473
6.530626837172473
6.530626837172473
6.530626837172473
6.530626837172473
6.530626837172473
6.530626837172473
6.530626837172473
6.530626837172473
6.530626837172473
6.530626837172473
6.530626837172473
6.530626837172473
6.530626837172473
6.530626837172473
6.530626837172473
6.530626837172473
6.530626837172473
6.530626837172473
6.530626837172473
6.530626837172473
6.530626837172473
6.530626837172473
6.530626837172473
6.530626837172473
6.530626837172473
6.530626837172473
6.530626837172473
6.530626837172473
6.530626837172473
6.530626837172473
6.530626837172473
6.530626837172473
6.530626837172473
6.530626837172473
6.530626837172473
6.530626837172473
6.530626837172473
6.530626837172473
6.530626837172473
6.530626837172473
6.530626837172473
6.530626837172473
6.530626837172473
6.530626837172473
6.530626837172473
6.530626837172473
6.530626837172473
6.530626837172473
6.530626837172473
6.530626837172473
6.530626837172473
6.530626837172473
6.530626837172473
6.530626837172473
6.530626837172473
6.530626837172473
6.530626837172473
6.530626837172473
6.530626837172473
6.530626837172473
6.530626837172473
6.530626837172473
6.530626837172473
6.530626837172473
6.530626837172473
6.530626837172473
6.530626837172473
6.530626837172473
6.530626837172473
6.530626837172473
6.530626837172473
6.530626837172473
6.530626837172473
6.530626837172473
6.530626837172473
6.530626837172473
6.530626837172473
6.530626837172473
6.530626837172473
6.530626837172473
6.530626837172473
6.530626837172473
6.530626837172473
6.530626837172473
6.530626837172473
6.530626837172473
6.530626837172473
6.530626837172473
6.530626837172473
6.530626837172473
6.530626837172473
6.530626837172473
6.530626837172473
6.530626837172473
6.530626837172473
6.530626837172473
6.530626837172473
6.530626837172473
6.530626837172473
6.530626837172473
6.530626837172473
6.530626837172473
6.530626837172473
6.530626837172473
6.530626837172473
6.530626837172473
6.530626837172473
6.530626837172473
6.530626837172473
6.530626837172473
6.530626837172473
6.530626837172473
6.530626837172473
6.530626837172473
6.530626837172473
6.530626837172473
6.530626837172473
6.530626837172473
6.530626837172473
6.530626837172473
6.530626837172473
6.530626837172473
6.530626837172473
6.530626837172473
6.530626837172473
6.530626837172473
6.530626837172473
6.530626837172473
6.530626837172473
6.530626837172473
6.530626837172473
6.530626837172473
6.530626837172473
6.530626837172473
6.530626837172473
6.530626837172473
6.530626837172473
6.530626837172473
6.530626837172473
6.530626837172473
6.530626837172473
6.530626837172473
6.530626837172473
6.530626837172473
6.530626837172473
6.530626837172473
6.530626837172473
6.530626837172473
6.530626837172473
6.530626837172473
6.530626837172473
6.530626837172473
6.530626837172473
6.530626837172473
6.530626837172473
6.530626837172473
6.530626837172473
6.530626837172473
6.530626837172473
6.530626837172473
6.530626837172473
6.530626837172473
6.530626837172473
6.530626837172473
6.530626837172473
6.530626837172473
6.530626837172473
6.530626837172473
6.530626837172473
6.530626837172473
6.530626837172473
6.530626837172473
6.530626837172473
6.530626837172473
6.530626837172473
6.530626837172473
6.530626837172473
6.530626837172473
6.530626837172473
6.530626837172473
6.530626837172473
6.530626837172473
6.530626837172473
6.530626837172473
6.530626837172473
6.530626837172473
6.530626837172473
6.530626837172473
6.530626837172473
6.530626837172473
6.530626837172473
6.530626837172473
6.530626837172473
6.530626837172473
6.530626837172473
6.530626837172473
6.530626837172473
6.530626837172473
6.530626837172473
6.530626837172473
6.530626837172473
6.530626837172473
6.530626837172473
6.530626837172473
6.530626837172473
6.530626837172473
6.530626837172473
6.530626837172473
6.530626837172473
6.530626837172473
6.530626837172473
6.530626837172473
6.530626837172473
6.530626837172473
6.530626837172473
6.530626837172473
6.530626837172473
6.530626837172473
6.530626837172473
6.530626837172473
6.530626837172473
6.530626837172473
6.530626837172473
6.530626837172473
6.530626837172473
6.530626837172473
6.530626837172473
6.530626837172473
6.530626837172473
6.530626837172473
6.530626837172473
6.530626837172473
6.530626837172473
6.530626837172473
6.530626837172473
6.530626837172473
6.530626837172473
6.530626837172473
6.530626837172473
6.530626837172473
6.530626837172473
6.530626837172473
6.530626837172473
6.530626837172473
6.530626837172473
6.530626837172473
6.530626837172473
6.530626837172473
6.530626837172473
6.530626837172473
6.530626837172473
6.530626837172473
6.530626837172473
6.530626837172473
6.530626837172473
6.530626837172473
6.530626837172473
6.530626837172473
6.530626837172473
6.530626837172473
6.530626837172473
6.530626837172473
6.530626837172473
6.530626837172473
6.530626837172473
6.530626837172473
6.530626837172473
6.530626837172473
6.530626837172473
6.530626837172473
6.530626837172473
6.530626837172473
6.530626837172473
6.530626837172473
6.530626837172473
6.530626837172473
6.530626837172473
6.530626837172473
6.530626837172473
6.530626837172473
6.530626837172473
6.530626837172473
6.530626837172473
6.530626837172473
6.530626837172473
6.530626837172473
6.530626837172473
6.530626837172473
6.530626837172473
6.530626837172473
6.530626837172473
6.530626837172473
6.530626837172473
6.530626837172473
6.530626837172473
6.530626837172473
6.530626837172473
6.530626837172473
6.530626837172473
6.530626837172473
6.530626837172473
6.530626837172473
6.530626837172473
6.530626837172473
6.530626837172473
6.530626837172473
6.530626837172473
6.530626837172473
6.530626837172473
6.530626837172473
6.530626837172473
6.530626837172473
6.530626837172473
6.530626837172473
6.530626837172473
6.530626837172473
6.530626837172473
6.530626837172473
6.530626837172473
6.530626837172473
6.530626837172473
6.530626837172473
6.530626837172473
6.530626837172473
6.530626837172473
6.530626837172473
6.530626837172473
6.530626837172473
6.530626837172473
6.530626837172473
6.530626837172473
6.530626837172473
6.530626837172473
6.530626837172473
6.530626837172473
6.530626837172473
6.530626837172473
6.530626837172473
6.530626837172473
6.530626837172473
6.530626837172473
6.530626837172473
6.530626837172473
6.530626837172473
6.530626837172473
6.530626837172473
6.530626837172473
6.530626837172473
6.530626837172473
6.530626837172473
6.530626837172473
6.530626837172473
6.530626837172473
6.530626837172473
6.530626837172473
6.530626837172473
6.530626837172473
6.530626837172473
6.530626837172473
6.530626837172473
6.530626837172473
6.530626837172473
6.530626837172473
6.530626837172473
6.530626837172473
6.530626837172473
6.530626837172473
6.530626837172473
6.530626837172473
6.530626837172473
6.530626837172473
6.530626837172473
6.530626837172473
6.530626837172473
6.530626837172473
6.530626837172473
6.530626837172473
6.530626837172473
6.530626837172473
6.530626837172473
6.530626837172473
6.530626837172473
6.530626837172473
6.530626837172473
6.530626837172473
6.530626837172473
6.530626837172473
6.530626837172473
6.530626837172473
6.530626837172473
6.530626837172473
6.530626837172473
6.530626837172473
6.530626837172473
6.530626837172473
6.530626837172473
6.530626837172473
6.530626837172473
6.530626837172473
6.530626837172473
6.530626837172473
6.530626837172473
6.530626837172473
6.530626837172473
6.530626837172473
6.530626837172473
6.530626837172473
6.530626837172473
6.530626837172473
6.530626837172473
6.530626837172473
6.530626837172473
6.530626837172473
6.530626837172473
6.530626837172473
6.530626837172473
6.530626837172473
6.530626837172473
6.530626837172473
6.530626837172473
6.530626837172473
6.530626837172473
6.530626837172473
6.530626837172473
6.530626837172473
6.530626837172473
6.530626837172473
6.530626837172473
6.530626837172473
6.530626837172473
6.530626837172473
6.530626837172473
6.530626837172473
6.530626837172473
6.530626837172473
6.530626837172473
6.530626837172473
6.530626837172473
6.530626837172473
6.530626837172473
6.530626837172473
6.530626837172473
6.530626837172473
6.530626837172473
6.530626837172473
6.530626837172473
6.530626837172473
6.530626837172473
6.530626837172473
6.530626837172473
6.530626837172473
6.530626837172473
6.530626837172473
6.530626837172473
6.530626837172473
6.530626837172473
6.530626837172473
6.530626837172473
6.530626837172473
6.530626837172473
6.530626837172473
6.530626837172473
6.530626837172473
6.530626837172473
6.530626837172473
6.530626837172473
Score: 6.530626837172473
Runtime: 645ms
