7.217120811826526E-9
7.217120811826526E-9
7.217120811826526E-9
4.106433718476467E-8
1.587235253874453E-5
1.587235253874453E-5
1.587235253874453E-5
1.587235253874453E-5
1.75236925759122E-4
1.75236925759122E-4
1.919146569660978E-4
2.7823669989451367E-4
0.0010775928586276506
0.002049583894871139
0.00225884069214304
0.008454860135952058
0.008454860135952058
0.008454860135952058
0.014871858929503552
0.014871858929503552
0.014871858929503552
0.015739899308347738
0.015739899308347738
0.020370694867516803
0.09637564805736576
0.09637564805736576
0.09637564805736576
0.09637564805736576
0.09637564805736576
0.11978347353714384
0.11978347353714384
0.11978347353714384
0.12478125601474352
0.20398969527503807
0.20398969527503807
0.20398969527503807
0.20398969527503807
0.20398969527503807
0.2773551614654183
0.2773551614654183
0.2773551614654183
0.2773551614654183
0.29628769467698635
0.29628769467698635
0.29628769467698635
0.29628769467698635
0.29628769467698635
0.29628769467698635
0.29628769467698635
0.29628769467698635
0.29628769467698635
0.29628769467698635
0.29628769467698635
0.29628769467698635
0.29628769467698635
0.29628769467698635
0.29628769467698635
0.29628769467698635
0.29628769467698635
0.7622644416095613
0.7622644416095613
0.7622644416095613
0.7622644416095613
0.7622644416095613
0.7622644416095613
0.7622644416095613
0.7622644416095613
0.7622644416095613
0.7622644416095613
0.7622644416095613
0.7622644416095613
0.7622644416095613
0.7622644416095613
0.7622644416095613
0.7622644416095613
0.7622644416095613
0.7622644416095613
0.7622644416095613
0.7622644416095613
0.7622644416095613
0.7622644416095613
0.7622644416095613
1.063446482836272
1.063446482836272
1.063446482836272
1.063446482836272
1.063446482836272
1.063446482836272
1.063446482836272
1.063446482836272
1.063446482836272
1.063446482836272
1.063446482836272
1.063446482836272
1.063446482836272
1.063446482836272
1.063446482836272
1.063446482836272
1.063446482836272
1.063446482836272
1.063446482836272
1.063446482836272
1.063446482836272
1.063446482836272
1.063446482836272
1.063446482836272
1.063446482836272
1.063446482836272
1.063446482836272
1.063446482836272
1.063446482836272
1.063446482836272
1.063446482836272
1.063446482836272
1.063446482836272
1.063446482836272
1.063446482836272
1.063446482836272
1.063446482836272
1.063446482836272
1.063446482836272
1.063446482836272
1.063446482836272
1.063446482836272
1.063446482836272
1.063446482836272
1.063446482836272
1.063446482836272
1.063446482836272
1.063446482836272
1.063446482836272
1.063446482836272
1.063446482836272
1.063446482836272
1.063446482836272
1.063446482836272
1.063446482836272
1.063446482836272
1.063446482836272
1.063446482836272
1.063446482836272
1.063446482836272
1.063446482836272
1.063446482836272
1.063446482836272
1.063446482836272
1.063446482836272
1.063446482836272
1.063446482836272
1.063446482836272
1.063446482836272
1.063446482836272
1.063446482836272
1.063446482836272
1.063446482836272
1.063446482836272
1.063446482836272
1.063446482836272
1.063446482836272
1.063446482836272
1.063446482836272
1.063446482836272
1.063446482836272
1.063446482836272
1.063446482836272
1.063446482836272
1.063446482836272
1.063446482836272
1.063446482836272
1.063446482836272
1.063446482836272
1.063446482836272
1.063446482836272
1.063446482836272
1.063446482836272
1.063446482836272
1.063446482836272
1.071414127793882
1.071414127793882
1.071414127793882
1.071414127793882
1.071414127793882
1.071414127793882
1.071414127793882
1.071414127793882
1.071414127793882
1.071414127793882
1.071414127793882
1.0749696882028599
1.0749696882028599
1.0749696882028599
1.0749696882028599
1.0749696882028599
1.0749696882028599
1.0749696882028599
1.0749696882028599
1.0749696882028599
1.142469437684823
1.142469437684823
1.142469437684823
1.142469437684823
1.142469437684823
1.142469437684823
1.142469437684823
1.142469437684823
1.142469437684823
1.142469437684823
1.165348869614019
1.4801161790127306
1.4801161790127306
1.4801161790127306
1.4801161790127306
1.4801161790127306
1.4801161790127306
1.4801161790127306
1.4801161790127306
1.4801161790127306
1.4801161790127306
1.4801161790127306
1.4801161790127306
1.4801161790127306
1.4801161790127306
1.4801161790127306
1.4801161790127306
1.4801161790127306
1.4801161790127306
1.4801161790127306
1.4801161790127306
1.4801161790127306
1.4801161790127306
1.4801161790127306
1.4801161790127306
1.4801161790127306
1.4801161790127306
1.4801161790127306
1.4801161790127306
1.4801161790127306
1.4801161790127306
1.4801161790127306
1.6332277922378824
1.6332277922378824
1.6332277922378824
1.6332277922378824
1.6332277922378824
1.6332277922378824
1.6332277922378824
1.6332277922378824
1.6332277922378824
1.6332277922378824
1.6332277922378824
1.6332277922378824
1.6332277922378824
1.6332277922378824
1.6332277922378824
1.6332277922378824
1.6332277922378824
1.6332277922378824
1.6332277922378824
1.6332277922378824
1.6332277922378824
1.6332277922378824
1.6332277922378824
1.6332277922378824
1.6332277922378824
1.6332277922378824
1.6332277922378824
1.6332277922378824
1.6332277922378824
1.6332277922378824
1.6332277922378824
1.6332277922378824
1.6332277922378824
1.6332277922378824
1.6332277922378824
1.6332277922378824
1.6332277922378824
1.6332277922378824
1.6332277922378824
1.6332277922378824
1.6332277922378824
1.6332277922378824
1.6332277922378824
1.6332277922378824
1.6332277922378824
1.6332277922378824
1.6332277922378824
1.6332277922378824
1.6332277922378824
1.6332277922378824
1.6332277922378824
1.6332277922378824
1.6332277922378824
1.6332277922378824
1.6332277922378824
1.6332277922378824
1.6332277922378824
1.6332277922378824
1.6332277922378824
1.6332277922378824
1.6332277922378824
1.6332277922378824
1.6332277922378824
1.6332277922378824
1.6332277922378824
1.6332277922378824
1.6332277922378824
1.6332277922378824
1.6332277922378824
1.6332277922378824
1.6332277922378824
1.6332277922378824
1.6332277922378824
1.6332277922378824
1.6332277922378824
1.6332277922378824
1.6332277922378824
1.6332277922378824
1.6332277922378824
1.6332277922378824
1.6332277922378824
1.6332277922378824
1.6332277922378824
1.6332277922378824
1.6332277922378824
1.6332277922378824
1.6332277922378824
1.6332277922378824
1.6332277922378824
1.6332277922378824
1.6332277922378824
1.6332277922378824
1.6332277922378824
1.7097671695979506
1.7097671695979506
1.7097671695979506
1.7097671695979506
1.7097671695979506
1.7097671695979506
1.7097671695979506
1.7097671695979506
1.7097671695979506
1.7097671695979506
1.7097671695979506
1.7097671695979506
1.7097671695979506
2.038848185124424
2.038848185124424
2.038848185124424
2.038848185124424
2.038848185124424
2.038848185124424
2.038848185124424
2.038848185124424
2.038848185124424
2.038848185124424
2.038848185124424
2.038848185124424
2.038848185124424
2.038848185124424
2.038848185124424
2.038848185124424
2.038848185124424
2.038848185124424
2.038848185124424
2.038848185124424
2.038848185124424
2.038848185124424
2.038848185124424
2.042725217534457
2.042725217534457
2.042725217534457
2.042725217534457
2.042725217534457
2.042725217534457
2.042725217534457
2.042725217534457
2.042725217534457
2.042725217534457
2.042725217534457
2.042725217534457
2.042725217534457
2.042725217534457
2.042725217534457
2.042725217534457
2.042725217534457
2.042725217534457
2.042725217534457
2.042725217534457
2.042725217534457
2.042725217534457
2.042725217534457
2.042725217534457
2.042725217534457
2.042725217534457
2.042725217534457
2.042725217534457
2.042725217534457
2.042725217534457
2.042725217534457
2.042725217534457
2.042725217534457
2.042725217534457
2.042725217534457
2.042725217534457
2.042725217534457
2.042725217534457
2.042725217534457
2.042725217534457
2.042725217534457
2.042725217534457
2.042725217534457
2.042725217534457
2.042725217534457
2.042725217534457
2.042725217534457
2.042725217534457
2.042725217534457
2.042725217534457
2.042725217534457
2.042725217534457
2.042725217534457
2.042725217534457
2.042725217534457
2.042725217534457
2.042725217534457
2.042725217534457
2.042725217534457
2.042725217534457
2.042725217534457
2.042725217534457
2.042725217534457
2.042725217534457
2.042725217534457
2.05948006192264
2.05948006192264
2.05948006192264
2.05948006192264
2.05948006192264
2.05948006192264
2.05948006192264
2.05948006192264
2.05948006192264
2.05948006192264
2.05948006192264
2.05948006192264
2.05948006192264
2.05948006192264
2.05948006192264
2.05948006192264
2.05948006192264
2.05948006192264
2.05948006192264
2.05948006192264
2.05948006192264
2.05948006192264
2.05948006192264
2.05948006192264
2.05948006192264
2.05948006192264
2.05948006192264
2.05948006192264
2.05948006192264
2.05948006192264
2.05948006192264
2.05948006192264
2.05948006192264
2.05948006192264
2.05948006192264
2.05948006192264
2.05948006192264
2.05948006192264
2.05948006192264
2.05948006192264
2.05948006192264
2.05948006192264
2.05948006192264
2.05948006192264
2.05948006192264
2.05948006192264
2.05948006192264
2.05948006192264
2.05948006192264
2.05948006192264
2.05948006192264
2.0706178062928404
2.0706178062928404
2.0706178062928404
2.0706178062928404
2.0706178062928404
2.0706178062928404
2.0706178062928404
2.0706178062928404
2.0706178062928404
2.0706178062928404
2.0706178062928404
2.1339853560059554
2.1339853560059554
2.1339853560059554
2.1339853560059554
2.1339853560059554
2.1339853560059554
2.1339853560059554
2.1339853560059554
2.1339853560059554
2.1339853560059554
2.1339853560059554
2.1339853560059554
2.1339853560059554
2.1339853560059554
2.1339853560059554
2.1339853560059554
2.1339853560059554
2.1339853560059554
2.1339853560059554
2.1339853560059554
2.1339853560059554
2.1339853560059554
2.1339853560059554
2.1339853560059554
2.1339853560059554
2.1339853560059554
2.1339853560059554
2.1339853560059554
2.1339853560059554
2.1339853560059554
2.1339853560059554
2.1339853560059554
2.1339853560059554
2.1339853560059554
2.1339853560059554
2.1339853560059554
2.1339853560059554
2.1339853560059554
2.1339853560059554
2.1339853560059554
2.1339853560059554
2.1339853560059554
2.1339853560059554
2.1339853560059554
2.1339853560059554
2.1339853560059554
2.1339853560059554
2.1339853560059554
2.1339853560059554
2.1339853560059554
2.2546311723824672
2.2546311723824672
2.2546311723824672
2.2546311723824672
2.2546311723824672
2.2546311723824672
2.2546311723824672
2.2546311723824672
2.2546311723824672
2.2546311723824672
2.2546311723824672
2.2546311723824672
2.2546311723824672
2.2546311723824672
2.2546311723824672
2.2546311723824672
2.2546311723824672
2.2546311723824672
2.2546311723824672
2.2546311723824672
2.2546311723824672
2.2546311723824672
2.2546311723824672
2.2546311723824672
2.2546311723824672
2.2546311723824672
2.2546311723824672
2.2546311723824672
2.2546311723824672
2.2546311723824672
2.2546311723824672
2.2546311723824672
2.2546311723824672
2.2546311723824672
2.2546311723824672
2.2546311723824672
2.2546311723824672
2.2546311723824672
2.2546311723824672
2.2546311723824672
2.2546311723824672
2.2546311723824672
2.2546311723824672
2.2546311723824672
2.2546311723824672
2.2546311723824672
2.2546311723824672
2.2546311723824672
2.2546311723824672
2.2546311723824672
2.2546311723824672
2.2546311723824672
2.2546311723824672
2.2546311723824672
2.2546311723824672
2.2546311723824672
2.2546311723824672
2.2546311723824672
2.2546311723824672
2.2546311723824672
2.2546311723824672
2.2546311723824672
2.2546311723824672
2.2546311723824672
2.2546311723824672
2.2546311723824672
2.2546311723824672
2.2546311723824672
2.2546311723824672
2.2546311723824672
2.2546311723824672
2.2546311723824672
2.2546311723824672
2.2546311723824672
2.2546311723824672
2.2546311723824672
2.2546311723824672
2.2546311723824672
2.2546311723824672
2.2546311723824672
2.2546311723824672
2.2546311723824672
2.2546311723824672
2.2546311723824672
2.2546311723824672
2.2546311723824672
2.2546311723824672
2.2546311723824672
2.2546311723824672
2.2546311723824672
2.2546311723824672
2.300351321630501
2.300351321630501
2.300351321630501
2.300351321630501
2.300351321630501
2.300351321630501
2.300351321630501
2.300351321630501
2.300351321630501
2.300351321630501
2.300351321630501
2.300351321630501
2.300351321630501
2.300351321630501
2.300351321630501
2.300351321630501
2.300351321630501
2.300351321630501
2.300351321630501
2.300351321630501
2.300351321630501
2.300351321630501
2.300351321630501
2.300351321630501
2.300351321630501
2.300351321630501
2.300351321630501
2.300351321630501
2.300351321630501
2.300351321630501
2.300351321630501
2.300351321630501
2.300351321630501
2.300351321630501
2.300351321630501
2.300351321630501
2.300351321630501
2.300351321630501
2.300351321630501
2.300351321630501
2.300351321630501
2.300351321630501
2.300351321630501
2.300351321630501
2.300351321630501
2.300351321630501
2.300351321630501
2.300351321630501
2.300351321630501
2.300351321630501
2.300351321630501
2.300351321630501
2.300351321630501
2.300351321630501
2.300351321630501
2.300351321630501
2.300351321630501
2.300351321630501
2.300351321630501
2.300351321630501
2.300351321630501
2.300351321630501
2.300351321630501
2.300351321630501
2.300351321630501
2.300351321630501
2.300351321630501
2.300351321630501
2.300351321630501
2.300351321630501
2.300351321630501
2.300351321630501
2.300351321630501
2.300351321630501
2.300351321630501
2.300351321630501
2.300351321630501
2.300351321630501
2.300351321630501
2.300351321630501
2.300351321630501
2.300351321630501
2.300351321630501
2.300351321630501
2.300351321630501
2.300351321630501
2.300351321630501
2.300351321630501
2.300351321630501
2.300351321630501
2.300351321630501
2.300351321630501
2.413765117994788
2.413765117994788
2.413765117994788
2.413765117994788
2.413765117994788
2.413765117994788
2.413765117994788
2.413765117994788
2.413765117994788
2.413765117994788
2.413765117994788
2.413765117994788
2.413765117994788
2.413765117994788
2.413765117994788
2.413765117994788
2.413765117994788
2.413765117994788
2.413765117994788
2.413765117994788
2.413765117994788
2.413765117994788
2.413765117994788
2.413765117994788
2.413765117994788
2.413765117994788
2.413765117994788
2.413765117994788
2.413765117994788
2.413765117994788
2.413765117994788
2.413765117994788
2.413765117994788
2.413765117994788
2.413765117994788
2.413765117994788
2.413765117994788
2.413765117994788
2.413765117994788
2.413765117994788
2.413765117994788
2.413765117994788
2.413765117994788
2.413765117994788
2.413765117994788
2.413765117994788
2.413765117994788
2.413765117994788
2.413765117994788
2.413765117994788
2.413765117994788
2.413765117994788
2.413765117994788
2.413765117994788
2.413765117994788
2.413765117994788
2.413765117994788
2.413765117994788
2.413765117994788
2.413765117994788
2.413765117994788
2.413765117994788
2.413765117994788
2.413765117994788
2.413765117994788
2.413765117994788
2.413765117994788
2.413765117994788
2.413765117994788
2.413765117994788
2.413765117994788
2.413765117994788
2.413765117994788
2.413765117994788
2.413765117994788
2.413765117994788
2.413765117994788
2.413765117994788
2.413765117994788
2.413765117994788
2.413765117994788
2.413765117994788
2.413765117994788
2.413765117994788
2.413765117994788
2.413765117994788
2.413765117994788
2.413765117994788
2.413765117994788
2.413765117994788
2.413765117994788
2.413765117994788
2.413765117994788
2.413765117994788
2.413765117994788
2.413765117994788
2.413765117994788
2.413765117994788
2.413765117994788
2.413765117994788
2.413765117994788
2.413765117994788
2.413765117994788
2.413765117994788
2.413765117994788
2.413765117994788
2.413765117994788
2.413765117994788
2.413765117994788
2.413765117994788
2.413765117994788
2.413765117994788
2.413765117994788
2.413765117994788
2.413765117994788
2.413765117994788
2.413765117994788
2.413765117994788
2.413765117994788
2.413765117994788
2.413765117994788
2.413765117994788
2.413765117994788
2.413765117994788
2.413765117994788
2.413765117994788
2.413765117994788
2.4433757645341414
2.4433757645341414
2.4433757645341414
2.4433757645341414
2.4433757645341414
2.4433757645341414
2.4433757645341414
2.4433757645341414
2.4433757645341414
2.469556249225956
2.469556249225956
2.469556249225956
2.469556249225956
2.469556249225956
2.469556249225956
2.469556249225956
2.469556249225956
2.469556249225956
2.469556249225956
2.469556249225956
2.469556249225956
2.469556249225956
2.469556249225956
2.469556249225956
2.469556249225956
2.469556249225956
2.469556249225956
2.469556249225956
2.469556249225956
2.469556249225956
2.469556249225956
2.469556249225956
2.469556249225956
2.469556249225956
2.469556249225956
2.469556249225956
2.469556249225956
2.469556249225956
2.469556249225956
2.469556249225956
2.469556249225956
2.469556249225956
2.469556249225956
2.469556249225956
2.469556249225956
2.469556249225956
2.469556249225956
2.469556249225956
2.469556249225956
2.469556249225956
2.469556249225956
2.4784025040930078
2.4784025040930078
2.4784025040930078
2.4784025040930078
2.4784025040930078
2.4784025040930078
2.4784025040930078
2.4784025040930078
2.4784025040930078
2.4784025040930078
2.4784025040930078
2.4784025040930078
2.4784025040930078
2.4784025040930078
2.4784025040930078
2.4784025040930078
2.4784025040930078
2.4784025040930078
2.4784025040930078
2.4784025040930078
2.4784025040930078
2.4784025040930078
2.4784025040930078
2.4784025040930078
2.4784025040930078
2.4784025040930078
2.4784025040930078
2.4784025040930078
2.4784025040930078
2.4784025040930078
2.4784025040930078
2.4784025040930078
2.4784025040930078
2.4784025040930078
2.4784025040930078
2.4784025040930078
2.4784025040930078
2.4784025040930078
2.4784025040930078
2.4784025040930078
2.4784025040930078
2.4784025040930078
2.4784025040930078
2.4784025040930078
2.4784025040930078
2.4784025040930078
2.4784025040930078
2.4784025040930078
2.4784025040930078
2.4784025040930078
2.4784025040930078
2.4784025040930078
2.4784025040930078
2.4784025040930078
2.4784025040930078
2.4784025040930078
2.4784025040930078
2.4784025040930078
2.4784025040930078
2.4784025040930078
2.4784025040930078
2.4784025040930078
2.4784025040930078
2.4784025040930078
2.4784025040930078
2.4784025040930078
2.4784025040930078
2.4784025040930078
2.4784025040930078
2.4784025040930078
2.4784025040930078
2.4784025040930078
2.4784025040930078
2.4784025040930078
2.4784025040930078
2.4784025040930078
2.4784025040930078
2.4784025040930078
2.4784025040930078
2.4784025040930078
2.4784025040930078
2.4784025040930078
2.4784025040930078
2.4784025040930078
2.4784025040930078
2.4784025040930078
2.4784025040930078
2.4784025040930078
2.4784025040930078
2.4784025040930078
2.4784025040930078
2.4784025040930078
2.4784025040930078
2.4784025040930078
2.4784025040930078
2.4784025040930078
2.4784025040930078
2.4784025040930078
2.4784025040930078
2.4784025040930078
2.4784025040930078
2.4784025040930078
2.4784025040930078
2.4784025040930078
2.4784025040930078
2.4784025040930078
2.4784025040930078
2.4784025040930078
2.4784025040930078
2.4784025040930078
2.4784025040930078
2.4784025040930078
2.4784025040930078
2.4784025040930078
2.4784025040930078
2.4784025040930078
2.4784025040930078
2.4784025040930078
2.4784025040930078
2.4784025040930078
2.4784025040930078
2.4784025040930078
2.4784025040930078
2.4784025040930078
2.4784025040930078
2.4784025040930078
2.4784025040930078
2.4784025040930078
2.4784025040930078
2.4784025040930078
2.4784025040930078
2.4784025040930078
2.4784025040930078
2.4784025040930078
2.4784025040930078
2.4784025040930078
2.4784025040930078
2.4784025040930078
2.4784025040930078
2.4784025040930078
2.4784025040930078
2.4784025040930078
2.4784025040930078
2.4784025040930078
2.4784025040930078
2.4784025040930078
2.4784025040930078
2.4784025040930078
2.4784025040930078
2.4784025040930078
2.4784025040930078
2.4784025040930078
2.4784025040930078
2.4784025040930078
2.4784025040930078
2.4784025040930078
2.4784025040930078
2.4784025040930078
2.4784025040930078
2.4784025040930078
2.4784025040930078
2.4784025040930078
2.4784025040930078
2.4784025040930078
2.4784025040930078
2.4880959342023576
2.4880959342023576
2.4880959342023576
2.4880959342023576
2.4880959342023576
2.4880959342023576
2.4880959342023576
2.4880959342023576
2.4880959342023576
2.4880959342023576
2.4880959342023576
2.4880959342023576
2.4880959342023576
2.4880959342023576
2.4880959342023576
2.4880959342023576
2.4880959342023576
2.4880959342023576
2.4880959342023576
2.4880959342023576
2.5906815002860806
2.5906815002860806
2.5906815002860806
2.5906815002860806
2.5906815002860806
2.5906815002860806
2.5906815002860806
2.5906815002860806
2.5906815002860806
2.5906815002860806
2.5906815002860806
2.5906815002860806
2.5906815002860806
2.5906815002860806
2.5906815002860806
2.5906815002860806
2.5906815002860806
2.5906815002860806
2.5906815002860806
2.5906815002860806
2.5906815002860806
2.5906815002860806
2.5906815002860806
2.5906815002860806
2.5906815002860806
2.5906815002860806
2.5906815002860806
2.5906815002860806
2.5906815002860806
2.5906815002860806
2.5906815002860806
2.5906815002860806
2.5906815002860806
2.5906815002860806
2.5906815002860806
2.5906815002860806
2.5906815002860806
2.5906815002860806
2.5906815002860806
2.5906815002860806
2.5906815002860806
2.5906815002860806
2.5906815002860806
2.5906815002860806
2.5906815002860806
2.5906815002860806
2.5906815002860806
2.5906815002860806
2.5906815002860806
2.5906815002860806
2.5906815002860806
2.5906815002860806
2.5906815002860806
2.5906815002860806
2.5906815002860806
2.5906815002860806
2.5906815002860806
2.5906815002860806
2.5906815002860806
2.5906815002860806
2.5906815002860806
2.5906815002860806
2.5906815002860806
2.5906815002860806
2.5906815002860806
2.5906815002860806
2.5906815002860806
2.5906815002860806
2.5906815002860806
2.5906815002860806
2.5906815002860806
2.5906815002860806
2.5906815002860806
2.5906815002860806
2.5906815002860806
2.5906815002860806
2.5906815002860806
2.5906815002860806
2.5906815002860806
2.5906815002860806
2.5906815002860806
2.5906815002860806
2.5906815002860806
2.5906815002860806
2.5906815002860806
2.5906815002860806
2.5906815002860806
2.5906815002860806
2.5906815002860806
2.5906815002860806
2.5906815002860806
2.5906815002860806
2.5906815002860806
2.5906815002860806
2.5906815002860806
2.5906815002860806
2.5906815002860806
2.5906815002860806
2.5906815002860806
2.5906815002860806
2.5906815002860806
2.5906815002860806
2.5906815002860806
2.5906815002860806
2.5906815002860806
2.5906815002860806
2.5906815002860806
2.5906815002860806
2.5906815002860806
2.5906815002860806
2.5906815002860806
2.5906815002860806
2.5906815002860806
2.5906815002860806
2.5906815002860806
2.5906815002860806
2.5906815002860806
2.5906815002860806
2.5906815002860806
2.5906815002860806
2.5906815002860806
2.5906815002860806
2.5906815002860806
2.5906815002860806
2.5906815002860806
2.5906815002860806
2.5906815002860806
2.5906815002860806
2.5906815002860806
2.5906815002860806
2.5906815002860806
2.5906815002860806
2.5906815002860806
2.5906815002860806
2.5906815002860806
2.5906815002860806
2.5906815002860806
2.5906815002860806
2.5906815002860806
2.5906815002860806
2.5906815002860806
2.5906815002860806
2.5906815002860806
2.5906815002860806
2.5906815002860806
2.5906815002860806
2.5906815002860806
2.5906815002860806
2.5906815002860806
2.5906815002860806
2.5906815002860806
2.5906815002860806
2.5906815002860806
2.5906815002860806
2.5906815002860806
2.5906815002860806
2.5906815002860806
2.5906815002860806
2.5906815002860806
2.5906815002860806
2.5906815002860806
2.5906815002860806
2.5906815002860806
2.5906815002860806
2.5906815002860806
2.5906815002860806
2.5906815002860806
2.5906815002860806
2.5906815002860806
2.5906815002860806
2.5906815002860806
2.5906815002860806
2.61340265506867
2.61340265506867
2.61340265506867
2.61340265506867
2.61340265506867
2.61340265506867
2.61340265506867
2.61340265506867
2.61340265506867
2.61340265506867
2.61340265506867
2.61340265506867
2.61340265506867
2.61340265506867
2.61340265506867
2.61340265506867
2.61340265506867
2.61340265506867
2.61340265506867
2.61340265506867
2.61340265506867
2.61340265506867
2.61340265506867
2.61340265506867
2.61340265506867
2.61340265506867
2.61340265506867
2.61340265506867
2.61340265506867
2.61340265506867
2.61340265506867
2.61340265506867
2.61340265506867
2.61340265506867
2.61340265506867
2.61340265506867
2.61340265506867
2.61340265506867
2.61340265506867
2.61340265506867
2.61340265506867
2.61340265506867
2.61340265506867
2.61340265506867
2.61340265506867
2.61340265506867
2.61340265506867
2.61340265506867
2.61340265506867
2.61340265506867
2.61340265506867
2.61340265506867
2.61340265506867
2.61340265506867
2.61340265506867
2.61340265506867
2.61340265506867
2.61340265506867
2.61340265506867
2.61340265506867
2.61340265506867
2.61340265506867
2.61340265506867
2.61340265506867
2.61340265506867
2.61340265506867
2.61340265506867
2.61340265506867
2.61340265506867
2.61340265506867
2.61340265506867
2.61340265506867
2.61340265506867
2.61340265506867
2.61340265506867
2.61340265506867
2.61340265506867
2.61340265506867
2.61340265506867
2.61340265506867
2.61340265506867
2.61340265506867
2.61340265506867
2.61340265506867
2.61340265506867
2.61340265506867
2.61340265506867
2.61340265506867
2.61340265506867
2.61340265506867
2.61340265506867
2.61340265506867
2.61340265506867
2.61340265506867
2.61340265506867
2.61340265506867
2.61340265506867
2.61340265506867
2.61340265506867
2.61340265506867
2.61340265506867
2.61340265506867
2.61340265506867
2.61340265506867
2.61340265506867
2.61340265506867
2.61340265506867
2.61340265506867
2.61340265506867
2.61340265506867
2.61340265506867
2.61340265506867
2.61340265506867
2.61340265506867
2.61340265506867
2.61340265506867
2.61340265506867
2.61340265506867
2.61340265506867
2.61340265506867
2.61340265506867
2.61340265506867
2.61340265506867
2.61340265506867
2.61340265506867
2.61340265506867
2.61340265506867
2.61340265506867
2.61340265506867
2.61340265506867
2.61340265506867
2.61340265506867
2.61340265506867
2.61340265506867
2.61340265506867
2.61340265506867
2.61340265506867
2.61340265506867
2.61340265506867
2.61340265506867
2.61340265506867
2.61340265506867
2.61340265506867
2.61340265506867
2.61340265506867
2.61340265506867
2.61340265506867
2.61340265506867
2.61340265506867
2.61340265506867
2.61340265506867
2.61340265506867
2.61340265506867
2.61340265506867
2.61340265506867
2.61340265506867
2.61340265506867
2.61340265506867
2.61340265506867
2.61340265506867
2.61340265506867
2.61340265506867
2.61340265506867
2.61340265506867
2.61340265506867
2.61340265506867
2.61340265506867
2.61340265506867
2.61340265506867
2.61340265506867
2.61340265506867
2.61340265506867
2.61340265506867
2.61340265506867
2.61340265506867
2.61340265506867
2.61340265506867
2.61340265506867
2.61340265506867
2.61340265506867
2.61340265506867
2.61340265506867
2.61340265506867
2.61340265506867
2.61340265506867
2.61340265506867
2.61340265506867
2.61340265506867
2.61340265506867
2.61340265506867
2.61340265506867
2.61340265506867
2.61340265506867
2.61340265506867
2.61340265506867
2.61340265506867
2.61340265506867
2.61340265506867
2.61340265506867
2.61340265506867
2.61340265506867
2.61340265506867
2.61340265506867
2.61340265506867
2.61340265506867
2.61340265506867
2.61340265506867
2.61340265506867
2.61340265506867
2.61340265506867
2.61340265506867
2.61340265506867
2.61340265506867
2.61340265506867
2.61340265506867
2.61340265506867
2.61340265506867
2.61340265506867
2.61340265506867
2.61340265506867
2.61340265506867
2.61340265506867
2.61340265506867
2.61340265506867
2.61340265506867
2.61340265506867
2.61340265506867
2.61340265506867
2.61340265506867
2.61340265506867
2.61340265506867
2.61340265506867
2.61340265506867
2.61340265506867
2.61340265506867
2.61340265506867
2.61340265506867
2.61340265506867
2.61340265506867
2.61340265506867
2.61340265506867
2.61340265506867
2.61340265506867
2.61340265506867
2.61340265506867
2.61340265506867
2.61340265506867
2.61340265506867
2.61340265506867
2.61340265506867
2.61340265506867
2.61340265506867
2.61340265506867
2.61340265506867
2.61340265506867
2.61340265506867
2.61340265506867
2.61340265506867
2.61340265506867
2.61340265506867
2.61340265506867
2.61340265506867
2.61340265506867
2.61340265506867
2.61340265506867
2.61340265506867
2.61340265506867
2.61340265506867
2.61340265506867
2.61340265506867
2.61340265506867
2.61340265506867
2.61340265506867
2.61340265506867
2.61340265506867
2.61340265506867
2.61340265506867
2.61340265506867
2.61340265506867
2.61340265506867
2.61340265506867
2.61340265506867
2.61340265506867
2.61340265506867
2.61340265506867
2.61340265506867
2.61340265506867
2.61340265506867
2.61340265506867
2.61340265506867
2.61340265506867
2.61340265506867
2.61340265506867
2.61340265506867
2.61340265506867
2.61340265506867
2.61340265506867
2.61340265506867
2.61340265506867
2.61340265506867
2.61340265506867
2.61340265506867
2.61340265506867
2.61340265506867
2.61340265506867
2.61340265506867
2.61340265506867
2.61340265506867
2.61340265506867
2.61340265506867
2.61340265506867
2.61340265506867
2.61340265506867
2.61340265506867
2.61340265506867
2.61340265506867
2.61340265506867
2.61340265506867
2.61340265506867
2.61340265506867
2.61340265506867
2.61340265506867
2.61340265506867
2.61340265506867
2.61340265506867
2.61340265506867
2.61340265506867
2.61340265506867
2.61340265506867
2.61340265506867
2.61340265506867
2.61340265506867
2.61340265506867
2.61340265506867
2.61340265506867
2.61340265506867
2.61340265506867
2.61340265506867
2.61340265506867
2.61340265506867
2.61340265506867
2.61340265506867
2.61340265506867
2.61340265506867
2.61340265506867
2.61340265506867
2.61340265506867
2.61340265506867
2.61340265506867
2.61340265506867
2.61340265506867
2.61340265506867
2.61340265506867
2.61340265506867
2.61340265506867
2.61340265506867
2.61340265506867
2.61340265506867
2.61340265506867
2.61340265506867
2.61340265506867
2.61340265506867
2.61340265506867
2.61340265506867
2.61340265506867
2.61340265506867
2.61340265506867
2.61340265506867
2.61340265506867
2.61340265506867
2.61340265506867
2.61340265506867
2.61340265506867
2.61340265506867
2.61340265506867
2.61340265506867
2.61340265506867
2.61340265506867
2.61340265506867
2.61340265506867
2.61340265506867
2.61340265506867
2.61340265506867
2.61340265506867
2.61340265506867
2.61340265506867
2.61340265506867
2.61340265506867
2.61340265506867
2.61340265506867
2.61340265506867
2.61340265506867
2.61340265506867
2.61340265506867
2.61340265506867
2.61340265506867
2.61340265506867
2.61340265506867
2.61340265506867
2.61340265506867
2.61340265506867
2.61340265506867
2.61340265506867
2.61340265506867
2.61340265506867
2.61340265506867
2.61340265506867
2.61340265506867
2.61340265506867
2.61340265506867
2.61340265506867
2.61340265506867
2.61340265506867
2.61340265506867
2.61340265506867
2.61340265506867
2.61340265506867
2.61340265506867
2.61340265506867
2.61340265506867
2.61340265506867
2.61340265506867
2.61340265506867
2.61340265506867
2.61340265506867
2.61340265506867
2.61340265506867
2.61340265506867
2.61340265506867
2.61340265506867
2.61340265506867
2.61340265506867
2.61340265506867
2.61340265506867
2.61340265506867
2.61340265506867
2.61340265506867
2.61340265506867
2.61340265506867
2.61340265506867
2.61340265506867
2.61340265506867
2.61340265506867
2.61340265506867
2.61340265506867
2.61340265506867
2.61340265506867
2.61340265506867
2.61340265506867
2.61340265506867
2.61340265506867
2.61340265506867
2.61340265506867
2.61340265506867
2.61340265506867
2.61340265506867
2.61340265506867
2.61340265506867
2.61340265506867
2.61340265506867
2.61340265506867
2.61340265506867
2.61340265506867
2.61340265506867
2.61340265506867
2.61340265506867
2.61340265506867
2.61340265506867
2.61340265506867
2.61340265506867
2.61340265506867
2.61340265506867
2.61340265506867
2.61340265506867
2.61340265506867
2.61340265506867
2.61340265506867
2.61340265506867
2.61340265506867
2.61340265506867
2.61340265506867
2.61340265506867
2.61340265506867
2.61340265506867
2.61340265506867
2.61340265506867
2.61340265506867
2.61340265506867
2.61340265506867
2.61340265506867
2.61340265506867
2.61340265506867
2.61340265506867
2.61340265506867
2.61340265506867
2.61340265506867
2.61340265506867
2.61340265506867
2.61340265506867
2.61340265506867
2.61340265506867
2.61340265506867
2.61340265506867
2.61340265506867
2.61340265506867
2.61340265506867
2.61340265506867
2.61340265506867
2.61340265506867
2.61340265506867
2.61340265506867
2.61340265506867
2.61340265506867
2.61340265506867
2.61340265506867
2.61340265506867
2.61340265506867
2.61340265506867
2.61340265506867
2.61340265506867
2.61340265506867
2.61340265506867
2.61340265506867
2.61340265506867
2.61340265506867
2.61340265506867
2.61340265506867
2.61340265506867
2.61340265506867
2.61340265506867
2.61340265506867
2.61340265506867
2.61340265506867
2.61340265506867
2.61340265506867
2.61340265506867
2.61340265506867
2.61340265506867
2.61340265506867
2.61340265506867
2.61340265506867
2.61340265506867
2.61340265506867
2.61340265506867
2.61340265506867
2.61340265506867
2.61340265506867
2.61340265506867
2.61340265506867
2.61340265506867
2.61340265506867
2.61340265506867
2.61340265506867
2.61340265506867
2.61340265506867
2.61340265506867
2.61340265506867
2.61340265506867
2.61340265506867
2.61340265506867
2.61340265506867
2.61340265506867
2.61340265506867
2.61340265506867
2.61340265506867
2.61340265506867
2.61340265506867
2.61340265506867
2.61340265506867
2.61340265506867
2.61340265506867
2.61340265506867
2.61340265506867
2.61340265506867
2.61340265506867
2.61340265506867
2.61340265506867
2.61340265506867
2.61340265506867
2.61340265506867
2.61340265506867
2.61340265506867
2.61340265506867
2.61340265506867
2.61340265506867
2.61340265506867
2.61340265506867
2.61340265506867
2.61340265506867
2.61340265506867
2.61340265506867
2.61340265506867
2.61340265506867
2.61340265506867
2.61340265506867
2.61340265506867
2.61340265506867
2.61340265506867
2.61340265506867
2.61340265506867
2.61340265506867
2.61340265506867
2.61340265506867
2.61340265506867
2.61340265506867
2.61340265506867
2.61340265506867
2.61340265506867
2.61340265506867
2.61340265506867
2.61340265506867
2.61340265506867
2.61340265506867
2.61340265506867
2.61340265506867
2.61340265506867
2.61340265506867
2.61340265506867
2.61340265506867
2.61340265506867
2.61340265506867
2.61340265506867
2.61340265506867
2.61340265506867
2.61340265506867
2.61340265506867
2.61340265506867
2.61340265506867
2.61340265506867
2.61340265506867
2.61340265506867
2.61340265506867
2.61340265506867
2.61340265506867
2.61340265506867
2.61340265506867
2.61340265506867
2.61340265506867
2.61340265506867
2.61340265506867
2.61340265506867
2.61340265506867
2.61340265506867
2.61340265506867
2.61340265506867
2.61340265506867
2.61340265506867
2.61340265506867
2.61340265506867
2.61340265506867
2.61340265506867
2.61340265506867
2.61340265506867
2.61340265506867
2.61340265506867
2.61340265506867
2.61340265506867
2.61340265506867
2.61340265506867
2.61340265506867
2.61340265506867
2.61340265506867
2.61340265506867
2.61340265506867
2.61340265506867
2.61340265506867
2.61340265506867
2.61340265506867
2.61340265506867
2.61340265506867
2.61340265506867
2.61340265506867
2.61340265506867
2.61340265506867
2.61340265506867
2.61340265506867
2.61340265506867
2.61340265506867
2.61340265506867
2.61340265506867
2.61340265506867
2.61340265506867
2.61340265506867
2.61340265506867
2.61340265506867
2.61340265506867
2.61340265506867
2.61340265506867
2.6419327492835087
2.6419327492835087
2.6419327492835087
2.6419327492835087
2.6419327492835087
2.6419327492835087
2.6419327492835087
2.6419327492835087
2.6419327492835087
2.6419327492835087
2.6419327492835087
2.6419327492835087
2.6419327492835087
2.6419327492835087
2.6419327492835087
2.6419327492835087
2.6419327492835087
2.6419327492835087
2.6419327492835087
2.6419327492835087
2.6419327492835087
2.6419327492835087
2.6419327492835087
2.6419327492835087
2.6419327492835087
2.6419327492835087
2.6419327492835087
2.6419327492835087
2.6419327492835087
2.6419327492835087
2.6419327492835087
2.6419327492835087
2.6419327492835087
2.6419327492835087
2.6419327492835087
2.6419327492835087
2.6419327492835087
2.6419327492835087
2.6419327492835087
2.6419327492835087
2.6419327492835087
2.6419327492835087
2.6419327492835087
2.6419327492835087
2.6419327492835087
2.6419327492835087
2.6419327492835087
Score: 2.6419327492835087
Runtime: 640ms
