5.501468610634807E-6
5.501468610634807E-6
5.501468610634807E-6
3.742855318479404E-5
3.3875351164185856E-4
3.3875351164185856E-4
0.001325560868589472
0.001325560868589472
0.001325560868589472
0.001325560868589472
0.011506918526111897
0.011506918526111897
0.011506918526111897
0.050681838987912425
0.050681838987912425
0.10544513280958705
0.10544513280958705
0.10544513280958705
0.10544513280958705
0.10544513280958705
0.10544513280958705
0.10544513280958705
0.10544513280958705
0.10544513280958705
0.10544513280958705
0.10544513280958705
0.10544513280958705
0.10544513280958705
0.10544513280958705
0.14508352570959857
0.14508352570959857
0.14508352570959857
0.15308243356949092
0.22915254699369128
0.36737617946870793
1.0244685918858096
1.5856844221222854
1.5856844221222854
1.5856844221222854
1.5856844221222854
1.5856844221222854
1.5856844221222854
1.5856844221222854
1.5856844221222854
1.5856844221222854
1.5856844221222854
1.5856844221222854
1.5856844221222854
1.5856844221222854
1.5856844221222854
1.5856844221222854
1.5856844221222854
2.935925221827528
2.935925221827528
2.935925221827528
2.935925221827528
2.935925221827528
2.935925221827528
2.935925221827528
2.935925221827528
2.935925221827528
2.935925221827528
2.935925221827528
2.935925221827528
2.935925221827528
2.935925221827528
2.935925221827528
2.935925221827528
2.935925221827528
4.100146132040321
4.100146132040321
4.100146132040321
4.100146132040321
4.100146132040321
4.100146132040321
4.100146132040321
4.100146132040321
4.100146132040321
4.100146132040321
4.100146132040321
4.100146132040321
4.100146132040321
4.100146132040321
4.100146132040321
4.100146132040321
4.100146132040321
4.100146132040321
4.100146132040321
4.100146132040321
4.100146132040321
4.100146132040321
4.100146132040321
4.100146132040321
4.100146132040321
4.100146132040321
4.100146132040321
4.100146132040321
4.100146132040321
4.100146132040321
4.100146132040321
4.100146132040321
4.100146132040321
4.100146132040321
4.100146132040321
4.100146132040321
4.100146132040321
4.100146132040321
4.100146132040321
4.374295248591861
4.374295248591861
4.374295248591861
4.374295248591861
4.374295248591861
4.374295248591861
4.374295248591861
4.374295248591861
4.374295248591861
4.374295248591861
4.374295248591861
4.374295248591861
4.374295248591861
4.374295248591861
5.462686379829921
5.462686379829921
5.462686379829921
5.462686379829921
5.462686379829921
5.462686379829921
5.462686379829921
5.462686379829921
5.462686379829921
5.462686379829921
5.462686379829921
5.462686379829921
5.462686379829921
5.462686379829921
5.462686379829921
6.40409553889482
6.40409553889482
6.40409553889482
6.40409553889482
6.40409553889482
6.40409553889482
6.486004013640181
6.486004013640181
6.486004013640181
6.486004013640181
6.486004013640181
6.486004013640181
6.486004013640181
6.486004013640181
6.486004013640181
6.486004013640181
6.486004013640181
6.486004013640181
6.486004013640181
6.486004013640181
6.486004013640181
6.486004013640181
6.486004013640181
6.486004013640181
6.486004013640181
6.486004013640181
6.486004013640181
6.486004013640181
6.486004013640181
6.486004013640181
6.486004013640181
6.486004013640181
6.486004013640181
6.486004013640181
6.486004013640181
6.486004013640181
6.486004013640181
6.486004013640181
6.486004013640181
6.486004013640181
6.486004013640181
6.486004013640181
6.486004013640181
6.486004013640181
6.486004013640181
6.486004013640181
6.486004013640181
6.486004013640181
6.486004013640181
6.6735346969216245
6.6735346969216245
6.6735346969216245
6.6735346969216245
6.6735346969216245
6.6735346969216245
6.6735346969216245
6.6735346969216245
6.6735346969216245
6.6735346969216245
6.6735346969216245
6.6735346969216245
6.6735346969216245
6.704964382752211
6.704964382752211
6.704964382752211
6.704964382752211
6.704964382752211
6.704964382752211
6.704964382752211
6.704964382752211
6.704964382752211
6.704964382752211
6.704964382752211
6.704964382752211
6.704964382752211
6.704964382752211
6.704964382752211
6.704964382752211
6.704964382752211
6.704964382752211
6.704964382752211
6.704964382752211
6.704964382752211
6.704964382752211
6.704964382752211
6.704964382752211
6.704964382752211
6.704964382752211
6.704964382752211
7.048254721893699
7.048254721893699
7.048254721893699
7.048254721893699
7.048254721893699
7.048254721893699
7.048254721893699
7.048254721893699
7.048254721893699
7.048254721893699
7.048254721893699
7.048254721893699
7.048254721893699
7.048254721893699
7.123433260333536
7.123433260333536
7.123433260333536
7.123433260333536
7.123433260333536
7.123433260333536
7.123433260333536
7.123433260333536
7.123433260333536
7.123433260333536
7.123433260333536
7.123433260333536
7.123433260333536
7.123433260333536
7.123433260333536
7.123433260333536
7.123433260333536
7.123433260333536
7.123433260333536
7.123433260333536
7.123433260333536
7.123433260333536
7.123433260333536
7.123433260333536
7.123433260333536
7.123433260333536
7.123433260333536
7.123433260333536
7.123433260333536
7.123433260333536
7.123433260333536
7.123433260333536
7.123433260333536
7.123433260333536
7.123433260333536
7.123433260333536
7.393478838388385
7.393478838388385
7.393478838388385
7.393478838388385
7.393478838388385
7.393478838388385
7.393478838388385
7.393478838388385
7.393478838388385
7.393478838388385
7.477195767069592
7.477195767069592
7.477195767069592
7.477195767069592
7.477195767069592
7.477195767069592
7.477195767069592
7.477195767069592
7.477195767069592
7.477195767069592
7.477195767069592
7.477195767069592
7.477195767069592
7.477195767069592
7.477195767069592
7.477195767069592
7.477195767069592
7.477195767069592
7.477195767069592
7.477195767069592
7.477195767069592
7.477195767069592
7.477195767069592
7.477195767069592
7.477195767069592
7.477195767069592
7.911768620529671
7.911768620529671
7.911768620529671
7.911768620529671
7.911768620529671
7.911768620529671
7.911768620529671
7.911768620529671
7.911768620529671
7.911768620529671
7.911768620529671
7.911768620529671
7.911768620529671
8.11195897664134
8.11195897664134
8.11195897664134
8.11195897664134
8.11195897664134
8.11195897664134
8.11195897664134
8.11195897664134
8.11195897664134
8.11195897664134
8.11195897664134
8.11195897664134
8.11195897664134
8.11195897664134
8.11195897664134
8.11195897664134
8.11195897664134
8.11195897664134
8.11195897664134
8.11195897664134
8.11195897664134
8.11195897664134
8.11195897664134
8.11195897664134
8.11195897664134
8.11195897664134
8.11195897664134
8.11195897664134
8.11195897664134
8.11195897664134
8.11195897664134
8.11195897664134
8.11195897664134
8.11195897664134
8.11195897664134
8.11195897664134
8.11195897664134
8.11195897664134
8.11195897664134
8.11195897664134
8.11195897664134
8.11195897664134
8.11195897664134
8.11195897664134
8.11195897664134
8.11195897664134
8.11195897664134
8.11195897664134
8.11195897664134
8.11195897664134
8.11195897664134
8.11195897664134
8.11195897664134
8.11195897664134
8.11195897664134
8.11195897664134
8.11195897664134
8.11195897664134
8.11195897664134
8.11195897664134
8.11195897664134
8.11195897664134
8.11195897664134
8.11195897664134
8.11195897664134
8.14480682403217
8.14480682403217
8.14480682403217
8.14480682403217
8.14480682403217
8.14480682403217
8.14480682403217
8.14480682403217
8.14480682403217
8.14480682403217
8.14480682403217
8.14480682403217
8.14480682403217
8.14480682403217
8.14480682403217
8.14480682403217
8.14480682403217
8.14480682403217
8.14480682403217
8.14480682403217
8.14480682403217
8.14480682403217
8.14480682403217
8.14480682403217
8.14480682403217
8.14480682403217
8.14480682403217
8.14480682403217
8.14480682403217
8.14480682403217
8.14480682403217
8.14480682403217
8.14480682403217
8.14480682403217
8.14480682403217
8.14480682403217
8.14480682403217
8.14480682403217
8.14480682403217
8.14480682403217
8.154617933451938
8.154617933451938
8.154617933451938
8.154617933451938
8.154617933451938
8.154617933451938
8.154617933451938
8.154617933451938
8.154617933451938
8.154617933451938
8.154617933451938
8.154617933451938
8.154617933451938
8.154617933451938
8.154617933451938
8.154617933451938
8.154617933451938
8.154617933451938
8.154617933451938
8.154617933451938
8.154617933451938
8.154617933451938
8.154617933451938
8.154617933451938
8.154617933451938
8.154617933451938
8.154617933451938
8.154617933451938
8.154617933451938
8.154617933451938
8.154617933451938
8.154617933451938
8.154617933451938
8.154617933451938
8.154617933451938
8.154617933451938
8.171321371002213
8.171321371002213
8.171321371002213
8.171321371002213
8.171321371002213
8.171321371002213
8.171321371002213
8.171321371002213
8.20097021547409
8.20097021547409
8.20097021547409
8.327785320194918
8.327785320194918
8.327785320194918
8.327785320194918
8.327785320194918
8.327785320194918
8.327785320194918
8.327785320194918
8.327785320194918
8.327785320194918
8.327785320194918
8.327785320194918
8.327785320194918
8.327785320194918
8.327785320194918
8.327785320194918
8.327785320194918
8.327785320194918
8.327785320194918
8.327785320194918
8.327785320194918
8.356272667377663
8.356272667377663
8.356272667377663
8.356272667377663
8.356272667377663
8.356272667377663
8.356272667377663
8.356272667377663
8.356272667377663
8.356272667377663
8.356272667377663
8.356272667377663
8.356272667377663
8.356272667377663
8.356272667377663
8.356272667377663
8.356272667377663
8.356272667377663
8.356272667377663
8.356272667377663
8.356272667377663
8.356272667377663
8.356272667377663
8.356272667377663
8.356272667377663
8.356272667377663
8.356272667377663
8.356272667377663
8.356272667377663
8.356272667377663
8.356272667377663
8.404271546911326
8.404271546911326
8.404271546911326
8.404271546911326
8.404271546911326
8.404271546911326
8.404271546911326
8.404271546911326
8.404271546911326
8.404271546911326
8.404271546911326
8.404271546911326
8.404271546911326
8.404271546911326
8.404271546911326
8.404271546911326
8.404271546911326
8.404271546911326
8.404271546911326
8.404271546911326
8.404271546911326
8.404271546911326
8.404271546911326
8.425792350162986
8.425792350162986
8.425792350162986
8.425792350162986
8.425792350162986
8.425792350162986
8.425792350162986
8.425792350162986
8.425792350162986
8.425792350162986
8.425792350162986
8.425792350162986
8.425792350162986
8.425792350162986
8.425792350162986
8.425792350162986
8.425792350162986
8.425792350162986
8.425792350162986
8.425792350162986
8.425792350162986
8.425792350162986
8.425792350162986
8.425792350162986
8.425792350162986
8.473677322959414
8.473677322959414
8.473677322959414
8.473677322959414
8.473677322959414
8.473677322959414
8.473677322959414
8.473677322959414
8.473677322959414
8.473677322959414
8.473677322959414
8.501198293025764
8.501198293025764
8.501198293025764
8.501198293025764
8.501198293025764
8.501198293025764
8.501198293025764
8.501198293025764
8.501198293025764
8.501198293025764
8.501198293025764
8.501198293025764
8.501198293025764
8.533676171472443
8.533676171472443
8.533676171472443
8.533676171472443
8.533676171472443
8.533676171472443
8.533676171472443
8.533676171472443
8.533676171472443
8.533676171472443
8.533676171472443
8.533676171472443
8.533676171472443
8.533676171472443
8.533676171472443
8.533676171472443
8.533676171472443
8.533676171472443
8.533676171472443
8.533676171472443
8.533676171472443
8.533676171472443
8.533676171472443
8.533676171472443
8.533676171472443
8.533676171472443
8.533676171472443
8.533676171472443
8.533676171472443
8.533676171472443
8.533676171472443
8.533676171472443
8.533676171472443
8.533676171472443
8.533676171472443
8.533676171472443
8.533676171472443
8.533676171472443
8.533676171472443
8.533676171472443
8.533676171472443
8.533676171472443
8.533676171472443
8.533676171472443
8.533676171472443
8.533676171472443
8.533676171472443
8.533676171472443
8.533676171472443
8.533676171472443
8.533676171472443
8.533676171472443
8.533676171472443
8.533676171472443
8.533676171472443
8.533676171472443
8.533676171472443
8.533676171472443
8.533676171472443
8.533676171472443
8.533676171472443
8.533676171472443
8.533676171472443
8.533676171472443
8.533676171472443
8.533676171472443
8.561976211707542
8.561976211707542
8.561976211707542
8.561976211707542
8.561976211707542
8.561976211707542
8.561976211707542
8.561976211707542
8.561976211707542
8.561976211707542
8.561976211707542
8.561976211707542
8.561976211707542
8.561976211707542
8.561976211707542
8.561976211707542
8.561976211707542
8.561976211707542
8.561976211707542
8.561976211707542
8.561976211707542
8.561976211707542
8.561976211707542
8.561976211707542
8.561976211707542
8.561976211707542
8.561976211707542
8.561976211707542
8.561976211707542
8.561976211707542
8.561976211707542
8.561976211707542
8.561976211707542
8.561976211707542
8.561976211707542
8.561976211707542
8.561976211707542
8.561976211707542
8.561976211707542
8.561976211707542
8.561976211707542
8.561976211707542
8.561976211707542
8.561976211707542
8.561976211707542
8.561976211707542
8.561976211707542
8.561976211707542
8.561976211707542
8.561976211707542
8.561976211707542
8.561976211707542
8.561976211707542
8.561976211707542
8.561976211707542
8.561976211707542
8.561976211707542
8.561976211707542
8.561976211707542
8.561976211707542
8.561976211707542
8.561976211707542
8.561976211707542
8.561976211707542
8.561976211707542
8.561976211707542
8.561976211707542
8.561976211707542
8.561976211707542
8.561976211707542
8.561976211707542
8.561976211707542
8.561976211707542
8.561976211707542
8.561976211707542
8.561976211707542
8.561976211707542
8.561976211707542
8.561976211707542
8.561976211707542
8.561976211707542
8.561976211707542
8.561976211707542
8.561976211707542
8.561976211707542
8.561976211707542
8.561976211707542
8.561976211707542
8.561976211707542
8.561976211707542
8.561976211707542
8.561976211707542
8.561976211707542
8.561976211707542
8.561976211707542
8.561976211707542
8.561976211707542
8.561976211707542
8.561976211707542
8.561976211707542
8.561976211707542
8.561976211707542
8.561976211707542
8.561976211707542
8.561976211707542
8.561976211707542
8.561976211707542
8.561976211707542
8.561976211707542
8.561976211707542
8.561976211707542
8.561976211707542
8.561976211707542
8.561976211707542
8.561976211707542
8.561976211707542
8.580723296103951
8.580723296103951
8.580723296103951
8.580723296103951
8.580723296103951
8.580723296103951
8.580723296103951
8.580723296103951
8.580723296103951
8.580723296103951
8.580723296103951
8.580723296103951
8.580723296103951
8.580723296103951
8.580723296103951
8.580723296103951
8.580723296103951
8.580723296103951
8.580723296103951
8.580723296103951
8.580723296103951
8.580723296103951
8.580723296103951
8.580723296103951
8.580723296103951
8.624970738503494
8.624970738503494
8.624970738503494
8.624970738503494
8.624970738503494
8.624970738503494
8.624970738503494
8.624970738503494
8.624970738503494
8.624970738503494
8.624970738503494
8.624970738503494
8.624970738503494
8.624970738503494
8.624970738503494
8.624970738503494
8.624970738503494
8.624970738503494
8.624970738503494
8.624970738503494
8.624970738503494
8.624970738503494
8.624970738503494
8.624970738503494
8.624970738503494
8.624970738503494
8.624970738503494
8.624970738503494
8.624970738503494
8.624970738503494
8.624970738503494
8.624970738503494
8.624970738503494
8.624970738503494
8.624970738503494
8.624970738503494
8.624970738503494
8.624970738503494
8.624970738503494
8.624970738503494
8.624970738503494
8.624970738503494
8.624970738503494
8.624970738503494
8.624970738503494
8.624970738503494
8.624970738503494
8.624970738503494
8.624970738503494
8.624970738503494
8.624970738503494
8.624970738503494
8.624970738503494
8.624970738503494
8.624970738503494
8.624970738503494
8.624970738503494
8.624970738503494
8.624970738503494
8.624970738503494
8.624970738503494
8.624970738503494
8.624970738503494
8.624970738503494
8.624970738503494
8.624970738503494
8.624970738503494
8.624970738503494
8.624970738503494
8.624970738503494
8.624970738503494
8.624970738503494
8.624970738503494
8.624970738503494
8.624970738503494
8.624970738503494
8.624970738503494
8.624970738503494
8.624970738503494
8.624970738503494
8.624970738503494
8.624970738503494
8.624970738503494
8.624970738503494
8.624970738503494
8.624970738503494
8.624970738503494
8.624970738503494
8.624970738503494
8.624970738503494
8.624970738503494
8.624970738503494
8.624970738503494
8.624970738503494
8.624970738503494
8.624970738503494
8.624970738503494
8.624970738503494
8.624970738503494
8.624970738503494
8.624970738503494
8.624970738503494
8.624970738503494
8.624970738503494
8.624970738503494
8.624970738503494
8.624970738503494
8.624970738503494
8.624970738503494
8.624970738503494
8.624970738503494
8.624970738503494
8.624970738503494
8.624970738503494
8.624970738503494
8.624970738503494
8.624970738503494
8.624970738503494
8.624970738503494
8.624970738503494
8.624970738503494
8.624970738503494
8.624970738503494
8.624970738503494
8.624970738503494
8.624970738503494
8.624970738503494
8.624970738503494
8.624970738503494
8.624970738503494
8.624970738503494
8.624970738503494
8.624970738503494
8.624970738503494
8.624970738503494
8.624970738503494
8.624970738503494
8.624970738503494
8.624970738503494
8.624970738503494
8.624970738503494
8.624970738503494
8.624970738503494
8.624970738503494
8.624970738503494
8.624970738503494
8.624970738503494
8.624970738503494
8.624970738503494
8.624970738503494
8.624970738503494
8.624970738503494
8.624970738503494
8.624970738503494
8.624970738503494
8.624970738503494
8.624970738503494
8.624970738503494
8.624970738503494
8.624970738503494
8.624970738503494
8.624970738503494
8.624970738503494
8.624970738503494
8.624970738503494
8.624970738503494
8.624970738503494
8.624970738503494
8.624970738503494
8.624970738503494
8.624970738503494
8.624970738503494
8.624970738503494
8.624970738503494
8.624970738503494
8.624970738503494
8.624970738503494
8.624970738503494
8.624970738503494
8.624970738503494
8.624970738503494
8.624970738503494
8.624970738503494
8.624970738503494
8.624970738503494
8.624970738503494
8.624970738503494
8.624970738503494
8.624970738503494
8.624970738503494
8.624970738503494
8.624970738503494
8.624970738503494
8.624970738503494
8.624970738503494
8.624970738503494
8.624970738503494
8.624970738503494
8.624970738503494
8.624970738503494
8.624970738503494
8.624970738503494
8.624970738503494
8.624970738503494
8.624970738503494
8.624970738503494
8.624970738503494
8.624970738503494
8.624970738503494
8.624970738503494
8.624970738503494
8.624970738503494
8.624970738503494
8.624970738503494
8.624970738503494
8.624970738503494
8.624970738503494
8.624970738503494
8.624970738503494
8.624970738503494
8.624970738503494
8.624970738503494
8.624970738503494
8.624970738503494
8.624970738503494
8.624970738503494
8.624970738503494
8.624970738503494
8.624970738503494
8.624970738503494
8.624970738503494
8.624970738503494
8.624970738503494
8.624970738503494
8.624970738503494
8.624970738503494
8.624970738503494
8.624970738503494
8.624970738503494
8.624970738503494
8.624970738503494
8.624970738503494
8.624970738503494
8.624970738503494
8.624970738503494
8.624970738503494
8.624970738503494
8.624970738503494
8.624970738503494
8.624970738503494
8.624970738503494
8.624970738503494
8.624970738503494
8.624970738503494
8.624970738503494
8.624970738503494
8.624970738503494
8.624970738503494
8.624970738503494
8.624970738503494
8.624970738503494
8.624970738503494
8.624970738503494
8.624970738503494
8.624970738503494
8.624970738503494
8.624970738503494
8.624970738503494
8.624970738503494
8.624970738503494
8.624970738503494
8.624970738503494
8.624970738503494
8.624970738503494
8.624970738503494
8.624970738503494
8.624970738503494
8.624970738503494
8.624970738503494
8.624970738503494
8.624970738503494
8.624970738503494
8.624970738503494
8.624970738503494
8.624970738503494
8.624970738503494
8.624970738503494
8.624970738503494
8.624970738503494
8.624970738503494
8.624970738503494
8.624970738503494
8.624970738503494
8.624970738503494
8.624970738503494
8.624970738503494
8.624970738503494
8.624970738503494
8.624970738503494
8.624970738503494
8.624970738503494
8.624970738503494
8.624970738503494
8.624970738503494
8.624970738503494
8.624970738503494
8.624970738503494
8.624970738503494
8.624970738503494
8.624970738503494
8.624970738503494
8.624970738503494
8.624970738503494
8.624970738503494
8.624970738503494
8.624970738503494
8.624970738503494
8.624970738503494
8.624970738503494
8.624970738503494
8.624970738503494
8.624970738503494
8.624970738503494
8.624970738503494
8.624970738503494
8.624970738503494
8.624970738503494
8.624970738503494
8.624970738503494
8.624970738503494
8.624970738503494
8.624970738503494
8.624970738503494
8.624970738503494
8.624970738503494
8.624970738503494
8.624970738503494
8.624970738503494
8.624970738503494
8.624970738503494
8.624970738503494
8.624970738503494
8.624970738503494
8.624970738503494
8.624970738503494
8.624970738503494
8.624970738503494
8.624970738503494
8.624970738503494
8.624970738503494
8.624970738503494
8.624970738503494
8.624970738503494
8.624970738503494
8.624970738503494
8.624970738503494
8.624970738503494
8.624970738503494
8.624970738503494
8.624970738503494
8.624970738503494
8.624970738503494
8.624970738503494
8.624970738503494
8.624970738503494
8.624970738503494
8.624970738503494
8.624970738503494
8.624970738503494
8.624970738503494
8.624970738503494
8.624970738503494
8.624970738503494
8.624970738503494
8.624970738503494
8.624970738503494
8.624970738503494
8.624970738503494
8.624970738503494
8.624970738503494
8.624970738503494
8.624970738503494
8.624970738503494
8.624970738503494
8.624970738503494
8.624970738503494
8.624970738503494
8.624970738503494
8.624970738503494
8.624970738503494
8.624970738503494
8.624970738503494
8.624970738503494
8.624970738503494
8.624970738503494
8.624970738503494
8.624970738503494
8.624970738503494
8.624970738503494
8.624970738503494
8.624970738503494
8.624970738503494
8.624970738503494
8.624970738503494
8.624970738503494
8.624970738503494
8.624970738503494
8.624970738503494
8.624970738503494
8.624970738503494
8.624970738503494
8.624970738503494
8.624970738503494
8.624970738503494
8.624970738503494
8.624970738503494
8.624970738503494
8.624970738503494
8.624970738503494
8.624970738503494
8.624970738503494
8.624970738503494
8.624970738503494
8.624970738503494
8.624970738503494
8.624970738503494
8.624970738503494
8.624970738503494
8.624970738503494
8.624970738503494
8.624970738503494
8.624970738503494
8.624970738503494
8.624970738503494
8.624970738503494
8.624970738503494
8.624970738503494
8.624970738503494
8.624970738503494
8.624970738503494
8.624970738503494
8.624970738503494
8.624970738503494
8.624970738503494
8.624970738503494
8.624970738503494
8.624970738503494
8.624970738503494
8.624970738503494
8.624970738503494
8.624970738503494
8.624970738503494
8.624970738503494
8.624970738503494
8.624970738503494
8.624970738503494
8.624970738503494
8.624970738503494
8.624970738503494
8.624970738503494
8.624970738503494
8.624970738503494
8.624970738503494
8.624970738503494
8.624970738503494
8.624970738503494
8.624970738503494
8.624970738503494
8.624970738503494
8.624970738503494
8.624970738503494
8.624970738503494
8.624970738503494
8.624970738503494
8.624970738503494
8.624970738503494
8.624970738503494
8.624970738503494
8.624970738503494
8.624970738503494
8.624970738503494
8.624970738503494
8.624970738503494
8.624970738503494
8.624970738503494
8.624970738503494
8.624970738503494
8.624970738503494
8.624970738503494
8.624970738503494
8.624970738503494
8.624970738503494
8.624970738503494
8.624970738503494
8.624970738503494
8.624970738503494
8.624970738503494
8.624970738503494
8.624970738503494
8.624970738503494
8.624970738503494
8.624970738503494
8.624970738503494
8.624970738503494
8.624970738503494
8.624970738503494
8.624970738503494
8.624970738503494
8.624970738503494
8.624970738503494
8.624970738503494
8.624970738503494
8.624970738503494
8.624970738503494
8.624970738503494
8.624970738503494
8.624970738503494
8.624970738503494
8.624970738503494
8.624970738503494
8.624970738503494
8.624970738503494
8.624970738503494
8.624970738503494
8.624970738503494
8.624970738503494
8.624970738503494
8.624970738503494
8.624970738503494
8.624970738503494
8.624970738503494
8.624970738503494
8.624970738503494
8.624970738503494
8.624970738503494
8.624970738503494
8.624970738503494
8.624970738503494
8.624970738503494
8.624970738503494
8.624970738503494
8.624970738503494
8.624970738503494
8.624970738503494
8.624970738503494
8.624970738503494
8.624970738503494
8.624970738503494
8.624970738503494
8.624970738503494
8.624970738503494
8.624970738503494
8.624970738503494
8.624970738503494
8.624970738503494
8.624970738503494
8.624970738503494
8.624970738503494
8.624970738503494
8.624970738503494
8.624970738503494
8.624970738503494
8.624970738503494
8.624970738503494
8.624970738503494
8.624970738503494
8.624970738503494
8.624970738503494
8.624970738503494
8.624970738503494
8.624970738503494
8.624970738503494
8.624970738503494
8.624970738503494
8.624970738503494
8.624970738503494
8.624970738503494
8.624970738503494
8.624970738503494
8.624970738503494
8.624970738503494
8.624970738503494
8.624970738503494
8.624970738503494
8.624970738503494
8.624970738503494
8.624970738503494
8.624970738503494
8.624970738503494
8.624970738503494
8.624970738503494
8.624970738503494
8.624970738503494
8.624970738503494
8.624970738503494
8.624970738503494
8.624970738503494
8.624970738503494
8.624970738503494
8.624970738503494
8.624970738503494
8.624970738503494
8.624970738503494
8.624970738503494
8.624970738503494
8.624970738503494
8.624970738503494
8.624970738503494
8.624970738503494
8.624970738503494
8.624970738503494
8.624970738503494
8.624970738503494
8.624970738503494
8.624970738503494
8.624970738503494
8.624970738503494
8.624970738503494
8.624970738503494
8.624970738503494
8.624970738503494
8.624970738503494
8.624970738503494
8.624970738503494
8.624970738503494
8.624970738503494
8.624970738503494
8.624970738503494
8.624970738503494
8.624970738503494
8.624970738503494
8.624970738503494
8.624970738503494
8.624970738503494
8.624970738503494
8.624970738503494
8.624970738503494
8.624970738503494
8.624970738503494
8.624970738503494
8.624970738503494
8.624970738503494
8.624970738503494
8.624970738503494
8.624970738503494
8.624970738503494
8.624970738503494
8.624970738503494
8.624970738503494
8.624970738503494
8.624970738503494
8.624970738503494
8.624970738503494
8.624970738503494
8.624970738503494
8.624970738503494
8.624970738503494
8.624970738503494
8.624970738503494
8.624970738503494
8.624970738503494
8.624970738503494
8.624970738503494
8.624970738503494
8.624970738503494
8.624970738503494
8.624970738503494
8.624970738503494
8.624970738503494
8.624970738503494
8.624970738503494
8.624970738503494
8.624970738503494
8.624970738503494
8.624970738503494
8.624970738503494
8.624970738503494
8.624970738503494
8.624970738503494
8.624970738503494
8.624970738503494
8.624970738503494
8.624970738503494
8.624970738503494
8.624970738503494
8.624970738503494
8.624970738503494
8.624970738503494
8.624970738503494
8.624970738503494
8.624970738503494
8.624970738503494
8.624970738503494
8.624970738503494
8.624970738503494
8.624970738503494
8.624970738503494
8.624970738503494
8.624970738503494
8.624970738503494
8.624970738503494
8.624970738503494
8.624970738503494
8.624970738503494
8.624970738503494
8.624970738503494
8.624970738503494
8.624970738503494
8.624970738503494
8.624970738503494
8.624970738503494
8.624970738503494
8.624970738503494
8.624970738503494
8.624970738503494
8.624970738503494
8.624970738503494
8.624970738503494
8.624970738503494
8.624970738503494
8.624970738503494
8.624970738503494
8.624970738503494
8.624970738503494
8.624970738503494
8.624970738503494
8.624970738503494
8.624970738503494
8.624970738503494
8.624970738503494
8.624970738503494
8.624970738503494
8.624970738503494
8.624970738503494
8.624970738503494
8.624970738503494
8.624970738503494
8.624970738503494
8.624970738503494
8.624970738503494
8.624970738503494
8.624970738503494
8.624970738503494
8.624970738503494
8.624970738503494
8.624970738503494
8.624970738503494
8.624970738503494
8.624970738503494
8.624970738503494
8.624970738503494
8.624970738503494
8.624970738503494
8.624970738503494
8.624970738503494
8.624970738503494
8.624970738503494
8.624970738503494
8.624970738503494
8.624970738503494
8.624970738503494
8.624970738503494
8.624970738503494
8.624970738503494
8.624970738503494
8.624970738503494
8.624970738503494
8.624970738503494
8.624970738503494
8.624970738503494
8.624970738503494
8.624970738503494
8.624970738503494
8.624970738503494
8.624970738503494
8.624970738503494
8.624970738503494
8.624970738503494
8.624970738503494
8.624970738503494
8.624970738503494
8.624970738503494
8.624970738503494
8.624970738503494
8.624970738503494
8.624970738503494
8.624970738503494
8.624970738503494
8.624970738503494
8.624970738503494
8.624970738503494
8.624970738503494
8.624970738503494
8.624970738503494
8.624970738503494
8.624970738503494
8.624970738503494
8.624970738503494
8.624970738503494
8.624970738503494
8.624970738503494
8.624970738503494
8.624970738503494
8.624970738503494
8.624970738503494
8.624970738503494
8.624970738503494
8.624970738503494
8.624970738503494
8.624970738503494
8.624970738503494
8.624970738503494
8.624970738503494
8.624970738503494
8.624970738503494
8.624970738503494
8.624970738503494
8.624970738503494
8.624970738503494
8.624970738503494
8.624970738503494
8.624970738503494
8.624970738503494
8.624970738503494
8.624970738503494
8.624970738503494
8.624970738503494
8.624970738503494
8.624970738503494
8.624970738503494
8.624970738503494
8.624970738503494
8.624970738503494
8.624970738503494
8.624970738503494
8.624970738503494
8.624970738503494
8.624970738503494
8.624970738503494
8.624970738503494
8.624970738503494
8.624970738503494
8.624970738503494
8.624970738503494
8.624970738503494
8.624970738503494
8.624970738503494
8.624970738503494
8.624970738503494
8.624970738503494
8.624970738503494
8.624970738503494
8.624970738503494
8.624970738503494
8.624970738503494
8.624970738503494
8.624970738503494
8.624970738503494
8.624970738503494
8.624970738503494
8.624970738503494
8.624970738503494
8.624970738503494
8.624970738503494
8.624970738503494
8.624970738503494
8.624970738503494
8.624970738503494
8.624970738503494
8.624970738503494
8.624970738503494
8.624970738503494
8.624970738503494
8.624970738503494
8.624970738503494
8.624970738503494
8.624970738503494
8.624970738503494
8.624970738503494
8.624970738503494
8.624970738503494
8.624970738503494
8.624970738503494
8.624970738503494
8.624970738503494
8.624970738503494
8.624970738503494
8.624970738503494
8.624970738503494
8.624970738503494
8.624970738503494
8.624970738503494
8.624970738503494
8.624970738503494
8.624970738503494
8.624970738503494
8.624970738503494
8.624970738503494
8.624970738503494
8.624970738503494
8.624970738503494
8.624970738503494
8.624970738503494
8.624970738503494
8.624970738503494
8.624970738503494
8.624970738503494
8.624970738503494
8.624970738503494
8.624970738503494
8.624970738503494
8.624970738503494
8.624970738503494
8.624970738503494
8.624970738503494
8.624970738503494
8.624970738503494
8.624970738503494
8.624970738503494
8.624970738503494
8.624970738503494
8.624970738503494
8.624970738503494
8.624970738503494
8.624970738503494
8.624970738503494
8.624970738503494
8.624970738503494
8.624970738503494
8.624970738503494
8.624970738503494
8.624970738503494
8.624970738503494
8.624970738503494
8.624970738503494
8.624970738503494
8.624970738503494
8.624970738503494
8.624970738503494
8.624970738503494
8.69440776756668
8.69440776756668
8.69440776756668
8.69440776756668
8.69440776756668
8.69440776756668
8.69440776756668
8.69440776756668
8.69440776756668
8.69440776756668
8.69440776756668
8.69440776756668
8.69440776756668
8.69440776756668
8.69440776756668
8.69440776756668
8.69440776756668
8.69440776756668
8.69440776756668
8.69440776756668
8.69440776756668
8.69440776756668
8.69440776756668
8.69440776756668
8.69440776756668
8.69440776756668
8.69440776756668
8.69440776756668
8.69440776756668
8.69440776756668
8.69440776756668
8.69440776756668
8.69440776756668
8.69440776756668
8.69440776756668
8.69440776756668
8.69440776756668
8.69440776756668
8.69440776756668
8.69440776756668
8.69440776756668
8.69440776756668
8.69440776756668
8.69440776756668
8.69440776756668
8.69440776756668
8.69440776756668
8.69440776756668
8.69440776756668
8.69440776756668
8.69440776756668
8.69440776756668
8.69440776756668
8.69440776756668
8.69440776756668
8.69440776756668
8.69440776756668
8.69440776756668
8.69440776756668
8.69440776756668
8.69440776756668
8.69440776756668
8.69440776756668
8.69440776756668
8.69440776756668
8.69440776756668
8.69440776756668
8.69440776756668
8.69440776756668
8.69440776756668
8.69440776756668
8.69440776756668
8.69440776756668
8.69440776756668
8.69440776756668
8.69440776756668
8.69440776756668
8.69440776756668
8.69440776756668
8.69440776756668
8.69440776756668
8.69440776756668
8.69440776756668
8.69440776756668
8.69440776756668
8.69440776756668
8.69440776756668
8.69440776756668
8.69440776756668
8.69440776756668
8.69440776756668
8.69440776756668
8.69440776756668
8.69440776756668
8.69440776756668
8.69440776756668
8.69440776756668
8.69440776756668
8.69440776756668
8.69440776756668
8.69440776756668
8.69440776756668
8.69440776756668
8.69440776756668
8.69440776756668
8.69440776756668
8.69440776756668
8.69440776756668
8.69440776756668
8.69440776756668
8.69440776756668
8.69440776756668
8.69440776756668
8.69440776756668
8.69440776756668
8.69440776756668
8.69440776756668
8.69440776756668
8.69440776756668
8.69440776756668
8.69440776756668
8.69440776756668
8.69440776756668
8.69440776756668
8.69440776756668
8.69440776756668
8.69440776756668
8.69440776756668
8.69440776756668
8.69440776756668
8.69440776756668
8.69440776756668
8.69440776756668
8.69440776756668
8.69440776756668
8.69440776756668
8.69440776756668
8.69440776756668
8.69440776756668
8.69440776756668
8.69440776756668
8.69440776756668
8.69440776756668
8.711795704801455
8.711795704801455
8.711795704801455
8.711795704801455
8.711795704801455
8.711795704801455
8.711795704801455
8.711795704801455
8.711795704801455
8.711795704801455
8.711795704801455
8.711795704801455
8.711795704801455
8.711795704801455
8.711795704801455
8.711795704801455
8.711795704801455
8.711795704801455
8.711795704801455
8.711795704801455
8.711795704801455
8.711795704801455
8.711795704801455
8.711795704801455
8.711795704801455
8.711795704801455
8.711795704801455
8.711795704801455
8.711795704801455
8.711795704801455
8.711795704801455
8.711795704801455
8.711795704801455
8.711795704801455
8.711795704801455
8.711795704801455
8.711795704801455
8.711795704801455
8.711795704801455
8.711795704801455
8.711795704801455
8.711795704801455
8.711795704801455
8.711795704801455
8.711795704801455
8.711795704801455
8.711795704801455
8.711795704801455
8.711795704801455
8.711795704801455
8.711795704801455
8.711795704801455
8.711795704801455
8.711795704801455
8.711795704801455
8.711795704801455
8.732630819206147
8.732630819206147
8.732630819206147
8.732630819206147
8.732630819206147
8.732630819206147
8.732630819206147
8.732630819206147
8.732630819206147
8.732630819206147
8.732630819206147
8.732630819206147
8.732630819206147
8.732630819206147
8.732630819206147
8.732630819206147
8.732630819206147
8.732630819206147
8.732630819206147
8.732630819206147
8.732630819206147
8.732630819206147
8.732630819206147
8.732630819206147
8.732630819206147
8.732630819206147
8.732630819206147
8.732630819206147
8.732630819206147
8.732630819206147
8.732630819206147
8.732630819206147
8.732630819206147
8.732630819206147
8.732630819206147
8.732630819206147
8.732630819206147
8.732630819206147
8.732630819206147
8.732630819206147
8.732630819206147
8.732630819206147
8.732630819206147
8.732630819206147
8.732630819206147
8.732630819206147
8.732630819206147
8.732630819206147
8.732630819206147
8.732630819206147
8.732630819206147
Score: 8.732630819206147
Runtime: 645ms
