1.913107246119256E-7
1.913107246119256E-7
5.395068756873208E-7
6.017555084267686E-7
2.9714883726261993E-5
2.9714883726261993E-5
1.1043711486533883E-4
0.0028920332440927256
0.006485416581262763
0.012530434466829448
0.029624561526541054
0.039460577172620095
0.37748970933547354
0.37748970933547354
0.37748970933547354
0.3932156096791425
0.3932156096791425
1.0815867956854766
1.0815867956854766
1.0815867956854766
1.0815867956854766
1.3963663255778611
1.3963663255778611
1.3963663255778611
1.3963663255778611
1.3963663255778611
2.3109238248344623
2.3109238248344623
2.3109238248344623
2.3109238248344623
2.448205509530674
2.448205509530674
2.448205509530674
2.448205509530674
3.0938922893761527
3.0938922893761527
3.0938922893761527
3.0938922893761527
3.0938922893761527
3.0938922893761527
3.0938922893761527
3.0938922893761527
3.0938922893761527
3.5722272838779183
3.5722272838779183
3.5722272838779183
3.5722272838779183
3.5722272838779183
3.5722272838779183
3.5722272838779183
3.5722272838779183
3.6860100703039227
3.6860100703039227
3.6860100703039227
3.800498371053773
3.800498371053773
3.800498371053773
4.013224305755907
4.548840665857251
5.077812231966431
5.766176117981879
5.7684060429401445
5.7684060429401445
5.805210620760467
5.805210620760467
5.805210620760467
6.561382968990987
6.561382968990987
6.561382968990987
6.561382968990987
6.561382968990987
6.561382968990987
6.561382968990987
6.638411077552671
6.638411077552671
6.638411077552671
6.759472907677741
7.089677493535978
7.089677493535978
7.089677493535978
7.097009078109458
7.097009078109458
7.097009078109458
7.307477595507841
7.505008589244425
7.505008589244425
7.505008589244425
7.505008589244425
7.505008589244425
7.782694955124764
7.782694955124764
7.782694955124764
8.19655024084566
8.19655024084566
8.19655024084566
8.19655024084566
8.19655024084566
8.19655024084566
8.19655024084566
8.19655024084566
8.19655024084566
8.19655024084566
8.19655024084566
8.19655024084566
8.19655024084566
8.19655024084566
8.217883044504276
8.217883044504276
8.217883044504276
8.217883044504276
8.217883044504276
8.217883044504276
8.217883044504276
8.217883044504276
8.217883044504276
8.217883044504276
8.217883044504276
8.217883044504276
8.305716845064223
8.364857840604728
8.364857840604728
8.415222075845572
8.415222075845572
8.415222075845572
8.415222075845572
8.415222075845572
8.415222075845572
8.415222075845572
8.415222075845572
8.503488161740549
8.503488161740549
8.503488161740549
8.595147491689419
8.595147491689419
8.595147491689419
8.595147491689419
8.595147491689419
8.595147491689419
8.595147491689419
8.595147491689419
8.595147491689419
8.595147491689419
8.595147491689419
8.595147491689419
8.595147491689419
8.668619658646893
8.668619658646893
8.668619658646893
8.668619658646893
8.67825814789812
8.683281877797654
8.683281877797654
8.683281877797654
8.683281877797654
8.683281877797654
8.710236396891808
8.710236396891808
8.781463744924892
8.781463744924892
8.781463744924892
8.781463744924892
8.781463744924892
8.781463744924892
8.781463744924892
8.781579679621467
8.781579679621467
8.79711832918241
8.79711832918241
8.79711832918241
8.79711832918241
8.79711832918241
8.79711832918241
8.842792256601863
8.842792256601863
8.842792256601863
8.842792256601863
8.842792256601863
8.842792256601863
8.842792256601863
8.842792256601863
8.842792256601863
8.842792256601863
8.842792256601863
8.842792256601863
8.842792256601863
8.842792256601863
8.842792256601863
8.842792256601863
8.842792256601863
8.842792256601863
8.842792256601863
8.842792256601863
8.842792256601863
8.842792256601863
8.842792256601863
8.842792256601863
8.842792256601863
8.842792256601863
8.842792256601863
8.842792256601863
8.842792256601863
8.842792256601863
8.842792256601863
8.842792256601863
8.842792256601863
8.842792256601863
8.842792256601863
8.842792256601863
8.842792256601863
8.842792256601863
8.842792256601863
8.842792256601863
8.842792256601863
8.842792256601863
8.842792256601863
8.842792256601863
8.842792256601863
8.842792256601863
8.842792256601863
8.842792256601863
8.842792256601863
8.842792256601863
8.842792256601863
8.842792256601863
8.842792256601863
8.842792256601863
8.842792256601863
8.842792256601863
8.842792256601863
8.842792256601863
8.842792256601863
8.842792256601863
8.842792256601863
8.842792256601863
8.842792256601863
8.842792256601863
8.842792256601863
8.842792256601863
8.855294213315958
8.855294213315958
8.855294213315958
8.855294213315958
8.855294213315958
8.855294213315958
8.855294213315958
8.855294213315958
8.855294213315958
8.855294213315958
8.855294213315958
8.855294213315958
8.855294213315958
8.855294213315958
8.855294213315958
8.855294213315958
8.855294213315958
8.855294213315958
8.855294213315958
8.855294213315958
8.855294213315958
8.855294213315958
8.855294213315958
8.855294213315958
8.855294213315958
8.855294213315958
8.855294213315958
8.855294213315958
8.855294213315958
8.855294213315958
8.855294213315958
8.855294213315958
8.855294213315958
8.855294213315958
8.855294213315958
8.855294213315958
8.855294213315958
8.855294213315958
8.855294213315958
8.855294213315958
8.855294213315958
8.855294213315958
8.855294213315958
8.855294213315958
8.855294213315958
8.855294213315958
8.855294213315958
8.855294213315958
8.855294213315958
8.855294213315958
8.855294213315958
8.855294213315958
8.855294213315958
8.855294213315958
8.855294213315958
8.855294213315958
8.855294213315958
8.855294213315958
8.855294213315958
8.855294213315958
8.855294213315958
8.855294213315958
8.855294213315958
8.855294213315958
8.855294213315958
8.855294213315958
8.855294213315958
8.855294213315958
8.855294213315958
8.855294213315958
8.855294213315958
8.855294213315958
8.855294213315958
8.855294213315958
8.855294213315958
8.855294213315958
8.855294213315958
8.855294213315958
8.855294213315958
8.855294213315958
8.855294213315958
8.855294213315958
8.855294213315958
8.855294213315958
8.855294213315958
8.855294213315958
8.855294213315958
8.855294213315958
8.855294213315958
8.855294213315958
8.855294213315958
8.855294213315958
8.855294213315958
8.855294213315958
8.855294213315958
8.855294213315958
8.855294213315958
8.855294213315958
8.855294213315958
8.855294213315958
8.855294213315958
8.855294213315958
8.855294213315958
8.855294213315958
8.855294213315958
8.855294213315958
8.855294213315958
8.855294213315958
8.855294213315958
8.855294213315958
8.855294213315958
8.855294213315958
8.855294213315958
8.855294213315958
8.855294213315958
8.855294213315958
8.855294213315958
8.855294213315958
8.855294213315958
8.855294213315958
8.855294213315958
8.855294213315958
8.855294213315958
8.855294213315958
8.855294213315958
8.855294213315958
8.855294213315958
8.855294213315958
8.855294213315958
8.855294213315958
8.855294213315958
8.855294213315958
8.855294213315958
8.855294213315958
8.855294213315958
8.855294213315958
8.855294213315958
8.855294213315958
8.855294213315958
8.855294213315958
8.855294213315958
8.855294213315958
8.855294213315958
8.855294213315958
8.855294213315958
8.855294213315958
8.855294213315958
8.855294213315958
8.855294213315958
8.855294213315958
8.855294213315958
8.855294213315958
8.855294213315958
8.855294213315958
8.855294213315958
8.855294213315958
8.855294213315958
8.855294213315958
8.855294213315958
8.855294213315958
8.855294213315958
8.855294213315958
8.855294213315958
8.855294213315958
8.855294213315958
8.855294213315958
8.855294213315958
8.855294213315958
8.855294213315958
8.855294213315958
8.855294213315958
8.855294213315958
8.855294213315958
8.855294213315958
8.855294213315958
8.855294213315958
8.855294213315958
8.855294213315958
8.855294213315958
8.855294213315958
8.855294213315958
8.855294213315958
8.855294213315958
8.855294213315958
8.855294213315958
8.855294213315958
8.855294213315958
8.855294213315958
8.885124279677486
8.885124279677486
8.885124279677486
8.885124279677486
8.885124279677486
8.885124279677486
8.885124279677486
8.885124279677486
8.885124279677486
8.885124279677486
8.885124279677486
8.885124279677486
8.885124279677486
8.885124279677486
8.885124279677486
8.885124279677486
8.885124279677486
8.885124279677486
8.885124279677486
8.885124279677486
8.885124279677486
8.885124279677486
8.885124279677486
8.885124279677486
8.885124279677486
8.885124279677486
8.885124279677486
8.885124279677486
8.885124279677486
8.885124279677486
8.885124279677486
8.885124279677486
8.885124279677486
8.885124279677486
8.885124279677486
8.885124279677486
8.885124279677486
8.885124279677486
8.885124279677486
8.885124279677486
8.885124279677486
8.885124279677486
8.885124279677486
8.885124279677486
8.885124279677486
8.885124279677486
8.885124279677486
8.885124279677486
8.885124279677486
8.885124279677486
8.885124279677486
8.885124279677486
8.885124279677486
8.885124279677486
8.885124279677486
8.885124279677486
8.885124279677486
8.885124279677486
8.885124279677486
8.885124279677486
8.885124279677486
8.885124279677486
8.885124279677486
8.885124279677486
8.885124279677486
8.885124279677486
8.885124279677486
8.885124279677486
8.885124279677486
8.885124279677486
8.885124279677486
8.885124279677486
8.885124279677486
8.885124279677486
8.885124279677486
8.885124279677486
8.885124279677486
8.885124279677486
8.885124279677486
8.885124279677486
8.885124279677486
8.885124279677486
8.885124279677486
8.885124279677486
8.885124279677486
8.885124279677486
8.885124279677486
8.885124279677486
8.885124279677486
8.885124279677486
8.885124279677486
8.885124279677486
8.885124279677486
8.885124279677486
8.885124279677486
8.885124279677486
8.885124279677486
8.885124279677486
8.885124279677486
8.885124279677486
8.885124279677486
8.885124279677486
8.885124279677486
8.885124279677486
8.885124279677486
8.885124279677486
8.885124279677486
8.885124279677486
8.885124279677486
8.885124279677486
8.885124279677486
8.885124279677486
8.885124279677486
8.885124279677486
8.885124279677486
8.885124279677486
8.885124279677486
8.885124279677486
8.885124279677486
8.885124279677486
8.885124279677486
8.885124279677486
8.885124279677486
8.885124279677486
8.885124279677486
8.885124279677486
8.885124279677486
8.885124279677486
8.885124279677486
8.885124279677486
8.885124279677486
8.885124279677486
8.885124279677486
8.885124279677486
8.885124279677486
8.885124279677486
8.885124279677486
8.885124279677486
8.885124279677486
8.885124279677486
8.885124279677486
8.885124279677486
8.885124279677486
8.885124279677486
8.885124279677486
8.885124279677486
8.885124279677486
8.885124279677486
8.885124279677486
8.885124279677486
8.885124279677486
8.885124279677486
8.885124279677486
8.885124279677486
8.885124279677486
8.885124279677486
8.885124279677486
8.885124279677486
8.885124279677486
8.885124279677486
8.885124279677486
8.885124279677486
8.885124279677486
8.885124279677486
8.885124279677486
8.885124279677486
8.885124279677486
8.885124279677486
8.885124279677486
8.885124279677486
8.885124279677486
8.885124279677486
8.885124279677486
8.885124279677486
8.885124279677486
8.885124279677486
8.885124279677486
8.885124279677486
8.885124279677486
8.885124279677486
8.885124279677486
8.885124279677486
8.885124279677486
8.885124279677486
8.885124279677486
8.885124279677486
8.885124279677486
8.885124279677486
8.885124279677486
8.885124279677486
8.885124279677486
8.885124279677486
8.885124279677486
8.885124279677486
8.885124279677486
8.885124279677486
8.885124279677486
8.885124279677486
8.885124279677486
8.885124279677486
8.885124279677486
8.885124279677486
8.885124279677486
8.885124279677486
8.885124279677486
8.885124279677486
8.885124279677486
8.885124279677486
8.885124279677486
8.885124279677486
8.885124279677486
8.885124279677486
8.885124279677486
8.885124279677486
8.885124279677486
8.885124279677486
8.885124279677486
8.885124279677486
8.885124279677486
8.885124279677486
8.885124279677486
8.885124279677486
8.885124279677486
8.885124279677486
8.885124279677486
8.885124279677486
8.885124279677486
8.885124279677486
8.885124279677486
8.885124279677486
8.885124279677486
8.885124279677486
8.885124279677486
8.885124279677486
8.885124279677486
8.885124279677486
8.885124279677486
8.885124279677486
8.885124279677486
8.885124279677486
8.885124279677486
8.885124279677486
8.885124279677486
8.885124279677486
8.885124279677486
8.885124279677486
8.885124279677486
8.885124279677486
8.885124279677486
8.885124279677486
8.885124279677486
8.885124279677486
8.885124279677486
8.885124279677486
8.885124279677486
8.885124279677486
8.885124279677486
8.885124279677486
8.885124279677486
8.885124279677486
8.885124279677486
8.885124279677486
8.885124279677486
8.885124279677486
8.885124279677486
8.885124279677486
8.885124279677486
8.885124279677486
8.885124279677486
8.885124279677486
8.885124279677486
8.885124279677486
8.885124279677486
8.885124279677486
8.885124279677486
8.885124279677486
8.885124279677486
8.885124279677486
8.885124279677486
8.885124279677486
8.885124279677486
8.885124279677486
8.885124279677486
8.885124279677486
8.885124279677486
8.885124279677486
8.885124279677486
8.885124279677486
8.885124279677486
8.885124279677486
8.885124279677486
8.885124279677486
8.885124279677486
8.885124279677486
8.885124279677486
8.885124279677486
8.885124279677486
8.885124279677486
8.885124279677486
8.885124279677486
8.885124279677486
8.885124279677486
8.885124279677486
8.885124279677486
8.885124279677486
8.885124279677486
8.885124279677486
8.885124279677486
8.885124279677486
8.885124279677486
8.885124279677486
8.885124279677486
8.885124279677486
8.885124279677486
8.885124279677486
8.885124279677486
8.885124279677486
8.885124279677486
8.885124279677486
8.885124279677486
8.885124279677486
8.885124279677486
8.885124279677486
8.885124279677486
8.885124279677486
8.885124279677486
8.885124279677486
8.885124279677486
8.885124279677486
8.885124279677486
8.885124279677486
8.885124279677486
8.885124279677486
8.885124279677486
8.885124279677486
8.885124279677486
8.885124279677486
8.885124279677486
8.885124279677486
8.885124279677486
8.885124279677486
8.885124279677486
8.885124279677486
8.885124279677486
8.885124279677486
8.885124279677486
8.885124279677486
8.885124279677486
8.885124279677486
8.885124279677486
8.885124279677486
8.885124279677486
8.885124279677486
8.885124279677486
8.885124279677486
8.885124279677486
8.885124279677486
8.885124279677486
8.885124279677486
8.885124279677486
8.885124279677486
8.885124279677486
8.885124279677486
8.885124279677486
8.885124279677486
8.885124279677486
8.885124279677486
8.885124279677486
8.885124279677486
8.885124279677486
8.885124279677486
8.885124279677486
8.885124279677486
8.885124279677486
8.885124279677486
8.885124279677486
8.885124279677486
8.885124279677486
8.885124279677486
8.885124279677486
8.885124279677486
8.885124279677486
8.885124279677486
8.885124279677486
8.885124279677486
8.885124279677486
8.885124279677486
8.885124279677486
8.885124279677486
8.885124279677486
8.885124279677486
8.885124279677486
8.885124279677486
8.885124279677486
8.885124279677486
8.885124279677486
8.885124279677486
8.885124279677486
8.885124279677486
8.885124279677486
8.885124279677486
8.885124279677486
8.885124279677486
8.885124279677486
8.885124279677486
8.885124279677486
8.885124279677486
8.885124279677486
8.885124279677486
8.885124279677486
8.885124279677486
8.885124279677486
8.885124279677486
8.885124279677486
8.885124279677486
8.885124279677486
8.885124279677486
8.885124279677486
8.885124279677486
8.885124279677486
8.885124279677486
8.885124279677486
8.885124279677486
8.885124279677486
8.885124279677486
8.885124279677486
8.885124279677486
8.885124279677486
8.885124279677486
8.885124279677486
8.885124279677486
8.885124279677486
8.885124279677486
8.885124279677486
8.885124279677486
8.885124279677486
8.885124279677486
8.885124279677486
8.885124279677486
8.885124279677486
8.885124279677486
8.885124279677486
8.885124279677486
8.885124279677486
8.885124279677486
8.885124279677486
8.885124279677486
8.885124279677486
8.885124279677486
8.885124279677486
8.885124279677486
8.885124279677486
8.885124279677486
8.885124279677486
8.885124279677486
8.885124279677486
8.885124279677486
8.885124279677486
8.885124279677486
8.885124279677486
8.885124279677486
8.885124279677486
8.885124279677486
8.885124279677486
8.885124279677486
8.885124279677486
8.885124279677486
8.885124279677486
8.885124279677486
8.885124279677486
8.885124279677486
8.885124279677486
8.885124279677486
8.885124279677486
8.885124279677486
8.885124279677486
8.885124279677486
8.885124279677486
8.885124279677486
8.885124279677486
8.885124279677486
8.885124279677486
8.885124279677486
8.885124279677486
8.885124279677486
8.885124279677486
8.885124279677486
8.885124279677486
8.885124279677486
8.885124279677486
8.885124279677486
8.885124279677486
8.885124279677486
8.885124279677486
8.885124279677486
8.885124279677486
8.885124279677486
8.885124279677486
8.885124279677486
8.885124279677486
8.885124279677486
8.885124279677486
8.885124279677486
8.885124279677486
8.885124279677486
8.885124279677486
8.885124279677486
8.885124279677486
8.885124279677486
8.885124279677486
8.885124279677486
8.885124279677486
8.885124279677486
8.885124279677486
8.885124279677486
8.885124279677486
8.885124279677486
8.885124279677486
8.885124279677486
8.885124279677486
8.885124279677486
8.885124279677486
8.885124279677486
8.885124279677486
8.885124279677486
8.885124279677486
8.885124279677486
8.885124279677486
8.885124279677486
8.885124279677486
8.885124279677486
8.885124279677486
8.885124279677486
8.885124279677486
8.885124279677486
8.885124279677486
8.885124279677486
8.885124279677486
8.885124279677486
8.885124279677486
8.885124279677486
8.885124279677486
8.885124279677486
8.885124279677486
8.885124279677486
8.885124279677486
8.885124279677486
8.885124279677486
8.885124279677486
8.885124279677486
8.885124279677486
8.885124279677486
8.885124279677486
8.885124279677486
8.885124279677486
8.885124279677486
8.885124279677486
8.885124279677486
8.885124279677486
8.885124279677486
8.885124279677486
8.885124279677486
8.885124279677486
8.885124279677486
8.885124279677486
8.885124279677486
8.885124279677486
8.885124279677486
8.885124279677486
8.885124279677486
8.885124279677486
8.885124279677486
8.885124279677486
8.885124279677486
8.885124279677486
8.885124279677486
8.885124279677486
8.885124279677486
8.885124279677486
8.885124279677486
8.885124279677486
8.885124279677486
8.885124279677486
8.885124279677486
8.885124279677486
8.885124279677486
8.885124279677486
8.885124279677486
8.885124279677486
8.885124279677486
8.885124279677486
8.885124279677486
8.885124279677486
8.885124279677486
8.885124279677486
8.885124279677486
8.885124279677486
8.885124279677486
8.885124279677486
8.885124279677486
8.885124279677486
8.885124279677486
8.885124279677486
8.885124279677486
8.885124279677486
8.885124279677486
8.885124279677486
8.885124279677486
8.885124279677486
8.885124279677486
8.885124279677486
8.885124279677486
8.885124279677486
8.885124279677486
8.885124279677486
8.885124279677486
8.885124279677486
8.885124279677486
8.885124279677486
8.885124279677486
8.885124279677486
8.885124279677486
8.885124279677486
8.885124279677486
8.885124279677486
8.885124279677486
8.885124279677486
8.885124279677486
8.885124279677486
8.885124279677486
8.885124279677486
8.885124279677486
8.885124279677486
8.885124279677486
8.885124279677486
8.885124279677486
8.885124279677486
8.885124279677486
8.885124279677486
8.885124279677486
8.885124279677486
8.885124279677486
8.885124279677486
8.885124279677486
8.885124279677486
8.885124279677486
8.885124279677486
8.885124279677486
8.885124279677486
8.885124279677486
8.885124279677486
8.885124279677486
8.885124279677486
8.885124279677486
8.885124279677486
8.885124279677486
8.885124279677486
8.885124279677486
8.885124279677486
8.885124279677486
8.885124279677486
8.885124279677486
8.885124279677486
8.885124279677486
8.885124279677486
8.885124279677486
8.885124279677486
8.885124279677486
8.885124279677486
8.885124279677486
8.885124279677486
8.885124279677486
8.885124279677486
8.885124279677486
8.885124279677486
8.885124279677486
8.885124279677486
8.885124279677486
8.885124279677486
8.885124279677486
8.885124279677486
8.885124279677486
8.885124279677486
8.885124279677486
8.885124279677486
8.885124279677486
8.885124279677486
8.885124279677486
8.885124279677486
8.885124279677486
8.885124279677486
8.885124279677486
8.885124279677486
8.885124279677486
8.885124279677486
8.885124279677486
8.885124279677486
8.885124279677486
8.885124279677486
8.885124279677486
8.885124279677486
8.885124279677486
8.885124279677486
8.885124279677486
8.885124279677486
8.885124279677486
8.885124279677486
8.885124279677486
8.885124279677486
8.885124279677486
8.885124279677486
8.885124279677486
8.885124279677486
8.885124279677486
8.885124279677486
8.885124279677486
8.885124279677486
8.885124279677486
8.885124279677486
8.885124279677486
8.885124279677486
8.885124279677486
8.885124279677486
8.885124279677486
8.885124279677486
8.885124279677486
8.885124279677486
8.885124279677486
8.885124279677486
8.885124279677486
8.885124279677486
8.885124279677486
8.885124279677486
8.885124279677486
8.885124279677486
8.885124279677486
8.885124279677486
8.885124279677486
8.885124279677486
8.885124279677486
8.885124279677486
8.885124279677486
8.885124279677486
8.885124279677486
8.885124279677486
8.885124279677486
8.885124279677486
8.885124279677486
8.885124279677486
8.885124279677486
8.885124279677486
8.885124279677486
8.885124279677486
8.885124279677486
8.885124279677486
8.885124279677486
8.885124279677486
8.885124279677486
8.885124279677486
8.885124279677486
8.885124279677486
8.885124279677486
8.885124279677486
8.885124279677486
8.885124279677486
8.885124279677486
8.885124279677486
8.885124279677486
8.885124279677486
8.885124279677486
8.885124279677486
8.885124279677486
8.885124279677486
8.885124279677486
8.885124279677486
8.885124279677486
8.885124279677486
8.885124279677486
8.885124279677486
8.885124279677486
8.885124279677486
8.885124279677486
8.885124279677486
8.885124279677486
8.885124279677486
8.885124279677486
8.885124279677486
8.885124279677486
8.885124279677486
8.885124279677486
8.885124279677486
8.885124279677486
8.885124279677486
8.885124279677486
8.885124279677486
8.885124279677486
8.885124279677486
8.885124279677486
8.885124279677486
8.885124279677486
8.885124279677486
8.885124279677486
8.885124279677486
8.885124279677486
8.885124279677486
8.885124279677486
8.885124279677486
8.885124279677486
8.885124279677486
8.885124279677486
8.885124279677486
8.885124279677486
8.885124279677486
8.885124279677486
8.885124279677486
8.885124279677486
8.885124279677486
8.885124279677486
8.885124279677486
8.885124279677486
8.885124279677486
8.885124279677486
8.885124279677486
8.885124279677486
8.885124279677486
8.885124279677486
8.885124279677486
8.885124279677486
8.885124279677486
8.885124279677486
8.885124279677486
8.885124279677486
8.885124279677486
8.885124279677486
8.885124279677486
8.885124279677486
8.885124279677486
8.885124279677486
8.885124279677486
8.885124279677486
8.885124279677486
8.885124279677486
8.885124279677486
8.885124279677486
8.885124279677486
8.885124279677486
8.885124279677486
8.885124279677486
8.885124279677486
8.885124279677486
8.885124279677486
8.885124279677486
8.885124279677486
8.885124279677486
8.885124279677486
8.885124279677486
8.885124279677486
8.885124279677486
8.885124279677486
8.885124279677486
8.885124279677486
8.885124279677486
8.885124279677486
8.885124279677486
8.885124279677486
8.885124279677486
8.885124279677486
8.885124279677486
8.885124279677486
8.885124279677486
8.885124279677486
8.885124279677486
8.885124279677486
8.885124279677486
8.885124279677486
8.885124279677486
8.885124279677486
8.885124279677486
8.885124279677486
8.885124279677486
8.885124279677486
8.885124279677486
8.885124279677486
8.885124279677486
8.885124279677486
8.885124279677486
8.885124279677486
8.885124279677486
8.885124279677486
8.885124279677486
8.885124279677486
8.885124279677486
8.885124279677486
8.885124279677486
8.885124279677486
8.885124279677486
8.885124279677486
8.885124279677486
8.885124279677486
8.885124279677486
8.885124279677486
8.885124279677486
8.885124279677486
8.885124279677486
8.885124279677486
8.885124279677486
8.885124279677486
8.885124279677486
8.885124279677486
8.885124279677486
8.885124279677486
8.885124279677486
8.885124279677486
8.885124279677486
8.885124279677486
8.885124279677486
8.885124279677486
8.885124279677486
8.885124279677486
8.885124279677486
8.885124279677486
8.885124279677486
8.885124279677486
8.885124279677486
8.885124279677486
8.885124279677486
8.885124279677486
8.885124279677486
8.885124279677486
8.885124279677486
8.885124279677486
8.885124279677486
8.885124279677486
8.885124279677486
8.885124279677486
8.885124279677486
8.885124279677486
8.885124279677486
8.885124279677486
8.885124279677486
8.885124279677486
8.885124279677486
8.885124279677486
8.885124279677486
8.885124279677486
8.885124279677486
8.885124279677486
8.885124279677486
8.885124279677486
8.885124279677486
8.885124279677486
8.885124279677486
8.885124279677486
8.885124279677486
8.885124279677486
8.885124279677486
8.885124279677486
8.885124279677486
8.885124279677486
8.885124279677486
8.885124279677486
8.885124279677486
8.885124279677486
8.885124279677486
8.885124279677486
8.885124279677486
8.885124279677486
8.885124279677486
8.885124279677486
8.885124279677486
8.885124279677486
8.885124279677486
8.885124279677486
8.885124279677486
8.885124279677486
8.885124279677486
8.885124279677486
8.885124279677486
8.885124279677486
8.885124279677486
8.885124279677486
8.885124279677486
8.885124279677486
8.885124279677486
8.885124279677486
8.885124279677486
8.885124279677486
8.885124279677486
8.885124279677486
8.885124279677486
8.885124279677486
8.885124279677486
8.885124279677486
8.885124279677486
8.885124279677486
8.885124279677486
8.885124279677486
8.885124279677486
8.885124279677486
8.885124279677486
8.885124279677486
8.885124279677486
8.885124279677486
8.885124279677486
8.885124279677486
8.885124279677486
8.885124279677486
8.885124279677486
8.885124279677486
8.885124279677486
8.885124279677486
8.885124279677486
8.885124279677486
8.885124279677486
8.885124279677486
8.885124279677486
8.885124279677486
8.885124279677486
8.885124279677486
8.885124279677486
8.885124279677486
8.885124279677486
8.885124279677486
8.885124279677486
8.885124279677486
8.885124279677486
8.885124279677486
8.885124279677486
8.885124279677486
8.885124279677486
8.885124279677486
8.885124279677486
8.885124279677486
8.885124279677486
8.885124279677486
8.885124279677486
8.885124279677486
8.885124279677486
8.885124279677486
8.885124279677486
8.885124279677486
8.885124279677486
8.885124279677486
8.885124279677486
8.885124279677486
8.885124279677486
8.885124279677486
8.885124279677486
8.885124279677486
8.885124279677486
8.885124279677486
8.885124279677486
8.885124279677486
8.885124279677486
8.885124279677486
8.885124279677486
8.885124279677486
8.885124279677486
8.885124279677486
8.885124279677486
8.885124279677486
8.885124279677486
8.885124279677486
8.885124279677486
8.885124279677486
8.885124279677486
8.885124279677486
8.885124279677486
8.885124279677486
8.885124279677486
8.885124279677486
8.885124279677486
8.885124279677486
8.885124279677486
8.885124279677486
8.885124279677486
8.885124279677486
8.885124279677486
8.885124279677486
8.885124279677486
8.885124279677486
8.885124279677486
8.885124279677486
8.885124279677486
8.885124279677486
8.885124279677486
8.885124279677486
8.885124279677486
8.885124279677486
8.885124279677486
8.885124279677486
8.885124279677486
8.885124279677486
8.885124279677486
8.885124279677486
8.885124279677486
8.885124279677486
8.885124279677486
8.885124279677486
8.885124279677486
8.885124279677486
8.885124279677486
8.885124279677486
8.885124279677486
8.885124279677486
8.885124279677486
8.885124279677486
8.885124279677486
8.885124279677486
8.885124279677486
8.885124279677486
8.885124279677486
8.885124279677486
8.885124279677486
8.885124279677486
8.885124279677486
8.885124279677486
8.885124279677486
8.885124279677486
8.885124279677486
8.885124279677486
8.885124279677486
8.885124279677486
8.885124279677486
8.885124279677486
8.885124279677486
8.885124279677486
8.885124279677486
8.885124279677486
8.885124279677486
8.885124279677486
8.885124279677486
8.885124279677486
8.885124279677486
8.885124279677486
8.885124279677486
8.885124279677486
8.885124279677486
8.885124279677486
8.885124279677486
8.885124279677486
8.885124279677486
8.885124279677486
8.885124279677486
8.885124279677486
8.885124279677486
8.885124279677486
8.885124279677486
8.885124279677486
8.885124279677486
8.885124279677486
8.885124279677486
8.885124279677486
8.885124279677486
8.885124279677486
8.885124279677486
8.885124279677486
8.885124279677486
8.885124279677486
8.885124279677486
8.885124279677486
8.885124279677486
8.885124279677486
8.885124279677486
8.885124279677486
8.885124279677486
8.885124279677486
8.885124279677486
8.885124279677486
8.885124279677486
8.885124279677486
8.885124279677486
8.885124279677486
8.885124279677486
8.885124279677486
8.885124279677486
8.885124279677486
8.885124279677486
8.885124279677486
8.885124279677486
8.885124279677486
8.885124279677486
8.885124279677486
8.885124279677486
8.885124279677486
8.885124279677486
8.885124279677486
8.885124279677486
8.885124279677486
8.885124279677486
8.885124279677486
8.885124279677486
8.885124279677486
8.885124279677486
8.885124279677486
8.885124279677486
8.885124279677486
8.885124279677486
8.885124279677486
8.885124279677486
8.885124279677486
8.885124279677486
8.885124279677486
8.885124279677486
8.885124279677486
8.885124279677486
8.885124279677486
8.885124279677486
8.885124279677486
8.885124279677486
8.885124279677486
8.885124279677486
8.885124279677486
8.885124279677486
8.885124279677486
8.885124279677486
8.885124279677486
8.885124279677486
8.885124279677486
8.885124279677486
8.885124279677486
8.885124279677486
8.885124279677486
8.885124279677486
8.885124279677486
8.885124279677486
8.885124279677486
8.885124279677486
8.885124279677486
8.885124279677486
8.885124279677486
8.885124279677486
8.885124279677486
8.885124279677486
8.885124279677486
8.885124279677486
8.885124279677486
8.885124279677486
8.885124279677486
8.885124279677486
8.885124279677486
8.885124279677486
8.885124279677486
8.885124279677486
8.885124279677486
8.885124279677486
8.885124279677486
8.885124279677486
8.885124279677486
8.885124279677486
8.885124279677486
8.885124279677486
8.885124279677486
8.885124279677486
8.885124279677486
8.885124279677486
8.885124279677486
8.885124279677486
8.885124279677486
8.885124279677486
8.885124279677486
8.885124279677486
8.885124279677486
8.885124279677486
8.885124279677486
8.885124279677486
8.885124279677486
8.885124279677486
8.885124279677486
8.885124279677486
8.885124279677486
8.885124279677486
8.885124279677486
8.885124279677486
8.885124279677486
8.885124279677486
8.885124279677486
8.885124279677486
8.885124279677486
8.885124279677486
8.885124279677486
8.885124279677486
8.885124279677486
8.885124279677486
8.885124279677486
8.885124279677486
8.885124279677486
8.885124279677486
8.885124279677486
8.885124279677486
8.885124279677486
8.885124279677486
8.885124279677486
8.885124279677486
8.885124279677486
8.885124279677486
8.885124279677486
8.885124279677486
8.885124279677486
8.885124279677486
8.885124279677486
8.885124279677486
8.885124279677486
8.885124279677486
8.885124279677486
8.885124279677486
8.885124279677486
8.885124279677486
8.885124279677486
8.885124279677486
8.885124279677486
8.885124279677486
8.885124279677486
8.885124279677486
8.885124279677486
8.885124279677486
8.885124279677486
8.885124279677486
8.885124279677486
8.885124279677486
8.885124279677486
8.885124279677486
8.885124279677486
8.885124279677486
8.885124279677486
8.885124279677486
8.885124279677486
8.885124279677486
8.885124279677486
8.885124279677486
8.885124279677486
8.885124279677486
8.885124279677486
8.885124279677486
8.885124279677486
8.885124279677486
8.885124279677486
8.885124279677486
8.885124279677486
8.885124279677486
8.885124279677486
8.885124279677486
8.885124279677486
8.885124279677486
8.885124279677486
8.885124279677486
8.885124279677486
8.885124279677486
8.885124279677486
8.885124279677486
8.885124279677486
8.885124279677486
8.885124279677486
8.885124279677486
8.885124279677486
8.885124279677486
8.885124279677486
8.885124279677486
8.885124279677486
8.885124279677486
8.885124279677486
8.885124279677486
8.885124279677486
8.885124279677486
8.885124279677486
8.885124279677486
8.885124279677486
8.885124279677486
8.885124279677486
8.885124279677486
8.885124279677486
8.885124279677486
8.885124279677486
8.885124279677486
8.885124279677486
8.885124279677486
8.885124279677486
8.885124279677486
8.885124279677486
8.885124279677486
8.885124279677486
8.885124279677486
8.885124279677486
8.885124279677486
8.885124279677486
8.885124279677486
8.885124279677486
8.885124279677486
8.885124279677486
8.885124279677486
8.885124279677486
8.885124279677486
8.885124279677486
8.885124279677486
8.885124279677486
8.885124279677486
8.885124279677486
8.885124279677486
8.885124279677486
8.885124279677486
8.885124279677486
8.885124279677486
8.885124279677486
8.885124279677486
8.885124279677486
8.885124279677486
8.885124279677486
8.885124279677486
8.885124279677486
8.885124279677486
8.885124279677486
8.885124279677486
8.885124279677486
8.885124279677486
8.885124279677486
8.885124279677486
8.885124279677486
8.885124279677486
8.885124279677486
8.885124279677486
8.885124279677486
8.885124279677486
8.885124279677486
8.885124279677486
8.885124279677486
8.885124279677486
8.885124279677486
8.885124279677486
8.885124279677486
8.885124279677486
8.885124279677486
8.885124279677486
8.885124279677486
8.885124279677486
8.885124279677486
8.885124279677486
8.885124279677486
8.885124279677486
8.885124279677486
8.885124279677486
8.885124279677486
8.885124279677486
8.885124279677486
8.885124279677486
8.885124279677486
8.885124279677486
8.885124279677486
8.885124279677486
8.885124279677486
8.885124279677486
8.885124279677486
8.885124279677486
8.885124279677486
8.885124279677486
8.885124279677486
8.885124279677486
8.885124279677486
8.885124279677486
8.885124279677486
8.885124279677486
8.885124279677486
8.885124279677486
8.885124279677486
8.885124279677486
8.885124279677486
8.885124279677486
8.885124279677486
8.885124279677486
8.885124279677486
8.885124279677486
8.885124279677486
8.885124279677486
8.885124279677486
8.885124279677486
8.885124279677486
8.885124279677486
8.885124279677486
8.885124279677486
8.885124279677486
8.885124279677486
8.885124279677486
8.885124279677486
8.885124279677486
8.885124279677486
8.885124279677486
8.885124279677486
8.885124279677486
8.885124279677486
8.885124279677486
8.885124279677486
8.885124279677486
8.885124279677486
8.885124279677486
8.885124279677486
8.885124279677486
8.885124279677486
8.885124279677486
8.885124279677486
8.885124279677486
8.885124279677486
8.885124279677486
8.885124279677486
8.885124279677486
8.885124279677486
8.885124279677486
8.885124279677486
8.885124279677486
8.885124279677486
8.885124279677486
8.885124279677486
8.885124279677486
8.885124279677486
8.885124279677486
8.885124279677486
8.885124279677486
8.885124279677486
8.885124279677486
8.885124279677486
8.885124279677486
8.885124279677486
8.885124279677486
8.885124279677486
8.885124279677486
8.885124279677486
8.885124279677486
8.885124279677486
8.885124279677486
8.885124279677486
8.885124279677486
8.885124279677486
8.885124279677486
8.885124279677486
8.885124279677486
8.885124279677486
8.885124279677486
8.885124279677486
8.885124279677486
8.885124279677486
8.885124279677486
8.885124279677486
8.885124279677486
8.885124279677486
8.885124279677486
8.885124279677486
8.885124279677486
8.885124279677486
8.885124279677486
8.885124279677486
8.885124279677486
8.885124279677486
8.885124279677486
8.885124279677486
8.885124279677486
8.885124279677486
8.885124279677486
8.885124279677486
8.885124279677486
8.885124279677486
8.885124279677486
8.885124279677486
8.885124279677486
8.885124279677486
8.885124279677486
8.885124279677486
8.885124279677486
8.885124279677486
8.885124279677486
8.885124279677486
8.885124279677486
8.885124279677486
8.885124279677486
8.885124279677486
Score: 8.885124279677486
Runtime: 651ms
