7.217120811826526E-9
1.266078174617932E-8
2.572232369275712E-7
2.572232369275712E-7
3.2585061159005E-6
0.0035096267061782123
0.0035096267061782123
0.0035096267061782123
0.0035096267061782123
0.0036007998543188674
0.06390805175522844
0.06390805175522844
0.06390805175522844
0.06390805175522844
0.06390805175522844
0.06390805175522844
0.12879117300911086
0.12879117300911086
0.12879117300911086
0.12879117300911086
0.12879117300911086
0.12879117300911086
0.12879117300911086
0.12879117300911086
0.12879117300911086
0.12879117300911086
0.12879117300911086
0.12879117300911086
0.12879117300911086
0.2645791736966917
0.2645791736966917
0.2645791736966917
0.2645791736966917
0.2645791736966917
0.2645791736966917
0.2645791736966917
0.2645791736966917
0.2645791736966917
0.2645791736966917
0.3078918848633184
0.3078918848633184
0.3078918848633184
0.3078918848633184
0.6136191327237781
0.6136191327237781
0.6136191327237781
0.629281340824255
0.629281340824255
0.629281340824255
0.629281340824255
0.629281340824255
0.629281340824255
0.629281340824255
0.6510155638613482
0.6510155638613482
0.6510155638613482
0.6510155638613482
0.6510155638613482
0.6510155638613482
0.6510155638613482
0.6510155638613482
0.6510155638613482
0.6510155638613482
0.6510155638613482
1.1985540787769686
1.1985540787769686
1.1985540787769686
1.1985540787769686
2.434438512896982
2.434438512896982
2.434438512896982
2.434438512896982
2.434438512896982
2.434438512896982
2.434438512896982
2.434438512896982
2.6971548743123375
2.6971548743123375
2.839374336921663
2.839374336921663
2.839374336921663
3.3934192404077907
3.3934192404077907
3.3934192404077907
3.3934192404077907
3.9440208234568503
3.9440208234568503
3.9440208234568503
3.9440208234568503
3.9440208234568503
4.215315433195447
4.215315433195447
4.215315433195447
4.489922613965922
4.669798110633851
4.669798110633851
4.669798110633851
4.669798110633851
4.669798110633851
4.669798110633851
5.399379869520146
5.399379869520146
5.399379869520146
5.399379869520146
5.399379869520146
5.399379869520146
5.399379869520146
5.399379869520146
5.399379869520146
5.399379869520146
6.48938005230641
6.48938005230641
6.48938005230641
6.48938005230641
6.856275909639313
6.856275909639313
6.856275909639313
6.856275909639313
6.856275909639313
6.856275909639313
6.856275909639313
6.856275909639313
6.856275909639313
6.856275909639313
6.856275909639313
6.856275909639313
6.856275909639313
6.856275909639313
6.856275909639313
6.856275909639313
6.856275909639313
6.856275909639313
6.856275909639313
6.856275909639313
6.856275909639313
6.856275909639313
6.856275909639313
6.856275909639313
6.98504294961708
6.98504294961708
6.98504294961708
7.3091229579937
7.3091229579937
7.3091229579937
7.3091229579937
7.3091229579937
7.3091229579937
7.3091229579937
7.3091229579937
7.3091229579937
7.565653502199238
7.565653502199238
7.699578048644497
7.699578048644497
7.699578048644497
7.699578048644497
7.699578048644497
7.699578048644497
7.699578048644497
7.699578048644497
7.699578048644497
7.699578048644497
7.699578048644497
7.699578048644497
7.699578048644497
7.699578048644497
7.699578048644497
7.990561565156132
7.990561565156132
7.990561565156132
7.990561565156132
7.990561565156132
7.990561565156132
7.990561565156132
7.990561565156132
7.990561565156132
7.990561565156132
7.990561565156132
7.990561565156132
7.990561565156132
7.990561565156132
7.990561565156132
7.990561565156132
8.13138382734122
8.13138382734122
8.13138382734122
8.13138382734122
8.13138382734122
8.13138382734122
8.13138382734122
8.13138382734122
8.13138382734122
8.13138382734122
8.13138382734122
8.13138382734122
8.13138382734122
8.142377826414851
8.142377826414851
8.142377826414851
8.248486244033849
8.248486244033849
8.248486244033849
8.248486244033849
8.248486244033849
8.248486244033849
8.248486244033849
8.248486244033849
8.248486244033849
8.248789589460655
8.294646827827842
8.294646827827842
8.294646827827842
8.294646827827842
8.378211484915669
8.378211484915669
8.378211484915669
8.432216940707542
8.432216940707542
8.432216940707542
8.432216940707542
8.432216940707542
8.516260173995429
8.516260173995429
8.516260173995429
8.52508262642498
8.576317695864063
8.576317695864063
8.576317695864063
8.576317695864063
8.626353315350702
8.626353315350702
8.626353315350702
8.626353315350702
8.626353315350702
8.626353315350702
8.642160741916376
8.64662041417762
8.656830454179985
8.656830454179985
8.656830454179985
8.656830454179985
8.656830454179985
8.656830454179985
8.71037727976338
8.71037727976338
8.821164974952678
8.821164974952678
8.821164974952678
8.821164974952678
8.821164974952678
8.821164974952678
8.821164974952678
8.821164974952678
8.821164974952678
8.821164974952678
8.821164974952678
8.821164974952678
8.821164974952678
8.821164974952678
8.821164974952678
8.821164974952678
8.821164974952678
8.821164974952678
8.821164974952678
8.821164974952678
8.821164974952678
8.821164974952678
8.821164974952678
8.821164974952678
8.821164974952678
8.821164974952678
8.821164974952678
8.821164974952678
8.821164974952678
8.821164974952678
8.821164974952678
8.821164974952678
8.821164974952678
8.821164974952678
8.821164974952678
8.821164974952678
8.821164974952678
8.821164974952678
8.821164974952678
8.821164974952678
8.821164974952678
8.821164974952678
8.821164974952678
8.821164974952678
8.821164974952678
8.821164974952678
8.821164974952678
8.821164974952678
8.821164974952678
8.821164974952678
8.821164974952678
8.821164974952678
8.821164974952678
8.821164974952678
8.821164974952678
8.821164974952678
8.821164974952678
8.821164974952678
8.821164974952678
8.821164974952678
8.821164974952678
8.821164974952678
8.821164974952678
8.821164974952678
8.821164974952678
8.821164974952678
8.821164974952678
8.821164974952678
8.821164974952678
8.821164974952678
8.821164974952678
8.821164974952678
8.821164974952678
8.821164974952678
8.821164974952678
8.821164974952678
8.821164974952678
8.821164974952678
8.821164974952678
8.821164974952678
8.821164974952678
8.821164974952678
8.821164974952678
8.821164974952678
8.821164974952678
8.821164974952678
8.821164974952678
8.821164974952678
8.821164974952678
8.821164974952678
8.821164974952678
8.821164974952678
8.821164974952678
8.821164974952678
8.821164974952678
8.821164974952678
8.821164974952678
8.821164974952678
8.821164974952678
8.821164974952678
8.821164974952678
8.821164974952678
8.821164974952678
8.821164974952678
8.821164974952678
8.821164974952678
8.821164974952678
8.821164974952678
8.821164974952678
8.821164974952678
8.821164974952678
8.821164974952678
8.821164974952678
8.821164974952678
8.821164974952678
8.821164974952678
8.821164974952678
8.821164974952678
8.821164974952678
8.821164974952678
8.821164974952678
8.821164974952678
8.821164974952678
8.821164974952678
8.821164974952678
8.821164974952678
8.821164974952678
8.821164974952678
8.821164974952678
8.821164974952678
8.821164974952678
8.821164974952678
8.821164974952678
8.821164974952678
8.821164974952678
8.821164974952678
8.821164974952678
8.821164974952678
8.821164974952678
8.821164974952678
8.821164974952678
8.821164974952678
8.821164974952678
8.821164974952678
8.821164974952678
8.821164974952678
8.821164974952678
8.821164974952678
8.821164974952678
8.821164974952678
8.821164974952678
8.821164974952678
8.821164974952678
8.821164974952678
8.821164974952678
8.821164974952678
8.821164974952678
8.821164974952678
8.821164974952678
8.821164974952678
8.821164974952678
8.821164974952678
8.821164974952678
8.821164974952678
8.821164974952678
8.821164974952678
8.821164974952678
8.821164974952678
8.821164974952678
8.821164974952678
8.821164974952678
8.821164974952678
8.821164974952678
8.821164974952678
8.821164974952678
8.821164974952678
8.821164974952678
8.821164974952678
8.821164974952678
8.821164974952678
8.821164974952678
8.821164974952678
8.821164974952678
8.821164974952678
8.821164974952678
8.821164974952678
8.821164974952678
8.821164974952678
8.821164974952678
8.821164974952678
8.821164974952678
8.821164974952678
8.821164974952678
8.821164974952678
8.821164974952678
8.821164974952678
8.821164974952678
8.821164974952678
8.821164974952678
8.821164974952678
8.821164974952678
8.821164974952678
8.821164974952678
8.821164974952678
8.821164974952678
8.821164974952678
8.821164974952678
8.821164974952678
8.821164974952678
8.821164974952678
8.821164974952678
8.821164974952678
8.821164974952678
8.821164974952678
8.821164974952678
8.821164974952678
8.821164974952678
8.821164974952678
8.821164974952678
8.821164974952678
8.821164974952678
8.821164974952678
8.821164974952678
8.821164974952678
8.821164974952678
8.821164974952678
8.821164974952678
8.821164974952678
8.821164974952678
8.821164974952678
8.821164974952678
8.821164974952678
8.821164974952678
8.821164974952678
8.821164974952678
8.821164974952678
8.821164974952678
8.821164974952678
8.821164974952678
8.821164974952678
8.821164974952678
8.821164974952678
8.821164974952678
8.821164974952678
8.821164974952678
8.821164974952678
8.821164974952678
8.821164974952678
8.821164974952678
8.821164974952678
8.821164974952678
8.821164974952678
8.821164974952678
8.821164974952678
8.821164974952678
8.821164974952678
8.821164974952678
8.821164974952678
8.821164974952678
8.821164974952678
8.821164974952678
8.821164974952678
8.821164974952678
8.821164974952678
8.821164974952678
8.821164974952678
8.821164974952678
8.821164974952678
8.821164974952678
8.821164974952678
8.821164974952678
8.821164974952678
8.821164974952678
8.821164974952678
8.821164974952678
8.821164974952678
8.821164974952678
8.821164974952678
8.821164974952678
8.821164974952678
8.821164974952678
8.821164974952678
8.821164974952678
8.821164974952678
8.821164974952678
8.821164974952678
8.821164974952678
8.821164974952678
8.821164974952678
8.821164974952678
8.821164974952678
8.821164974952678
8.821164974952678
8.821164974952678
8.821164974952678
8.821164974952678
8.821164974952678
8.836397922972992
8.836397922972992
8.836397922972992
8.836397922972992
8.836397922972992
8.836397922972992
8.836397922972992
8.836397922972992
8.836397922972992
8.836397922972992
8.836397922972992
8.836397922972992
8.836397922972992
8.836397922972992
8.836397922972992
8.836397922972992
8.836397922972992
8.836397922972992
8.836397922972992
8.836397922972992
8.836397922972992
8.836397922972992
8.836397922972992
8.836397922972992
8.836397922972992
8.836397922972992
8.836397922972992
8.836397922972992
8.836397922972992
8.836397922972992
8.836397922972992
8.836397922972992
8.836397922972992
8.836397922972992
8.836397922972992
8.836397922972992
8.836397922972992
8.836397922972992
8.836397922972992
8.836397922972992
8.836397922972992
8.836397922972992
8.836397922972992
8.836397922972992
8.836397922972992
8.836397922972992
8.836397922972992
8.836397922972992
8.836397922972992
8.836397922972992
8.836397922972992
8.836397922972992
8.836397922972992
8.836397922972992
8.836397922972992
8.836397922972992
8.836397922972992
8.836397922972992
8.836397922972992
8.836397922972992
8.836397922972992
8.836397922972992
8.836397922972992
8.836397922972992
8.836397922972992
8.836397922972992
8.836397922972992
8.836397922972992
8.836397922972992
8.836397922972992
8.836397922972992
8.836397922972992
8.836397922972992
8.836397922972992
8.836397922972992
8.836397922972992
8.836397922972992
8.836397922972992
8.836397922972992
8.836397922972992
8.836397922972992
8.836397922972992
8.836397922972992
8.836397922972992
8.836397922972992
8.836397922972992
8.836397922972992
8.836397922972992
8.836397922972992
8.836397922972992
8.836397922972992
8.836397922972992
8.836397922972992
8.836397922972992
8.836397922972992
8.836397922972992
8.836397922972992
8.836397922972992
8.836397922972992
8.836397922972992
8.836397922972992
8.836397922972992
8.836397922972992
8.836397922972992
8.836397922972992
8.836397922972992
8.836397922972992
8.836397922972992
8.836397922972992
8.836397922972992
8.836397922972992
8.836397922972992
8.836397922972992
8.836397922972992
8.836397922972992
8.836397922972992
8.836397922972992
8.836397922972992
8.836397922972992
8.836397922972992
8.836397922972992
8.836397922972992
8.836397922972992
8.836397922972992
8.836397922972992
8.836397922972992
8.836397922972992
8.836397922972992
8.836397922972992
8.836397922972992
8.836397922972992
8.836397922972992
8.836397922972992
8.836397922972992
8.836397922972992
8.836397922972992
8.836397922972992
8.836397922972992
8.836397922972992
8.836397922972992
8.836397922972992
8.836397922972992
8.836397922972992
8.836397922972992
8.836397922972992
8.836397922972992
8.836397922972992
8.836397922972992
8.836397922972992
8.836397922972992
8.836397922972992
8.836397922972992
8.836397922972992
8.836397922972992
8.836397922972992
8.836397922972992
8.836397922972992
8.836397922972992
8.836397922972992
8.836397922972992
8.836397922972992
8.836397922972992
8.836397922972992
8.836397922972992
8.836397922972992
8.836397922972992
8.836397922972992
8.836397922972992
8.836397922972992
8.836397922972992
8.836397922972992
8.836397922972992
8.836397922972992
8.836397922972992
8.836397922972992
8.836397922972992
8.836397922972992
8.836397922972992
8.836397922972992
8.836397922972992
8.836397922972992
8.836397922972992
8.836397922972992
8.836397922972992
8.836397922972992
8.836397922972992
8.836397922972992
8.836397922972992
8.836397922972992
8.836397922972992
8.836397922972992
8.836397922972992
8.836397922972992
8.836397922972992
8.836397922972992
8.836397922972992
8.836397922972992
8.836397922972992
8.836397922972992
8.836397922972992
8.836397922972992
8.836397922972992
8.836397922972992
8.836397922972992
8.836397922972992
8.836397922972992
8.836397922972992
8.836397922972992
8.836397922972992
8.836397922972992
8.836397922972992
8.836397922972992
8.836397922972992
8.836397922972992
8.836397922972992
8.836397922972992
8.836397922972992
8.836397922972992
8.836397922972992
8.836397922972992
8.836397922972992
8.836397922972992
8.836397922972992
8.836397922972992
8.836397922972992
8.836397922972992
8.836397922972992
8.836397922972992
8.836397922972992
8.836397922972992
8.836397922972992
8.836397922972992
8.836397922972992
8.836397922972992
8.836397922972992
8.836397922972992
8.836397922972992
8.836397922972992
8.836397922972992
8.836397922972992
8.836397922972992
8.836397922972992
8.836397922972992
8.836397922972992
8.836397922972992
8.836397922972992
8.836397922972992
8.836397922972992
8.836397922972992
8.836397922972992
8.836397922972992
8.836397922972992
8.836397922972992
8.836397922972992
8.836397922972992
8.836397922972992
8.836397922972992
8.836397922972992
8.836397922972992
8.836397922972992
8.836397922972992
8.836397922972992
8.836397922972992
8.836397922972992
8.836397922972992
8.836397922972992
8.836397922972992
8.836397922972992
8.836397922972992
8.836397922972992
8.836397922972992
8.836397922972992
8.836397922972992
8.836397922972992
8.836397922972992
8.836397922972992
8.836397922972992
8.836397922972992
8.836397922972992
8.836397922972992
8.836397922972992
8.836397922972992
8.836397922972992
8.836397922972992
8.836397922972992
8.836397922972992
8.836397922972992
8.836397922972992
8.836397922972992
8.836397922972992
8.836397922972992
8.836397922972992
8.836397922972992
8.836397922972992
8.836397922972992
8.836397922972992
8.836397922972992
8.836397922972992
8.836397922972992
8.836397922972992
8.836397922972992
8.836397922972992
8.836397922972992
8.836397922972992
8.836397922972992
8.836397922972992
8.836397922972992
8.836397922972992
8.836397922972992
8.836397922972992
8.836397922972992
8.836397922972992
8.836397922972992
8.836397922972992
8.836397922972992
8.836397922972992
8.836397922972992
8.836397922972992
8.836397922972992
8.836397922972992
8.836397922972992
8.836397922972992
8.836397922972992
8.836397922972992
8.836397922972992
8.836397922972992
8.836397922972992
8.836397922972992
8.836397922972992
8.836397922972992
8.836397922972992
8.836397922972992
8.836397922972992
8.836397922972992
8.836397922972992
8.836397922972992
8.836397922972992
8.836397922972992
8.836397922972992
8.836397922972992
8.836397922972992
8.836397922972992
8.836397922972992
8.836397922972992
8.836397922972992
8.836397922972992
8.836397922972992
8.836397922972992
8.836397922972992
8.836397922972992
8.836397922972992
8.836397922972992
8.836397922972992
8.836397922972992
8.836397922972992
8.836397922972992
8.836397922972992
8.836397922972992
8.836397922972992
8.836397922972992
8.836397922972992
8.836397922972992
8.836397922972992
8.836397922972992
8.836397922972992
8.836397922972992
8.836397922972992
8.836397922972992
8.836397922972992
8.836397922972992
8.836397922972992
8.836397922972992
8.836397922972992
8.836397922972992
8.836397922972992
8.836397922972992
8.836397922972992
8.836397922972992
8.836397922972992
8.836397922972992
8.836397922972992
8.836397922972992
8.836397922972992
8.836397922972992
8.836397922972992
8.836397922972992
8.836397922972992
8.836397922972992
8.836397922972992
8.836397922972992
8.836397922972992
8.836397922972992
8.836397922972992
8.836397922972992
8.836397922972992
8.836397922972992
8.836397922972992
8.836397922972992
8.836397922972992
8.836397922972992
8.836397922972992
8.836397922972992
8.836397922972992
8.836397922972992
8.836397922972992
8.836397922972992
8.836397922972992
8.836397922972992
8.836397922972992
8.836397922972992
8.836397922972992
8.836397922972992
8.836397922972992
8.836397922972992
8.836397922972992
8.836397922972992
8.836397922972992
8.836397922972992
8.836397922972992
8.836397922972992
8.836397922972992
8.836397922972992
8.836397922972992
8.836397922972992
8.836397922972992
8.836397922972992
8.836397922972992
8.836397922972992
8.836397922972992
8.836397922972992
8.836397922972992
8.836397922972992
8.836397922972992
8.836397922972992
8.836397922972992
8.836397922972992
8.836397922972992
8.836397922972992
8.836397922972992
8.836397922972992
8.836397922972992
8.836397922972992
8.836397922972992
8.836397922972992
8.836397922972992
8.836397922972992
8.836397922972992
8.836397922972992
8.836397922972992
8.836397922972992
8.836397922972992
8.836397922972992
8.836397922972992
8.836397922972992
8.836397922972992
8.836397922972992
8.836397922972992
8.836397922972992
8.836397922972992
8.836397922972992
8.836397922972992
8.836397922972992
8.836397922972992
8.836397922972992
8.836397922972992
8.836397922972992
8.836397922972992
8.836397922972992
8.836397922972992
8.836397922972992
8.836397922972992
8.836397922972992
8.836397922972992
8.836397922972992
8.836397922972992
8.836397922972992
8.836397922972992
8.836397922972992
8.836397922972992
8.836397922972992
8.836397922972992
8.836397922972992
8.836397922972992
8.836397922972992
8.836397922972992
8.836397922972992
8.836397922972992
8.836397922972992
8.836397922972992
8.836397922972992
8.836397922972992
8.836397922972992
8.836397922972992
8.836397922972992
8.836397922972992
8.836397922972992
8.836397922972992
8.836397922972992
8.836397922972992
8.836397922972992
8.836397922972992
8.836397922972992
8.836397922972992
8.836397922972992
8.836397922972992
8.836397922972992
8.836397922972992
8.836397922972992
8.836397922972992
8.836397922972992
8.836397922972992
8.836397922972992
8.836397922972992
8.836397922972992
8.836397922972992
8.836397922972992
8.836397922972992
8.836397922972992
8.836397922972992
8.836397922972992
8.836397922972992
8.836397922972992
8.836397922972992
8.836397922972992
8.836397922972992
8.836397922972992
8.836397922972992
8.836397922972992
8.836397922972992
8.836397922972992
8.836397922972992
8.836397922972992
8.836397922972992
8.836397922972992
8.836397922972992
8.836397922972992
8.836397922972992
8.836397922972992
8.836397922972992
8.836397922972992
8.836397922972992
8.836397922972992
8.836397922972992
8.836397922972992
8.836397922972992
8.836397922972992
8.836397922972992
8.836397922972992
8.836397922972992
8.836397922972992
8.836397922972992
8.836397922972992
8.836397922972992
8.836397922972992
8.836397922972992
8.836397922972992
8.836397922972992
8.836397922972992
8.836397922972992
8.836397922972992
8.836397922972992
8.836397922972992
8.836397922972992
8.836397922972992
8.836397922972992
8.836397922972992
8.836397922972992
8.836397922972992
8.836397922972992
8.836397922972992
8.836397922972992
8.836397922972992
8.836397922972992
8.836397922972992
8.836397922972992
8.836397922972992
8.836397922972992
8.836397922972992
8.836397922972992
8.836397922972992
8.836397922972992
8.836397922972992
8.836397922972992
8.836397922972992
8.836397922972992
8.836397922972992
8.836397922972992
8.836397922972992
8.836397922972992
8.836397922972992
8.836397922972992
8.836397922972992
8.836397922972992
8.836397922972992
8.836397922972992
8.836397922972992
8.836397922972992
8.836397922972992
8.836397922972992
8.836397922972992
8.836397922972992
8.836397922972992
8.836397922972992
8.836397922972992
8.836397922972992
8.836397922972992
8.836397922972992
8.836397922972992
8.836397922972992
8.836397922972992
8.836397922972992
8.836397922972992
8.836397922972992
8.836397922972992
8.836397922972992
8.836397922972992
8.836397922972992
8.836397922972992
8.836397922972992
8.836397922972992
8.836397922972992
8.836397922972992
8.836397922972992
8.836397922972992
8.836397922972992
8.836397922972992
8.836397922972992
8.836397922972992
8.836397922972992
8.836397922972992
8.836397922972992
8.836397922972992
8.836397922972992
8.836397922972992
8.836397922972992
8.836397922972992
8.836397922972992
8.836397922972992
8.836397922972992
8.836397922972992
8.836397922972992
8.836397922972992
8.836397922972992
8.836397922972992
8.836397922972992
8.836397922972992
8.836397922972992
8.836397922972992
8.836397922972992
8.836397922972992
8.836397922972992
8.836397922972992
8.836397922972992
8.836397922972992
8.836397922972992
8.836397922972992
8.836397922972992
8.836397922972992
8.836397922972992
8.836397922972992
8.836397922972992
8.836397922972992
8.836397922972992
8.836397922972992
8.836397922972992
8.836397922972992
8.836397922972992
8.836397922972992
8.836397922972992
8.836397922972992
8.836397922972992
8.836397922972992
8.836397922972992
8.836397922972992
8.836397922972992
8.836397922972992
8.836397922972992
8.836397922972992
8.836397922972992
8.836397922972992
8.836397922972992
8.836397922972992
8.836397922972992
8.836397922972992
8.836397922972992
8.836397922972992
8.836397922972992
8.836397922972992
8.836397922972992
8.836397922972992
8.836397922972992
8.836397922972992
8.836397922972992
8.836397922972992
8.836397922972992
8.836397922972992
8.836397922972992
8.836397922972992
8.836397922972992
8.836397922972992
8.836397922972992
8.836397922972992
8.836397922972992
8.836397922972992
8.836397922972992
8.836397922972992
8.836397922972992
8.836397922972992
8.836397922972992
8.836397922972992
8.836397922972992
8.836397922972992
8.836397922972992
8.836397922972992
8.836397922972992
8.836397922972992
8.836397922972992
8.836397922972992
8.836397922972992
8.836397922972992
8.836397922972992
8.836397922972992
8.836397922972992
8.836397922972992
8.836397922972992
8.836397922972992
8.836397922972992
8.836397922972992
8.836397922972992
8.836397922972992
8.836397922972992
8.836397922972992
8.836397922972992
8.836397922972992
8.836397922972992
8.836397922972992
8.836397922972992
8.836397922972992
8.836397922972992
8.836397922972992
8.836397922972992
8.836397922972992
8.836397922972992
8.836397922972992
8.836397922972992
8.836397922972992
8.836397922972992
8.836397922972992
8.836397922972992
8.836397922972992
8.836397922972992
8.836397922972992
8.836397922972992
8.836397922972992
8.836397922972992
8.836397922972992
8.836397922972992
8.836397922972992
8.836397922972992
8.836397922972992
8.836397922972992
8.836397922972992
8.836397922972992
8.836397922972992
8.836397922972992
8.836397922972992
8.836397922972992
8.836397922972992
8.836397922972992
8.836397922972992
8.836397922972992
8.836397922972992
8.836397922972992
8.836397922972992
8.836397922972992
8.836397922972992
8.836397922972992
8.836397922972992
8.836397922972992
8.836397922972992
8.836397922972992
8.836397922972992
8.836397922972992
8.836397922972992
8.836397922972992
8.836397922972992
8.836397922972992
8.836397922972992
8.836397922972992
8.836397922972992
8.836397922972992
8.836397922972992
8.836397922972992
8.836397922972992
8.836397922972992
8.836397922972992
8.836397922972992
8.836397922972992
8.836397922972992
8.836397922972992
8.836397922972992
8.836397922972992
8.836397922972992
8.836397922972992
8.836397922972992
8.836397922972992
8.836397922972992
8.836397922972992
8.836397922972992
8.836397922972992
8.836397922972992
8.836397922972992
8.836397922972992
8.836397922972992
8.836397922972992
8.836397922972992
8.836397922972992
8.836397922972992
8.836397922972992
8.836397922972992
8.836397922972992
8.836397922972992
8.836397922972992
8.836397922972992
8.836397922972992
8.836397922972992
8.836397922972992
8.836397922972992
8.836397922972992
8.836397922972992
8.836397922972992
8.836397922972992
8.836397922972992
8.836397922972992
8.836397922972992
8.836397922972992
8.836397922972992
8.836397922972992
8.836397922972992
8.836397922972992
8.836397922972992
8.836397922972992
8.836397922972992
8.836397922972992
8.836397922972992
8.836397922972992
8.836397922972992
8.836397922972992
8.836397922972992
8.836397922972992
8.836397922972992
8.836397922972992
8.836397922972992
8.836397922972992
8.836397922972992
8.836397922972992
8.836397922972992
8.836397922972992
8.836397922972992
8.836397922972992
8.836397922972992
8.836397922972992
8.836397922972992
8.836397922972992
8.836397922972992
8.836397922972992
8.836397922972992
8.836397922972992
8.836397922972992
8.836397922972992
8.836397922972992
8.836397922972992
8.836397922972992
8.836397922972992
8.836397922972992
8.836397922972992
8.836397922972992
8.836397922972992
8.836397922972992
8.836397922972992
8.836397922972992
8.836397922972992
8.836397922972992
8.836397922972992
8.836397922972992
8.836397922972992
8.836397922972992
8.836397922972992
8.836397922972992
8.836397922972992
8.836397922972992
8.836397922972992
8.836397922972992
8.836397922972992
8.836397922972992
8.836397922972992
8.836397922972992
8.836397922972992
8.836397922972992
8.836397922972992
8.836397922972992
8.836397922972992
8.836397922972992
8.836397922972992
8.836397922972992
8.836397922972992
8.836397922972992
8.836397922972992
8.836397922972992
8.836397922972992
8.836397922972992
8.836397922972992
8.836397922972992
8.836397922972992
8.836397922972992
8.836397922972992
8.836397922972992
8.836397922972992
8.836397922972992
8.836397922972992
8.836397922972992
8.836397922972992
8.836397922972992
8.836397922972992
8.836397922972992
8.836397922972992
8.836397922972992
8.836397922972992
8.836397922972992
8.836397922972992
8.836397922972992
8.836397922972992
8.836397922972992
8.836397922972992
8.836397922972992
8.836397922972992
8.836397922972992
8.836397922972992
8.836397922972992
8.836397922972992
8.836397922972992
8.836397922972992
8.836397922972992
8.836397922972992
8.836397922972992
8.836397922972992
8.836397922972992
8.836397922972992
8.836397922972992
8.836397922972992
8.836397922972992
8.836397922972992
8.836397922972992
8.836397922972992
8.836397922972992
8.836397922972992
8.836397922972992
8.836397922972992
8.836397922972992
8.836397922972992
8.836397922972992
8.836397922972992
8.836397922972992
8.836397922972992
8.836397922972992
8.836397922972992
8.836397922972992
8.836397922972992
8.836397922972992
8.836397922972992
8.836397922972992
8.836397922972992
8.836397922972992
8.836397922972992
8.836397922972992
8.836397922972992
8.836397922972992
8.836397922972992
8.836397922972992
8.836397922972992
8.836397922972992
8.836397922972992
8.836397922972992
8.836397922972992
8.836397922972992
8.836397922972992
8.836397922972992
8.836397922972992
8.836397922972992
8.836397922972992
8.836397922972992
8.836397922972992
8.836397922972992
8.836397922972992
8.836397922972992
8.836397922972992
8.836397922972992
8.836397922972992
8.836397922972992
8.836397922972992
8.836397922972992
8.836397922972992
8.836397922972992
8.836397922972992
8.836397922972992
8.836397922972992
8.836397922972992
8.836397922972992
8.836397922972992
8.836397922972992
8.836397922972992
8.836397922972992
8.836397922972992
8.836397922972992
8.836397922972992
8.836397922972992
8.836397922972992
8.836397922972992
8.836397922972992
8.836397922972992
8.836397922972992
8.836397922972992
8.836397922972992
8.836397922972992
8.836397922972992
8.836397922972992
8.836397922972992
8.836397922972992
8.836397922972992
8.836397922972992
8.836397922972992
8.836397922972992
8.836397922972992
8.836397922972992
8.836397922972992
8.836397922972992
8.836397922972992
8.836397922972992
8.836397922972992
8.836397922972992
8.836397922972992
8.836397922972992
8.836397922972992
8.836397922972992
8.836397922972992
8.836397922972992
8.836397922972992
8.836397922972992
8.836397922972992
8.836397922972992
8.836397922972992
8.836397922972992
8.836397922972992
8.836397922972992
8.836397922972992
8.836397922972992
8.836397922972992
8.836397922972992
8.836397922972992
8.836397922972992
8.836397922972992
8.836397922972992
8.836397922972992
8.836397922972992
8.836397922972992
8.836397922972992
8.836397922972992
8.836397922972992
8.836397922972992
8.836397922972992
8.836397922972992
8.836397922972992
8.836397922972992
8.836397922972992
8.836397922972992
8.836397922972992
8.836397922972992
8.836397922972992
8.836397922972992
8.836397922972992
8.836397922972992
8.836397922972992
8.836397922972992
8.836397922972992
8.836397922972992
8.836397922972992
8.836397922972992
8.836397922972992
8.836397922972992
8.836397922972992
8.836397922972992
8.836397922972992
8.836397922972992
8.836397922972992
8.836397922972992
8.836397922972992
8.836397922972992
8.836397922972992
8.836397922972992
8.836397922972992
8.836397922972992
8.836397922972992
8.836397922972992
8.836397922972992
8.836397922972992
8.836397922972992
8.836397922972992
8.836397922972992
8.836397922972992
8.836397922972992
8.836397922972992
8.836397922972992
8.836397922972992
8.836397922972992
8.836397922972992
8.836397922972992
8.836397922972992
8.836397922972992
8.836397922972992
8.836397922972992
8.836397922972992
8.836397922972992
8.836397922972992
8.836397922972992
8.836397922972992
8.836397922972992
8.836397922972992
8.836397922972992
8.836397922972992
8.836397922972992
8.836397922972992
8.836397922972992
8.836397922972992
8.836397922972992
8.836397922972992
8.836397922972992
8.836397922972992
8.836397922972992
8.836397922972992
8.836397922972992
8.836397922972992
8.836397922972992
8.836397922972992
8.836397922972992
8.836397922972992
8.836397922972992
8.836397922972992
8.836397922972992
8.836397922972992
8.836397922972992
8.836397922972992
8.836397922972992
8.836397922972992
8.836397922972992
8.836397922972992
8.836397922972992
8.836397922972992
8.836397922972992
8.836397922972992
8.836397922972992
8.836397922972992
8.836397922972992
8.836397922972992
8.836397922972992
8.836397922972992
8.836397922972992
8.836397922972992
8.836397922972992
8.836397922972992
8.836397922972992
8.836397922972992
8.836397922972992
8.836397922972992
8.836397922972992
8.836397922972992
8.836397922972992
8.836397922972992
8.836397922972992
8.836397922972992
8.836397922972992
8.836397922972992
8.836397922972992
8.836397922972992
8.836397922972992
8.836397922972992
8.836397922972992
8.836397922972992
8.836397922972992
8.836397922972992
8.836397922972992
8.836397922972992
8.836397922972992
8.836397922972992
8.836397922972992
8.836397922972992
8.836397922972992
8.836397922972992
8.836397922972992
8.836397922972992
8.836397922972992
8.836397922972992
8.836397922972992
8.836397922972992
8.836397922972992
8.836397922972992
8.836397922972992
8.836397922972992
8.836397922972992
8.836397922972992
8.836397922972992
8.836397922972992
8.836397922972992
8.836397922972992
8.836397922972992
8.836397922972992
8.836397922972992
8.836397922972992
8.836397922972992
8.836397922972992
8.836397922972992
8.836397922972992
8.836397922972992
8.836397922972992
8.836397922972992
8.836397922972992
8.836397922972992
8.836397922972992
8.836397922972992
8.836397922972992
8.836397922972992
8.836397922972992
8.836397922972992
8.836397922972992
8.836397922972992
8.836397922972992
8.836397922972992
8.836397922972992
8.836397922972992
8.836397922972992
8.836397922972992
8.836397922972992
8.836397922972992
8.836397922972992
8.836397922972992
8.836397922972992
8.836397922972992
8.836397922972992
8.836397922972992
8.836397922972992
8.836397922972992
8.836397922972992
8.836397922972992
8.836397922972992
8.836397922972992
8.836397922972992
8.836397922972992
8.836397922972992
8.836397922972992
8.836397922972992
8.836397922972992
8.836397922972992
8.836397922972992
8.836397922972992
8.836397922972992
8.836397922972992
8.836397922972992
8.836397922972992
8.836397922972992
8.836397922972992
8.836397922972992
8.836397922972992
8.836397922972992
8.836397922972992
8.836397922972992
8.836397922972992
8.836397922972992
8.836397922972992
8.836397922972992
8.836397922972992
8.836397922972992
8.836397922972992
8.836397922972992
8.836397922972992
8.836397922972992
8.836397922972992
8.836397922972992
8.836397922972992
8.836397922972992
8.836397922972992
8.836397922972992
8.836397922972992
8.836397922972992
8.836397922972992
8.836397922972992
8.836397922972992
8.836397922972992
8.836397922972992
8.836397922972992
8.836397922972992
8.836397922972992
8.836397922972992
8.836397922972992
8.836397922972992
8.836397922972992
8.836397922972992
8.836397922972992
8.836397922972992
8.836397922972992
8.836397922972992
8.836397922972992
8.836397922972992
8.836397922972992
8.836397922972992
8.836397922972992
8.836397922972992
8.836397922972992
8.836397922972992
8.836397922972992
8.836397922972992
8.836397922972992
8.836397922972992
8.836397922972992
8.836397922972992
8.836397922972992
8.836397922972992
8.836397922972992
8.836397922972992
8.836397922972992
8.836397922972992
8.836397922972992
8.836397922972992
8.836397922972992
8.836397922972992
8.836397922972992
8.836397922972992
8.836397922972992
8.836397922972992
8.836397922972992
8.836397922972992
8.836397922972992
8.836397922972992
8.836397922972992
8.836397922972992
8.836397922972992
8.836397922972992
8.836397922972992
8.836397922972992
8.836397922972992
8.836397922972992
8.836397922972992
8.836397922972992
8.836397922972992
8.836397922972992
8.836397922972992
8.836397922972992
8.836397922972992
8.836397922972992
8.836397922972992
8.836397922972992
8.836397922972992
8.836397922972992
8.836397922972992
8.836397922972992
8.836397922972992
8.836397922972992
8.836397922972992
8.836397922972992
8.836397922972992
8.836397922972992
8.836397922972992
8.836397922972992
8.836397922972992
8.836397922972992
8.836397922972992
8.836397922972992
8.836397922972992
8.836397922972992
8.836397922972992
8.836397922972992
8.836397922972992
8.836397922972992
8.836397922972992
8.836397922972992
8.836397922972992
8.836397922972992
8.836397922972992
8.836397922972992
8.836397922972992
8.836397922972992
8.836397922972992
8.836397922972992
8.836397922972992
8.836397922972992
8.836397922972992
8.836397922972992
8.836397922972992
8.836397922972992
8.836397922972992
8.836397922972992
8.836397922972992
8.836397922972992
8.836397922972992
8.836397922972992
8.836397922972992
8.836397922972992
8.836397922972992
8.836397922972992
8.836397922972992
8.836397922972992
8.836397922972992
8.836397922972992
8.836397922972992
8.836397922972992
8.836397922972992
8.836397922972992
8.836397922972992
8.836397922972992
8.836397922972992
8.836397922972992
8.836397922972992
8.836397922972992
8.836397922972992
8.836397922972992
8.836397922972992
8.836397922972992
8.836397922972992
8.836397922972992
8.836397922972992
8.836397922972992
8.836397922972992
8.836397922972992
8.836397922972992
8.836397922972992
8.836397922972992
8.836397922972992
8.836397922972992
8.836397922972992
8.836397922972992
8.836397922972992
8.836397922972992
8.836397922972992
8.836397922972992
8.836397922972992
8.836397922972992
8.836397922972992
8.836397922972992
8.836397922972992
8.836397922972992
8.836397922972992
8.836397922972992
8.836397922972992
8.836397922972992
8.836397922972992
8.836397922972992
8.836397922972992
8.836397922972992
Score: 8.836397922972992
Runtime: 691ms
