1.0354911639409457E-6
1.0354911639409457E-6
4.5112284713337363E-4
4.5112284713337363E-4
4.5112284713337363E-4
4.5112284713337363E-4
4.7208700635227737E-4
0.0012039397694096777
0.0012039397694096777
0.0012039397694096777
0.004289901929192873
0.0049573868995436594
0.0049573868995436594
0.010947475329370022
0.03673157053661914
0.06860431409746891
0.06860431409746891
0.06860431409746891
0.06860431409746891
0.09988213700104351
0.2230548903265482
0.2230548903265482
0.2230548903265482
0.2230548903265482
0.2230548903265482
0.8774747612420196
0.8774747612420196
0.961345568573032
0.961345568573032
1.0319271954520222
1.0319271954520222
1.0319271954520222
1.0319271954520222
1.0319271954520222
1.2104782165797607
1.297371773503555
1.468843931531794
1.468843931531794
1.468843931531794
1.468843931531794
1.5294055490978153
1.942662484728511
1.942662484728511
1.942662484728511
1.942662484728511
2.361706105811524
2.361706105811524
2.379042645750958
2.379042645750958
3.0314475106778245
3.0314475106778245
3.8938980111615002
3.8938980111615002
4.297178995889552
4.297178995889552
4.297178995889552
4.297178995889552
4.297178995889552
4.297178995889552
4.297178995889552
4.297178995889552
4.297178995889552
4.297178995889552
4.297178995889552
4.774720083094922
4.774720083094922
5.132199539744185
5.132199539744185
5.132199539744185
5.132199539744185
5.132199539744185
5.132199539744185
5.132199539744185
5.132199539744185
5.953435474142981
5.953435474142981
5.953435474142981
5.953435474142981
5.953435474142981
5.953435474142981
5.953435474142981
5.953435474142981
6.552116625216269
6.552116625216269
6.552116625216269
6.552116625216269
6.552116625216269
6.552116625216269
6.552116625216269
6.552116625216269
6.552116625216269
6.552116625216269
6.552116625216269
6.552116625216269
6.552116625216269
6.552116625216269
6.552116625216269
6.552116625216269
6.552116625216269
6.552116625216269
6.552116625216269
6.552116625216269
6.552116625216269
6.552116625216269
6.552116625216269
6.552116625216269
6.552116625216269
6.552116625216269
6.552116625216269
6.552116625216269
6.552116625216269
6.552116625216269
6.552116625216269
6.552116625216269
6.552116625216269
6.552116625216269
6.552116625216269
6.552116625216269
6.552116625216269
6.552116625216269
6.552116625216269
6.552116625216269
6.552116625216269
6.552116625216269
6.552116625216269
6.552116625216269
6.552116625216269
6.552116625216269
6.552116625216269
6.552116625216269
6.552116625216269
6.552116625216269
6.552116625216269
6.552116625216269
6.552116625216269
6.552116625216269
6.599488618689827
6.599488618689827
6.599488618689827
6.599488618689827
6.599488618689827
6.599488618689827
6.599488618689827
6.814559010823666
7.236006365112368
7.236006365112368
7.236006365112368
7.236006365112368
7.236006365112368
7.236006365112368
7.236006365112368
7.236006365112368
7.236006365112368
7.236006365112368
7.236006365112368
7.236006365112368
7.236006365112368
7.236006365112368
7.236006365112368
7.236006365112368
7.236006365112368
7.236006365112368
7.236006365112368
7.236006365112368
7.236006365112368
7.236006365112368
7.236006365112368
7.236006365112368
7.332844971250907
7.332844971250907
7.332844971250907
7.332844971250907
7.332844971250907
7.332844971250907
7.332844971250907
7.332844971250907
7.902185671848337
7.902185671848337
7.902185671848337
7.902185671848337
7.902185671848337
7.902185671848337
7.902185671848337
7.902185671848337
7.902185671848337
7.902185671848337
7.902185671848337
7.902185671848337
7.902185671848337
7.902185671848337
7.902185671848337
7.902185671848337
7.902185671848337
7.902185671848337
7.902185671848337
7.902185671848337
7.902185671848337
7.902185671848337
7.902185671848337
7.902185671848337
7.902185671848337
7.902185671848337
7.902185671848337
7.902185671848337
7.902185671848337
7.902185671848337
7.902185671848337
7.902185671848337
7.902185671848337
7.902185671848337
7.902185671848337
7.902185671848337
7.902185671848337
7.902185671848337
7.902185671848337
7.902185671848337
7.902185671848337
7.902185671848337
7.902185671848337
7.902185671848337
7.902185671848337
7.902185671848337
7.902185671848337
7.902185671848337
7.902185671848337
7.902185671848337
7.902185671848337
7.902185671848337
7.902185671848337
7.902185671848337
7.902185671848337
7.902185671848337
7.902185671848337
7.902185671848337
7.902185671848337
7.902185671848337
7.902185671848337
7.902185671848337
7.902185671848337
7.902185671848337
7.902185671848337
7.902185671848337
7.902185671848337
7.902185671848337
7.902185671848337
7.902185671848337
7.902185671848337
7.902185671848337
7.902185671848337
7.902185671848337
7.902185671848337
7.902185671848337
7.902185671848337
7.902185671848337
7.902185671848337
7.902185671848337
7.902185671848337
7.902185671848337
7.902185671848337
7.902185671848337
7.902185671848337
7.902185671848337
7.902185671848337
7.902185671848337
7.902185671848337
7.902185671848337
7.902185671848337
7.902185671848337
7.902185671848337
7.902185671848337
7.902185671848337
7.902185671848337
7.902185671848337
7.902185671848337
7.902185671848337
7.902185671848337
7.902185671848337
7.902185671848337
7.902185671848337
7.902185671848337
7.902185671848337
7.902185671848337
7.902185671848337
7.902185671848337
7.902185671848337
7.902185671848337
7.902185671848337
7.902185671848337
7.902185671848337
7.902185671848337
7.902185671848337
7.902185671848337
7.902185671848337
7.902185671848337
7.902185671848337
7.902185671848337
7.902185671848337
7.902185671848337
7.902185671848337
7.902185671848337
7.902185671848337
7.902185671848337
7.902185671848337
7.902185671848337
7.902185671848337
7.902185671848337
7.902185671848337
7.902185671848337
7.902185671848337
7.902185671848337
7.902185671848337
7.902185671848337
7.941682572114951
7.941682572114951
7.941682572114951
7.941682572114951
7.962816389435062
7.962816389435062
7.962816389435062
7.962816389435062
7.962816389435062
7.962816389435062
7.962816389435062
7.962816389435062
7.962816389435062
7.962816389435062
7.962816389435062
7.962816389435062
7.962816389435062
7.962816389435062
7.962816389435062
7.962816389435062
7.962816389435062
7.962816389435062
7.962816389435062
7.962816389435062
7.962816389435062
7.962816389435062
7.9809510902745515
7.9809510902745515
7.9809510902745515
7.9809510902745515
7.9809510902745515
7.9809510902745515
7.9809510902745515
7.9809510902745515
7.9809510902745515
7.9809510902745515
7.9809510902745515
7.9809510902745515
7.9809510902745515
7.9809510902745515
7.9809510902745515
7.9809510902745515
7.9809510902745515
7.9809510902745515
7.9809510902745515
7.9809510902745515
7.9809510902745515
7.9809510902745515
7.9809510902745515
7.9809510902745515
7.9809510902745515
7.9809510902745515
7.9809510902745515
7.9809510902745515
7.9809510902745515
7.9809510902745515
7.9809510902745515
7.9809510902745515
7.9809510902745515
7.9809510902745515
7.9809510902745515
7.9809510902745515
7.9809510902745515
7.9809510902745515
7.9809510902745515
7.9809510902745515
7.9809510902745515
7.9809510902745515
7.9809510902745515
7.9809510902745515
7.9809510902745515
7.9809510902745515
7.9809510902745515
7.9809510902745515
7.9809510902745515
7.9809510902745515
7.9809510902745515
7.9809510902745515
7.9809510902745515
7.9809510902745515
7.9809510902745515
7.9809510902745515
7.9809510902745515
7.9809510902745515
7.9809510902745515
7.9809510902745515
7.9809510902745515
7.9809510902745515
7.9809510902745515
7.9809510902745515
7.9809510902745515
7.9809510902745515
7.9809510902745515
7.9809510902745515
7.9809510902745515
7.9809510902745515
7.9809510902745515
7.9809510902745515
7.9809510902745515
7.9809510902745515
7.9809510902745515
7.9809510902745515
7.9809510902745515
7.9809510902745515
7.9809510902745515
7.9809510902745515
7.9809510902745515
7.9809510902745515
7.9809510902745515
7.9809510902745515
7.9809510902745515
7.9809510902745515
7.9809510902745515
7.9809510902745515
7.9809510902745515
7.9809510902745515
7.9809510902745515
7.9809510902745515
7.9809510902745515
7.9809510902745515
7.9809510902745515
7.9809510902745515
7.9809510902745515
7.9809510902745515
7.9809510902745515
7.9809510902745515
7.9809510902745515
7.9809510902745515
7.9809510902745515
7.9809510902745515
7.9809510902745515
7.9809510902745515
7.9809510902745515
7.9809510902745515
7.9809510902745515
7.9809510902745515
7.9809510902745515
7.9809510902745515
7.9809510902745515
7.9809510902745515
7.9809510902745515
7.9809510902745515
7.9809510902745515
7.9809510902745515
7.9809510902745515
7.9809510902745515
7.9809510902745515
7.9809510902745515
7.9809510902745515
7.9809510902745515
7.9809510902745515
7.9809510902745515
8.134773431181108
8.134773431181108
8.134773431181108
8.134773431181108
8.134773431181108
8.134773431181108
8.134773431181108
8.134773431181108
8.134773431181108
8.134773431181108
8.134773431181108
8.134773431181108
8.134773431181108
8.134773431181108
8.134773431181108
8.134773431181108
8.134773431181108
8.134773431181108
8.134773431181108
8.134773431181108
8.134773431181108
8.134773431181108
8.134773431181108
8.134773431181108
8.134773431181108
8.134773431181108
8.134773431181108
8.134773431181108
8.134773431181108
8.134773431181108
8.134773431181108
8.134773431181108
8.134773431181108
8.134773431181108
8.134773431181108
8.134773431181108
8.134773431181108
8.134773431181108
8.134773431181108
8.134773431181108
8.134773431181108
8.134773431181108
8.134773431181108
8.134773431181108
8.134773431181108
8.134773431181108
8.134773431181108
8.134773431181108
8.134773431181108
8.134773431181108
8.134773431181108
8.134773431181108
8.134773431181108
8.134773431181108
8.134773431181108
8.134773431181108
8.134773431181108
8.134773431181108
8.134773431181108
8.134773431181108
8.134773431181108
8.134773431181108
8.134773431181108
8.134773431181108
8.134773431181108
8.134773431181108
8.134773431181108
8.134773431181108
8.134773431181108
8.134773431181108
8.134773431181108
8.134773431181108
8.134773431181108
8.134773431181108
8.134773431181108
8.134773431181108
8.134773431181108
8.134773431181108
8.134773431181108
8.134773431181108
8.134773431181108
8.134773431181108
8.134773431181108
8.134773431181108
8.134773431181108
8.134773431181108
8.134773431181108
8.134773431181108
8.134773431181108
8.134773431181108
8.134773431181108
8.134773431181108
8.134773431181108
8.134773431181108
8.134773431181108
8.134773431181108
8.134773431181108
8.134773431181108
8.134773431181108
8.134773431181108
8.134773431181108
8.134773431181108
8.134773431181108
8.134773431181108
8.134773431181108
8.134773431181108
8.134773431181108
8.134773431181108
8.134773431181108
8.134773431181108
8.134773431181108
8.134773431181108
8.134773431181108
8.134773431181108
8.134773431181108
8.134773431181108
8.134773431181108
8.134773431181108
8.134773431181108
8.134773431181108
8.134773431181108
8.134773431181108
8.134773431181108
8.134773431181108
8.134773431181108
8.134773431181108
8.134773431181108
8.134773431181108
8.134773431181108
8.134773431181108
8.134773431181108
8.134773431181108
8.134773431181108
8.134773431181108
8.134773431181108
8.134773431181108
8.134773431181108
8.134773431181108
8.134773431181108
8.134773431181108
8.134773431181108
8.134773431181108
8.134773431181108
8.134773431181108
8.134773431181108
8.134773431181108
8.134773431181108
8.134773431181108
8.134773431181108
8.134773431181108
8.134773431181108
8.134773431181108
8.134773431181108
8.134773431181108
8.134773431181108
8.134773431181108
8.134773431181108
8.134773431181108
8.134773431181108
8.134773431181108
8.134773431181108
8.134773431181108
8.134773431181108
8.134773431181108
8.134773431181108
8.134773431181108
8.134773431181108
8.134773431181108
8.134773431181108
8.134773431181108
8.134773431181108
8.134773431181108
8.134773431181108
8.134773431181108
8.134773431181108
8.134773431181108
8.134773431181108
8.134773431181108
8.134773431181108
8.134773431181108
8.134773431181108
8.134773431181108
8.134773431181108
8.134773431181108
8.134773431181108
8.134773431181108
8.134773431181108
8.134773431181108
8.134773431181108
8.145274062498801
8.145274062498801
8.145274062498801
8.145274062498801
8.145274062498801
8.145274062498801
8.145274062498801
8.145274062498801
8.145274062498801
8.145274062498801
8.145274062498801
8.145274062498801
8.145274062498801
8.145274062498801
8.145274062498801
8.145274062498801
8.145274062498801
8.145274062498801
8.145274062498801
8.145274062498801
8.145274062498801
8.145274062498801
8.145274062498801
8.145274062498801
8.145274062498801
8.145274062498801
8.145274062498801
8.145274062498801
8.145274062498801
8.145274062498801
8.145274062498801
8.145274062498801
8.145274062498801
8.145274062498801
8.145274062498801
8.145274062498801
8.145274062498801
8.145274062498801
8.145274062498801
8.145274062498801
8.145274062498801
8.145274062498801
8.145274062498801
8.145274062498801
8.145274062498801
8.145274062498801
8.145274062498801
8.145274062498801
8.145274062498801
8.145274062498801
8.145274062498801
8.145274062498801
8.145274062498801
8.145274062498801
8.145274062498801
8.145274062498801
8.145274062498801
8.145274062498801
8.145274062498801
8.145274062498801
8.145274062498801
8.145274062498801
8.145274062498801
8.145274062498801
8.145274062498801
8.145274062498801
8.145274062498801
8.145274062498801
8.145274062498801
8.145274062498801
8.145274062498801
8.145274062498801
8.145274062498801
8.145274062498801
8.145274062498801
8.145274062498801
8.145274062498801
8.145274062498801
8.145274062498801
8.145274062498801
8.145274062498801
8.145274062498801
8.145274062498801
8.145274062498801
8.145274062498801
8.145274062498801
8.145274062498801
8.145274062498801
8.145274062498801
8.145274062498801
8.145274062498801
8.145274062498801
8.145274062498801
8.145274062498801
8.145274062498801
8.145274062498801
8.145274062498801
8.145274062498801
8.145274062498801
8.145274062498801
8.145274062498801
8.145274062498801
8.145274062498801
8.145274062498801
8.145274062498801
8.145274062498801
8.145274062498801
8.145274062498801
8.145274062498801
8.145274062498801
8.145274062498801
8.145274062498801
8.145274062498801
8.145274062498801
8.145274062498801
8.145274062498801
8.145274062498801
8.145274062498801
8.145274062498801
8.145274062498801
8.145274062498801
8.145274062498801
8.145274062498801
8.145274062498801
8.145274062498801
8.145274062498801
8.145274062498801
8.145274062498801
8.145274062498801
8.145274062498801
8.145274062498801
8.145274062498801
8.145274062498801
8.145274062498801
8.145274062498801
8.145274062498801
8.464664264010356
8.464664264010356
8.464664264010356
8.464664264010356
8.464664264010356
8.464664264010356
8.464664264010356
8.464664264010356
8.464664264010356
8.464664264010356
8.464664264010356
8.464664264010356
8.464664264010356
8.464664264010356
8.464664264010356
8.464664264010356
8.464664264010356
8.464664264010356
8.464664264010356
8.464664264010356
8.464664264010356
8.464664264010356
8.464664264010356
8.464664264010356
8.464664264010356
8.464664264010356
8.464664264010356
8.464664264010356
8.464664264010356
8.464664264010356
8.464664264010356
8.464664264010356
8.464664264010356
8.464664264010356
8.464664264010356
8.464664264010356
8.464664264010356
8.464664264010356
8.464664264010356
8.464664264010356
8.464664264010356
8.464664264010356
8.464664264010356
8.464664264010356
8.464664264010356
8.464664264010356
8.464664264010356
8.464664264010356
8.464664264010356
8.464664264010356
8.464664264010356
8.464664264010356
8.464664264010356
8.464664264010356
8.464664264010356
8.464664264010356
8.464664264010356
8.464664264010356
8.464664264010356
8.464664264010356
8.464664264010356
8.464664264010356
8.464664264010356
8.464664264010356
8.464664264010356
8.464664264010356
8.464664264010356
8.464664264010356
8.464664264010356
8.464664264010356
8.464664264010356
8.464664264010356
8.464664264010356
8.464664264010356
8.464664264010356
8.464664264010356
8.464664264010356
8.464664264010356
8.464664264010356
8.464664264010356
8.464664264010356
8.464664264010356
8.464664264010356
8.464664264010356
8.464664264010356
8.464664264010356
8.464664264010356
8.464664264010356
8.464664264010356
8.464664264010356
8.464664264010356
8.464664264010356
8.464664264010356
8.464664264010356
8.464664264010356
8.464664264010356
8.464664264010356
8.464664264010356
8.464664264010356
8.464664264010356
8.464664264010356
8.464664264010356
8.464664264010356
8.464664264010356
8.464664264010356
8.464664264010356
8.464664264010356
8.464664264010356
8.464664264010356
8.464664264010356
8.464664264010356
8.464664264010356
8.464664264010356
8.464664264010356
8.464664264010356
8.464664264010356
8.464664264010356
8.464664264010356
8.464664264010356
8.464664264010356
8.464664264010356
8.464664264010356
8.464664264010356
8.464664264010356
8.542496131632173
8.542496131632173
8.542496131632173
8.542496131632173
8.542496131632173
8.542496131632173
8.542496131632173
8.542496131632173
8.542496131632173
8.542496131632173
8.542496131632173
8.542496131632173
8.542496131632173
8.542496131632173
8.542496131632173
8.542496131632173
8.542496131632173
8.542496131632173
8.542496131632173
8.542496131632173
8.542496131632173
8.542496131632173
8.542496131632173
8.542496131632173
8.542496131632173
8.542496131632173
8.542496131632173
8.542496131632173
8.542496131632173
8.542496131632173
8.542496131632173
8.542496131632173
8.542496131632173
8.542496131632173
8.542496131632173
8.542496131632173
8.542496131632173
8.542496131632173
8.542496131632173
8.542496131632173
8.542496131632173
8.542496131632173
8.542496131632173
8.542496131632173
8.542496131632173
8.542496131632173
8.542496131632173
8.542496131632173
8.542496131632173
8.542496131632173
8.542496131632173
8.542496131632173
8.542496131632173
8.542496131632173
8.542496131632173
8.542496131632173
8.542496131632173
8.542496131632173
8.542496131632173
8.542496131632173
8.542496131632173
8.542496131632173
8.542496131632173
8.542496131632173
8.542496131632173
8.542496131632173
8.542496131632173
8.542496131632173
8.542496131632173
8.542496131632173
8.542496131632173
8.542496131632173
8.542496131632173
8.542496131632173
8.542496131632173
8.542496131632173
8.542496131632173
8.542496131632173
8.542496131632173
8.542496131632173
8.542496131632173
8.542496131632173
8.542496131632173
8.542496131632173
8.542496131632173
8.542496131632173
8.542496131632173
8.542496131632173
8.542496131632173
8.542496131632173
8.542496131632173
8.542496131632173
8.542496131632173
8.542496131632173
8.542496131632173
8.542496131632173
8.542496131632173
8.542496131632173
8.542496131632173
8.542496131632173
8.542496131632173
8.542496131632173
8.542496131632173
8.542496131632173
8.542496131632173
8.542496131632173
8.542496131632173
8.542496131632173
8.542496131632173
8.542496131632173
8.542496131632173
8.542496131632173
8.542496131632173
8.542496131632173
8.542496131632173
8.542496131632173
8.542496131632173
8.542496131632173
8.542496131632173
8.542496131632173
8.542496131632173
8.542496131632173
8.542496131632173
8.542496131632173
8.542496131632173
8.542496131632173
8.542496131632173
8.542496131632173
8.542496131632173
8.542496131632173
8.542496131632173
8.542496131632173
8.542496131632173
8.542496131632173
8.542496131632173
8.542496131632173
8.542496131632173
8.542496131632173
8.542496131632173
8.542496131632173
8.542496131632173
8.542496131632173
8.542496131632173
8.542496131632173
8.542496131632173
8.542496131632173
8.542496131632173
8.542496131632173
8.542496131632173
8.542496131632173
8.542496131632173
8.542496131632173
8.542496131632173
8.542496131632173
8.542496131632173
8.542496131632173
8.542496131632173
8.542496131632173
8.542496131632173
8.542496131632173
8.542496131632173
8.542496131632173
8.542496131632173
8.542496131632173
8.542496131632173
8.542496131632173
8.542496131632173
8.542496131632173
8.542496131632173
8.542496131632173
8.542496131632173
8.542496131632173
8.542496131632173
8.542496131632173
8.542496131632173
8.542496131632173
8.542496131632173
8.542496131632173
8.542496131632173
8.542496131632173
8.542496131632173
8.542496131632173
8.542496131632173
8.542496131632173
8.542496131632173
8.542496131632173
8.542496131632173
8.542496131632173
8.542496131632173
8.542496131632173
8.542496131632173
8.542496131632173
8.542496131632173
8.542496131632173
8.542496131632173
8.542496131632173
8.542496131632173
8.542496131632173
8.542496131632173
8.542496131632173
8.542496131632173
8.542496131632173
8.542496131632173
8.542496131632173
8.542496131632173
8.542496131632173
8.542496131632173
8.542496131632173
8.542496131632173
8.542496131632173
8.542496131632173
8.542496131632173
8.542496131632173
8.542496131632173
8.542496131632173
8.542496131632173
8.542496131632173
8.542496131632173
8.542496131632173
8.542496131632173
8.542496131632173
8.542496131632173
8.542496131632173
8.542496131632173
8.542496131632173
8.542496131632173
8.542496131632173
8.542496131632173
8.542496131632173
8.542496131632173
8.542496131632173
8.542496131632173
8.542496131632173
8.542496131632173
8.542496131632173
8.542496131632173
8.542496131632173
8.542496131632173
8.542496131632173
8.542496131632173
8.542496131632173
8.542496131632173
8.542496131632173
8.542496131632173
8.542496131632173
8.542496131632173
8.542496131632173
8.542496131632173
8.542496131632173
8.542496131632173
8.542496131632173
8.542496131632173
8.542496131632173
8.542496131632173
8.542496131632173
8.542496131632173
8.542496131632173
8.542496131632173
8.542496131632173
8.542496131632173
8.542496131632173
8.542496131632173
8.542496131632173
8.542496131632173
8.542496131632173
8.542496131632173
8.542496131632173
8.542496131632173
8.542496131632173
8.542496131632173
8.542496131632173
8.542496131632173
8.542496131632173
8.542496131632173
8.542496131632173
8.542496131632173
8.542496131632173
8.542496131632173
8.542496131632173
8.542496131632173
8.542496131632173
8.542496131632173
8.542496131632173
8.542496131632173
8.542496131632173
8.542496131632173
8.542496131632173
8.542496131632173
8.542496131632173
8.542496131632173
8.542496131632173
8.542496131632173
8.542496131632173
8.542496131632173
8.542496131632173
8.542496131632173
8.542496131632173
8.542496131632173
8.542496131632173
8.542496131632173
8.542496131632173
8.542496131632173
8.542496131632173
8.542496131632173
8.542496131632173
8.542496131632173
8.542496131632173
8.542496131632173
8.542496131632173
8.542496131632173
8.542496131632173
8.542496131632173
8.542496131632173
8.542496131632173
8.542496131632173
8.542496131632173
8.542496131632173
8.542496131632173
8.542496131632173
8.542496131632173
8.542496131632173
8.542496131632173
8.542496131632173
8.542496131632173
8.542496131632173
8.542496131632173
8.542496131632173
8.542496131632173
8.542496131632173
8.542496131632173
8.542496131632173
8.542496131632173
8.542496131632173
8.542496131632173
8.542496131632173
8.542496131632173
8.542496131632173
8.542496131632173
8.542496131632173
8.542496131632173
8.542496131632173
8.542496131632173
8.542496131632173
8.542496131632173
8.542496131632173
8.542496131632173
8.542496131632173
8.542496131632173
8.542496131632173
8.542496131632173
8.542496131632173
8.542496131632173
8.542496131632173
8.542496131632173
8.542496131632173
8.542496131632173
8.542496131632173
8.542496131632173
8.542496131632173
8.542496131632173
8.542496131632173
8.542496131632173
8.542496131632173
8.542496131632173
8.542496131632173
8.542496131632173
8.542496131632173
8.542496131632173
8.542496131632173
8.542496131632173
8.542496131632173
8.542496131632173
8.542496131632173
8.542496131632173
8.542496131632173
8.542496131632173
8.542496131632173
8.542496131632173
8.542496131632173
8.542496131632173
8.542496131632173
8.542496131632173
8.542496131632173
8.542496131632173
8.542496131632173
8.542496131632173
8.542496131632173
8.542496131632173
8.542496131632173
8.542496131632173
8.542496131632173
8.542496131632173
8.542496131632173
8.542496131632173
8.542496131632173
8.542496131632173
8.542496131632173
8.542496131632173
8.542496131632173
8.542496131632173
8.542496131632173
8.542496131632173
8.542496131632173
8.542496131632173
8.542496131632173
8.542496131632173
8.542496131632173
8.542496131632173
8.542496131632173
8.542496131632173
8.542496131632173
8.542496131632173
8.542496131632173
8.542496131632173
8.542496131632173
8.542496131632173
8.542496131632173
8.542496131632173
8.542496131632173
8.542496131632173
8.542496131632173
8.542496131632173
8.542496131632173
8.542496131632173
8.542496131632173
8.542496131632173
8.542496131632173
8.542496131632173
8.542496131632173
8.542496131632173
8.542496131632173
8.542496131632173
8.542496131632173
8.542496131632173
8.542496131632173
8.542496131632173
8.542496131632173
8.542496131632173
8.542496131632173
8.542496131632173
8.542496131632173
8.542496131632173
8.542496131632173
8.542496131632173
8.542496131632173
8.542496131632173
8.542496131632173
8.542496131632173
8.542496131632173
8.542496131632173
8.542496131632173
8.542496131632173
8.542496131632173
8.542496131632173
8.542496131632173
8.542496131632173
8.542496131632173
8.542496131632173
8.542496131632173
8.542496131632173
8.542496131632173
8.542496131632173
8.542496131632173
8.542496131632173
8.542496131632173
8.542496131632173
8.542496131632173
8.542496131632173
8.542496131632173
8.542496131632173
8.542496131632173
8.542496131632173
8.542496131632173
8.542496131632173
8.542496131632173
8.542496131632173
8.542496131632173
8.542496131632173
8.542496131632173
8.542496131632173
8.542496131632173
8.542496131632173
8.542496131632173
8.542496131632173
8.542496131632173
8.542496131632173
8.542496131632173
8.542496131632173
8.542496131632173
8.542496131632173
8.542496131632173
8.542496131632173
8.542496131632173
8.542496131632173
8.542496131632173
8.542496131632173
8.542496131632173
8.542496131632173
8.542496131632173
8.542496131632173
8.542496131632173
8.542496131632173
8.542496131632173
8.542496131632173
8.542496131632173
8.542496131632173
8.542496131632173
8.542496131632173
8.542496131632173
8.542496131632173
8.542496131632173
8.542496131632173
8.542496131632173
8.542496131632173
8.542496131632173
8.542496131632173
8.542496131632173
8.542496131632173
8.542496131632173
8.542496131632173
8.542496131632173
8.542496131632173
8.542496131632173
8.542496131632173
8.542496131632173
8.542496131632173
8.542496131632173
8.542496131632173
8.542496131632173
8.542496131632173
8.542496131632173
8.542496131632173
8.542496131632173
8.542496131632173
8.542496131632173
8.542496131632173
8.542496131632173
8.542496131632173
8.542496131632173
8.542496131632173
8.542496131632173
8.542496131632173
8.542496131632173
8.542496131632173
8.542496131632173
8.542496131632173
8.542496131632173
8.542496131632173
8.542496131632173
8.542496131632173
8.542496131632173
8.542496131632173
8.542496131632173
8.542496131632173
8.542496131632173
8.542496131632173
8.542496131632173
8.542496131632173
8.542496131632173
8.542496131632173
8.542496131632173
8.542496131632173
8.542496131632173
8.542496131632173
8.542496131632173
8.542496131632173
8.542496131632173
8.542496131632173
8.542496131632173
8.542496131632173
8.542496131632173
8.542496131632173
8.542496131632173
8.542496131632173
8.542496131632173
8.542496131632173
8.542496131632173
8.542496131632173
8.542496131632173
8.542496131632173
8.542496131632173
8.542496131632173
8.542496131632173
8.542496131632173
8.542496131632173
8.542496131632173
8.542496131632173
8.542496131632173
8.542496131632173
8.542496131632173
8.542496131632173
8.542496131632173
8.542496131632173
8.542496131632173
8.542496131632173
8.542496131632173
8.542496131632173
8.542496131632173
8.542496131632173
8.542496131632173
8.542496131632173
8.542496131632173
8.542496131632173
8.542496131632173
8.542496131632173
8.542496131632173
8.542496131632173
8.542496131632173
8.542496131632173
8.542496131632173
8.542496131632173
8.542496131632173
8.542496131632173
8.542496131632173
8.542496131632173
8.542496131632173
8.542496131632173
8.542496131632173
8.542496131632173
8.542496131632173
8.542496131632173
8.542496131632173
8.542496131632173
8.542496131632173
8.542496131632173
8.542496131632173
8.542496131632173
8.542496131632173
8.542496131632173
8.542496131632173
8.542496131632173
8.542496131632173
8.542496131632173
8.542496131632173
8.542496131632173
8.542496131632173
8.542496131632173
8.542496131632173
8.542496131632173
8.542496131632173
8.542496131632173
8.542496131632173
8.542496131632173
8.542496131632173
8.542496131632173
8.542496131632173
8.542496131632173
8.542496131632173
8.542496131632173
8.542496131632173
8.542496131632173
8.542496131632173
8.542496131632173
8.542496131632173
8.542496131632173
8.542496131632173
8.542496131632173
8.542496131632173
8.542496131632173
8.542496131632173
8.542496131632173
8.542496131632173
8.542496131632173
8.542496131632173
8.542496131632173
8.542496131632173
8.542496131632173
8.542496131632173
8.542496131632173
8.542496131632173
8.542496131632173
8.542496131632173
8.542496131632173
8.542496131632173
8.542496131632173
8.542496131632173
8.542496131632173
8.542496131632173
8.542496131632173
8.542496131632173
8.542496131632173
8.542496131632173
8.542496131632173
8.542496131632173
8.542496131632173
8.542496131632173
8.542496131632173
8.542496131632173
8.542496131632173
8.542496131632173
8.542496131632173
8.542496131632173
8.542496131632173
8.542496131632173
8.542496131632173
8.542496131632173
8.542496131632173
8.542496131632173
8.542496131632173
8.542496131632173
8.542496131632173
8.542496131632173
8.542496131632173
8.542496131632173
8.542496131632173
8.542496131632173
8.542496131632173
8.542496131632173
8.542496131632173
8.542496131632173
8.542496131632173
8.542496131632173
8.542496131632173
8.542496131632173
8.542496131632173
8.542496131632173
8.542496131632173
8.542496131632173
8.542496131632173
8.542496131632173
8.542496131632173
8.660630754193226
8.660630754193226
8.660630754193226
8.660630754193226
8.660630754193226
8.660630754193226
8.660630754193226
8.660630754193226
8.660630754193226
8.660630754193226
8.660630754193226
8.660630754193226
8.660630754193226
8.660630754193226
8.660630754193226
8.660630754193226
8.660630754193226
8.660630754193226
8.660630754193226
8.660630754193226
8.660630754193226
8.660630754193226
8.660630754193226
8.660630754193226
8.660630754193226
8.660630754193226
8.660630754193226
8.660630754193226
8.660630754193226
8.660630754193226
8.660630754193226
8.660630754193226
8.660630754193226
8.660630754193226
8.660630754193226
8.660630754193226
8.660630754193226
8.660630754193226
8.660630754193226
8.660630754193226
8.660630754193226
8.660630754193226
8.660630754193226
8.660630754193226
8.660630754193226
8.660630754193226
8.660630754193226
8.660630754193226
8.660630754193226
8.660630754193226
8.660630754193226
8.660630754193226
8.660630754193226
8.660630754193226
8.660630754193226
8.660630754193226
8.660630754193226
8.660630754193226
8.660630754193226
8.660630754193226
8.660630754193226
8.660630754193226
8.660630754193226
8.660630754193226
8.660630754193226
8.660630754193226
8.660630754193226
8.660630754193226
8.660630754193226
8.660630754193226
8.660630754193226
8.660630754193226
8.660630754193226
8.660630754193226
8.660630754193226
8.660630754193226
8.660630754193226
8.660630754193226
8.660630754193226
8.660630754193226
8.660630754193226
8.660630754193226
8.660630754193226
8.660630754193226
8.660630754193226
8.660630754193226
8.660630754193226
8.660630754193226
8.660630754193226
8.660630754193226
8.660630754193226
8.660630754193226
8.660630754193226
8.660630754193226
8.660630754193226
8.660630754193226
8.660630754193226
8.660630754193226
8.660630754193226
8.660630754193226
8.660630754193226
8.660630754193226
8.660630754193226
8.660630754193226
8.660630754193226
8.660630754193226
8.660630754193226
8.660630754193226
8.660630754193226
8.660630754193226
8.660630754193226
8.660630754193226
8.660630754193226
8.660630754193226
8.660630754193226
8.660630754193226
8.660630754193226
8.660630754193226
8.660630754193226
8.660630754193226
8.660630754193226
8.660630754193226
8.660630754193226
8.660630754193226
8.660630754193226
8.660630754193226
8.660630754193226
8.660630754193226
8.660630754193226
8.660630754193226
8.660630754193226
8.660630754193226
8.660630754193226
8.660630754193226
8.660630754193226
8.660630754193226
8.660630754193226
8.660630754193226
8.660630754193226
8.660630754193226
8.660630754193226
8.660630754193226
8.660630754193226
8.660630754193226
8.660630754193226
8.660630754193226
8.660630754193226
8.660630754193226
8.660630754193226
8.660630754193226
8.660630754193226
8.660630754193226
8.660630754193226
8.660630754193226
8.660630754193226
8.660630754193226
8.660630754193226
8.660630754193226
8.660630754193226
8.660630754193226
8.660630754193226
8.660630754193226
8.660630754193226
8.660630754193226
8.660630754193226
8.660630754193226
8.660630754193226
8.660630754193226
8.660630754193226
8.660630754193226
8.660630754193226
8.660630754193226
8.660630754193226
8.660630754193226
8.660630754193226
8.660630754193226
8.660630754193226
8.660630754193226
8.660630754193226
8.660630754193226
8.660630754193226
8.660630754193226
8.660630754193226
8.660630754193226
8.660630754193226
8.660630754193226
8.660630754193226
8.660630754193226
8.660630754193226
8.660630754193226
8.660630754193226
8.660630754193226
8.660630754193226
8.660630754193226
8.660630754193226
8.660630754193226
8.660630754193226
8.660630754193226
8.660630754193226
8.660630754193226
8.660630754193226
8.660630754193226
8.660630754193226
8.660630754193226
8.660630754193226
8.660630754193226
8.660630754193226
8.660630754193226
8.660630754193226
8.660630754193226
8.660630754193226
8.660630754193226
8.660630754193226
8.660630754193226
8.660630754193226
8.660630754193226
8.660630754193226
8.660630754193226
8.660630754193226
8.660630754193226
8.660630754193226
8.660630754193226
8.660630754193226
8.660630754193226
8.660630754193226
8.660630754193226
8.660630754193226
8.660630754193226
8.660630754193226
8.660630754193226
8.660630754193226
8.660630754193226
8.660630754193226
8.660630754193226
8.660630754193226
8.660630754193226
8.660630754193226
8.660630754193226
8.660630754193226
8.660630754193226
8.660630754193226
8.660630754193226
8.660630754193226
8.660630754193226
8.660630754193226
8.660630754193226
8.660630754193226
8.660630754193226
8.660630754193226
8.660630754193226
8.660630754193226
8.660630754193226
8.660630754193226
8.660630754193226
8.660630754193226
8.660630754193226
8.660630754193226
8.660630754193226
8.660630754193226
8.660630754193226
8.660630754193226
8.660630754193226
8.660630754193226
8.660630754193226
8.660630754193226
8.660630754193226
8.660630754193226
8.660630754193226
8.660630754193226
8.660630754193226
8.660630754193226
8.660630754193226
8.660630754193226
8.660630754193226
8.660630754193226
8.660630754193226
8.660630754193226
8.660630754193226
8.660630754193226
8.660630754193226
8.660630754193226
8.660630754193226
8.660630754193226
8.660630754193226
8.660630754193226
8.660630754193226
8.660630754193226
8.660630754193226
8.660630754193226
8.660630754193226
8.660630754193226
8.660630754193226
8.660630754193226
8.660630754193226
8.660630754193226
8.660630754193226
8.660630754193226
8.660630754193226
8.660630754193226
8.660630754193226
8.660630754193226
8.660630754193226
8.660630754193226
8.660630754193226
8.660630754193226
8.660630754193226
8.660630754193226
8.660630754193226
8.660630754193226
8.660630754193226
8.660630754193226
8.660630754193226
8.660630754193226
8.660630754193226
8.660630754193226
8.660630754193226
8.660630754193226
8.660630754193226
8.660630754193226
8.660630754193226
8.660630754193226
8.660630754193226
8.660630754193226
8.660630754193226
8.660630754193226
8.660630754193226
8.660630754193226
8.660630754193226
8.660630754193226
8.660630754193226
8.660630754193226
8.660630754193226
8.660630754193226
8.660630754193226
8.660630754193226
8.660630754193226
8.660630754193226
8.660630754193226
8.660630754193226
8.660630754193226
8.660630754193226
8.660630754193226
8.660630754193226
8.660630754193226
8.660630754193226
8.660630754193226
8.660630754193226
8.660630754193226
8.660630754193226
8.660630754193226
8.660630754193226
8.660630754193226
8.660630754193226
8.660630754193226
8.660630754193226
8.660630754193226
8.660630754193226
8.660630754193226
8.660630754193226
8.660630754193226
8.660630754193226
8.660630754193226
8.660630754193226
8.660630754193226
Score: 8.660630754193226
Runtime: 637ms
