7.217120811826526E-9
7.217120811826526E-9
7.217120811826526E-9
6.636168474780626E-5
6.636168474780626E-5
3.8057285899527E-4
0.0011895163825362551
0.0011895163825362551
0.0011895163825362551
0.0011895163825362551
0.0011895163825362551
0.0018982383347107494
0.0018982383347107494
0.005320638996925754
0.005320638996925754
0.03758402707269772
0.03758402707269772
0.03758402707269772
0.07743397828602397
0.07743397828602397
0.07743397828602397
0.07743397828602397
0.07743397828602397
0.07743397828602397
0.1954936664999454
0.1954936664999454
0.1954936664999454
0.21747092422662928
0.21747092422662928
0.2878851423360419
0.2878851423360419
0.3100347009346554
0.3100347009346554
0.3100347009346554
0.3100347009346554
0.625695488797821
0.65488773392893
0.65488773392893
0.65488773392893
0.65488773392893
0.65488773392893
0.65488773392893
0.65488773392893
1.0819188803845423
1.0819188803845423
1.0819188803845423
1.0819188803845423
1.0819188803845423
1.0819188803845423
1.0819188803845423
1.0819188803845423
1.0819188803845423
1.0819188803845423
1.0819188803845423
1.0819188803845423
1.0819188803845423
1.0819188803845423
1.0819188803845423
1.0819188803845423
1.0819188803845423
1.0819188803845423
1.0819188803845423
1.0819188803845423
1.0819188803845423
1.0819188803845423
1.5223753706699599
1.5223753706699599
1.5223753706699599
1.5223753706699599
1.5223753706699599
1.5223753706699599
1.5223753706699599
1.5223753706699599
1.5223753706699599
1.5223753706699599
1.5223753706699599
2.280200215854851
2.280200215854851
2.280200215854851
2.280200215854851
2.280200215854851
2.280200215854851
2.280200215854851
2.280200215854851
2.280200215854851
2.280200215854851
2.280200215854851
2.280200215854851
2.3184854137512514
2.3184854137512514
2.3184854137512514
2.3184854137512514
2.3184854137512514
2.3184854137512514
2.3184854137512514
2.3184854137512514
2.3184854137512514
2.3184854137512514
2.3184854137512514
2.3184854137512514
2.3184854137512514
2.3184854137512514
2.3184854137512514
2.3184854137512514
3.356004878333379
3.356004878333379
3.356004878333379
3.356004878333379
3.356004878333379
3.356004878333379
3.356004878333379
3.356004878333379
3.356004878333379
4.148842871185992
4.148842871185992
4.148842871185992
4.148842871185992
4.148842871185992
4.148842871185992
4.148842871185992
4.148842871185992
4.148842871185992
4.148842871185992
4.148842871185992
4.148842871185992
4.148842871185992
4.148842871185992
4.148842871185992
4.148842871185992
4.148842871185992
4.148842871185992
4.148842871185992
4.148842871185992
4.148842871185992
4.148842871185992
4.148842871185992
4.148842871185992
4.148842871185992
4.148842871185992
4.148842871185992
4.148842871185992
4.148842871185992
4.148842871185992
4.148842871185992
4.148842871185992
4.148842871185992
4.148842871185992
4.815275279071729
4.815275279071729
4.815275279071729
4.815275279071729
4.815275279071729
4.815275279071729
4.815275279071729
4.815275279071729
4.815275279071729
4.815275279071729
4.815275279071729
4.815275279071729
4.815275279071729
4.815275279071729
4.815275279071729
4.815275279071729
4.815275279071729
4.815275279071729
4.815275279071729
4.815275279071729
4.815275279071729
4.815275279071729
4.815275279071729
4.815275279071729
4.815275279071729
4.815275279071729
4.815275279071729
4.815275279071729
4.815275279071729
4.815275279071729
4.815275279071729
4.815275279071729
4.815275279071729
4.815275279071729
4.815275279071729
4.815275279071729
4.815275279071729
4.815275279071729
4.815275279071729
4.815275279071729
4.815275279071729
4.815275279071729
4.815275279071729
4.815275279071729
4.815275279071729
4.815275279071729
5.146036524625743
5.146036524625743
5.146036524625743
5.146036524625743
5.146036524625743
5.146036524625743
5.146036524625743
5.146036524625743
5.146036524625743
5.146036524625743
5.146036524625743
5.146036524625743
5.146036524625743
5.146036524625743
5.146036524625743
5.146036524625743
5.146036524625743
5.146036524625743
5.146036524625743
5.146036524625743
5.146036524625743
5.146036524625743
5.146036524625743
5.146036524625743
5.146036524625743
5.146036524625743
5.146036524625743
5.146036524625743
5.146036524625743
5.146036524625743
5.146036524625743
5.146036524625743
5.146036524625743
5.146036524625743
5.146036524625743
5.146036524625743
5.146036524625743
5.146036524625743
5.146036524625743
5.146036524625743
5.146036524625743
5.146036524625743
6.121900588581161
6.121900588581161
6.121900588581161
6.404496770373564
6.404496770373564
6.404496770373564
6.404496770373564
6.404496770373564
6.404496770373564
6.404496770373564
6.404496770373564
6.404496770373564
6.404496770373564
6.404496770373564
6.404496770373564
6.404496770373564
6.404496770373564
6.404496770373564
6.404496770373564
6.404496770373564
6.404496770373564
6.404496770373564
6.404496770373564
6.404496770373564
6.404496770373564
6.404496770373564
6.914591051724678
6.914591051724678
6.914591051724678
6.914591051724678
6.914591051724678
6.914591051724678
6.914591051724678
6.914591051724678
6.914591051724678
6.914591051724678
6.914591051724678
6.914591051724678
6.914591051724678
6.914591051724678
6.914591051724678
6.914591051724678
6.914591051724678
6.914591051724678
6.914591051724678
6.914591051724678
6.914591051724678
6.914591051724678
6.914591051724678
6.914591051724678
6.914591051724678
6.914591051724678
6.914591051724678
6.914591051724678
6.914591051724678
6.914591051724678
6.914591051724678
6.914591051724678
6.914591051724678
6.914591051724678
6.914591051724678
6.914591051724678
6.914591051724678
6.914591051724678
6.914591051724678
6.914591051724678
6.914591051724678
6.914591051724678
6.914591051724678
7.046846701862033
7.046846701862033
7.046846701862033
7.046846701862033
7.046846701862033
7.046846701862033
7.046846701862033
7.2551167953659865
7.2551167953659865
7.2551167953659865
7.2551167953659865
7.2551167953659865
7.2551167953659865
7.2551167953659865
7.2551167953659865
7.2551167953659865
7.2551167953659865
7.2551167953659865
7.2551167953659865
7.2551167953659865
7.2551167953659865
7.2551167953659865
7.2551167953659865
7.2551167953659865
7.2551167953659865
7.2551167953659865
7.2551167953659865
7.2551167953659865
7.2551167953659865
7.2551167953659865
7.2551167953659865
7.2551167953659865
7.2551167953659865
7.2551167953659865
7.2551167953659865
7.2551167953659865
7.427202124245152
7.427202124245152
7.427202124245152
7.427202124245152
7.427202124245152
7.427202124245152
7.427202124245152
7.427202124245152
7.427202124245152
7.427202124245152
7.427202124245152
7.427202124245152
7.427202124245152
7.427202124245152
7.427202124245152
7.427202124245152
7.427202124245152
7.427202124245152
7.427202124245152
7.427202124245152
7.427202124245152
7.427202124245152
7.427202124245152
7.427202124245152
7.427202124245152
7.4382221756532365
7.4382221756532365
7.4382221756532365
7.4382221756532365
7.4382221756532365
7.4382221756532365
7.4382221756532365
7.622326589789866
7.622326589789866
7.622326589789866
7.622326589789866
7.622326589789866
7.622326589789866
7.622326589789866
7.622326589789866
7.622326589789866
7.622326589789866
7.622326589789866
7.622326589789866
7.622326589789866
7.622326589789866
7.622326589789866
7.622326589789866
7.622326589789866
7.622326589789866
7.622326589789866
7.622326589789866
7.622326589789866
7.6804629588575555
7.6804629588575555
7.6804629588575555
7.6804629588575555
7.6804629588575555
7.6804629588575555
7.6804629588575555
7.6804629588575555
7.6804629588575555
7.6804629588575555
7.6804629588575555
7.713727828672061
7.713727828672061
8.435683289557883
8.435683289557883
8.435683289557883
8.435683289557883
8.435683289557883
8.435683289557883
8.435683289557883
8.435683289557883
8.435683289557883
8.435683289557883
8.435683289557883
8.435683289557883
8.435683289557883
8.435683289557883
8.435683289557883
8.435683289557883
8.435683289557883
8.435683289557883
8.435683289557883
8.461734284652639
8.461734284652639
8.461734284652639
8.461734284652639
8.461734284652639
8.461734284652639
8.461734284652639
8.461734284652639
8.461734284652639
8.461734284652639
8.461734284652639
8.461734284652639
8.461734284652639
8.461734284652639
8.461734284652639
8.461734284652639
8.461734284652639
8.461734284652639
8.461734284652639
8.530812461021757
8.530812461021757
8.565863558090456
8.565863558090456
8.565863558090456
8.565863558090456
8.565863558090456
8.811449097378143
8.811449097378143
8.811449097378143
8.811449097378143
8.811449097378143
8.811449097378143
8.811449097378143
8.811449097378143
8.811449097378143
8.811449097378143
8.811449097378143
8.811449097378143
8.811449097378143
8.811449097378143
8.811449097378143
8.811449097378143
8.811449097378143
8.811449097378143
8.811449097378143
8.969705895748483
8.969705895748483
8.969705895748483
8.969705895748483
8.969705895748483
8.969705895748483
8.969705895748483
8.969705895748483
8.969705895748483
8.969705895748483
8.969705895748483
8.969705895748483
8.969705895748483
8.969705895748483
8.969705895748483
8.969705895748483
8.969705895748483
8.969705895748483
8.969705895748483
8.969705895748483
8.969705895748483
8.969705895748483
8.969705895748483
8.969705895748483
8.969705895748483
8.969705895748483
8.969705895748483
8.969705895748483
8.969705895748483
8.969705895748483
8.969705895748483
8.969705895748483
8.969705895748483
8.969705895748483
8.969705895748483
8.969705895748483
8.969705895748483
8.969705895748483
8.969705895748483
8.969705895748483
8.969705895748483
8.969705895748483
8.969705895748483
8.969705895748483
8.969705895748483
8.969705895748483
8.969705895748483
8.986876773411534
8.986876773411534
8.986876773411534
8.986876773411534
8.986876773411534
8.986876773411534
8.986876773411534
8.986876773411534
8.986876773411534
8.986876773411534
8.986876773411534
8.986876773411534
8.986876773411534
8.986876773411534
8.986876773411534
8.986876773411534
8.986876773411534
8.986876773411534
8.986876773411534
8.986876773411534
8.986876773411534
8.986876773411534
8.986876773411534
8.986876773411534
8.986876773411534
8.986876773411534
8.986876773411534
8.986876773411534
8.986876773411534
8.986876773411534
8.986876773411534
8.986876773411534
8.986876773411534
8.999479029383103
8.999479029383103
8.999479029383103
8.999479029383103
8.999479029383103
8.999479029383103
8.999479029383103
8.999479029383103
8.999479029383103
8.999479029383103
8.999479029383103
8.999479029383103
8.999479029383103
8.999479029383103
8.999479029383103
8.999479029383103
8.999479029383103
8.999479029383103
8.999479029383103
8.999479029383103
8.999479029383103
8.999479029383103
8.999479029383103
9.058732404938596
9.058732404938596
9.058732404938596
9.058732404938596
9.058732404938596
9.058732404938596
9.058732404938596
9.058732404938596
9.058732404938596
9.058732404938596
9.058732404938596
9.058732404938596
9.058732404938596
9.058732404938596
9.058732404938596
9.058732404938596
9.058732404938596
9.058732404938596
9.074648697298956
9.074648697298956
9.074648697298956
9.074648697298956
9.074648697298956
9.074648697298956
9.074648697298956
9.074648697298956
9.074648697298956
9.074648697298956
9.074648697298956
9.074648697298956
9.074648697298956
9.074648697298956
9.183745588549149
9.183745588549149
9.183745588549149
9.183745588549149
9.183745588549149
9.183745588549149
9.183745588549149
9.183745588549149
9.183745588549149
9.183745588549149
9.183745588549149
9.183745588549149
9.183745588549149
9.183745588549149
9.183745588549149
9.183745588549149
9.183745588549149
9.183745588549149
9.183745588549149
9.183745588549149
9.183745588549149
9.183745588549149
9.183745588549149
9.183745588549149
9.183745588549149
9.183745588549149
9.183745588549149
9.183745588549149
9.183745588549149
9.183745588549149
9.183745588549149
9.183745588549149
9.183745588549149
9.183745588549149
9.183745588549149
9.183745588549149
9.183745588549149
9.183745588549149
9.183745588549149
9.183745588549149
9.183745588549149
9.183745588549149
9.183745588549149
9.183745588549149
9.183745588549149
9.183745588549149
9.183745588549149
9.183745588549149
9.183745588549149
9.183745588549149
9.183745588549149
9.183745588549149
9.183745588549149
9.183745588549149
9.183745588549149
9.183745588549149
9.183745588549149
9.183745588549149
9.183745588549149
9.183745588549149
9.338206648354557
9.338206648354557
9.338206648354557
9.338206648354557
9.338206648354557
9.338206648354557
9.338206648354557
9.338206648354557
9.338206648354557
9.338206648354557
9.338206648354557
9.338206648354557
9.338206648354557
9.338206648354557
9.338206648354557
9.338206648354557
9.338206648354557
9.338206648354557
9.338206648354557
9.338206648354557
9.338206648354557
9.338206648354557
9.338206648354557
9.338206648354557
9.338206648354557
9.338206648354557
9.338206648354557
9.338206648354557
9.338206648354557
9.338206648354557
9.338206648354557
9.424502327604733
9.424502327604733
9.489019775006168
9.489019775006168
9.489019775006168
9.489019775006168
9.489019775006168
9.489019775006168
9.489019775006168
9.489019775006168
9.489019775006168
9.489019775006168
9.489019775006168
9.489019775006168
9.489019775006168
9.489019775006168
9.537147158187171
9.537147158187171
9.537147158187171
9.537147158187171
9.537147158187171
9.537147158187171
9.537147158187171
9.537147158187171
9.537147158187171
9.537147158187171
9.537147158187171
9.547621734024021
9.547621734024021
9.547621734024021
9.547621734024021
9.547621734024021
9.547621734024021
9.547621734024021
9.547621734024021
9.547621734024021
9.547621734024021
9.547621734024021
9.547621734024021
9.547621734024021
9.547621734024021
9.547621734024021
9.547621734024021
9.547621734024021
9.547621734024021
9.547621734024021
9.547621734024021
9.547621734024021
9.547621734024021
9.547621734024021
9.547621734024021
9.547621734024021
9.547621734024021
9.547621734024021
9.547621734024021
9.547621734024021
9.547621734024021
9.547621734024021
9.547621734024021
9.547621734024021
9.547621734024021
9.547621734024021
9.547621734024021
9.547621734024021
9.547621734024021
9.547621734024021
9.547621734024021
9.547621734024021
9.547621734024021
9.547621734024021
9.547621734024021
9.547621734024021
9.547950888636379
9.547950888636379
9.547950888636379
9.547950888636379
9.547950888636379
9.547950888636379
9.547950888636379
9.547950888636379
9.547950888636379
9.547950888636379
9.547950888636379
9.547950888636379
9.547950888636379
9.547950888636379
9.547950888636379
9.547950888636379
9.547950888636379
9.547950888636379
9.547950888636379
9.547950888636379
9.547950888636379
9.547950888636379
9.547950888636379
9.547950888636379
9.547950888636379
9.547950888636379
9.547950888636379
9.547950888636379
9.547950888636379
9.641302205760587
9.641302205760587
9.641302205760587
9.641302205760587
9.641302205760587
9.641302205760587
9.641302205760587
9.641302205760587
9.641302205760587
9.641302205760587
9.641302205760587
9.641302205760587
9.641302205760587
9.641302205760587
9.641302205760587
9.641302205760587
9.641302205760587
9.641302205760587
9.641302205760587
9.641302205760587
9.641302205760587
9.641302205760587
9.641302205760587
9.641302205760587
9.641302205760587
9.641302205760587
9.641302205760587
9.641302205760587
9.641302205760587
9.641302205760587
9.641302205760587
9.641302205760587
9.641302205760587
9.641302205760587
9.641302205760587
9.641302205760587
9.641302205760587
9.641302205760587
9.641302205760587
9.641302205760587
9.641302205760587
9.641302205760587
9.641302205760587
9.641302205760587
9.641302205760587
9.641302205760587
9.641302205760587
9.641302205760587
9.684718201674777
9.684718201674777
9.684718201674777
9.684718201674777
9.684718201674777
9.684718201674777
9.684718201674777
9.690593272881319
9.690593272881319
9.690593272881319
9.690593272881319
9.690593272881319
9.690593272881319
9.690593272881319
9.690593272881319
9.690593272881319
9.690593272881319
9.690593272881319
9.690593272881319
9.690593272881319
9.690593272881319
9.690593272881319
9.690593272881319
9.690593272881319
9.690593272881319
9.690593272881319
9.690593272881319
9.690593272881319
9.690593272881319
9.690593272881319
9.690593272881319
9.690593272881319
9.690593272881319
9.690593272881319
9.690593272881319
9.690593272881319
9.690593272881319
9.690593272881319
9.690593272881319
9.690593272881319
9.775935798599342
9.775935798599342
9.775935798599342
9.775935798599342
9.775935798599342
9.775935798599342
9.775935798599342
9.775935798599342
9.775935798599342
9.775935798599342
9.775935798599342
9.775935798599342
9.775935798599342
9.775935798599342
9.775935798599342
9.775935798599342
9.775935798599342
9.775935798599342
9.775935798599342
9.775935798599342
9.775935798599342
9.775935798599342
9.775935798599342
9.775935798599342
9.775935798599342
9.775935798599342
9.775935798599342
9.775935798599342
9.775935798599342
9.775935798599342
9.775935798599342
9.775935798599342
9.775935798599342
9.775935798599342
9.775935798599342
9.775935798599342
9.775935798599342
9.775935798599342
9.775935798599342
9.775935798599342
9.775935798599342
9.775935798599342
9.775935798599342
9.775935798599342
9.775935798599342
9.775935798599342
9.775935798599342
9.775935798599342
9.775935798599342
9.775935798599342
9.775935798599342
9.775935798599342
9.775935798599342
9.775935798599342
9.775935798599342
9.775935798599342
9.775935798599342
9.775935798599342
9.775935798599342
9.775935798599342
9.775935798599342
9.775935798599342
9.775935798599342
9.775935798599342
9.775935798599342
9.775935798599342
9.775935798599342
9.775935798599342
9.775935798599342
9.775935798599342
9.775935798599342
9.775935798599342
9.775935798599342
9.775935798599342
9.775935798599342
9.775935798599342
9.775935798599342
9.775935798599342
9.775935798599342
9.775935798599342
9.775935798599342
9.775935798599342
9.775935798599342
9.775935798599342
9.775935798599342
9.775935798599342
9.776001568066073
9.776001568066073
9.776001568066073
9.776001568066073
9.776001568066073
9.776001568066073
9.776001568066073
9.776001568066073
9.776001568066073
9.776001568066073
9.776001568066073
9.776001568066073
9.776001568066073
9.776001568066073
9.776001568066073
9.776001568066073
9.776001568066073
9.776001568066073
9.776001568066073
9.776001568066073
9.776001568066073
9.776001568066073
9.776001568066073
9.776001568066073
9.776001568066073
9.776001568066073
9.776001568066073
9.776001568066073
9.776001568066073
9.776001568066073
9.776001568066073
9.776001568066073
9.776001568066073
9.776001568066073
9.776001568066073
9.776001568066073
9.776001568066073
9.776001568066073
9.776001568066073
9.776001568066073
9.776001568066073
9.776001568066073
9.776001568066073
9.776001568066073
9.776001568066073
9.776001568066073
9.776001568066073
9.776001568066073
9.776001568066073
9.776001568066073
9.776001568066073
9.776001568066073
9.776001568066073
9.776001568066073
9.776001568066073
9.776001568066073
9.776001568066073
9.776001568066073
9.776001568066073
9.776001568066073
9.776001568066073
9.776001568066073
9.776001568066073
9.776001568066073
9.776001568066073
9.776001568066073
9.776001568066073
9.776001568066073
9.776001568066073
9.776001568066073
9.776001568066073
9.776001568066073
9.776001568066073
9.776001568066073
9.776001568066073
9.776001568066073
9.776001568066073
9.776001568066073
9.776001568066073
9.776001568066073
9.776001568066073
9.776001568066073
9.776001568066073
9.776001568066073
9.776001568066073
9.776001568066073
9.776001568066073
9.776001568066073
9.776001568066073
9.776001568066073
9.776001568066073
9.776001568066073
9.776001568066073
9.776001568066073
9.776001568066073
9.776001568066073
9.776001568066073
9.776001568066073
9.776001568066073
9.776001568066073
9.776001568066073
9.776001568066073
9.776001568066073
9.776001568066073
9.776001568066073
9.776001568066073
9.776001568066073
9.776001568066073
9.776001568066073
9.776001568066073
9.776001568066073
9.776001568066073
9.776001568066073
9.776001568066073
9.776001568066073
9.776001568066073
9.776001568066073
9.776001568066073
9.776001568066073
9.776001568066073
9.776001568066073
9.776001568066073
9.776001568066073
9.776001568066073
9.776001568066073
9.776001568066073
9.776001568066073
9.776001568066073
9.776001568066073
9.776001568066073
9.776001568066073
9.776001568066073
9.776001568066073
9.776001568066073
9.776001568066073
9.776001568066073
9.776001568066073
9.776001568066073
9.776001568066073
9.776001568066073
9.776001568066073
9.776001568066073
9.776001568066073
9.776001568066073
9.776001568066073
9.776001568066073
9.776001568066073
9.776001568066073
9.776001568066073
9.776001568066073
9.776001568066073
9.776001568066073
9.776001568066073
9.776001568066073
9.776001568066073
9.776001568066073
9.776001568066073
9.776001568066073
9.776001568066073
9.776001568066073
9.776001568066073
9.776001568066073
9.776001568066073
9.776001568066073
9.776001568066073
9.776001568066073
9.776001568066073
9.776001568066073
9.776001568066073
9.776001568066073
9.776001568066073
9.776001568066073
9.776001568066073
9.776001568066073
9.776001568066073
9.776001568066073
9.776001568066073
9.776001568066073
9.776001568066073
9.776001568066073
9.776001568066073
9.776001568066073
9.776001568066073
9.776001568066073
9.776001568066073
9.776001568066073
9.776001568066073
9.776001568066073
9.776001568066073
9.776001568066073
9.776001568066073
9.776001568066073
9.776001568066073
9.776001568066073
9.776001568066073
9.776001568066073
9.776001568066073
9.776001568066073
9.776001568066073
9.776001568066073
9.776001568066073
9.776001568066073
9.776001568066073
9.776001568066073
9.776001568066073
9.776001568066073
9.776001568066073
9.776001568066073
9.776001568066073
9.776001568066073
9.776001568066073
9.776001568066073
9.776001568066073
9.776001568066073
9.776001568066073
9.776001568066073
9.776001568066073
9.776001568066073
9.776001568066073
9.776001568066073
9.776001568066073
9.776001568066073
9.776001568066073
9.776001568066073
9.776001568066073
9.776001568066073
9.776001568066073
9.776001568066073
9.776001568066073
9.776001568066073
9.776001568066073
9.776001568066073
9.776001568066073
9.776001568066073
9.776001568066073
9.776001568066073
9.776001568066073
9.776001568066073
9.776001568066073
9.776001568066073
9.776001568066073
9.776001568066073
9.776001568066073
9.776001568066073
9.776001568066073
9.776001568066073
9.776001568066073
9.776001568066073
9.776001568066073
9.776001568066073
9.776001568066073
9.776001568066073
9.776001568066073
9.776001568066073
9.776001568066073
9.776001568066073
9.776001568066073
9.776001568066073
9.776001568066073
9.776001568066073
9.776001568066073
9.776001568066073
9.776001568066073
9.776001568066073
9.776001568066073
9.776001568066073
9.776001568066073
9.776001568066073
9.776001568066073
9.776001568066073
9.776001568066073
9.776001568066073
9.776001568066073
9.776001568066073
9.776001568066073
9.776001568066073
9.776001568066073
9.776001568066073
9.776001568066073
9.776001568066073
9.776001568066073
9.776001568066073
9.776001568066073
9.776001568066073
9.776001568066073
9.776001568066073
9.776001568066073
9.776001568066073
9.776001568066073
9.776001568066073
9.776001568066073
9.776001568066073
9.776001568066073
9.776001568066073
9.776001568066073
9.776001568066073
9.776001568066073
9.776001568066073
9.776001568066073
9.776001568066073
9.776001568066073
9.776001568066073
9.776001568066073
9.776001568066073
9.776001568066073
9.776001568066073
9.776001568066073
9.776001568066073
9.776001568066073
9.776001568066073
9.776001568066073
9.776001568066073
9.776001568066073
9.776001568066073
9.776001568066073
9.776001568066073
9.776001568066073
9.776001568066073
9.776001568066073
9.776001568066073
9.776001568066073
9.776001568066073
9.776001568066073
9.776001568066073
9.776001568066073
9.776001568066073
9.776001568066073
9.776001568066073
9.776001568066073
9.776001568066073
9.776001568066073
9.776001568066073
9.776001568066073
9.776001568066073
9.776001568066073
9.776001568066073
9.776001568066073
9.776001568066073
9.776001568066073
9.776001568066073
9.776001568066073
9.776001568066073
9.776001568066073
9.776001568066073
9.776001568066073
9.776001568066073
9.776001568066073
9.776001568066073
9.776001568066073
9.776001568066073
9.776001568066073
9.776001568066073
9.776001568066073
9.776001568066073
9.776001568066073
9.776001568066073
9.776001568066073
9.776001568066073
9.776001568066073
9.776001568066073
9.776001568066073
9.776001568066073
9.776001568066073
9.776001568066073
9.776001568066073
9.776001568066073
9.776001568066073
9.776001568066073
9.776001568066073
9.776001568066073
9.776001568066073
9.776001568066073
9.776001568066073
9.776001568066073
9.776001568066073
9.776001568066073
9.776001568066073
9.776001568066073
9.776001568066073
9.776001568066073
9.776001568066073
9.776001568066073
9.776001568066073
9.776001568066073
9.776001568066073
9.776001568066073
9.776001568066073
9.776001568066073
9.776001568066073
9.776001568066073
9.776001568066073
9.776001568066073
9.776001568066073
9.776001568066073
9.776001568066073
9.776001568066073
9.776001568066073
9.776001568066073
9.776001568066073
9.776001568066073
9.776001568066073
9.776001568066073
9.776001568066073
9.776001568066073
9.776001568066073
9.776001568066073
9.776001568066073
9.776001568066073
9.776001568066073
9.776001568066073
9.776001568066073
9.776001568066073
9.776001568066073
9.776001568066073
9.776001568066073
9.776001568066073
9.776001568066073
9.776001568066073
9.776001568066073
9.776001568066073
9.776001568066073
9.776001568066073
9.776001568066073
9.776001568066073
9.776001568066073
9.776001568066073
9.776001568066073
9.776001568066073
9.776001568066073
9.776001568066073
9.776001568066073
9.776001568066073
9.776001568066073
9.776001568066073
9.776001568066073
9.776001568066073
9.776001568066073
9.776001568066073
9.776001568066073
9.776001568066073
9.776001568066073
9.776001568066073
9.776001568066073
9.776001568066073
9.776001568066073
9.776001568066073
9.776001568066073
9.776001568066073
9.776001568066073
9.776001568066073
9.776001568066073
9.776001568066073
9.776001568066073
9.776001568066073
9.776001568066073
9.776001568066073
9.776001568066073
9.776001568066073
9.776001568066073
9.776001568066073
9.776001568066073
9.776001568066073
9.776001568066073
9.776001568066073
9.776001568066073
9.776001568066073
9.776001568066073
9.776001568066073
9.776001568066073
9.776001568066073
9.776001568066073
9.776001568066073
9.776001568066073
9.776001568066073
9.776001568066073
9.776001568066073
9.776001568066073
9.776001568066073
9.776001568066073
9.776001568066073
9.776001568066073
9.776001568066073
9.776001568066073
9.776001568066073
9.776001568066073
9.776001568066073
9.776001568066073
9.776001568066073
9.776001568066073
9.776001568066073
9.776001568066073
9.776001568066073
9.776001568066073
9.776001568066073
9.776001568066073
9.776001568066073
9.776001568066073
9.776001568066073
9.776001568066073
9.776001568066073
9.776001568066073
9.776001568066073
9.776001568066073
9.776001568066073
9.776001568066073
9.776001568066073
9.776001568066073
9.776001568066073
9.776001568066073
9.776001568066073
9.776001568066073
9.776001568066073
9.776001568066073
9.776001568066073
9.776001568066073
9.776001568066073
9.776001568066073
9.776001568066073
9.776001568066073
9.776001568066073
9.776001568066073
9.776001568066073
9.776001568066073
9.776001568066073
9.776001568066073
9.776001568066073
9.776001568066073
9.776001568066073
9.776001568066073
9.776001568066073
9.776001568066073
9.776001568066073
9.776001568066073
9.776001568066073
9.776001568066073
9.776001568066073
9.776001568066073
9.776001568066073
9.776001568066073
9.776001568066073
9.776001568066073
9.776001568066073
9.776001568066073
9.776001568066073
9.776001568066073
9.776001568066073
9.776001568066073
9.776001568066073
9.776001568066073
9.776001568066073
9.776001568066073
9.776001568066073
9.776001568066073
9.776001568066073
9.776001568066073
9.776001568066073
9.776001568066073
9.776001568066073
9.776001568066073
9.776001568066073
9.776001568066073
9.776001568066073
9.776001568066073
9.776001568066073
9.776001568066073
9.776001568066073
9.776001568066073
9.776001568066073
9.776001568066073
9.776001568066073
9.776001568066073
9.776001568066073
9.776001568066073
9.776001568066073
9.776001568066073
9.776001568066073
9.776001568066073
9.776001568066073
9.776001568066073
9.776001568066073
9.776001568066073
9.776001568066073
9.776001568066073
9.776001568066073
9.776001568066073
9.776001568066073
9.776001568066073
9.776001568066073
9.776001568066073
9.776001568066073
9.776001568066073
9.776001568066073
9.776001568066073
9.776001568066073
9.776001568066073
9.776001568066073
9.776001568066073
9.776001568066073
9.776001568066073
9.776001568066073
9.776001568066073
9.776001568066073
9.776001568066073
9.776001568066073
9.776001568066073
9.776001568066073
9.776001568066073
9.776001568066073
9.776001568066073
9.776001568066073
9.776001568066073
9.776001568066073
9.776001568066073
9.776001568066073
9.776001568066073
9.776001568066073
9.776001568066073
9.776001568066073
9.776001568066073
9.776001568066073
9.776001568066073
9.776001568066073
9.776001568066073
9.776001568066073
9.776001568066073
9.776001568066073
9.776001568066073
9.776001568066073
9.776001568066073
9.776001568066073
9.776001568066073
9.776001568066073
9.776001568066073
9.776001568066073
9.776001568066073
9.776001568066073
9.776001568066073
9.776001568066073
9.776001568066073
9.776001568066073
9.776001568066073
9.776001568066073
9.776001568066073
9.776001568066073
9.776001568066073
9.776001568066073
9.776001568066073
9.776001568066073
9.776001568066073
9.776001568066073
9.776001568066073
9.776001568066073
9.776001568066073
9.776001568066073
9.776001568066073
9.776001568066073
9.776001568066073
9.776001568066073
9.776001568066073
9.776001568066073
9.776001568066073
9.776001568066073
9.776001568066073
9.776001568066073
9.776001568066073
9.776001568066073
9.776001568066073
9.776001568066073
9.776001568066073
9.776001568066073
9.776001568066073
9.776001568066073
9.776001568066073
9.776001568066073
9.776001568066073
9.776001568066073
9.776001568066073
9.776001568066073
9.776001568066073
9.776001568066073
9.776001568066073
9.776001568066073
9.776001568066073
9.776001568066073
9.776001568066073
9.776001568066073
9.776001568066073
9.776001568066073
9.776001568066073
9.776001568066073
9.776001568066073
9.776001568066073
9.776001568066073
9.776001568066073
9.776001568066073
9.776001568066073
9.776001568066073
9.776001568066073
9.776001568066073
9.776001568066073
9.776001568066073
9.776001568066073
9.776001568066073
9.776001568066073
9.776001568066073
9.776001568066073
9.776001568066073
9.776001568066073
9.776001568066073
9.776001568066073
9.776001568066073
9.776001568066073
9.776001568066073
9.776001568066073
9.776001568066073
9.776001568066073
9.776001568066073
9.776001568066073
9.776001568066073
9.776001568066073
9.776001568066073
9.776001568066073
9.776001568066073
9.776001568066073
9.776001568066073
9.776001568066073
9.776001568066073
9.776001568066073
9.776001568066073
9.776001568066073
9.776001568066073
9.776001568066073
9.776001568066073
9.776001568066073
9.776001568066073
9.776001568066073
9.776001568066073
9.776001568066073
9.776001568066073
9.776001568066073
9.776001568066073
9.776001568066073
9.776001568066073
9.776001568066073
9.776001568066073
9.776001568066073
9.776001568066073
9.776001568066073
9.776001568066073
9.776001568066073
9.776001568066073
9.776001568066073
9.776001568066073
9.776001568066073
9.776001568066073
9.776001568066073
9.776001568066073
9.776001568066073
9.776001568066073
9.776001568066073
9.776001568066073
9.776001568066073
9.776001568066073
9.776001568066073
9.776001568066073
9.776001568066073
9.776001568066073
9.776001568066073
9.776001568066073
9.776001568066073
9.776001568066073
9.776001568066073
9.776001568066073
9.776001568066073
9.776001568066073
9.776001568066073
9.776001568066073
9.776001568066073
9.776001568066073
9.776001568066073
9.776001568066073
9.776001568066073
9.776001568066073
9.776001568066073
9.776001568066073
9.776001568066073
9.776001568066073
9.776001568066073
9.776001568066073
9.776001568066073
9.776001568066073
9.776001568066073
9.776001568066073
9.776001568066073
9.776001568066073
9.776001568066073
9.776001568066073
9.776001568066073
9.776001568066073
9.776001568066073
9.776001568066073
9.776001568066073
9.776001568066073
9.776001568066073
9.776001568066073
9.776001568066073
9.776001568066073
9.776001568066073
9.776001568066073
9.776001568066073
9.776001568066073
9.776001568066073
9.776001568066073
9.776001568066073
9.776001568066073
9.776001568066073
9.776001568066073
9.776001568066073
9.776001568066073
9.776001568066073
9.776001568066073
9.776001568066073
9.776001568066073
9.776001568066073
9.776001568066073
9.776001568066073
9.776001568066073
9.776001568066073
9.776001568066073
9.776001568066073
9.776001568066073
9.776001568066073
9.776001568066073
9.776001568066073
9.776001568066073
9.776001568066073
9.776001568066073
9.776001568066073
9.776001568066073
9.776001568066073
9.776001568066073
9.776001568066073
9.776001568066073
9.776001568066073
9.776001568066073
9.776001568066073
9.776001568066073
9.776001568066073
9.776001568066073
9.776001568066073
9.776001568066073
9.776001568066073
9.776001568066073
9.776001568066073
9.776001568066073
9.776001568066073
9.776001568066073
9.776001568066073
9.776001568066073
9.776001568066073
9.776001568066073
9.776001568066073
9.776001568066073
9.776001568066073
9.776001568066073
9.776001568066073
9.776001568066073
9.776001568066073
9.776001568066073
9.776001568066073
9.776001568066073
9.776001568066073
9.776001568066073
9.776001568066073
9.776001568066073
9.776001568066073
9.776001568066073
9.776001568066073
9.776001568066073
9.776001568066073
9.776001568066073
9.776001568066073
9.776001568066073
9.776001568066073
9.776001568066073
9.776001568066073
9.776001568066073
9.776001568066073
9.776001568066073
9.776001568066073
9.776001568066073
9.776001568066073
9.776001568066073
9.776001568066073
9.776001568066073
9.776001568066073
9.776001568066073
9.776001568066073
9.776001568066073
9.776001568066073
9.776001568066073
9.776001568066073
9.776001568066073
9.776001568066073
9.776001568066073
9.776001568066073
9.776001568066073
9.776001568066073
9.776001568066073
9.776001568066073
9.776001568066073
9.776001568066073
9.776001568066073
9.776001568066073
9.776001568066073
9.776001568066073
9.776001568066073
9.776001568066073
9.776001568066073
9.776001568066073
9.776001568066073
9.776001568066073
9.776001568066073
9.776001568066073
9.776001568066073
9.776001568066073
9.776001568066073
9.776001568066073
9.776001568066073
9.776001568066073
9.776001568066073
9.776001568066073
9.776001568066073
9.776001568066073
9.776001568066073
9.776001568066073
9.776001568066073
9.776001568066073
9.776001568066073
9.776001568066073
9.776001568066073
9.776001568066073
9.776001568066073
9.776001568066073
9.776001568066073
9.776001568066073
9.776001568066073
9.776001568066073
9.776001568066073
9.776001568066073
9.776001568066073
9.776001568066073
9.776001568066073
9.776001568066073
9.776001568066073
9.776001568066073
9.776001568066073
9.776001568066073
9.776001568066073
9.776001568066073
9.776001568066073
9.776001568066073
9.776001568066073
9.776001568066073
9.776001568066073
9.776001568066073
9.776001568066073
9.776001568066073
9.776001568066073
9.776001568066073
9.776001568066073
9.776001568066073
9.776001568066073
9.776001568066073
9.776001568066073
9.776001568066073
9.776001568066073
9.776001568066073
9.776001568066073
9.776001568066073
9.776001568066073
9.776001568066073
9.776001568066073
9.776001568066073
9.776001568066073
9.776001568066073
9.776001568066073
9.776001568066073
9.776001568066073
9.776001568066073
9.776001568066073
9.776001568066073
9.776001568066073
9.776001568066073
9.776001568066073
9.776001568066073
9.776001568066073
9.776001568066073
9.776001568066073
9.776001568066073
9.776001568066073
9.776001568066073
9.776001568066073
9.776001568066073
9.776001568066073
9.776001568066073
9.776001568066073
9.776001568066073
9.776001568066073
9.776001568066073
9.776001568066073
9.776001568066073
9.776001568066073
9.776001568066073
9.776001568066073
9.776001568066073
9.776001568066073
9.776001568066073
9.776001568066073
9.776001568066073
9.776001568066073
9.776001568066073
9.776001568066073
9.776001568066073
9.776001568066073
9.776001568066073
9.776001568066073
Score: 9.776001568066073
Runtime: 639ms
