7.217120811826526E-9
7.217120811826526E-9
7.217120811826526E-9
7.38231127971172E-7
6.749536611756068E-5
6.749536611756068E-5
6.749536611756068E-5
1.5242454292408025E-4
0.004202443324394888
0.004202443324394888
0.006180374101191365
0.006180374101191365
0.006180374101191365
0.006180374101191365
0.006180374101191365
0.00692367705165008
0.14553537387921897
0.14553537387921897
0.14553537387921897
0.14553537387921897
0.14553537387921897
0.14553537387921897
0.14553537387921897
0.4843614017294434
0.4843614017294434
0.4843614017294434
0.4843614017294434
0.4843614017294434
0.4843614017294434
0.4843614017294434
0.4843614017294434
0.4843614017294434
0.6137203298251008
0.8143787855314513
0.879312011386961
0.879312011386961
2.49030929285518
2.49030929285518
2.49030929285518
2.49030929285518
2.49030929285518
2.49030929285518
2.49030929285518
2.508695771542913
2.508695771542913
2.508695771542913
2.508695771542913
2.508695771542913
2.508695771542913
2.508695771542913
2.508695771542913
2.508695771542913
2.508695771542913
2.508695771542913
2.508695771542913
2.508695771542913
2.508695771542913
2.9082933748828625
2.9082933748828625
2.9082933748828625
2.9082933748828625
2.9082933748828625
2.9082933748828625
2.9082933748828625
2.9082933748828625
3.0559042749639564
3.0559042749639564
3.0559042749639564
3.0559042749639564
3.0559042749639564
3.574798433134616
3.574798433134616
3.8030502950356624
4.123500335360639
4.637620139706622
4.641794617369816
4.641794617369816
4.641794617369816
4.641794617369816
4.641794617369816
5.139622868668172
5.139622868668172
5.139622868668172
5.139622868668172
5.139622868668172
5.139622868668172
5.139622868668172
5.20748782250812
6.061875646248617
6.061875646248617
6.061875646248617
6.061875646248617
6.061875646248617
6.061875646248617
6.061875646248617
6.061875646248617
6.076824942959403
6.272641703922282
6.272641703922282
6.924336998665938
6.924336998665938
6.924336998665938
6.924336998665938
6.924336998665938
6.924336998665938
6.924336998665938
6.924336998665938
6.924336998665938
6.924336998665938
6.924336998665938
6.924336998665938
6.924336998665938
6.924336998665938
6.924336998665938
6.924336998665938
6.924336998665938
6.924336998665938
6.924336998665938
6.924336998665938
6.924336998665938
6.924336998665938
6.924336998665938
6.924336998665938
6.924336998665938
6.924336998665938
6.924336998665938
6.924336998665938
6.924336998665938
6.924336998665938
6.924336998665938
6.924336998665938
6.924336998665938
6.924336998665938
6.924336998665938
6.924336998665938
6.924336998665938
6.924336998665938
6.924336998665938
6.924336998665938
6.924336998665938
6.924336998665938
6.924336998665938
6.924336998665938
6.924336998665938
6.924336998665938
6.924336998665938
6.924336998665938
6.924336998665938
6.924336998665938
6.924336998665938
6.924336998665938
6.924336998665938
6.924336998665938
6.924336998665938
6.924336998665938
6.924336998665938
6.924336998665938
6.924336998665938
6.924336998665938
6.924336998665938
6.924336998665938
6.924336998665938
6.924336998665938
6.924336998665938
6.924336998665938
6.924336998665938
6.924336998665938
6.924336998665938
6.924336998665938
6.924336998665938
6.924336998665938
6.924336998665938
6.924336998665938
6.924336998665938
6.924336998665938
6.924336998665938
6.924336998665938
6.924336998665938
6.924336998665938
6.924336998665938
6.924336998665938
6.924336998665938
6.924336998665938
6.924336998665938
6.924336998665938
6.924336998665938
6.924336998665938
6.924336998665938
6.924336998665938
6.924336998665938
6.924336998665938
6.924336998665938
6.924336998665938
6.924336998665938
6.924336998665938
6.924336998665938
6.924336998665938
6.924336998665938
6.924336998665938
6.924336998665938
6.924336998665938
6.924336998665938
6.924336998665938
6.924336998665938
6.924336998665938
6.924336998665938
6.924336998665938
6.924336998665938
6.924336998665938
6.924336998665938
6.924336998665938
6.924336998665938
6.924336998665938
6.924336998665938
6.924336998665938
6.924336998665938
6.924336998665938
6.924336998665938
6.924336998665938
6.924336998665938
6.924336998665938
6.924336998665938
6.924336998665938
6.924336998665938
6.924336998665938
6.924336998665938
6.924336998665938
6.924336998665938
6.924336998665938
6.924336998665938
6.924336998665938
6.924336998665938
6.924336998665938
6.924336998665938
6.924336998665938
6.924336998665938
6.924336998665938
6.924336998665938
6.924336998665938
6.924336998665938
6.924336998665938
6.924336998665938
6.924336998665938
6.924336998665938
6.924336998665938
6.924336998665938
6.924336998665938
6.924336998665938
6.924336998665938
6.924336998665938
6.924336998665938
6.924336998665938
6.924336998665938
6.924336998665938
6.924336998665938
6.924336998665938
6.924336998665938
6.924336998665938
6.924336998665938
6.924336998665938
6.924336998665938
6.924336998665938
6.924336998665938
6.924336998665938
6.924336998665938
6.924336998665938
6.924336998665938
6.924336998665938
6.924336998665938
6.924336998665938
6.924336998665938
6.924336998665938
6.924336998665938
6.924336998665938
6.924336998665938
6.924336998665938
6.924336998665938
6.924336998665938
7.3976669491576565
7.3976669491576565
7.3976669491576565
7.3976669491576565
7.3976669491576565
7.3976669491576565
7.3976669491576565
7.3976669491576565
7.3976669491576565
7.3976669491576565
7.3976669491576565
7.3976669491576565
7.3976669491576565
7.3976669491576565
7.3976669491576565
7.3976669491576565
7.3976669491576565
7.3976669491576565
7.3976669491576565
7.3976669491576565
7.3976669491576565
7.3976669491576565
7.3976669491576565
7.3976669491576565
7.3976669491576565
7.3976669491576565
7.3976669491576565
7.3976669491576565
7.3976669491576565
7.3976669491576565
7.3976669491576565
7.3976669491576565
7.3976669491576565
7.3976669491576565
7.3976669491576565
7.3976669491576565
7.3976669491576565
7.3976669491576565
7.3976669491576565
7.3976669491576565
7.3976669491576565
7.3976669491576565
7.3976669491576565
7.3976669491576565
7.3976669491576565
7.3976669491576565
7.3976669491576565
7.3976669491576565
7.3976669491576565
7.3976669491576565
7.3976669491576565
7.3976669491576565
7.3976669491576565
7.3976669491576565
7.3976669491576565
7.3976669491576565
7.3976669491576565
7.3976669491576565
7.3976669491576565
7.3976669491576565
7.3976669491576565
7.3976669491576565
7.3976669491576565
7.3976669491576565
7.3976669491576565
7.3976669491576565
7.3976669491576565
7.3976669491576565
7.3976669491576565
7.3976669491576565
7.3976669491576565
7.3976669491576565
7.3976669491576565
7.3976669491576565
7.3976669491576565
7.3976669491576565
7.3976669491576565
7.3976669491576565
7.3976669491576565
7.3976669491576565
7.3976669491576565
7.3976669491576565
7.3976669491576565
7.3976669491576565
7.3976669491576565
7.3976669491576565
7.3976669491576565
7.3976669491576565
7.3976669491576565
7.3976669491576565
7.3976669491576565
7.3976669491576565
7.3976669491576565
7.3976669491576565
7.3976669491576565
7.3976669491576565
7.3976669491576565
7.3976669491576565
7.3976669491576565
7.3976669491576565
7.3976669491576565
7.3976669491576565
7.3976669491576565
7.3976669491576565
7.3976669491576565
7.3976669491576565
7.3976669491576565
7.3976669491576565
7.3976669491576565
7.3976669491576565
7.3976669491576565
7.3976669491576565
7.3976669491576565
7.3976669491576565
7.3976669491576565
7.3976669491576565
7.3976669491576565
7.3976669491576565
7.3976669491576565
7.3976669491576565
7.3976669491576565
7.3976669491576565
7.3976669491576565
7.3976669491576565
7.3976669491576565
7.3976669491576565
7.3976669491576565
7.3976669491576565
7.3976669491576565
7.3976669491576565
7.3976669491576565
7.3976669491576565
7.3976669491576565
7.3976669491576565
7.3976669491576565
7.3976669491576565
7.3976669491576565
7.3976669491576565
7.3976669491576565
7.3976669491576565
7.3976669491576565
7.3976669491576565
7.3976669491576565
7.3976669491576565
7.3976669491576565
7.3976669491576565
7.3976669491576565
7.3976669491576565
7.3976669491576565
7.3976669491576565
7.538023006282424
7.538023006282424
7.538023006282424
7.538023006282424
7.538023006282424
7.538023006282424
7.538023006282424
7.538023006282424
7.538023006282424
7.538023006282424
7.538023006282424
7.538023006282424
7.538023006282424
7.538023006282424
7.538023006282424
7.538023006282424
7.538023006282424
7.538023006282424
7.538023006282424
7.538023006282424
7.538023006282424
7.538023006282424
7.538023006282424
7.538023006282424
7.538023006282424
7.538023006282424
7.538023006282424
7.538023006282424
7.538023006282424
7.538023006282424
7.538023006282424
7.538023006282424
7.538023006282424
7.538023006282424
7.538023006282424
7.538023006282424
7.538023006282424
7.538023006282424
7.538023006282424
7.538023006282424
7.538023006282424
7.538023006282424
7.538023006282424
7.538023006282424
7.538023006282424
7.538023006282424
7.538023006282424
7.538023006282424
7.538023006282424
7.538023006282424
7.677480178858431
7.677480178858431
7.677480178858431
7.677480178858431
7.677480178858431
7.677480178858431
7.677480178858431
7.677480178858431
7.677480178858431
7.677480178858431
7.677480178858431
7.677480178858431
7.677480178858431
7.677480178858431
7.677480178858431
7.677480178858431
7.677480178858431
7.677480178858431
7.677480178858431
7.677480178858431
7.677480178858431
7.677480178858431
7.677480178858431
7.677480178858431
7.677480178858431
7.677480178858431
7.677480178858431
7.677480178858431
7.677480178858431
7.677480178858431
7.677480178858431
7.677480178858431
7.677480178858431
7.677480178858431
7.677480178858431
7.961049129792767
7.961049129792767
7.961049129792767
7.961049129792767
7.961049129792767
7.961049129792767
7.961049129792767
7.961049129792767
7.961049129792767
7.961049129792767
7.961049129792767
7.961049129792767
7.961049129792767
7.961049129792767
7.961049129792767
7.961049129792767
7.961049129792767
7.961049129792767
7.961049129792767
7.961049129792767
7.961049129792767
7.961049129792767
7.961049129792767
7.961049129792767
7.961049129792767
7.961049129792767
7.961049129792767
7.961049129792767
7.961049129792767
7.961049129792767
7.961049129792767
7.961049129792767
7.961049129792767
7.961049129792767
7.961049129792767
7.961049129792767
7.961049129792767
7.961049129792767
7.961049129792767
7.961049129792767
7.961049129792767
7.961049129792767
7.961049129792767
7.961049129792767
7.961049129792767
7.961049129792767
7.961049129792767
7.961049129792767
7.961049129792767
7.961049129792767
7.961049129792767
7.961049129792767
7.961049129792767
7.961049129792767
7.961049129792767
7.961049129792767
7.961049129792767
7.961049129792767
7.961049129792767
7.961049129792767
7.961049129792767
7.961049129792767
7.961049129792767
7.961049129792767
7.961049129792767
7.961049129792767
7.961049129792767
7.961049129792767
7.961049129792767
7.961049129792767
7.961049129792767
7.961049129792767
7.961049129792767
7.961049129792767
7.961049129792767
8.005302302408396
8.005302302408396
8.005302302408396
8.005302302408396
8.005302302408396
8.005302302408396
8.005302302408396
8.005302302408396
8.005302302408396
8.005302302408396
8.256810039051906
8.256810039051906
8.256810039051906
8.256810039051906
8.256810039051906
8.256810039051906
8.256810039051906
8.256810039051906
8.256810039051906
8.256810039051906
8.256810039051906
8.256810039051906
8.256810039051906
8.256810039051906
8.256810039051906
8.256810039051906
8.256810039051906
8.256810039051906
8.256810039051906
8.256810039051906
8.256810039051906
8.308157076004822
8.308157076004822
8.308157076004822
8.308157076004822
8.308157076004822
8.308157076004822
8.308157076004822
8.308157076004822
8.308157076004822
8.308157076004822
8.308157076004822
8.308157076004822
8.308157076004822
8.308157076004822
8.308157076004822
8.308157076004822
8.308157076004822
8.308157076004822
8.308157076004822
8.308157076004822
8.308157076004822
8.308157076004822
8.308157076004822
8.308157076004822
8.308157076004822
8.308157076004822
8.308157076004822
8.308157076004822
8.308157076004822
8.308157076004822
8.308157076004822
8.308157076004822
8.308157076004822
8.308157076004822
8.308157076004822
8.308157076004822
8.308157076004822
8.308157076004822
8.308157076004822
8.308157076004822
8.308157076004822
8.308157076004822
8.308157076004822
8.308157076004822
8.308157076004822
8.308157076004822
8.308157076004822
8.308157076004822
8.308157076004822
8.308157076004822
8.308157076004822
8.308157076004822
8.308157076004822
8.308157076004822
8.308157076004822
8.308157076004822
8.308157076004822
8.308157076004822
8.308157076004822
8.308157076004822
8.308157076004822
8.308157076004822
8.308157076004822
8.308157076004822
8.308157076004822
8.308157076004822
8.308157076004822
8.308157076004822
8.308157076004822
8.308157076004822
8.308157076004822
8.308157076004822
8.308157076004822
8.308157076004822
8.308157076004822
8.308157076004822
8.308157076004822
8.308157076004822
8.308157076004822
8.308157076004822
8.308157076004822
8.308157076004822
8.308157076004822
8.308157076004822
8.308157076004822
8.308157076004822
8.308157076004822
8.308157076004822
8.308157076004822
8.308157076004822
8.308157076004822
8.308157076004822
8.308157076004822
8.308157076004822
8.308157076004822
8.308157076004822
8.308157076004822
8.308157076004822
8.308157076004822
8.308157076004822
8.308157076004822
8.308157076004822
8.308157076004822
8.308157076004822
8.308157076004822
8.308157076004822
8.308157076004822
8.308157076004822
8.308157076004822
8.308157076004822
8.308157076004822
8.308157076004822
8.308157076004822
8.308157076004822
8.385575183358185
8.385575183358185
8.385575183358185
8.385575183358185
8.385575183358185
8.385575183358185
8.385575183358185
8.385575183358185
8.385575183358185
8.385575183358185
8.385575183358185
8.385575183358185
8.385575183358185
8.385575183358185
8.385575183358185
8.385575183358185
8.385575183358185
8.385575183358185
8.385575183358185
8.385575183358185
8.385575183358185
8.385575183358185
8.385575183358185
8.385575183358185
8.385575183358185
8.385575183358185
8.385575183358185
8.385575183358185
8.385575183358185
8.385575183358185
8.385575183358185
8.385575183358185
8.385575183358185
8.385575183358185
8.385575183358185
8.385575183358185
8.385575183358185
8.385575183358185
8.385575183358185
8.385575183358185
8.385575183358185
8.385575183358185
8.385575183358185
8.385575183358185
8.385575183358185
8.385575183358185
8.385575183358185
8.385575183358185
8.385575183358185
8.385575183358185
8.385575183358185
8.385575183358185
8.385575183358185
8.385575183358185
8.385575183358185
8.385575183358185
8.385575183358185
8.385575183358185
8.385575183358185
8.385575183358185
8.385575183358185
8.385575183358185
8.385575183358185
8.385575183358185
8.385575183358185
8.385575183358185
8.385575183358185
8.385575183358185
8.385575183358185
8.385575183358185
8.385575183358185
8.385575183358185
8.385575183358185
8.385575183358185
8.385575183358185
8.385575183358185
8.385575183358185
8.385575183358185
8.385575183358185
8.385575183358185
8.385575183358185
8.385575183358185
8.385575183358185
8.385575183358185
8.385575183358185
8.385575183358185
8.385575183358185
8.385575183358185
8.385575183358185
8.385575183358185
8.385575183358185
8.385575183358185
8.385575183358185
8.385575183358185
8.385575183358185
8.385575183358185
8.385575183358185
8.385575183358185
8.385575183358185
8.385575183358185
8.385575183358185
8.385575183358185
8.385575183358185
8.435956436461622
8.435956436461622
8.435956436461622
8.435956436461622
8.435956436461622
8.435956436461622
8.435956436461622
8.435956436461622
8.435956436461622
8.435956436461622
8.435956436461622
8.435956436461622
8.435956436461622
8.435956436461622
8.435956436461622
8.435956436461622
8.435956436461622
8.435956436461622
8.435956436461622
8.435956436461622
8.435956436461622
8.435956436461622
8.435956436461622
8.435956436461622
8.435956436461622
8.435956436461622
8.485669982283618
8.485669982283618
8.485669982283618
8.485669982283618
8.485669982283618
8.485669982283618
8.485669982283618
8.485669982283618
8.485669982283618
8.485669982283618
8.485669982283618
8.485669982283618
8.485669982283618
8.628628570904336
8.628628570904336
8.628628570904336
8.628628570904336
8.628628570904336
8.628628570904336
8.628628570904336
8.628628570904336
8.628628570904336
8.628628570904336
8.628628570904336
8.628628570904336
8.628628570904336
8.628628570904336
8.628628570904336
8.628628570904336
8.628628570904336
8.628628570904336
8.628628570904336
8.628628570904336
8.628628570904336
8.628628570904336
8.628628570904336
8.628628570904336
8.628628570904336
8.628628570904336
8.628628570904336
8.628628570904336
8.628628570904336
8.628628570904336
8.628628570904336
8.628628570904336
8.628628570904336
8.628628570904336
8.628628570904336
8.628628570904336
8.628628570904336
8.628628570904336
8.628628570904336
8.628628570904336
8.628628570904336
8.628628570904336
8.628628570904336
8.628628570904336
8.628628570904336
8.628628570904336
8.628628570904336
8.628628570904336
8.628628570904336
8.628628570904336
8.628628570904336
8.628628570904336
8.628628570904336
8.628628570904336
8.628628570904336
8.628628570904336
8.628628570904336
8.628628570904336
8.628628570904336
8.628628570904336
8.628628570904336
8.628628570904336
8.628628570904336
8.628628570904336
8.628628570904336
8.628628570904336
8.628628570904336
8.628628570904336
8.628628570904336
8.628628570904336
8.628628570904336
8.628628570904336
8.628628570904336
8.628628570904336
8.628628570904336
8.628628570904336
8.628628570904336
8.628628570904336
8.628628570904336
8.628628570904336
8.628628570904336
8.628628570904336
8.628628570904336
8.628628570904336
8.628628570904336
8.628628570904336
8.628628570904336
8.628628570904336
8.628628570904336
8.628628570904336
8.628628570904336
8.628628570904336
8.628628570904336
8.628628570904336
8.628628570904336
8.628628570904336
8.628628570904336
8.628628570904336
8.628628570904336
8.628628570904336
8.628628570904336
8.628628570904336
8.628628570904336
8.628628570904336
8.628628570904336
8.628628570904336
8.628628570904336
8.628628570904336
8.628628570904336
8.628628570904336
8.628628570904336
8.628628570904336
8.628628570904336
8.628628570904336
8.628628570904336
8.628628570904336
8.628628570904336
8.628628570904336
8.628628570904336
8.628628570904336
8.628628570904336
8.628628570904336
8.628628570904336
8.628628570904336
8.628628570904336
8.628628570904336
8.628628570904336
8.628628570904336
8.628628570904336
8.628628570904336
8.628628570904336
8.628628570904336
8.628628570904336
8.628628570904336
8.628628570904336
8.628628570904336
8.628628570904336
8.628628570904336
8.628628570904336
8.628628570904336
8.628628570904336
8.628628570904336
8.628628570904336
8.628628570904336
8.628628570904336
8.628628570904336
8.628628570904336
8.628628570904336
8.628628570904336
8.628628570904336
8.628628570904336
8.628628570904336
8.628628570904336
8.628628570904336
8.628628570904336
8.628628570904336
8.628628570904336
8.628628570904336
8.628628570904336
8.628628570904336
8.628628570904336
8.628628570904336
8.628628570904336
8.628628570904336
8.628628570904336
8.628628570904336
8.628628570904336
8.628628570904336
8.628628570904336
8.628628570904336
8.628628570904336
8.628628570904336
8.628628570904336
8.628628570904336
8.628628570904336
8.628628570904336
8.628628570904336
8.628628570904336
8.628628570904336
8.628628570904336
8.628628570904336
8.628628570904336
8.628628570904336
8.628628570904336
8.628628570904336
8.628628570904336
8.628628570904336
8.628628570904336
8.628628570904336
8.628628570904336
8.628628570904336
8.628628570904336
8.628628570904336
8.628628570904336
8.628628570904336
8.628628570904336
8.628628570904336
8.628628570904336
8.628628570904336
8.628628570904336
8.628628570904336
8.628628570904336
8.628628570904336
8.628628570904336
8.628628570904336
8.628628570904336
8.628628570904336
8.628628570904336
8.628628570904336
8.628628570904336
8.628628570904336
8.628628570904336
8.628628570904336
8.628628570904336
8.628628570904336
8.628628570904336
8.628628570904336
8.628628570904336
8.628628570904336
8.628628570904336
8.678398302370246
8.678398302370246
8.678398302370246
8.678398302370246
8.678398302370246
8.678398302370246
8.678398302370246
8.678398302370246
8.678398302370246
8.678398302370246
8.678398302370246
8.678398302370246
8.678398302370246
8.678398302370246
8.678398302370246
8.678398302370246
8.709857815716136
8.709857815716136
8.709857815716136
8.709857815716136
8.709857815716136
8.709857815716136
8.709857815716136
8.709857815716136
8.709857815716136
8.709857815716136
8.709857815716136
8.709857815716136
8.709857815716136
8.709857815716136
8.709857815716136
8.709857815716136
8.709857815716136
8.709857815716136
8.709857815716136
8.709857815716136
8.709857815716136
8.709857815716136
8.709857815716136
8.709857815716136
8.709857815716136
8.709857815716136
8.709857815716136
8.709857815716136
8.709857815716136
8.709857815716136
8.709857815716136
8.709857815716136
8.709857815716136
8.709857815716136
8.709857815716136
8.709857815716136
8.709857815716136
8.709857815716136
8.709857815716136
8.709857815716136
8.709857815716136
8.709857815716136
8.709857815716136
8.709857815716136
8.709857815716136
8.709857815716136
8.709857815716136
8.709857815716136
8.709857815716136
8.709857815716136
8.709857815716136
8.709857815716136
8.709857815716136
8.709857815716136
8.709857815716136
8.709857815716136
8.709857815716136
8.709857815716136
8.709857815716136
8.709857815716136
8.709857815716136
8.709857815716136
8.709857815716136
8.709857815716136
8.709857815716136
8.709857815716136
8.709857815716136
8.709857815716136
8.709857815716136
8.709857815716136
8.709857815716136
8.709857815716136
8.709857815716136
8.709857815716136
8.709857815716136
8.709857815716136
8.709857815716136
8.709857815716136
8.709857815716136
8.709857815716136
8.709857815716136
8.709857815716136
8.709857815716136
8.709857815716136
8.709857815716136
8.709857815716136
8.709857815716136
8.709857815716136
8.709857815716136
8.709857815716136
8.709857815716136
8.709857815716136
8.709857815716136
8.709857815716136
8.709857815716136
8.709857815716136
8.709857815716136
8.709857815716136
8.709857815716136
8.709857815716136
8.709857815716136
8.709857815716136
8.709857815716136
8.709857815716136
8.709857815716136
8.709857815716136
8.709857815716136
8.709857815716136
8.709857815716136
8.709857815716136
8.709857815716136
8.709857815716136
8.709857815716136
8.709857815716136
8.709857815716136
8.709857815716136
8.709857815716136
8.709857815716136
8.709857815716136
8.709857815716136
8.709857815716136
8.709857815716136
8.709857815716136
8.709857815716136
8.709857815716136
8.709857815716136
8.709857815716136
8.709857815716136
8.709857815716136
8.709857815716136
8.709857815716136
8.709857815716136
8.709857815716136
8.709857815716136
8.709857815716136
8.709857815716136
8.709857815716136
8.709857815716136
8.709857815716136
8.709857815716136
8.709857815716136
8.709857815716136
8.709857815716136
8.709857815716136
8.709857815716136
8.709857815716136
8.709857815716136
8.709857815716136
8.709857815716136
8.709857815716136
8.709857815716136
8.709857815716136
8.709857815716136
8.709857815716136
8.709857815716136
8.709857815716136
8.709857815716136
8.709857815716136
8.709857815716136
8.709857815716136
8.709857815716136
8.709857815716136
8.709857815716136
8.709857815716136
8.709857815716136
8.709857815716136
8.709857815716136
8.709857815716136
8.709857815716136
8.709857815716136
8.709857815716136
8.709857815716136
8.709857815716136
8.709857815716136
8.709857815716136
8.709857815716136
8.709857815716136
8.709857815716136
8.709857815716136
8.709857815716136
8.709857815716136
8.709857815716136
8.709857815716136
8.709857815716136
8.709857815716136
8.709857815716136
8.709857815716136
8.709857815716136
8.709857815716136
8.709857815716136
8.709857815716136
8.709857815716136
8.709857815716136
8.709857815716136
8.709857815716136
8.709857815716136
8.709857815716136
8.709857815716136
8.709857815716136
8.709857815716136
8.709857815716136
8.709857815716136
8.709857815716136
8.709857815716136
8.709857815716136
8.709857815716136
8.709857815716136
8.709857815716136
8.709857815716136
8.709857815716136
8.709857815716136
8.709857815716136
8.709857815716136
8.709857815716136
8.709857815716136
8.709857815716136
8.709857815716136
8.709857815716136
8.709857815716136
8.709857815716136
8.709857815716136
8.709857815716136
8.709857815716136
8.709857815716136
8.709857815716136
8.709857815716136
8.709857815716136
8.709857815716136
8.709857815716136
8.709857815716136
8.709857815716136
8.709857815716136
8.709857815716136
8.709857815716136
8.709857815716136
8.709857815716136
8.709857815716136
8.709857815716136
8.709857815716136
8.709857815716136
8.709857815716136
8.709857815716136
8.709857815716136
8.709857815716136
8.709857815716136
8.709857815716136
8.709857815716136
8.709857815716136
8.709857815716136
8.709857815716136
8.709857815716136
8.709857815716136
8.709857815716136
8.709857815716136
8.709857815716136
8.709857815716136
8.709857815716136
8.709857815716136
8.709857815716136
8.709857815716136
8.709857815716136
8.709857815716136
8.709857815716136
8.709857815716136
8.709857815716136
8.709857815716136
8.709857815716136
8.709857815716136
8.709857815716136
8.709857815716136
8.709857815716136
8.709857815716136
8.709857815716136
8.709857815716136
8.709857815716136
8.709857815716136
8.709857815716136
8.709857815716136
8.709857815716136
8.709857815716136
8.709857815716136
8.709857815716136
8.709857815716136
8.709857815716136
8.709857815716136
8.709857815716136
8.709857815716136
8.709857815716136
8.709857815716136
8.709857815716136
8.709857815716136
8.709857815716136
8.709857815716136
8.709857815716136
8.709857815716136
8.709857815716136
8.709857815716136
8.709857815716136
8.709857815716136
8.709857815716136
8.709857815716136
8.709857815716136
8.709857815716136
8.709857815716136
8.709857815716136
8.709857815716136
8.709857815716136
8.709857815716136
8.709857815716136
8.709857815716136
8.709857815716136
8.709857815716136
8.709857815716136
8.709857815716136
8.709857815716136
8.709857815716136
8.709857815716136
8.709857815716136
8.709857815716136
8.709857815716136
8.709857815716136
8.709857815716136
8.709857815716136
8.709857815716136
8.709857815716136
8.709857815716136
8.709857815716136
8.709857815716136
8.709857815716136
8.709857815716136
8.709857815716136
8.709857815716136
8.709857815716136
8.709857815716136
8.709857815716136
8.709857815716136
8.709857815716136
8.709857815716136
8.709857815716136
8.709857815716136
8.709857815716136
8.709857815716136
8.709857815716136
8.709857815716136
8.709857815716136
8.709857815716136
8.709857815716136
8.709857815716136
8.709857815716136
8.709857815716136
8.709857815716136
8.709857815716136
8.709857815716136
8.709857815716136
8.709857815716136
8.709857815716136
8.709857815716136
8.709857815716136
8.709857815716136
8.709857815716136
8.709857815716136
8.709857815716136
8.709857815716136
8.709857815716136
8.709857815716136
8.709857815716136
8.709857815716136
8.709857815716136
8.709857815716136
8.709857815716136
8.817471763729287
8.817471763729287
8.817471763729287
8.817471763729287
8.817471763729287
8.817471763729287
8.817471763729287
8.817471763729287
8.817471763729287
8.817471763729287
8.817471763729287
8.817471763729287
8.817471763729287
8.817471763729287
8.817471763729287
8.817471763729287
8.817471763729287
8.817471763729287
8.817471763729287
8.817471763729287
8.817471763729287
8.817471763729287
8.817471763729287
8.817471763729287
8.817471763729287
8.817471763729287
8.817471763729287
8.817471763729287
8.817471763729287
8.817471763729287
8.817471763729287
8.817471763729287
8.817471763729287
8.817471763729287
8.817471763729287
8.817471763729287
8.817471763729287
8.817471763729287
8.817471763729287
8.817471763729287
8.817471763729287
8.817471763729287
8.817471763729287
8.817471763729287
8.817471763729287
8.817471763729287
8.817471763729287
8.817471763729287
8.817471763729287
8.817471763729287
8.817471763729287
8.817471763729287
8.817471763729287
8.817471763729287
8.817471763729287
8.817471763729287
8.817471763729287
8.817471763729287
8.817471763729287
8.817471763729287
8.817471763729287
8.817471763729287
8.817471763729287
8.817471763729287
8.817471763729287
8.817471763729287
8.817471763729287
8.817471763729287
8.817471763729287
8.817471763729287
8.817471763729287
8.817471763729287
8.817471763729287
8.817471763729287
8.817471763729287
8.817471763729287
8.817471763729287
8.817471763729287
8.817471763729287
8.817471763729287
8.817471763729287
8.817471763729287
8.817471763729287
8.817471763729287
8.817471763729287
8.817471763729287
8.817471763729287
8.817471763729287
8.817471763729287
8.817471763729287
8.817471763729287
8.817471763729287
8.817471763729287
8.817471763729287
8.817471763729287
8.817471763729287
8.817471763729287
8.817471763729287
8.817471763729287
8.817471763729287
8.817471763729287
8.817471763729287
8.817471763729287
8.817471763729287
8.817471763729287
8.817471763729287
8.817471763729287
8.817471763729287
8.817471763729287
8.817471763729287
8.817471763729287
8.817471763729287
8.817471763729287
8.817471763729287
8.817471763729287
8.817471763729287
8.817471763729287
8.817471763729287
8.817471763729287
8.817471763729287
8.817471763729287
8.817471763729287
8.817471763729287
8.817471763729287
8.817471763729287
8.817471763729287
8.817471763729287
8.817471763729287
8.817471763729287
8.817471763729287
8.817471763729287
8.817471763729287
8.817471763729287
8.817471763729287
8.817471763729287
8.817471763729287
8.817471763729287
8.817471763729287
8.817471763729287
8.817471763729287
8.817471763729287
8.817471763729287
8.817471763729287
8.817471763729287
8.817471763729287
8.817471763729287
8.817471763729287
8.817471763729287
8.817471763729287
8.817471763729287
8.817471763729287
8.817471763729287
8.817471763729287
8.817471763729287
8.817471763729287
8.817471763729287
8.817471763729287
8.817471763729287
8.817471763729287
8.817471763729287
8.817471763729287
8.817471763729287
8.817471763729287
8.817471763729287
8.817471763729287
8.817471763729287
8.817471763729287
8.817471763729287
8.817471763729287
8.817471763729287
8.817471763729287
8.817471763729287
8.817471763729287
8.817471763729287
8.817471763729287
8.817471763729287
8.817471763729287
8.817471763729287
8.817471763729287
8.817471763729287
8.817471763729287
8.817471763729287
8.817471763729287
8.817471763729287
8.817471763729287
8.817471763729287
8.817471763729287
8.817471763729287
8.817471763729287
8.817471763729287
8.817471763729287
8.817471763729287
8.817471763729287
8.817471763729287
8.817471763729287
8.817471763729287
8.817471763729287
8.817471763729287
8.817471763729287
8.817471763729287
8.817471763729287
8.817471763729287
8.817471763729287
8.817471763729287
8.817471763729287
8.817471763729287
8.817471763729287
8.817471763729287
8.817471763729287
8.817471763729287
8.817471763729287
8.817471763729287
8.817471763729287
8.817471763729287
8.817471763729287
8.817471763729287
8.817471763729287
8.817471763729287
8.817471763729287
8.817471763729287
8.817471763729287
8.817471763729287
8.817471763729287
8.817471763729287
8.817471763729287
8.817471763729287
8.817471763729287
8.817471763729287
8.817471763729287
8.817471763729287
8.817471763729287
8.817471763729287
8.817471763729287
8.817471763729287
8.817471763729287
8.817471763729287
8.817471763729287
8.817471763729287
8.817471763729287
8.817471763729287
8.817471763729287
8.817471763729287
8.817471763729287
8.817471763729287
8.817471763729287
8.817471763729287
8.817471763729287
8.817471763729287
8.817471763729287
8.817471763729287
8.817471763729287
8.817471763729287
8.817471763729287
8.817471763729287
8.817471763729287
8.817471763729287
8.817471763729287
8.817471763729287
8.817471763729287
8.817471763729287
8.817471763729287
8.817471763729287
8.817471763729287
8.817471763729287
8.817471763729287
8.817471763729287
8.817471763729287
8.817471763729287
8.817471763729287
8.817471763729287
8.817471763729287
8.817471763729287
8.817471763729287
8.817471763729287
8.817471763729287
8.817471763729287
8.817471763729287
8.817471763729287
8.817471763729287
8.817471763729287
8.817471763729287
8.817471763729287
8.817471763729287
8.817471763729287
8.817471763729287
8.817471763729287
8.817471763729287
8.817471763729287
8.817471763729287
8.817471763729287
8.817471763729287
8.817471763729287
8.817471763729287
8.817471763729287
8.817471763729287
8.817471763729287
8.817471763729287
8.817471763729287
8.817471763729287
8.817471763729287
8.817471763729287
8.817471763729287
8.817471763729287
8.817471763729287
8.817471763729287
8.817471763729287
8.817471763729287
8.817471763729287
8.817471763729287
8.817471763729287
8.817471763729287
8.817471763729287
8.817471763729287
8.817471763729287
8.817471763729287
8.817471763729287
8.817471763729287
8.817471763729287
8.817471763729287
8.817471763729287
8.817471763729287
8.817471763729287
8.817471763729287
8.817471763729287
8.817471763729287
8.817471763729287
8.817471763729287
8.817471763729287
8.817471763729287
8.817471763729287
8.817471763729287
8.817471763729287
8.817471763729287
8.817471763729287
8.817471763729287
8.817471763729287
8.817471763729287
8.817471763729287
8.817471763729287
8.817471763729287
8.817471763729287
8.817471763729287
8.817471763729287
8.817471763729287
8.817471763729287
8.817471763729287
8.817471763729287
8.817471763729287
8.817471763729287
8.817471763729287
8.817471763729287
8.817471763729287
8.817471763729287
8.817471763729287
8.817471763729287
8.817471763729287
8.817471763729287
8.817471763729287
8.817471763729287
8.817471763729287
8.817471763729287
8.817471763729287
8.817471763729287
8.817471763729287
8.817471763729287
8.817471763729287
8.817471763729287
8.817471763729287
8.817471763729287
8.817471763729287
8.817471763729287
8.817471763729287
8.817471763729287
8.817471763729287
8.817471763729287
8.817471763729287
8.817471763729287
8.817471763729287
8.817471763729287
8.817471763729287
8.817471763729287
8.817471763729287
8.817471763729287
8.817471763729287
8.817471763729287
8.817471763729287
8.817471763729287
8.817471763729287
8.817471763729287
8.817471763729287
8.817471763729287
8.817471763729287
8.817471763729287
8.817471763729287
8.817471763729287
8.817471763729287
8.817471763729287
8.817471763729287
8.817471763729287
8.817471763729287
8.817471763729287
8.817471763729287
8.817471763729287
8.817471763729287
8.817471763729287
8.817471763729287
8.817471763729287
8.817471763729287
8.817471763729287
8.817471763729287
8.817471763729287
8.817471763729287
8.817471763729287
8.817471763729287
8.817471763729287
8.817471763729287
8.817471763729287
8.817471763729287
8.817471763729287
8.817471763729287
8.817471763729287
8.817471763729287
8.817471763729287
8.817471763729287
8.817471763729287
8.817471763729287
8.817471763729287
8.817471763729287
8.817471763729287
8.817471763729287
8.817471763729287
8.817471763729287
8.817471763729287
8.817471763729287
8.817471763729287
8.817471763729287
8.817471763729287
8.817471763729287
8.817471763729287
8.817471763729287
8.817471763729287
8.817471763729287
8.817471763729287
8.817471763729287
8.817471763729287
8.817471763729287
8.817471763729287
8.817471763729287
8.817471763729287
8.817471763729287
8.817471763729287
8.817471763729287
8.817471763729287
8.817471763729287
8.817471763729287
8.817471763729287
8.817471763729287
8.817471763729287
8.817471763729287
8.817471763729287
8.817471763729287
8.817471763729287
8.817471763729287
8.817471763729287
8.817471763729287
8.817471763729287
8.817471763729287
8.817471763729287
8.817471763729287
8.817471763729287
8.817471763729287
8.817471763729287
8.817471763729287
8.817471763729287
8.817471763729287
8.817471763729287
8.817471763729287
8.817471763729287
8.817471763729287
8.817471763729287
8.817471763729287
8.817471763729287
8.817471763729287
8.817471763729287
8.817471763729287
8.817471763729287
8.817471763729287
8.817471763729287
8.817471763729287
8.817471763729287
8.817471763729287
8.817471763729287
8.817471763729287
8.817471763729287
8.817471763729287
8.817471763729287
8.817471763729287
8.817471763729287
8.817471763729287
8.817471763729287
8.817471763729287
8.817471763729287
8.817471763729287
8.817471763729287
8.817471763729287
8.817471763729287
8.817471763729287
8.817471763729287
8.817471763729287
8.817471763729287
8.817471763729287
8.817471763729287
8.817471763729287
8.817471763729287
8.817471763729287
8.817471763729287
8.817471763729287
Score: 8.817471763729287
Runtime: 643ms
