7.217120811826526E-9
7.217120811826526E-9
7.217120811826526E-9
1.5820365165153323E-6
1.3497072631608707E-4
1.3497072631608707E-4
7.132863343126724E-4
7.132863343126724E-4
7.132863343126724E-4
8.051462087190324E-4
0.0012578248065574853
0.016870085788004776
0.016870085788004776
0.023398336684265674
0.023398336684265674
0.023398336684265674
0.023398336684265674
0.03757380371196536
0.03757380371196536
0.05524139221736929
0.05524139221736929
0.05524139221736929
0.05524139221736929
0.05524139221736929
0.05524139221736929
0.07705762382243891
0.08073238466600298
0.08073238466600298
0.1095987360341091
0.23468723972332584
0.23468723972332584
0.5603235131069133
0.5603235131069133
0.5603235131069133
0.5603235131069133
0.675430523784084
0.675430523784084
0.675430523784084
0.675430523784084
0.675430523784084
0.675430523784084
0.675430523784084
0.675430523784084
0.675430523784084
0.675430523784084
0.675430523784084
0.9058516699749699
0.9058516699749699
0.9058516699749699
1.619623890511409
1.619623890511409
1.619623890511409
1.619623890511409
1.619623890511409
1.619623890511409
1.619623890511409
1.619623890511409
1.619623890511409
1.9787325939892397
1.9787325939892397
1.9787325939892397
1.9787325939892397
1.9787325939892397
1.9787325939892397
1.9787325939892397
1.9787325939892397
1.9787325939892397
1.9787325939892397
1.9787325939892397
1.9787325939892397
1.9787325939892397
2.38826043199872
2.38826043199872
2.38826043199872
2.38826043199872
2.4275956445809848
2.4275956445809848
2.871445703110218
3.3393315204707235
3.3393315204707235
3.3393315204707235
3.3393315204707235
3.3393315204707235
3.3393315204707235
3.3393315204707235
3.3393315204707235
3.3393315204707235
3.3393315204707235
3.3393315204707235
3.4924127325086465
3.4924127325086465
3.4924127325086465
3.4924127325086465
3.4924127325086465
3.4924127325086465
3.5624860120010577
3.5624860120010577
3.5624860120010577
3.5624860120010577
3.5624860120010577
3.5624860120010577
3.662995677361983
3.662995677361983
3.662995677361983
3.662995677361983
3.662995677361983
3.662995677361983
3.662995677361983
3.7112356366466797
3.7112356366466797
3.7112356366466797
3.7112356366466797
3.7112356366466797
3.7112356366466797
3.963927623623843
3.963927623623843
3.963927623623843
4.173093766296585
4.173093766296585
4.173093766296585
4.173093766296585
4.220766220474325
4.220766220474325
4.220766220474325
4.220766220474325
4.220766220474325
4.220766220474325
4.220766220474325
4.220766220474325
4.2344148090397855
5.111752008636056
5.111752008636056
5.111752008636056
5.111752008636056
5.111752008636056
5.111752008636056
5.111752008636056
5.111752008636056
5.111752008636056
5.111752008636056
5.111752008636056
5.111752008636056
5.111752008636056
5.111752008636056
5.111752008636056
5.111752008636056
5.111752008636056
5.111752008636056
5.111752008636056
5.111752008636056
5.111752008636056
5.111752008636056
5.2205126488259745
5.2205126488259745
5.2205126488259745
5.2205126488259745
5.2205126488259745
5.2205126488259745
5.284400356798411
6.138765218588468
6.138765218588468
6.138765218588468
6.138765218588468
6.138765218588468
6.138765218588468
6.138765218588468
6.138765218588468
6.138765218588468
6.138765218588468
6.138765218588468
6.138765218588468
6.138765218588468
6.138765218588468
6.138765218588468
6.138765218588468
6.138765218588468
6.138765218588468
6.149114174328619
6.149114174328619
6.149114174328619
6.149114174328619
6.149114174328619
6.441700597350105
6.441700597350105
6.441700597350105
6.441700597350105
6.441700597350105
6.8655836610914776
6.8655836610914776
6.8655836610914776
6.8655836610914776
6.8655836610914776
6.8655836610914776
6.8655836610914776
6.8655836610914776
6.8655836610914776
6.8655836610914776
6.8655836610914776
6.8655836610914776
6.8655836610914776
6.8655836610914776
6.8655836610914776
6.8655836610914776
6.866294145750067
6.915729366193267
6.915729366193267
6.915729366193267
6.915729366193267
6.915729366193267
6.915729366193267
6.915729366193267
6.915729366193267
6.915729366193267
7.025117629367438
7.028812916418588
7.394551233096011
7.394551233096011
7.394551233096011
7.394551233096011
7.394551233096011
7.394551233096011
7.394551233096011
7.394551233096011
7.394551233096011
7.394551233096011
7.394551233096011
7.394551233096011
7.394551233096011
7.394551233096011
7.394551233096011
7.394551233096011
7.394551233096011
7.394551233096011
7.395681571935374
7.395681571935374
7.395681571935374
7.395681571935374
7.395681571935374
7.395681571935374
7.395681571935374
7.395681571935374
7.406917739660589
7.406917739660589
7.406917739660589
7.5614442382631255
7.5614442382631255
7.5614442382631255
7.5614442382631255
7.627180002406975
7.627180002406975
7.627180002406975
7.627180002406975
7.627180002406975
7.720816140553584
7.720816140553584
7.720816140553584
7.720816140553584
7.720816140553584
7.720816140553584
7.720816140553584
7.720816140553584
7.800488478003485
7.800488478003485
7.800488478003485
7.800488478003485
7.800488478003485
7.800488478003485
7.800488478003485
7.800488478003485
7.800488478003485
7.8739871646055235
7.8739871646055235
7.8739871646055235
7.8739871646055235
7.910394709395025
7.910394709395025
7.910394709395025
7.910394709395025
7.910394709395025
7.925417596530258
7.925417596530258
7.972713167293364
7.972713167293364
7.972713167293364
7.975840258385506
8.070550405900521
8.070550405900521
8.070550405900521
8.070550405900521
8.070550405900521
8.161946891047707
8.161946891047707
8.204154098031102
8.204154098031102
8.204154098031102
8.204154098031102
8.204154098031102
8.204154098031102
8.204154098031102
8.204154098031102
8.204154098031102
8.204154098031102
8.204154098031102
8.204154098031102
8.204154098031102
8.204154098031102
8.38290157259992
8.38290157259992
8.38290157259992
8.38290157259992
8.38290157259992
8.38290157259992
8.38290157259992
8.38290157259992
8.38290157259992
8.38290157259992
8.38290157259992
8.38290157259992
8.38290157259992
8.38290157259992
8.38290157259992
8.38290157259992
8.38290157259992
8.38290157259992
8.38290157259992
8.38290157259992
8.38290157259992
8.38290157259992
8.38290157259992
8.38290157259992
8.38290157259992
8.38290157259992
8.38290157259992
8.38290157259992
8.38290157259992
8.38290157259992
8.38290157259992
8.38290157259992
8.38290157259992
8.38290157259992
8.38290157259992
8.38290157259992
8.38290157259992
8.38290157259992
8.38290157259992
8.38290157259992
8.38290157259992
8.38290157259992
8.38290157259992
8.38290157259992
8.38290157259992
8.38290157259992
8.38290157259992
8.38290157259992
8.38290157259992
8.406194362350748
8.406194362350748
8.406194362350748
8.406194362350748
8.406194362350748
8.406194362350748
8.429787920179109
8.429787920179109
8.429787920179109
8.429787920179109
8.429787920179109
8.429787920179109
8.429787920179109
8.429787920179109
8.429787920179109
8.429787920179109
8.429787920179109
8.429787920179109
8.429787920179109
8.429787920179109
8.429787920179109
8.429787920179109
8.429787920179109
8.429787920179109
8.429787920179109
8.429787920179109
8.429787920179109
8.429787920179109
8.429787920179109
8.429787920179109
8.429787920179109
8.429787920179109
8.429787920179109
8.429787920179109
8.429787920179109
8.429787920179109
8.429787920179109
8.429787920179109
8.429787920179109
8.429787920179109
8.429787920179109
8.429787920179109
8.429787920179109
8.450005692217474
8.450005692217474
8.450005692217474
8.489453370235218
8.489453370235218
8.489453370235218
8.489453370235218
8.489453370235218
8.489453370235218
8.489453370235218
8.489453370235218
8.489453370235218
8.489453370235218
8.489453370235218
8.489453370235218
8.516077670137113
8.516077670137113
8.516077670137113
8.516077670137113
8.516077670137113
8.516077670137113
8.516077670137113
8.516077670137113
8.516077670137113
8.516077670137113
8.516077670137113
8.516077670137113
8.516077670137113
8.516077670137113
8.516077670137113
8.516077670137113
8.516077670137113
8.516077670137113
8.516077670137113
8.516077670137113
8.516077670137113
8.516077670137113
8.516077670137113
8.516077670137113
8.516077670137113
8.516077670137113
8.516077670137113
8.516077670137113
8.516077670137113
8.516077670137113
8.516077670137113
8.516077670137113
8.516077670137113
8.516077670137113
8.516077670137113
8.516077670137113
8.516077670137113
8.516077670137113
8.516077670137113
8.516077670137113
8.516077670137113
8.516077670137113
8.516077670137113
8.516077670137113
8.516077670137113
8.516077670137113
8.516077670137113
8.516077670137113
8.516077670137113
8.516077670137113
8.516077670137113
8.516077670137113
8.516077670137113
8.516077670137113
8.516077670137113
8.516077670137113
8.516077670137113
8.516077670137113
8.516077670137113
8.516077670137113
8.516077670137113
8.516077670137113
8.516077670137113
8.516077670137113
8.516077670137113
8.516077670137113
8.516077670137113
8.516077670137113
8.516077670137113
8.516077670137113
8.516077670137113
8.516077670137113
8.516077670137113
8.516077670137113
8.516077670137113
8.516077670137113
8.539473339977373
8.539473339977373
8.539473339977373
8.539473339977373
8.539473339977373
8.539473339977373
8.539473339977373
8.539473339977373
8.539473339977373
8.539473339977373
8.539473339977373
8.539473339977373
8.539473339977373
8.539473339977373
8.539473339977373
8.539473339977373
8.539473339977373
8.539473339977373
8.539473339977373
8.539473339977373
8.539473339977373
8.539473339977373
8.539473339977373
8.539473339977373
8.539473339977373
8.539473339977373
8.539473339977373
8.539473339977373
8.539473339977373
8.539473339977373
8.539473339977373
8.539473339977373
8.539473339977373
8.539473339977373
8.539473339977373
8.539473339977373
8.539473339977373
8.539473339977373
8.539473339977373
8.539473339977373
8.539473339977373
8.539473339977373
8.539473339977373
8.539473339977373
8.539473339977373
8.539473339977373
8.539473339977373
8.539473339977373
8.539473339977373
8.539473339977373
8.539473339977373
8.539473339977373
8.539473339977373
8.539473339977373
8.539473339977373
8.539473339977373
8.539473339977373
8.539473339977373
8.539473339977373
8.539473339977373
8.540314210510637
8.548514867247716
8.548514867247716
8.549838868908429
8.549838868908429
8.549838868908429
8.549838868908429
8.549838868908429
8.549838868908429
8.549838868908429
8.567682863421854
8.567682863421854
8.567682863421854
8.567682863421854
8.567682863421854
8.567682863421854
8.567682863421854
8.567682863421854
8.567682863421854
8.567682863421854
8.567682863421854
8.567682863421854
8.567682863421854
8.567682863421854
8.567682863421854
8.567682863421854
8.567682863421854
8.567682863421854
8.567682863421854
8.567682863421854
8.567682863421854
8.567682863421854
8.567682863421854
8.567682863421854
8.567682863421854
8.567682863421854
8.567682863421854
8.567682863421854
8.567682863421854
8.567682863421854
8.567682863421854
8.567682863421854
8.567682863421854
8.567682863421854
8.567682863421854
8.567682863421854
8.567682863421854
8.58582403816005
8.58582403816005
8.58582403816005
8.58582403816005
8.58582403816005
8.58582403816005
8.58582403816005
8.58582403816005
8.58582403816005
8.58582403816005
8.58582403816005
8.58582403816005
8.58582403816005
8.58582403816005
8.58582403816005
8.58582403816005
8.58582403816005
8.58582403816005
8.58582403816005
8.58582403816005
8.58582403816005
8.58582403816005
8.58582403816005
8.58582403816005
8.58582403816005
8.58582403816005
8.58582403816005
8.58582403816005
8.58582403816005
8.58582403816005
8.58582403816005
8.58582403816005
8.58582403816005
8.58582403816005
8.58582403816005
8.58582403816005
8.58582403816005
8.58582403816005
8.58582403816005
8.58582403816005
8.58582403816005
8.58582403816005
8.58582403816005
8.58582403816005
8.58582403816005
8.586332027005247
8.621162217766393
8.621162217766393
8.621162217766393
8.621162217766393
8.621162217766393
8.621162217766393
8.621162217766393
8.621162217766393
8.621162217766393
8.621162217766393
8.621162217766393
8.621162217766393
8.621162217766393
8.621162217766393
8.621162217766393
8.621162217766393
8.621162217766393
8.621162217766393
8.621162217766393
8.621162217766393
8.621162217766393
8.621162217766393
8.621162217766393
8.621162217766393
8.621162217766393
8.621162217766393
8.621162217766393
8.621162217766393
8.621162217766393
8.621162217766393
8.621162217766393
8.621162217766393
8.621162217766393
8.621162217766393
8.621162217766393
8.621162217766393
8.621162217766393
8.621162217766393
8.621162217766393
8.621162217766393
8.621162217766393
8.621162217766393
8.621162217766393
8.621162217766393
8.621162217766393
8.621162217766393
8.621162217766393
8.621162217766393
8.621162217766393
8.621162217766393
8.640246118159691
8.640246118159691
8.640246118159691
8.640246118159691
8.640246118159691
8.640246118159691
8.640246118159691
8.640246118159691
8.640246118159691
8.640246118159691
8.640246118159691
8.640246118159691
8.640246118159691
8.640246118159691
8.640246118159691
8.640246118159691
8.640246118159691
8.640246118159691
8.640246118159691
8.640246118159691
8.640246118159691
8.640246118159691
8.640246118159691
8.640246118159691
8.640246118159691
8.640246118159691
8.640246118159691
8.640246118159691
8.640246118159691
8.640246118159691
8.640246118159691
8.640246118159691
8.640246118159691
8.640246118159691
8.640246118159691
8.640246118159691
8.640246118159691
8.640246118159691
8.649999739946624
8.649999739946624
8.649999739946624
8.649999739946624
8.649999739946624
8.649999739946624
8.649999739946624
8.655371889981305
8.655371889981305
8.655371889981305
8.655371889981305
8.655371889981305
8.655371889981305
8.655371889981305
8.655371889981305
8.655371889981305
8.655371889981305
8.655371889981305
8.655371889981305
8.655371889981305
8.655371889981305
8.655371889981305
8.655371889981305
8.655371889981305
8.655371889981305
8.655371889981305
8.655371889981305
8.655371889981305
8.655371889981305
8.655371889981305
8.655371889981305
8.655371889981305
8.655371889981305
8.655371889981305
8.655371889981305
8.655371889981305
8.67579888533814
8.67579888533814
8.67579888533814
8.67579888533814
8.67579888533814
8.67579888533814
8.67579888533814
8.67579888533814
8.67579888533814
8.67579888533814
8.67579888533814
8.67579888533814
8.67579888533814
8.67579888533814
8.67579888533814
8.67579888533814
8.67579888533814
8.67579888533814
8.67579888533814
8.67579888533814
8.67579888533814
8.67579888533814
8.67579888533814
8.67579888533814
8.67579888533814
8.67579888533814
8.67579888533814
8.67579888533814
8.67579888533814
8.67579888533814
8.67579888533814
8.67579888533814
8.67579888533814
8.67579888533814
8.67579888533814
8.67579888533814
8.67579888533814
8.67579888533814
8.67579888533814
8.67579888533814
8.67579888533814
8.67579888533814
8.67579888533814
8.67579888533814
8.67579888533814
8.67579888533814
8.67579888533814
8.67579888533814
8.67579888533814
8.67579888533814
8.67579888533814
8.67579888533814
8.67579888533814
8.67579888533814
8.67579888533814
8.67579888533814
8.67579888533814
8.67579888533814
8.67579888533814
8.67579888533814
8.67579888533814
8.67579888533814
8.67579888533814
8.67579888533814
8.67579888533814
8.67579888533814
8.67579888533814
8.67579888533814
8.67579888533814
8.67579888533814
8.67579888533814
8.67579888533814
8.67579888533814
8.67579888533814
8.67579888533814
8.67579888533814
8.67579888533814
8.67579888533814
8.67579888533814
8.67579888533814
8.67579888533814
8.67579888533814
8.67579888533814
8.67579888533814
8.67579888533814
8.67579888533814
8.67579888533814
8.67579888533814
8.67579888533814
8.67579888533814
8.67579888533814
8.67579888533814
8.67579888533814
8.67579888533814
8.67579888533814
8.67579888533814
8.67579888533814
8.67579888533814
8.67579888533814
8.67579888533814
8.67579888533814
8.67579888533814
8.67579888533814
8.67579888533814
8.67579888533814
8.67579888533814
8.67579888533814
8.67579888533814
8.67579888533814
8.67579888533814
8.67579888533814
8.67579888533814
8.67579888533814
8.67579888533814
8.67579888533814
8.67579888533814
8.67579888533814
8.67579888533814
8.67579888533814
8.67579888533814
8.67579888533814
8.67579888533814
8.67579888533814
8.67579888533814
8.67579888533814
8.67579888533814
8.67579888533814
8.67579888533814
8.67579888533814
8.67579888533814
8.67579888533814
8.67579888533814
8.67579888533814
8.67579888533814
8.67579888533814
8.67579888533814
8.67579888533814
8.67579888533814
8.67579888533814
8.67579888533814
8.67579888533814
8.67579888533814
8.67579888533814
8.67579888533814
8.67579888533814
8.67579888533814
8.67579888533814
8.67579888533814
8.67579888533814
8.67579888533814
8.67579888533814
8.67579888533814
8.67579888533814
8.67579888533814
8.67579888533814
8.67579888533814
8.67579888533814
8.67579888533814
8.67579888533814
8.67579888533814
8.67579888533814
8.67579888533814
8.67579888533814
8.67579888533814
8.67579888533814
8.67579888533814
8.67579888533814
8.67579888533814
8.67579888533814
8.67579888533814
8.67579888533814
8.67579888533814
8.67579888533814
8.67579888533814
8.67579888533814
8.67579888533814
8.67579888533814
8.67579888533814
8.67579888533814
8.67579888533814
8.67579888533814
8.67579888533814
8.67579888533814
8.67579888533814
8.67579888533814
8.67579888533814
8.67579888533814
8.67579888533814
8.67579888533814
8.67579888533814
8.67579888533814
8.67579888533814
8.67579888533814
8.67579888533814
8.67579888533814
8.67579888533814
8.67579888533814
8.67579888533814
8.67579888533814
8.67579888533814
8.67579888533814
8.67579888533814
8.67579888533814
8.67579888533814
8.67579888533814
8.67579888533814
8.67579888533814
8.67579888533814
8.67579888533814
8.67579888533814
8.67579888533814
8.67579888533814
8.67579888533814
8.67579888533814
8.67579888533814
8.67579888533814
8.67579888533814
8.67579888533814
8.67579888533814
8.67579888533814
8.67579888533814
8.67579888533814
8.67579888533814
8.67579888533814
8.67579888533814
8.67579888533814
8.67579888533814
8.67579888533814
8.67579888533814
8.67579888533814
8.67579888533814
8.67579888533814
8.67579888533814
8.67579888533814
8.67579888533814
8.67579888533814
8.67579888533814
8.67579888533814
8.67579888533814
8.67579888533814
8.67579888533814
8.67579888533814
8.67579888533814
8.67579888533814
8.67579888533814
8.67579888533814
8.67579888533814
8.67579888533814
8.67579888533814
8.67579888533814
8.67579888533814
8.67579888533814
8.67579888533814
8.67579888533814
8.67579888533814
8.67579888533814
8.67579888533814
8.67579888533814
8.67579888533814
8.67579888533814
8.67579888533814
8.67579888533814
8.67579888533814
8.67579888533814
8.67579888533814
8.67579888533814
8.67579888533814
8.67579888533814
8.67579888533814
8.67579888533814
8.67579888533814
8.67579888533814
8.67579888533814
8.67579888533814
8.67579888533814
8.67579888533814
8.67579888533814
8.67579888533814
8.67579888533814
8.67579888533814
8.67579888533814
8.67579888533814
8.67579888533814
8.67579888533814
8.67579888533814
8.67579888533814
8.67579888533814
8.67579888533814
8.67579888533814
8.67579888533814
8.67579888533814
8.67579888533814
8.67579888533814
8.67579888533814
8.67579888533814
8.67579888533814
8.67579888533814
8.67579888533814
8.67579888533814
8.67579888533814
8.67579888533814
8.67579888533814
8.67579888533814
8.67579888533814
8.67579888533814
8.67579888533814
8.67579888533814
8.67579888533814
8.67579888533814
8.67579888533814
8.67579888533814
8.67579888533814
8.67579888533814
8.67579888533814
8.67579888533814
8.67579888533814
8.67579888533814
8.67579888533814
8.67579888533814
8.67579888533814
8.67579888533814
8.67579888533814
8.681206930951742
8.681206930951742
8.681206930951742
8.681206930951742
8.681206930951742
8.681206930951742
8.681206930951742
8.681206930951742
8.681206930951742
8.681206930951742
8.681206930951742
8.681206930951742
8.681206930951742
8.681206930951742
8.681206930951742
8.681206930951742
8.681206930951742
8.681206930951742
8.681206930951742
8.681206930951742
8.681206930951742
8.681206930951742
8.681206930951742
8.681206930951742
8.681206930951742
8.681206930951742
8.681206930951742
8.681206930951742
8.681206930951742
8.681206930951742
8.681206930951742
8.681206930951742
8.681206930951742
8.681206930951742
8.681206930951742
8.681206930951742
8.681206930951742
8.681206930951742
8.681206930951742
8.681206930951742
8.690909700993593
8.690909700993593
8.690909700993593
8.690909700993593
8.690909700993593
8.690909700993593
8.690909700993593
8.690909700993593
8.690909700993593
8.690909700993593
8.690909700993593
8.690909700993593
8.690909700993593
8.690909700993593
8.690909700993593
8.690909700993593
8.690909700993593
8.690909700993593
8.690909700993593
8.690909700993593
8.690909700993593
8.690909700993593
8.690909700993593
8.690909700993593
8.690909700993593
8.690909700993593
8.690909700993593
8.690909700993593
8.690909700993593
8.690909700993593
8.690909700993593
8.690909700993593
8.690909700993593
8.690909700993593
8.690909700993593
8.690909700993593
8.690909700993593
8.690909700993593
8.690909700993593
8.690909700993593
8.690909700993593
8.690909700993593
8.690909700993593
8.690909700993593
8.690909700993593
8.690909700993593
8.690909700993593
8.690909700993593
8.690909700993593
8.690909700993593
8.690909700993593
8.690909700993593
8.690909700993593
8.690909700993593
8.690909700993593
8.690909700993593
8.690909700993593
8.690909700993593
8.690909700993593
8.690909700993593
8.690909700993593
8.690909700993593
8.690909700993593
8.690909700993593
8.690909700993593
8.690909700993593
8.690909700993593
8.690909700993593
8.690909700993593
8.690909700993593
8.690909700993593
8.690909700993593
8.690909700993593
8.690909700993593
8.690909700993593
8.690909700993593
8.690909700993593
8.690909700993593
8.690909700993593
8.690909700993593
8.690909700993593
8.690909700993593
8.690909700993593
8.690909700993593
8.690909700993593
8.690909700993593
8.690909700993593
8.690909700993593
8.690909700993593
8.690909700993593
8.690909700993593
8.690909700993593
8.690909700993593
8.690909700993593
8.690909700993593
8.690909700993593
8.690909700993593
8.690909700993593
8.690909700993593
8.690909700993593
8.690909700993593
8.690909700993593
8.690909700993593
8.690909700993593
8.690909700993593
8.690909700993593
8.690909700993593
8.690909700993593
8.690909700993593
8.690909700993593
8.690909700993593
8.690909700993593
8.690909700993593
8.690909700993593
8.690909700993593
8.690909700993593
8.690909700993593
8.690909700993593
8.690909700993593
8.690909700993593
8.690909700993593
8.690909700993593
8.690909700993593
8.690909700993593
8.690909700993593
8.690909700993593
8.690909700993593
8.690909700993593
8.690909700993593
8.690909700993593
8.690909700993593
8.690909700993593
8.690909700993593
8.690909700993593
8.690909700993593
8.690909700993593
8.690909700993593
8.690909700993593
8.690909700993593
8.690909700993593
8.690909700993593
8.690909700993593
8.690909700993593
8.690909700993593
8.690909700993593
8.690909700993593
8.690909700993593
8.690909700993593
8.690909700993593
8.690909700993593
8.690909700993593
8.690909700993593
8.690909700993593
8.690909700993593
8.690909700993593
8.690909700993593
8.690909700993593
8.690909700993593
8.690909700993593
8.690909700993593
8.690909700993593
8.690909700993593
8.690909700993593
8.690909700993593
8.690909700993593
8.690909700993593
8.690909700993593
8.690909700993593
8.690909700993593
8.690909700993593
8.690909700993593
8.690909700993593
8.690909700993593
8.690909700993593
8.690909700993593
8.690909700993593
8.690909700993593
8.690909700993593
8.690909700993593
8.690909700993593
8.690909700993593
8.690909700993593
8.690909700993593
8.690909700993593
8.690909700993593
8.690909700993593
8.690909700993593
8.690909700993593
8.690909700993593
8.690909700993593
8.690909700993593
8.690909700993593
8.690909700993593
8.690909700993593
8.690909700993593
8.690909700993593
8.690909700993593
8.690909700993593
8.690909700993593
8.690909700993593
8.690909700993593
8.690909700993593
8.690909700993593
8.690909700993593
8.690909700993593
8.690909700993593
8.690909700993593
8.690909700993593
8.690909700993593
8.690909700993593
8.690909700993593
8.690909700993593
8.690909700993593
8.690909700993593
8.690909700993593
8.690909700993593
8.690909700993593
8.690909700993593
8.690909700993593
8.690909700993593
8.690909700993593
8.690909700993593
8.690909700993593
8.690909700993593
8.690909700993593
8.690909700993593
8.690909700993593
8.690909700993593
8.690909700993593
8.690909700993593
8.690909700993593
8.690909700993593
8.690909700993593
8.690909700993593
8.690909700993593
8.690909700993593
8.690909700993593
8.690909700993593
8.690909700993593
8.690909700993593
8.690909700993593
8.690909700993593
8.690909700993593
8.690909700993593
8.690909700993593
8.690909700993593
8.690909700993593
8.690909700993593
8.690909700993593
8.690909700993593
8.690909700993593
8.690909700993593
8.690909700993593
8.690909700993593
8.690909700993593
8.690909700993593
8.690909700993593
8.690909700993593
8.690909700993593
8.690909700993593
8.690909700993593
8.690909700993593
8.690909700993593
8.690909700993593
8.690909700993593
8.690909700993593
8.690909700993593
8.690909700993593
8.690909700993593
8.690909700993593
8.690909700993593
8.690909700993593
8.690909700993593
8.690909700993593
8.690909700993593
8.690909700993593
8.690909700993593
8.690909700993593
8.690909700993593
8.690909700993593
8.690909700993593
8.690909700993593
8.690909700993593
8.690909700993593
8.690909700993593
8.690909700993593
8.690909700993593
8.690909700993593
8.690909700993593
8.690909700993593
8.690909700993593
8.690909700993593
8.690909700993593
8.690909700993593
8.690909700993593
8.690909700993593
8.690909700993593
8.690909700993593
8.690909700993593
8.690909700993593
8.690909700993593
8.690909700993593
8.690909700993593
8.690909700993593
8.690909700993593
8.690909700993593
8.690909700993593
8.690909700993593
8.690909700993593
8.690909700993593
8.690909700993593
8.690909700993593
8.690909700993593
8.690909700993593
8.690909700993593
8.690909700993593
8.690909700993593
8.690909700993593
8.690909700993593
8.690909700993593
8.690909700993593
8.690909700993593
8.690909700993593
8.690909700993593
8.690909700993593
8.690909700993593
8.690909700993593
8.690909700993593
8.690909700993593
8.690909700993593
8.690909700993593
8.690909700993593
8.690909700993593
8.690909700993593
8.690909700993593
8.690909700993593
8.690909700993593
8.690909700993593
8.690909700993593
8.690909700993593
8.690909700993593
8.690909700993593
8.690909700993593
8.690909700993593
8.690909700993593
8.690909700993593
8.690909700993593
8.690909700993593
8.690909700993593
8.690909700993593
8.690909700993593
8.690909700993593
8.690909700993593
8.690909700993593
8.690909700993593
8.690909700993593
8.690909700993593
8.690909700993593
8.690909700993593
8.690909700993593
8.690909700993593
8.690909700993593
8.690909700993593
8.690909700993593
8.690909700993593
8.690909700993593
8.690909700993593
8.690909700993593
8.690909700993593
8.690909700993593
8.690909700993593
8.690909700993593
8.690909700993593
8.690909700993593
8.690909700993593
8.690909700993593
8.690909700993593
8.690909700993593
8.690909700993593
8.690909700993593
8.690909700993593
8.690909700993593
8.690909700993593
8.690909700993593
8.690909700993593
8.690909700993593
8.690909700993593
8.690909700993593
8.690909700993593
8.690909700993593
8.690909700993593
8.690909700993593
8.690909700993593
8.690909700993593
8.690909700993593
8.690909700993593
8.690909700993593
8.690909700993593
8.690909700993593
8.690909700993593
8.690909700993593
8.690909700993593
8.690909700993593
8.690909700993593
8.690909700993593
8.690909700993593
8.690909700993593
8.690909700993593
8.690909700993593
8.690909700993593
8.690909700993593
8.690909700993593
8.690909700993593
8.690909700993593
8.690909700993593
8.690909700993593
8.690909700993593
8.690909700993593
8.690909700993593
8.690909700993593
8.690909700993593
8.690909700993593
8.690909700993593
8.690909700993593
8.690909700993593
8.690909700993593
8.690909700993593
8.690909700993593
8.690909700993593
8.690909700993593
8.690909700993593
8.690909700993593
8.690909700993593
8.690909700993593
8.690909700993593
8.690909700993593
8.690909700993593
8.690909700993593
8.690909700993593
8.690909700993593
8.690909700993593
8.690909700993593
8.690909700993593
8.690909700993593
8.690909700993593
8.690909700993593
8.690909700993593
8.690909700993593
8.690909700993593
8.690909700993593
8.690909700993593
8.690909700993593
8.690909700993593
8.690909700993593
8.690909700993593
8.690909700993593
8.690909700993593
8.690909700993593
8.690909700993593
8.690909700993593
8.690909700993593
8.690909700993593
8.690909700993593
8.690909700993593
8.690909700993593
8.690909700993593
8.690909700993593
8.690909700993593
8.690909700993593
8.690909700993593
8.690909700993593
8.690909700993593
8.690909700993593
8.690909700993593
8.690909700993593
8.690909700993593
8.690909700993593
8.690909700993593
8.690909700993593
8.690909700993593
8.690909700993593
8.690909700993593
8.690909700993593
8.690909700993593
8.690909700993593
8.690909700993593
8.690909700993593
8.690909700993593
8.690909700993593
8.690909700993593
8.690909700993593
8.690909700993593
8.690909700993593
8.690909700993593
8.690909700993593
8.690909700993593
8.690909700993593
8.690909700993593
8.690909700993593
8.690909700993593
8.690909700993593
8.690909700993593
8.690909700993593
8.690909700993593
8.690909700993593
8.690909700993593
8.690909700993593
8.690909700993593
8.690909700993593
8.690909700993593
8.690909700993593
8.690909700993593
8.690909700993593
8.690909700993593
8.690909700993593
8.690909700993593
8.690909700993593
8.690909700993593
8.690909700993593
8.690909700993593
8.690909700993593
8.690909700993593
8.690909700993593
8.690909700993593
8.690909700993593
8.690909700993593
8.690909700993593
8.690909700993593
8.690909700993593
8.690909700993593
8.690909700993593
8.690909700993593
8.690909700993593
8.690909700993593
8.690909700993593
8.690909700993593
8.690909700993593
8.690909700993593
8.690909700993593
8.690909700993593
8.690909700993593
8.690909700993593
8.690909700993593
8.690909700993593
8.690909700993593
8.690909700993593
8.690909700993593
8.690909700993593
8.690909700993593
8.690909700993593
8.690909700993593
8.690909700993593
8.690909700993593
8.690909700993593
8.690909700993593
8.690909700993593
8.690909700993593
8.690909700993593
8.690909700993593
8.690909700993593
8.690909700993593
8.690909700993593
8.690909700993593
8.690909700993593
8.690909700993593
8.690909700993593
8.692468897302962
8.692468897302962
8.692468897302962
8.692468897302962
8.692468897302962
8.692468897302962
8.692468897302962
8.692468897302962
8.692468897302962
8.692468897302962
8.692468897302962
8.692468897302962
8.692468897302962
8.692468897302962
8.692468897302962
8.692468897302962
8.692468897302962
8.692468897302962
8.692468897302962
8.692468897302962
8.692468897302962
8.692468897302962
8.692468897302962
8.692468897302962
8.692468897302962
8.692468897302962
8.695773807849715
8.695773807849715
8.695773807849715
8.695773807849715
8.695773807849715
8.695773807849715
8.695773807849715
8.695773807849715
8.695773807849715
8.695773807849715
8.695773807849715
8.695773807849715
8.695773807849715
8.695773807849715
8.695773807849715
8.695773807849715
8.695773807849715
8.695773807849715
8.695773807849715
8.695773807849715
8.695773807849715
8.695773807849715
8.695773807849715
8.695773807849715
8.695773807849715
8.695773807849715
8.695773807849715
8.695773807849715
8.695773807849715
8.695773807849715
8.695773807849715
8.695773807849715
8.695773807849715
8.695773807849715
8.695773807849715
8.695773807849715
8.695773807849715
8.695773807849715
8.695773807849715
8.695773807849715
8.695773807849715
8.695773807849715
8.695773807849715
8.695773807849715
8.695773807849715
8.695773807849715
8.695773807849715
8.695773807849715
8.695773807849715
8.695773807849715
8.695773807849715
8.695773807849715
8.695773807849715
8.695773807849715
8.695773807849715
8.695773807849715
8.695773807849715
8.695773807849715
8.695773807849715
8.695773807849715
8.695773807849715
8.695773807849715
8.695773807849715
8.695773807849715
8.695773807849715
8.695773807849715
8.695773807849715
8.695773807849715
8.695773807849715
8.695773807849715
8.695773807849715
8.695773807849715
8.695773807849715
8.695773807849715
8.695773807849715
8.695773807849715
8.695773807849715
8.695773807849715
8.695773807849715
8.695773807849715
8.695773807849715
8.695773807849715
8.695773807849715
8.695773807849715
8.695773807849715
8.695773807849715
8.695773807849715
8.695773807849715
8.695773807849715
8.695773807849715
8.695773807849715
8.695773807849715
8.695773807849715
8.695773807849715
8.695773807849715
8.695773807849715
8.695773807849715
8.695773807849715
8.695773807849715
8.695773807849715
8.695773807849715
8.695773807849715
8.695773807849715
8.695773807849715
8.695773807849715
8.695773807849715
8.695773807849715
8.695773807849715
8.695773807849715
8.695773807849715
8.695773807849715
8.695773807849715
8.695773807849715
8.695773807849715
8.695773807849715
8.695773807849715
8.695773807849715
8.695773807849715
8.695773807849715
8.695773807849715
8.695773807849715
8.695773807849715
8.695773807849715
8.695773807849715
8.695773807849715
8.695773807849715
8.695773807849715
8.695773807849715
8.695773807849715
8.695773807849715
8.695773807849715
8.695773807849715
8.695773807849715
8.695773807849715
8.695773807849715
8.695773807849715
8.695773807849715
8.695773807849715
8.695773807849715
8.695773807849715
8.695773807849715
8.695773807849715
8.695773807849715
8.695773807849715
8.695773807849715
8.695773807849715
8.695773807849715
8.695773807849715
8.695773807849715
8.695773807849715
8.695773807849715
8.695773807849715
8.695773807849715
8.695773807849715
8.695773807849715
8.695773807849715
8.695773807849715
8.695773807849715
8.695773807849715
8.695773807849715
8.695773807849715
8.695773807849715
8.695773807849715
8.695773807849715
8.695773807849715
8.695773807849715
8.695773807849715
8.695773807849715
8.695773807849715
8.695773807849715
8.695773807849715
8.695773807849715
8.695773807849715
8.695773807849715
8.695773807849715
8.695773807849715
8.695773807849715
8.695773807849715
8.695773807849715
8.695773807849715
8.695773807849715
8.695773807849715
8.695773807849715
8.695773807849715
8.695773807849715
8.695773807849715
8.695773807849715
8.695773807849715
8.695773807849715
8.695773807849715
8.695773807849715
8.695773807849715
8.695773807849715
8.695773807849715
8.695773807849715
8.695773807849715
8.695773807849715
8.695773807849715
8.698150950859075
8.698150950859075
8.698150950859075
8.698150950859075
8.698150950859075
8.698150950859075
8.698150950859075
8.698150950859075
8.698150950859075
8.698150950859075
8.698150950859075
8.698150950859075
8.698150950859075
8.698150950859075
8.698150950859075
8.698150950859075
8.698150950859075
8.698150950859075
8.698150950859075
8.698150950859075
8.698150950859075
8.698150950859075
8.698150950859075
8.698150950859075
8.698150950859075
8.698150950859075
8.698150950859075
8.698150950859075
8.698150950859075
8.698150950859075
8.698150950859075
8.698150950859075
8.698150950859075
8.698150950859075
8.698150950859075
8.698150950859075
8.698150950859075
8.698150950859075
8.698150950859075
8.698150950859075
8.698150950859075
8.698689353857489
8.699662642458714
8.699662642458714
8.699662642458714
8.699662642458714
8.699662642458714
8.699662642458714
8.699662642458714
8.699662642458714
8.699662642458714
8.699662642458714
8.699662642458714
8.699662642458714
8.699662642458714
8.699662642458714
8.699662642458714
8.699662642458714
8.699986188859146
8.699986188859146
8.699986188859146
8.699986188859146
8.699986188859146
8.699986188859146
8.699986188859146
8.699986188859146
8.699986188859146
8.699986188859146
8.699986188859146
8.699986188859146
8.699986188859146
8.699986188859146
8.699986188859146
8.699986188859146
8.699986188859146
8.699986188859146
8.699986188859146
8.699986188859146
8.699986188859146
8.699986188859146
Score: 8.699986188859146
Runtime: 649ms
