2.122137050835536E-6 4.847856450710029
3.378134183836146E-5 4.031530426009681
6.605455234269167E-5 3.7841268093563545
6.788877957478849E-4 3.7993358166907933
0.006305220841431919 3.7471899069337216
0.03246468737182272 3.485745144685437
0.03246468737182272 3.458004875570131
0.042061036012894626 3.2451812065071963
0.05172062025169261 3.064305753724261
0.05172062025169261 2.7651003740600584
0.05172062025169261 2.807835062847586
0.10711406823976442 2.779599401660735
0.10711406823976442 2.7517773243872745
0.10711406823976442 2.6308408152690674
0.14131137455948714 2.6585433657831734
0.14131137455948714 2.661139368726115
0.14131137455948714 2.650012988449991
0.14131137455948714 2.6829411385467563
0.18037817281935759 2.7292884987688275
0.2003155399139703 2.6047238205177323
0.2003155399139703 2.7343932307376724
0.4631114206508283 2.676043832878561
0.5090545013545994 2.6468523265597605
0.5090545013545994 2.7450934931758035
0.5090545013545994 2.759595029858524
0.6924289880033838 2.7968880597475243
1.1712223133919921 2.6400375773538407
1.1712223133919921 2.597637508451582
1.1712223133919921 2.5291577895294957
1.3343763440869423 2.60350107102837
1.3343763440869423 2.611155470722711
1.808121474613633 2.5614126628962093
1.808121474613633 2.3334368244810237
1.808121474613633 2.446006789493735
2.0419042536145495 2.3900856639248196
2.0419042536145495 2.361647920044092
2.1883716508964106 2.3486355353466113
2.1883716508964106 2.3789778005511555
2.1883716508964106 2.616513590806062
2.1883716508964106 2.6016850595217407
2.1883716508964106 2.6188235532123287
2.1883716508964106 2.765443494861653
2.1883716508964106 2.6842695587945697
2.1883716508964106 2.617508965347831
3.9597321740404876 2.9180461933243813
3.9597321740404876 2.9591876965864574
3.9597321740404876 3.03700040772912
3.9597321740404876 3.1361956273805975
3.9597321740404876 3.094247703705568
3.9597321740404876 2.85766939604152
3.9597321740404876 2.830101371422866
3.9597321740404876 2.9794636903886325
3.9597321740404876 2.8369333676036272
3.9597321740404876 2.932976265564011
3.9597321740404876 3.0453960716639954
3.9597321740404876 2.8954789381273627
3.9597321740404876 2.8274350318844568
4.222383167185138 2.8417340501402863
4.222383167185138 2.869995036681176
4.222383167185138 3.1245026475791398
4.222383167185138 3.2617817999468084
4.222383167185138 3.083567939131134
4.222383167185138 3.0356889117382098
4.222383167185138 3.3352947097553574
4.222383167185138 3.3851855975348184
4.4664845473778705 3.174006571833798
4.4664845473778705 3.0155105806907545
4.4664845473778705 2.8672634522442246
4.4664845473778705 2.8179077207373884
5.288241711519266 2.9254204197093525
5.288241711519266 2.938739940507344
5.288241711519266 2.8021582008447012
5.288241711519266 2.963352600002404
5.288241711519266 2.9647187311440537
5.288241711519266 2.870680421641997
5.288241711519266 2.6876753116284497
5.288241711519266 2.621071397859104
5.288241711519266 2.7877986812613327
5.856608773193248 3.02187437799561
6.377793415481701 2.908083283804693
6.377793415481701 2.9562911625610537
6.377793415481701 2.816357065735139
6.377793415481701 2.9233975804675563
6.610469908718257 3.1388429572593473
6.610469908718257 2.8655756310223746
6.796266348806515 2.6185759530790564
6.796266348806515 2.601517005965303
6.796266348806515 2.7513208228206674
6.796266348806515 2.7136030447039188
7.296510071004604 2.6889013289968378
7.296510071004604 2.6842843628178157
7.296510071004604 2.4541555134561746
7.296510071004604 2.604743755033022
7.296510071004604 2.6794891742235576
7.514892209072999 2.726852756972899
7.514892209072999 2.8616107807964197
7.514892209072999 2.697203668599184
7.685529973360036 2.774152248423594
7.685529973360036 2.8956865415899258
7.685529973360036 2.8523039720907306
7.890328554777131 2.9431668834089963
7.890328554777131 2.782384431684756
7.890328554777131 2.3380609100366634
7.890328554777131 2.342847137831774
8.20936471454536 2.435348566612968
8.20936471454536 2.479718883513207
8.465901606622259 2.540839619450929
8.465901606622259 2.0874013369480093
8.465901606622259 2.2085289839575646
8.501543209371862 2.3042864214199463
8.501543209371862 2.34954699749386
8.501543209371862 2.360998276500947
8.575904405101046 2.4800621931616864
8.575904405101046 2.4975816519245977
8.575904405101046 2.343956375296837
8.812846303750504 2.4466044957368487
8.812846303750504 2.6086204336834853
8.812846303750504 2.4568114779461414
8.812846303750504 2.324393824076673
8.812846303750504 2.067829733591769
8.812846303750504 2.101975076352796
8.971682733040279 1.9334561901555405
9.269491081416374 1.9110188047921706
9.269491081416374 1.9452606674017177
9.269491081416374 2.0885560244926102
9.269491081416374 1.985349143148862
9.269491081416374 2.09199892741625
9.269491081416374 2.0790751283427666
9.269491081416374 1.9166338026223677
9.269491081416374 1.6330034413281291
9.28149352998596 1.5574534044862605
9.405374802749314 1.4282009390381474
9.405374802749314 1.4265870761079247
9.405374802749314 1.5648668307964957
9.405374802749314 1.528368316604398
9.405374802749314 1.3918731548187504
9.405374802749314 1.4495444622640201
9.405374802749314 1.6461152301211286
9.405374802749314 1.4534833840784178
9.405374802749314 1.3703661802621725
9.405374802749314 1.2517805071064187
9.405374802749314 1.2088524544872035
9.405374802749314 1.1957883619489815
9.405374802749314 1.2896348130701487
9.405374802749314 1.3478693018992982
9.405374802749314 1.4022967218564375
9.405374802749314 1.392764749086792
9.408521624464179 1.4318540950749892
9.48591347505537 1.4635776226834594
9.48591347505537 1.4103909100738208
9.48591347505537 1.3898588622670496
9.48591347505537 1.3802573531276872
9.48591347505537 1.2929865196660624
9.48591347505537 1.3237029781650138
9.48591347505537 1.3163449635013418
9.48591347505537 1.2913425238545637
9.57057283245516 1.3398166572828163
9.67265390205505 1.385043218037445
9.67265390205505 1.280569551365055
9.67265390205505 1.2445909629843839
9.67265390205505 1.2840389829450956
9.67265390205505 1.2430434190245365
9.67265390205505 1.204210840420111
9.677063595231788 1.1399252655009395
9.677063595231788 1.1841376136377855
9.677063595231788 1.131048255671842
9.677063595231788 1.1560159792899412
9.677063595231788 0.9884519820906704
9.677063595231788 0.9927315722196683
9.677063595231788 1.048607377055964
9.677063595231788 1.0749879491734076
9.677063595231788 1.0692989602466367
9.677063595231788 1.0935062932222053
9.677063595231788 0.9254099627080482
9.677063595231788 0.9283641501164779
9.696860270785303 0.9945987223216197
9.696860270785303 0.9935458875461395
9.696860270785303 0.9869636340695629
9.696860270785303 1.0634659176529415
9.696860270785303 1.0748993981914279
9.714613932918203 1.197755875780108
9.714613932918203 1.1981121303003903
9.714613932918203 1.2446865465280215
9.778178586298615 1.2322252482631788
9.778178586298615 1.2800923908125845
9.778178586298615 1.377361735955351
9.778178586298615 1.3655295389323985
9.778178586298615 1.2322543612645267
9.778178586298615 1.1476343866647867
9.778178586298615 1.1242569697645552
9.778178586298615 1.054148466102171
9.778178586298615 1.1329909127629672
9.778178586298615 0.970015442986173
9.778178586298615 0.9993835139245044
9.778178586298615 1.04421465116891
9.819657071529168 0.9570293364063674
9.819657071529168 1.0096856893816815
9.819657071529168 0.9194861656807491
9.819657071529168 0.9383922242897708
9.819657071529168 0.975988830770493
9.819657071529168 1.08604158739045
9.819657071529168 1.1215537459801048
9.819657071529168 0.9731021790624931
9.819657071529168 0.8953155388421306
9.819657071529168 0.6970056426032557
9.819657071529168 0.7039041746287592
9.819657071529168 0.689434740282707
9.819657071529168 0.7463670940033988
9.82798416969348 0.7477729186122133
9.82798416969348 0.8147738187006783
9.82798416969348 0.8701056010761957
9.82798416969348 0.8785880648448057
9.83576890406955 0.905436079147107
9.858515902560029 0.8909008371354243
9.858515902560029 0.8584334620180486
9.858515902560029 0.8930964678283728
9.858515902560029 0.9063495291868691
9.858515902560029 0.8515893117665854
9.880640582411353 0.8551683600379321
9.880640582411353 0.8523598690676902
9.880640582411353 0.8589299879825063
9.89239922606412 0.8892334962606333
9.89239922606412 0.7617030897382091
9.89239922606412 0.7089223082845119
9.894145929413819 0.7155088895384848
9.894145929413819 0.6759659560619894
9.894145929413819 0.6761018181998923
9.894145929413819 0.6944713513927528
9.894145929413819 0.68026927315626
9.894145929413819 0.710050428226775
9.894145929413819 0.7061444044392023
9.894252979841449 0.7150519235053403
9.899656734121734 0.7415967905017053
9.899656734121734 0.6912746587744134
9.899656734121734 0.6623961576521605
9.899656734121734 0.6528776045624429
9.899656734121734 0.6307772758214935
9.899656734121734 0.5920881078165412
9.904132172955718 0.6152109466247164
9.904132172955718 0.6539405874737234
9.909189794716047 0.6286406215940368
9.909189794716047 0.6480622945216518
9.909189794716047 0.6394960218092085
9.915339034613899 0.6531445239450396
9.915339034613899 0.6670829494280448
9.916847555093195 0.5500090508477419
9.919635605738666 0.6010792196265187
9.919635605738666 0.6357932020052701
9.919635605738666 0.6477123997056656
9.919635605738666 0.6336908578546362
9.919635605738666 0.6427813930907655
9.919635605738666 0.6744000475480376
9.919635605738666 0.6551405886026587
9.919635605738666 0.6662509680815586
9.919635605738666 0.6649924748212794
9.919635605738666 0.6843879407007666
9.919635605738666 0.6997693073359463
9.923362780853045 0.7712464741200445
9.923362780853045 0.8278823707081177
9.923362780853045 0.8444496388291889
9.923362780853045 0.7713033116320398
9.925119245645634 0.592598120742889
9.925119245645634 0.5455687534038424
9.927922758836676 0.5554827357833879
9.927922758836676 0.5751008871641308
9.927922758836676 0.5531949117728008
9.927922758836676 0.522035287464577
9.927922758836676 0.5553787439511734
9.927968347087631 0.607326582459216
9.933058513691723 0.6379926304724897
9.933058513691723 0.6817319317788583
9.933058513691723 0.7172319257865205
9.933058513691723 0.7440092071908716
9.93721226318914 0.710245146107081
9.93721226318914 0.7784586372545581
9.93721226318914 0.6136236267465704
9.939935665038753 0.6695071534220162
9.939935665038753 0.6646265828195811
9.939935665038753 0.5862332108345206
9.939935665038753 0.6099498512655276
9.939935665038753 0.6442504149496713
9.939935665038753 0.5778527172038909
9.939935665038753 0.567925862241187
9.94803929671713 0.5026187473017154
9.94803929671713 0.5110336282100472
9.950112594794238 0.572685818000418
9.950112594794238 0.5333606605472285
9.950112594794238 0.5610501839327648
9.950112594794238 0.6153060212931263
9.950112594794238 0.5697154565967895
9.950112594794238 0.6301002670448155
9.950112594794238 0.6283392713999237
9.950112594794238 0.6290976166091832
9.950112594794238 0.6434241261037815
9.952840236659457 0.6692004950629389
9.952840236659457 0.7006947198633586
9.952840236659457 0.6871627984913699
9.952840236659457 0.712430222214362
9.952840236659457 0.7029312917298068
9.952840236659457 0.6808388048565961
9.952840236659457 0.6178713817501434
9.952840236659457 0.6547177057170032
9.952840236659457 0.6276074243086625
9.952840236659457 0.6063747608396702
9.953576199321953 0.5541417523136775
9.953576199321953 0.5472816613278202
9.95685780930563 0.5614234720758757
9.96031168809375 0.6334955414897476
9.96031168809375 0.6318256051462339
9.96031168809375 0.6341536818113791
9.972641075033081 0.5972103840899272
9.972641075033081 0.5968983122667079
9.972641075033081 0.6461028600549725
9.972641075033081 0.5667899222122944
9.972641075033081 0.5557167194148
9.972641075033081 0.5688769912270247
9.972641075033081 0.5457186096433805
9.972641075033081 0.5640441434113425
9.972641075033081 0.5341934745413757
9.972641075033081 0.48603243230333304
9.972641075033081 0.49722960264122085
9.972641075033081 0.5030400842506383
9.972641075033081 0.46751069967921227
9.972641075033081 0.4638626161551096
9.977608611588533 0.4788292531223202
9.977608611588533 0.499902839968146
9.97767291313101 0.5014095016164125
9.97767291313101 0.49328580097646124
9.97767291313101 0.542520197790458
9.97767291313101 0.5179620502107031
9.97767291313101 0.49535007358036437
9.97767291313101 0.4592264050696081
9.97767291313101 0.44129432199945207
9.97767291313101 0.4543276819954763
9.97767291313101 0.453596241932671
9.97767291313101 0.44496989347557514
9.97767291313101 0.44439731119900083
9.97767291313101 0.4739302655989685
9.97767291313101 0.4786257474370087
9.97767291313101 0.45945070782586517
9.97767291313101 0.46655079489682616
9.97767291313101 0.41053190683889684
9.980238728999208 0.4354265532298563
9.980238728999208 0.4190169260730835
9.983297350818411 0.4440085023682662
9.983297350818411 0.4042638323385969
9.983814461311066 0.4086454890437834
9.983814461311066 0.4098691239061386
9.983814461311066 0.43487611372268853
9.983814461311066 0.4614720942514663
9.983814461311066 0.4820649490286225
9.983814461311066 0.45402773906439187
9.983814461311066 0.4863174084015489
9.983814461311066 0.49472942615626475
9.983814461311066 0.5159635303832608
9.983814461311066 0.5219659726457144
9.983814461311066 0.5447758061496698
9.983814461311066 0.5446473388484286
9.983814461311066 0.44544078709418994
9.983814461311066 0.44534062476241265
9.983814461311066 0.42949073595147497
9.983814461311066 0.44400429317141676
9.983814461311066 0.4896413915454915
9.984415439834965 0.4878187190580766
9.984415439834965 0.4875568266582326
9.984415439834965 0.485793095152441
9.984415439834965 0.48484859063393076
9.984415439834965 0.48653665025303394
9.984415439834965 0.4825761015264536
9.984415439834965 0.48643773879216035
9.984415439834965 0.5040843533856199
9.984415439834965 0.5237488191973718
9.984415439834965 0.4838882173926164
9.984415439834965 0.512297139452164
9.984415439834965 0.5050829391860676
9.984415439834965 0.4667522377400593
9.984415439834965 0.47711737591741943
9.984415439834965 0.4232272165790994
9.984415439834965 0.4424908858322327
9.984415439834965 0.4108641848075939
9.984415439834965 0.45939542525089666
9.984415439834965 0.4624567220674826
9.984415439834965 0.466864065051157
9.984415439834965 0.47944899242451433
9.984415439834965 0.47597535778273986
9.984415439834965 0.4687129458899721
9.984415439834965 0.4809005822971194
9.98449606119167 0.48124747121438455
9.98449606119167 0.5208322692641096
9.98449606119167 0.3903400656255152
9.98449606119167 0.4030443185360588
9.98449606119167 0.41538441542310583
9.98449606119167 0.42691391451777455
9.98449606119167 0.40583361854272715
9.98449606119167 0.4068032448915094
9.98449606119167 0.39973179103748313
9.98449606119167 0.3600142706414527
9.988552054705567 0.35835984328831616
9.988552054705567 0.3496555074476545
9.988552054705567 0.3583849074433117
9.988552054705567 0.3645616031542638
9.991458809972787 0.36624241792130274
9.991458809972787 0.3397706943555203
9.991458809972787 0.33451730960011306
9.991905720614438 0.3250497448439279
9.991905720614438 0.33077542864741594
9.991905720614438 0.33826557996167483
9.991905720614438 0.275065507763959
9.991905720614438 0.28160242092989224
9.992177220950197 0.29018138195568227
9.992177220950197 0.26177836261294735
9.992177220950197 0.2583139751569966
9.992177220950197 0.2644581188693826
9.992177220950197 0.2511279115623868
9.992177220950197 0.25243125559271173
9.992177220950197 0.2703861445325349
9.992177220950197 0.2783583627907458
9.992177220950197 0.26862110492461583
9.992177220950197 0.2609685263289207
9.992678241754898 0.2619406371950064
9.992678241754898 0.22232134522595923
9.992678241754898 0.22323254544236087
9.994352413345608 0.21763469113032283
9.994352413345608 0.2207773874870376
9.994352413345608 0.23142356418410842
9.994352413345608 0.23381694202753436
9.994352413345608 0.23031683480090148
9.994352413345608 0.23240473462338504
9.994352413345608 0.2174818785301465
9.994352413345608 0.21975842343186378
9.994352413345608 0.21852987621231634
9.994352413345608 0.21968010426211365
9.994352413345608 0.225915385280003
9.994352413345608 0.21468925205975067
9.994352413345608 0.22292464795552816
9.994352413345608 0.21310814407560075
9.995028709286478 0.19940669196180827
9.995028709286478 0.19705252237595233
9.995028709286478 0.18276633671179754
9.996497689967747 0.20562734113256026
9.996497689967747 0.19441223606641136
9.996497689967747 0.2051842476386911
9.996497689967747 0.20102018164779725
9.996497689967747 0.20321809937646218
9.996497689967747 0.20850384881782763
9.996497689967747 0.2096774785678803
9.996497689967747 0.13405440925891193
9.996497689967747 0.13550974547767836
9.996497689967747 0.14038137608995108
9.996497689967747 0.14113538281159033
9.996497689967747 0.14620955247629766
9.996497689967747 0.11187316670164951
9.996497689967747 0.1035654535756902
9.996497689967747 0.07738388669241303
9.996497689967747 0.0621326443112351
9.996702848317597 0.06217178432747652
9.996702848317597 0.060518963386999865
9.996702848317597 0.06260480616623504
9.996702848317597 0.056353783225228264
9.996702848317597 0.06336083194536156
9.996702848317597 0.0595918367007123
9.996702848317597 0.054549108170705136
9.996702848317597 0.05933837283812415
9.996702848317597 0.06102717841306858
9.996702848317597 0.0648619035328631
9.996702848317597 0.06402908402263006
9.996702848317597 0.06599520591240315
9.996702848317597 0.06881438941035894
9.996702848317597 0.07598341799080896
9.996702848317597 0.06500155690550177
9.996702848317597 0.06103986631188447
9.996702848317597 0.06014887128819594
9.996702848317597 0.06505359149171944
9.996702848317597 0.060833647384714536
9.996702848317597 0.061469690596609554
9.996702848317597 0.05847647064862619
9.996702848317597 0.054587397203807723
9.996702848317597 0.05723537335408221
9.996702848317597 0.05855176869859113
9.996702848317597 0.05826799130723423
9.996702848317597 0.06163056859585666
9.996702848317597 0.06398551097947001
9.996702848317597 0.06337837970892125
9.996702848317597 0.06439596190490231
9.996702848317597 0.061698283104663174
9.996702848317597 0.06507096443128542
9.996702848317597 0.061737878239011675
9.996702848317597 0.06783583302287326
9.996702848317597 0.0754766791075825
9.996702848317597 0.07903708050124937
9.996702848317597 0.07953085763971535
9.996702848317597 0.07771446770963639
9.996702848317597 0.06834560954739709
9.996702848317597 0.06000551028759619
9.996702848317597 0.06033007973263582
9.996702848317597 0.05577550902867595
9.996702848317597 0.05651537099105564
9.996702848317597 0.05744528470437085
9.996702848317597 0.05446507187456721
9.996702848317597 0.04638395936975599
9.996702848317597 0.04705462773968204
9.996702848317597 0.05107882558509618
9.996702848317597 0.05017580555091998
9.996702848317597 0.04970234617776587
9.996702848317597 0.05169501710388671
9.996702848317597 0.05660410999803535
9.996702848317597 0.057592454771063284
9.996702848317597 0.060917949367264794
9.996702848317597 0.0640458204708576
9.996702848317597 0.07008196766115765
9.996702848317597 0.06724047823440744
9.996702848317597 0.07466310191215486
9.996702848317597 0.06697976832498603
9.996702848317597 0.06310350044899485
9.996702848317597 0.06933584290705115
9.996702848317597 0.06729622814107535
9.996702848317597 0.05299344660414273
9.996702848317597 0.052961095802327045
9.996702848317597 0.055593927685914424
9.996702848317597 0.05624355406364588
9.996702848317597 0.054318442122444875
9.996702848317597 0.05603402082883979
9.996702848317597 0.05668999592193838
9.996702848317597 0.05645267237538697
9.996702848317597 0.060299516060644126
9.996702848317597 0.06250882378824331
9.996702848317597 0.06180494035204403
9.996702848317597 0.060817655480224136
9.996702848317597 0.06135348575348929
9.996702848317597 0.057402301853438475
9.996702848317597 0.0645462088824491
9.996702848317597 0.06100865710764929
9.996702848317597 0.06582179742645278
9.996702848317597 0.06337789823601822
9.996702848317597 0.06298694447962652
9.996702848317597 0.06663122786971593
9.996702848317597 0.06926295691866131
9.996702848317597 0.06549820238470913
9.996702848317597 0.06617033453497202
9.996702848317597 0.06643915763815784
9.996702848317597 0.06865182940565424
9.996702848317597 0.0685332168829908
9.996702848317597 0.07238710387383307
9.996702848317597 0.0739808333012963
9.996702848317597 0.07130882025669562
9.996702848317597 0.07486330577869482
9.996702848317597 0.07293234564766181
9.996702848317597 0.07080101460002833
9.996702848317597 0.06582349430000013
9.996702848317597 0.06576039995556965
9.996702848317597 0.06954028624955105
9.996702848317597 0.07285940969772069
9.996702848317597 0.07474660805172616
9.996702848317597 0.0723761738897816
9.996702848317597 0.0739837247513353
9.996702848317597 0.07367380563612003
9.996702848317597 0.0754243268834903
9.996702848317597 0.08107711685352477
9.996702848317597 0.0787961173451115
9.996702848317597 0.07675662087065802
9.996702848317597 0.07945889294327442
9.996702848317597 0.07385255827468824
9.996702848317597 0.07189517619816019
9.996702848317597 0.07238931443063372
9.996702848317597 0.06677917274453643
9.996702848317597 0.06948896753777309
9.996702848317597 0.07277241609080533
9.996702848317597 0.07404336221658532
9.996702848317597 0.08248390697535242
9.996702848317597 0.07960798711786828
9.996702848317597 0.07470022101350232
9.996702848317597 0.06892640060964683
9.996702848317597 0.07077080986738826
9.996702848317597 0.07253498383689823
9.996702848317597 0.07441556243235659
9.996702848317597 0.0776980705943442
9.996702848317597 0.06945262261511369
9.996702848317597 0.0638854034403314
9.996702848317597 0.057707108325165526
9.996702848317597 0.0531118718570554
9.996702848317597 0.04257438729117028
9.996702848317597 0.040791342160559796
9.996702848317597 0.04173578585048441
9.996702848317597 0.039897663900573054
9.996702848317597 0.03905153990385896
9.996702848317597 0.03812536951601984
9.996702848317597 0.03647267817081121
9.996702848317597 0.035915413788515045
9.996702848317597 0.03435711993890345
9.996702848317597 0.03355135652984584
9.996702848317597 0.03550394603178693
9.996702848317597 0.03650970638135811
9.996702848317597 0.037202142486853586
9.996702848317597 0.0377817854713616
9.996702848317597 0.038232665074736986
9.996702848317597 0.035589006685982104
9.996702848317597 0.03665261186712314
9.996702848317597 0.03758434050656951
9.996702848317597 0.037022427529326996
9.996702848317597 0.0365289393640841
9.996702848317597 0.038335352503124746
9.996702848317597 0.0377341221469277
9.996702848317597 0.03513816695112437
9.996702848317597 0.0360643538027483
9.996702848317597 0.03615690512617671
9.996702848317597 0.0370918622517212
9.996702848317597 0.03705123607165381
9.996702848317597 0.03443385008085318
9.996702848317597 0.034122009317746074
9.996702848317597 0.03516201181086871
9.996702848317597 0.03629816159244791
9.996702848317597 0.03837665496072845
9.996702848317597 0.03694049134108497
9.996702848317597 0.03198532436124494
9.996702848317597 0.03214748727918158
9.996702848317597 0.03206523842274401
9.996702848317597 0.0310928650658141
9.996702848317597 0.033021654414384344
9.996702848317597 0.021312154438824303
9.996702848317597 0.019872195690397727
9.996702848317597 0.021112984334399742
9.996702848317597 0.02040594443755741
9.996702848317597 0.02131088301243653
9.996702848317597 0.021777617080989128
9.996702848317597 0.021214920531351544
9.996702848317597 0.022744211317567407
9.996702848317597 0.02290128418450731
9.996702848317597 0.0216618352302701
9.996702848317597 0.021135113619352875
9.996702848317597 0.018800246757861492
9.996702848317597 0.017010430297974475
9.996702848317597 0.01676934361564162
9.996702848317597 0.016987929538339802
9.996702848317597 0.018099241507345543
9.996702848317597 0.017707619960928064
9.996702848317597 0.013326016691796859
9.996702848317597 0.013848876243334649
9.996702848317597 0.013678149760821382
9.996702848317597 0.01418485738352556
9.996702848317597 0.014372825424392603
9.996702848317597 0.016531932289798754
9.996702848317597 0.017768661453058058
9.996702848317597 0.014195651403138897
9.996702848317597 0.014821724496646418
9.996702848317597 0.015278606989824537
9.996702848317597 0.014298684389775164
9.996702848317597 0.014799993200897943
9.996702848317597 0.015500382595703728
9.996702848317597 0.01557803567636176
9.996702848317597 0.015132722341057274
9.996702848317597 0.015522962068250802
9.996702848317597 0.013683938440375186
9.996702848317597 0.014222158755470771
9.996702848317597 0.013753672521597938
9.996702848317597 0.01448307100370421
9.996702848317597 0.015518558500193297
9.996702848317597 0.015987338966981453
9.996702848317597 0.014808319375221176
9.996702848317597 0.015016893151592265
9.996702848317597 0.01523816356387023
9.996702848317597 0.01596407011791598
9.996702848317597 0.0160218827646717
9.996702848317597 0.015854104453925922
9.996702848317597 0.01618449917467677
9.996702848317597 0.015355604258446816
Score: 9.996702848317597
Runtime: 5077ms
