1.8590301402390313E-5 4.514584904855685
2.427536168003732E-4 4.498908877040081
3.4794397812513327E-4 3.7634768034182473
8.410906698897989E-4 3.540224646401303
0.0027313072714802594 3.63025881133788
0.006043516605525384 3.6438307449519387
0.02445642020004636 3.27762920178469
0.03816158046348215 3.21719685907334
0.053529920244819805 3.1851586029476597
0.2546134353465903 3.219933579227571
0.2546134353465903 3.0643521350271197
0.33423116334357994 2.903183316042989
0.5379165564921553 2.9077775626620324
0.648011288817264 2.877507968606875
0.648011288817264 2.9319761144421825
0.6564017126246963 2.903141504125411
0.6564017126246963 2.867188454530923
0.6564017126246963 2.9495769951118227
0.6564017126246963 2.9508834816566356
0.6564017126246963 2.9810364669358647
0.6564017126246963 2.9182347321755793
0.6564017126246963 3.013857914031564
0.6564017126246963 2.9990597131995607
0.6564017126246963 3.0628534414177104
0.8882952698946412 3.017521149518952
0.8882952698946412 3.1734716290895326
0.9361247394610204 3.180643787181205
0.9361247394610204 3.087749978416288
1.0694277806256338 3.2458664488080817
1.0694277806256338 3.2042263516294764
1.0694277806256338 3.27358238773941
1.0840807000302537 3.086058098620358
1.4320471311063734 3.0849673058600318
1.4320471311063734 3.094218780936482
1.4320471311063734 3.300949052073375
1.4320471311063734 3.3809067837576987
1.4320471311063734 3.38914589712335
1.7811514345883637 3.3670340412531194
1.7811514345883637 3.391419643686038
1.847898671004582 3.254123273873584
1.847898671004582 3.4040347305137972
1.847898671004582 3.4846021876656135
1.847898671004582 3.4430579670237687
1.847898671004582 3.457403395459412
1.847898671004582 3.6484186956450357
1.847898671004582 3.568987927390668
1.847898671004582 3.424906036709261
1.847898671004582 3.329470081939941
2.624670503143025 3.326271933994982
3.865705993367304 3.306636527145518
3.865705993367304 3.22340042192226
4.131505791419228 3.3051335152053243
4.131505791419228 3.1031050139503593
4.131505791419228 2.9607947268415984
4.131505791419228 2.9400321957003643
4.235612374571095 2.8876517519800258
4.235612374571095 3.049546200199242
4.5947815733114385 3.000344568356248
4.5947815733114385 2.9456704606457147
4.7798068945506875 2.979316209360766
4.7798068945506875 2.809303556110245
4.784313412330099 2.780956653313305
4.784313412330099 2.5626094782524547
5.115216197872377 2.3362178407455225
5.115216197872377 2.182618871841223
5.5065618309204725 2.121609789572133
5.5068424898476955 2.203290372507589
5.5068424898476955 2.2569833709158993
5.5068424898476955 2.251147952900299
5.597575027615914 2.1869687073577095
6.069746597138721 2.0946656442380718
6.8509903226605875 2.2300347627059725
6.8509903226605875 2.1650630689337294
6.8509903226605875 2.1849279162802797
6.8509903226605875 2.338255193907766
6.8509903226605875 2.421569534099952
6.8509903226605875 2.2264913132807034
6.8509903226605875 1.919750457682613
6.8509903226605875 1.9713898474994835
6.8509903226605875 2.209739560286103
6.8509903226605875 1.9925946280434539
6.8509903226605875 1.961068184044556
7.210590082517862 1.8820753572112188
7.210590082517862 1.8109099004886255
7.210590082517862 1.9598389577859272
7.210590082517862 1.9582246303343125
7.210590082517862 2.094394256296884
7.210590082517862 2.0178406123284223
7.210590082517862 1.9789232356129822
7.210590082517862 1.8503424160690076
7.210590082517862 1.9090592412595768
7.210590082517862 2.092599188774553
7.210590082517862 2.1686853625229046
7.210590082517862 2.21530503738448
7.279983557882725 2.0836787615805794
7.279983557882725 2.1775879026828915
7.279983557882725 1.8692752001563462
7.570343726342542 1.8904376143058517
7.570343726342542 1.7789167335985367
7.570343726342542 1.880503557331394
7.570343726342542 1.8597505341839842
7.570343726342542 1.8307801260674872
7.570343726342542 1.976410063371227
7.570343726342542 2.0386670834410663
7.570343726342542 1.9226935886362286
7.570343726342542 2.0619836950946264
7.570343726342542 2.177764819266715
7.570343726342542 2.1717609226973584
7.570343726342542 1.9403235315641556
7.570343726342542 2.049620238769747
7.570343726342542 1.8614241910239684
7.570343726342542 1.805707333250371
7.8374084804439015 1.9237037972197477
7.8374084804439015 2.023966980675856
7.8374084804439015 1.8624613527002976
7.8374084804439015 2.0678926998837297
7.8374084804439015 2.019463946888661
7.8374084804439015 2.1180191313510695
7.8374084804439015 2.094105402929718
7.8374084804439015 1.9412109732035447
7.8374084804439015 2.018499205537772
7.8374084804439015 2.135588588466545
7.8374084804439015 2.0350373895860376
7.8374084804439015 2.020014429420731
7.8374084804439015 2.2413601265820673
7.8374084804439015 2.1342392358454045
7.8374084804439015 2.143275190758036
7.8374084804439015 2.3216976413626025
7.8374084804439015 2.3359496545554492
7.8374084804439015 2.321844931860739
7.8374084804439015 2.2096089555794483
7.8374084804439015 1.9404327679627775
7.8374084804439015 2.0298165982153584
7.8374084804439015 2.098069215720718
7.8374084804439015 2.0660650597923853
7.8374084804439015 1.9996114104851075
7.8374084804439015 2.090968919949716
7.8374084804439015 2.290310373750188
7.8374084804439015 2.0753323888572854
7.8374084804439015 2.255568568194474
7.8374084804439015 2.3063754621008328
7.8374084804439015 2.247454629500896
7.942365629663866 2.2502544064319356
7.942365629663866 2.181646711905197
8.198303944896024 1.9370463204116266
8.198303944896024 2.04575014227989
8.198303944896024 2.115275017677094
8.198303944896024 2.3046694413313222
8.198303944896024 2.291708686265504
8.198303944896024 2.340449928699096
8.198303944896024 2.1839150242290395
8.198303944896024 2.199527509155625
8.198303944896024 2.0853201603654568
8.236248494926425 2.2324692827576786
8.236248494926425 2.0725440951846124
8.236248494926425 2.1158952932919104
8.325035838165832 2.0735000361423555
8.325035838165832 2.032595553406484
8.325035838165832 2.0535268515915486
8.376641802070809 2.2089522789331664
8.376641802070809 2.2683091477660575
8.376641802070809 2.139213355908382
8.507516078088607 1.934873322271636
8.507516078088607 1.8741063405901282
8.537865755216972 2.0993578964234545
8.537865755216972 1.9855926774915342
8.537865755216972 1.9932779636143767
8.537865755216972 2.0423999953220426
8.537865755216972 1.9749587716108363
8.733436817137166 2.1582512070904385
8.733436817137166 1.9323703371839682
8.733436817137166 2.026126250144662
8.733436817137166 1.927908539872483
8.733436817137166 1.7838142957107694
8.733436817137166 1.6830347363251232
8.733436817137166 1.7394738397858658
8.733436817137166 1.692965353208307
8.743918876575348 1.6554237842579786
8.743918876575348 1.8248610300384336
8.743918876575348 1.7377797184045358
8.743918876575348 1.7182760634513745
9.031259118757738 1.8985293523706852
9.031259118757738 1.8513896314716594
9.031259118757738 1.8294538224402455
9.031259118757738 1.8161673792999389
9.031259118757738 1.586274929783779
9.031259118757738 1.7191970586570782
9.031259118757738 1.6639849397692064
9.031259118757738 1.6768118633379294
9.031259118757738 1.8463437959162166
9.031259118757738 1.7675368792012163
9.080525520926884 1.7865881752448707
9.080525520926884 1.8421270762342234
9.080525520926884 1.948685587238509
9.080525520926884 2.18050988622671
9.080525520926884 2.1823947256799645
9.080525520926884 1.9547153917961586
9.080525520926884 2.145248143137022
9.080525520926884 1.9596353347817668
9.080525520926884 2.0228545180504724
9.080525520926884 2.0517631581103166
9.080525520926884 1.9350617562074282
9.080525520926884 1.9443883869476315
9.274789601563851 2.018089567151815
9.274789601563851 2.036434267862736
9.274789601563851 2.015694857192905
9.274789601563851 1.918435492243956
9.274789601563851 1.984713000271678
9.274789601563851 1.9841888410675086
9.274789601563851 1.6664649489703327
9.274789601563851 1.7405868648036396
9.274789601563851 1.7441882053697801
9.274789601563851 1.7938129844959254
9.274789601563851 1.840328917163012
9.274789601563851 1.6605919298490204
9.274789601563851 1.7202489947077853
9.274789601563851 1.8167024102554044
9.346215615611037 1.772494631783223
9.346215615611037 1.6604401217690181
9.346215615611037 1.7038199764073447
9.346215615611037 1.7720110454932403
9.346215615611037 1.826346720488873
9.346215615611037 1.8579723848455976
9.346215615611037 1.7513925397872159
9.346215615611037 1.7865739045193882
9.346215615611037 1.696516506007723
9.346215615611037 1.583996791391012
9.346215615611037 1.6883008953387908
9.346215615611037 1.7050790432117444
9.346215615611037 1.3549316324543617
9.346215615611037 1.4076510775105089
9.346215615611037 1.4144839631183928
9.346215615611037 1.434192765784683
9.346215615611037 1.5123178681868428
9.346215615611037 1.5438316331920794
9.346215615611037 1.5404522046060718
9.346215615611037 1.4648091716876488
9.346215615611037 1.5366054183373121
9.346215615611037 1.5801213354343915
9.346215615611037 1.5568572484996681
9.346215615611037 1.6195851385978899
9.407161578942326 1.6019515467052055
9.407161578942326 1.516163866663833
9.407161578942326 1.5392948719942807
9.407161578942326 1.6370596820554155
9.407161578942326 1.7112050326151704
9.407161578942326 1.728189205926986
9.407161578942326 1.4983604318502344
9.407161578942326 1.499800312466184
9.407161578942326 1.5208416504653846
9.407161578942326 1.6372757875099155
9.524995937115289 1.7397182790357606
9.524995937115289 1.8211400229681294
9.524995937115289 1.8485470392411814
9.524995937115289 1.9476953372556012
9.524995937115289 1.8194933107901679
9.584095603800048 1.5407909510692799
9.683670197841996 1.6091331059094656
9.683670197841996 1.6919979468476198
9.683670197841996 1.706320884576467
9.683670197841996 1.6907074172972045
9.683670197841996 1.6357751375830565
9.683670197841996 1.551119675296957
9.683670197841996 1.4714017795566723
9.683670197841996 1.571889548445715
9.689004664395634 1.0974389785129501
9.689004664395634 1.194935998609788
9.689004664395634 1.1858818077131361
9.689004664395634 1.1915883686829247
9.689004664395634 1.1395744678975361
9.689004664395634 1.1333026103432022
9.689004664395634 1.2121875510411975
9.689004664395634 1.1273406391848155
9.693520165440702 1.2048646142684662
9.70784097951228 0.9624514838179518
9.70784097951228 0.8907014151442199
9.750483939021134 0.9531645546746593
9.75898538108539 1.0161634681762974
9.75898538108539 1.072549955623321
9.773736271516572 1.0167641056374952
9.773736271516572 0.9909687794164247
9.787267847890286 0.9000804906711678
9.794242168158982 0.9283693695648014
9.794242168158982 1.0041407908235238
9.794242168158982 0.9343738610768605
9.794242168158982 0.9358191945757292
9.794242168158982 0.9891802543671768
9.797609915232286 0.9868715376704459
9.797609915232286 0.9943353084064287
9.802611025898376 0.9148997375662454
9.812633285789948 0.9225693961979825
9.812633285789948 0.9214008389254881
9.839304725273388 0.8891607641822098
9.852929999317997 0.8631115984763466
9.852929999317997 0.8619146712355852
9.852929999317997 0.8589274841776064
9.852929999317997 0.8992979233681988
9.852929999317997 0.9389188318258995
9.857786347714235 1.0236292368383613
9.857786347714235 0.993350788642896
9.857786347714235 1.0144677263727837
9.857786347714235 1.0619326574277315
9.857786347714235 0.9713396944102266
9.859985676975437 0.9424188500405751
9.859985676975437 0.87552681808979
9.859985676975437 0.8338320775786439
9.859985676975437 0.7997232062014473
9.859985676975437 0.8425362110220023
9.859985676975437 0.8480168874755233
9.859985676975437 0.7794754949066688
9.868146803824818 0.8518180479677677
9.876550497403102 0.8393866739705003
9.891194173432549 0.7994315383823896
9.891194173432549 0.8006443837844914
9.891194173432549 0.7737411011792301
9.900239175125432 0.8283176706907359
9.9102271734128 0.7608123703777894
9.9102271734128 0.8289898284176647
9.9102271734128 0.8177280987312279
9.925325385623406 0.8054376311593034
9.925325385623406 0.8022787696715176
9.925325385623406 0.7689257370024603
9.925325385623406 0.7713038630247695
9.925325385623406 0.7867167358551037
9.925325385623406 0.7990246874810427
9.925325385623406 0.8559470558933492
9.925325385623406 0.928171514449774
9.925325385623406 0.9111170737058615
9.925325385623406 0.6865282624589574
9.925325385623406 0.7359586145106062
9.928961096666336 0.7474500098205342
9.928961096666336 0.6748046065052901
9.928961096666336 0.6698180630128396
9.929194844677076 0.6841668434244301
9.929194844677076 0.713894684103271
9.93309175432149 0.7311361462093792
9.935649504913123 0.7358832082108688
9.935649504913123 0.7551399007232888
9.935649504913123 0.7428293317866091
9.935649504913123 0.707545326459404
9.935649504913123 0.7163951660990696
9.935649504913123 0.7116636508567272
9.935649504913123 0.725240804109854
9.937626494606224 0.7040441592003813
9.939466314213957 0.7160785877308717
9.939466314213957 0.7197376925008666
9.939466314213957 0.745469838357409
9.940154512893272 0.6935789355529807
9.940154512893272 0.6482793400467832
9.940154512893272 0.5992493106576827
9.940154512893272 0.6503292125009247
9.948729446957001 0.6850773442253194
9.948729446957001 0.6808154689170302
9.948729446957001 0.7393291383100105
9.948729446957001 0.747112876348071
9.948729446957001 0.7071938933329048
9.948729446957001 0.7745330561700239
9.948729446957001 0.7609181481116079
9.948729446957001 0.7243157730185795
9.948729446957001 0.6888665258254525
9.948729446957001 0.6395365830922789
9.956109088733342 0.5792907815828718
9.956109088733342 0.48212552423974453
9.956109088733342 0.49302450167113876
9.956109088733342 0.5093733474096095
9.956109088733342 0.49925559417665843
9.961685691444709 0.5407279958220492
9.961685691444709 0.4652368149687238
9.966843494916809 0.4648917600389524
9.969079012752061 0.5107914250629894
9.969079012752061 0.5308129985585823
9.969079012752061 0.557540827933002
9.969079012752061 0.5790594214328467
9.97620170921069 0.5918264532343059
9.97620170921069 0.5363317442625715
9.97620170921069 0.5534707213168889
9.97620170921069 0.4020082290126813
9.97620170921069 0.3976232359896352
9.97620170921069 0.4374042213039897
9.97620170921069 0.42467772191181485
9.98123230061769 0.3880255624105219
9.98123230061769 0.39412328943780356
9.98123230061769 0.36174860869760933
9.98123230061769 0.3516586999466738
9.982410573409949 0.36815954787998667
9.983454156326356 0.38053341010963576
9.983454156326356 0.3601819939043765
9.983454156326356 0.33829528316759416
9.983454156326356 0.32590854885179216
9.98355042436211 0.35533943892858405
9.98355042436211 0.3905653669027943
9.984903096545363 0.4036042949607287
9.984903096545363 0.41874570644955716
9.98671212016444 0.404728894390002
9.98671212016444 0.32456876046414346
9.98671212016444 0.30451905746084806
9.98671212016444 0.2906193579167377
9.98671212016444 0.2486396113409424
9.98671212016444 0.2502019337654773
9.98671212016444 0.24472939572351773
9.988221930637799 0.22993398340436527
9.9882239025812 0.23001852060380087
9.9882239025812 0.23307617155607305
9.9882239025812 0.25352934927964965
9.989165609914577 0.2618876556110636
9.989165609914577 0.23373508160750409
9.989165609914577 0.23256098070536557
9.989165609914577 0.23909146071762402
9.989630819033119 0.2305400982476282
9.989630819033119 0.23731347492903068
9.989630819033119 0.22826070195963452
9.989630819033119 0.22132824818904662
9.989630819033119 0.2485336331887936
9.989630819033119 0.23178609424834362
9.989630819033119 0.24577722317951087
9.989630819033119 0.2465648454190674
9.989630819033119 0.25659360258924796
9.989630819033119 0.2263935244859074
9.989630819033119 0.21414090559319418
9.989630819033119 0.23292762242636456
9.989630819033119 0.22067041094531858
9.989630819033119 0.22065293253202653
9.989630819033119 0.20446351345558528
9.989630819033119 0.196126339584176
9.989630819033119 0.19461332307422083
9.989630819033119 0.19670454639039944
9.989630819033119 0.19169711958932958
9.989630819033119 0.20031342804562738
9.989630819033119 0.20443690103595674
9.989630819033119 0.2155712702262731
9.989630819033119 0.21143672049293916
9.989630819033119 0.21879082785443993
9.989630819033119 0.19493657340154863
9.989630819033119 0.19764128203674577
9.989630819033119 0.17257521218252936
9.989630819033119 0.18422972063150522
9.989630819033119 0.20026002974115467
9.989630819033119 0.19195659167562104
9.989630819033119 0.19053915972894195
9.989630819033119 0.19983958886743564
9.989630819033119 0.2136620473233584
9.991602396153384 0.21528618657050136
9.993062815461776 0.20434947698477957
9.993062815461776 0.21784336803155668
9.993062815461776 0.21923477816707015
9.993062815461776 0.20924704169345879
9.993062815461776 0.2154298089349381
9.993062815461776 0.21943102266738412
9.993062815461776 0.18855817803087188
9.993062815461776 0.17583151558082621
9.993062815461776 0.1884097492020019
9.993062815461776 0.1907821079778816
9.993062815461776 0.19956030105986544
9.993256928338752 0.20006909173613655
9.993256928338752 0.20629053807224615
9.993256928338752 0.2228881429423513
9.993256928338752 0.23544572632815522
9.993256928338752 0.2581820995795671
9.993256928338752 0.24272746971467968
9.993256928338752 0.247227181718608
9.993256928338752 0.25694307905460656
9.993256928338752 0.25877434757985746
9.993256928338752 0.26393256011545857
9.993256928338752 0.2745766305265781
9.993256928338752 0.2686379213365871
9.993256928338752 0.2605408325971236
9.993256928338752 0.2506536374981516
9.993256928338752 0.20112849793784687
9.993256928338752 0.19607306980674702
9.993256928338752 0.19923526931778776
9.993256928338752 0.19326309274844777
9.993256928338752 0.19257415552245624
9.993256928338752 0.17734615981009882
9.993256928338752 0.18594333531865856
9.993256928338752 0.18598247739433202
9.993256928338752 0.18524089059222595
9.993256928338752 0.1884895129667805
9.993256928338752 0.17708733972864882
9.993256928338752 0.17188234644409317
9.993256928338752 0.17099086243053088
9.993256928338752 0.1811856733567464
9.993256928338752 0.18988222219189838
9.993256928338752 0.17006920371697348
9.993256928338752 0.1816818271198497
9.993256928338752 0.1782640478520949
9.993256928338752 0.19184996705077337
9.993256928338752 0.2005143834094291
9.993256928338752 0.1993725307027812
9.993256928338752 0.20796153982788207
9.993256928338752 0.20915037712658338
9.993256928338752 0.21077879331689744
9.993256928338752 0.21963181516877123
9.993256928338752 0.2058444945221573
9.993256928338752 0.20912234512996677
9.993256928338752 0.23245065583052457
9.993256928338752 0.22712634904134144
9.993256928338752 0.22605235383187156
9.993256928338752 0.22236221330707331
9.993256928338752 0.23070602218991576
9.993256928338752 0.21576518930111344
9.993256928338752 0.2139610529550323
9.993256928338752 0.2103454865510595
9.993256928338752 0.21425396653360787
9.993256928338752 0.17976655987387388
9.993256928338752 0.19382734609878624
9.993256928338752 0.18102658057146373
9.993256928338752 0.20494667909385328
9.993256928338752 0.20419822511860283
9.993256928338752 0.19549888130674492
9.993256928338752 0.20478253764647214
9.993256928338752 0.20468413486090456
9.993256928338752 0.20942303956691236
9.993256928338752 0.19508971694808325
9.993256928338752 0.1886260497924308
9.993256928338752 0.18055896864848447
9.993256928338752 0.18703427544605145
9.993256928338752 0.18646430555827812
9.995714298034354 0.18596201688865133
9.995714298034354 0.19951142530565144
9.995714298034354 0.2157958076245116
9.995714298034354 0.220081126870335
9.995714298034354 0.15200412090442672
9.995714298034354 0.15544386523170814
9.995714298034354 0.16910271037879582
9.995714298034354 0.1721718143223375
9.995714298034354 0.17675269691061818
9.995714298034354 0.19351002186227503
9.995714298034354 0.19992151822379714
9.995714298034354 0.21569365266915758
9.995714298034354 0.22222938827707694
9.995714298034354 0.2204219190598603
9.995714298034354 0.23087996575748534
9.995714298034354 0.2400334712821865
9.995714298034354 0.23261013216637963
9.995714298034354 0.2160162665054996
9.995714298034354 0.23436375292028097
9.995714298034354 0.26045890601149485
9.995714298034354 0.250063788009368
9.995714298034354 0.21003726806645961
9.995714298034354 0.19944570360017191
9.995714298034354 0.2081421478850202
9.995714298034354 0.20991482664922884
9.995714298034354 0.21944076324199752
9.995714298034354 0.2242812710743161
9.995714298034354 0.2055232202140384
9.995714298034354 0.20084003818365068
9.995714298034354 0.1869184915625411
9.995714298034354 0.18514242790930138
9.995714298034354 0.17964792702692872
9.995714298034354 0.17646483059102158
9.995714298034354 0.18461970393352137
9.995714298034354 0.17135333865677319
9.995714298034354 0.17904155482764222
9.995714298034354 0.1748950395118637
9.995714298034354 0.17459698790387126
9.995714298034354 0.18082072752431158
9.995714298034354 0.18278287866526555
9.995714298034354 0.17087385187285611
9.995714298034354 0.16856024032400996
9.995714298034354 0.16302291737727373
9.995714298034354 0.13691090905085013
9.995714298034354 0.11921572785251723
9.995714298034354 0.11737223196333044
9.995714298034354 0.1142747143512847
9.995714298034354 0.11408078943850895
9.995714298034354 0.12307291839463562
9.995714298034354 0.1250324124063475
9.995714298034354 0.12641714174726035
9.995714298034354 0.11513704331578886
9.995714298034354 0.11671581053810963
9.995714298034354 0.11330485792664619
9.995714298034354 0.11327159755547463
9.995714298034354 0.11809775642778655
9.995714298034354 0.11163502324538319
9.995714298034354 0.10530852715908334
9.995714298034354 0.10646390895365479
9.995714298034354 0.10399699238936408
9.995714298034354 0.10176944591709881
9.995714298034354 0.10312256803036608
9.995714298034354 0.1074338776188116
9.995714298034354 0.11272342591098614
9.995714298034354 0.10330454374070387
9.995714298034354 0.1013844222414618
9.995714298034354 0.10329333916639473
9.995714298034354 0.09851797897592836
9.995714298034354 0.10044117565509104
9.996632062658202 0.10496406496970911
9.996632062658202 0.10704504976568571
9.996632062658202 0.10304844368083743
9.996632062658202 0.1041394179226703
9.996632062658202 0.1048574851568188
9.996632062658202 0.09954752160197966
9.996632062658202 0.10854853908070515
9.996632062658202 0.10939065913770962
9.996632062658202 0.10019931679285478
9.996632062658202 0.09809761592810468
9.996632062658202 0.09879594150888989
9.996632062658202 0.09928390624879026
9.996632062658202 0.09925113065959552
9.996632062658202 0.10107444756849733
9.996632062658202 0.08634006276914873
9.996632062658202 0.0839233717718913
9.996632062658202 0.08328501637287632
9.996632062658202 0.07952493706871953
9.996632062658202 0.07745299507351357
9.996632062658202 0.07854107650695617
9.996632062658202 0.07992592114106152
9.996632062658202 0.07434676534021029
9.996632062658202 0.07443345748787979
9.996632062658202 0.07509902187855527
9.996632062658202 0.07824899873816996
9.996632062658202 0.081348277448019
9.996632062658202 0.08265030928992836
9.996632062658202 0.08648258808150079
9.996632062658202 0.09272342821031526
9.996632062658202 0.08718176032166781
9.996632062658202 0.08884714189755549
9.996632062658202 0.07200960007347659
9.996632062658202 0.0713079915258036
9.996632062658202 0.06412277034586791
9.996632062658202 0.04627287400202264
9.996632062658202 0.045717520591313225
9.996632062658202 0.045434627209134
9.996632062658202 0.04353902940932773
9.996632062658202 0.04509928258618647
9.996632062658202 0.04521633897322222
9.996632062658202 0.043840456882117476
9.996632062658202 0.04475423909322162
9.996632062658202 0.04490736195097468
9.996632062658202 0.04571876017765452
9.997148122024607 0.04466726881766201
9.997148122024607 0.04529939655945119
9.997148122024607 0.046325772756982346
9.997148122024607 0.04572634678816381
9.997148122024607 0.044911274250751275
9.997148122024607 0.025742442259635127
9.997148122024607 0.026039415157951832
9.997148122024607 0.02628732265762781
9.997148122024607 0.026242788525176496
9.997148122024607 0.029171137437494454
9.997148122024607 0.030171868082136535
9.997148122024607 0.030733408032290088
9.997148122024607 0.028930912677583506
9.997148122024607 0.026844286507705473
9.997148122024607 0.027429380934898228
9.997148122024607 0.02842811937689115
9.997148122024607 0.02915169237444605
9.997148122024607 0.027953372273100813
9.997148122024607 0.029161139826246695
9.997148122024607 0.02510406157753322
9.997148122024607 0.026415348431494012
9.997148122024607 0.02662471544116393
9.997148122024607 0.02836801168921317
9.997148122024607 0.028091475567360344
9.997148122024607 0.031872961559997894
9.997148122024607 0.032569980848284406
9.997148122024607 0.036328714908535
9.997148122024607 0.0355689147201112
9.997148122024607 0.03323388312402149
9.997148122024607 0.035021482304447474
9.997148122024607 0.03310389744415288
9.997148122024607 0.03172447170485742
9.997148122024607 0.03106016104285122
9.997148122024607 0.027995863917478457
9.997148122024607 0.02776116448774522
Score: 9.997148122024607
Runtime: 5047ms
