1.907763655997688E-5 4.699432772679083
2.0631116830749423E-5 4.001459294639597
2.5385420612508496E-4 3.6543624470247824
9.002909939749669E-4 3.569050767680522
0.002765361510304735 3.523803161566703
0.011420271239238108 3.5396029246472205
0.01956860333540759 3.5308077590912514
0.03377484520198845 3.1914948456732724
0.08044174112872367 3.0431023881764347
0.11982707783077298 2.9357736611761234
0.11982707783077298 2.7584800738729967
0.11982707783077298 2.7750995786815094
0.11982707783077298 2.6862134831890843
0.16422230371792165 2.5828463256688043
0.17749738396764483 2.430566873362762
0.17749738396764483 2.292502710855557
0.17749738396764483 2.228073011589175
0.17749738396764483 2.089811155138349
0.23578151665038755 1.8368050247610446
0.23578151665038755 1.8875555019537773
0.4182850889502427 1.8889963575831727
0.4182850889502427 1.847114692522562
0.8162913536228894 1.8869098260841095
0.8162913536228894 1.9726070220198084
0.8162913536228894 1.953995338254123
1.0135404037101057 2.087256101073053
1.229380051086905 2.0892277345153887
1.229380051086905 2.1123059046427866
1.229380051086905 2.1389787248055914
1.229380051086905 2.188658003002699
1.229380051086905 2.136079932093191
1.229380051086905 2.2413253516327023
1.229380051086905 2.292035351820155
1.229380051086905 2.2789757452116826
1.229380051086905 2.3086146805490073
1.229380051086905 2.3571390944037325
1.229380051086905 2.4256888201596407
1.286862921864815 2.5054626451305517
1.356939246864686 2.5447341921762976
2.0165435377703798 2.6211369127252597
2.0165435377703798 2.7538711041284514
2.0165435377703798 2.829674225978155
2.0165435377703798 2.753644557840138
2.1980538722877547 2.7774108748672948
2.27158995805639 2.736630970971799
3.235199666645599 2.8243006222232663
3.2983714561720587 2.7807173259505316
5.140197719043432 2.793324513458067
5.140197719043432 2.7841534226269564
5.140197719043432 2.9659561770832426
5.140197719043432 2.960386578149955
5.140197719043432 2.8578244900679968
5.140197719043432 2.7784658868247685
5.5140441734617625 2.5194347097006964
5.581002907947161 2.3564893687431434
5.581002907947161 2.5189499425166835
5.581002907947161 2.4296475830078155
5.581002907947161 2.244768640855756
5.581002907947161 2.2773452799327525
6.820278223113016 2.3799655350276847
6.820278223113016 2.483429538088019
6.820278223113016 2.513248051554869
6.820278223113016 2.546960422320329
6.820278223113016 2.2983678893322104
6.820278223113016 2.3664931487589755
6.820278223113016 2.4572160393771654
6.820278223113016 2.486812441565532
6.820278223113016 2.5492980080488072
6.820278223113016 2.2765725041989358
6.820278223113016 2.432756053876966
6.820278223113016 2.2670490464947988
6.820278223113016 2.227705645831877
6.820278223113016 2.1591637926273077
6.820278223113016 2.1786558092241903
6.820278223113016 2.0760639242934706
6.820278223113016 2.071178516623291
6.820278223113016 1.9639006564180022
6.820278223113016 1.992692827792654
6.820278223113016 2.0638953698157203
6.820278223113016 2.204112728295433
6.820278223113016 2.2057198099271487
6.820278223113016 2.1915397106159498
6.820278223113016 2.23234477517969
6.820278223113016 2.371207698038593
6.820278223113016 2.2608327610735897
6.8377506585649 2.3029965062451327
6.9650050584555885 2.3883852456118024
7.383999288071133 2.3262652847896272
7.383999288071133 2.4135309388269435
7.5074998560578 2.4071107271842775
7.5074998560578 2.3093377258669703
7.5074998560578 2.4412589457989227
7.5074998560578 2.49906965793108
7.5074998560578 2.4516595321256154
7.714893140675078 2.367849664784368
7.714893140675078 2.330327038272577
8.187053847280357 2.387444624217234
8.187053847280357 2.3586053421549527
8.187053847280357 2.338387688303328
8.187053847280357 2.3593156735989775
8.187053847280357 2.461961264652271
8.187053847280357 2.0915604639775376
8.187053847280357 1.9387728564903874
8.187053847280357 2.058110777918425
8.226092908084334 2.082932320025891
8.226092908084334 1.910547497867819
8.226092908084334 1.7511932069343659
8.226092908084334 1.7269570345849243
8.226092908084334 1.6790109301991856
8.226092908084334 1.7006726006594477
8.256763012130326 1.7371094347173626
8.361742771400152 1.8522880148016767
8.390683155964352 1.8863452084038264
8.512311446610655 1.726098705677337
8.512311446610655 1.6664038605086677
8.512311446610655 1.6652855530788169
8.512311446610655 1.5346444901413645
8.512311446610655 1.4790217703635729
8.655401475298909 1.371640685872129
8.655401475298909 1.4910775226037472
8.655401475298909 1.5443305425329954
8.655401475298909 1.5515838972975342
8.655401475298909 1.7070596388533261
8.655401475298909 1.515345072094146
8.655401475298909 1.4119902698784355
8.655401475298909 1.4817731727722918
8.655401475298909 1.4605420408467609
8.655401475298909 1.4994548336348366
8.655401475298909 1.5805037851603863
8.919740663872664 1.6570111491128747
8.919740663872664 1.7223116249652333
8.919740663872664 1.6589592677869733
8.919740663872664 1.7612151390839434
8.919740663872664 1.7693862763338188
8.919740663872664 1.606324590711552
8.919740663872664 1.6846745642115517
8.919740663872664 1.7371288910082883
8.919740663872664 1.7399180849797877
8.919740663872664 1.7413076649192278
8.919740663872664 1.6195808585613065
8.919740663872664 1.6112999928028267
8.919740663872664 1.3260234197061855
8.919740663872664 1.3271286299322167
9.012801582148498 1.3548527837429225
9.012801582148498 1.347360706088557
9.012801582148498 1.424164260000302
9.012801582148498 1.326689117158066
9.012801582148498 1.3951692673775018
9.012801582148498 1.3632989828718853
9.012801582148498 1.4539240038882797
9.012801582148498 1.3905249929082086
9.012801582148498 1.3627043238314398
9.012801582148498 1.4720492017899263
9.012801582148498 1.4669607920667174
9.012801582148498 1.5165529514821487
9.015444263208126 1.240474456517129
9.015444263208126 1.2927077303490802
9.015444263208126 1.2550429066436488
9.015444263208126 1.2728208726201404
9.015444263208126 1.2745225890293597
9.015444263208126 1.3133304033349562
9.015444263208126 1.4649270255432985
9.015444263208126 1.6038901962926424
9.015444263208126 1.6814641348649235
9.015444263208126 1.590296049134369
9.015444263208126 1.6634573954564826
9.015444263208126 1.6598570711519163
9.015444263208126 1.4973122875236193
9.015444263208126 1.665827174417327
9.019287226799449 1.7882216810093654
9.047139055437999 1.8432549660510642
9.047139055437999 1.5472749873320155
9.047139055437999 1.507498721291193
9.047139055437999 1.5330180771823623
9.047139055437999 1.3675874263508612
9.047139055437999 1.3100955815172213
9.047139055437999 1.3610765965994414
9.139958203984712 1.3018281533046463
9.139958203984712 1.3691231230415126
9.157465244461205 1.4103631112093502
9.157465244461205 1.4420960957362685
9.157465244461205 1.5596613907084027
9.23601372381659 1.2502153967015028
9.23943219817149 1.2151293823742855
9.23943219817149 1.2628257114795962
9.23943219817149 1.2191991970638931
9.23943219817149 1.2244594609839892
9.23943219817149 1.2507585538063504
9.23943219817149 1.208196118180452
9.253631654687709 1.2305685406470435
9.324380832005186 1.2029868478031445
9.324380832005186 1.098262626233567
9.324380832005186 0.9888406394911828
9.324380832005186 0.9530620280838078
9.370177701901785 0.8889018315301656
9.370177701901785 0.8695863271600505
9.370177701901785 0.9220686797792517
9.414903484926535 0.801218778430344
9.414903484926535 0.823722495033475
9.414903484926535 0.7972967377396113
9.414903484926535 0.7868797261635669
9.414903484926535 0.7315461017071033
9.414903484926535 0.7836140927148315
9.414903484926535 0.7775922982489134
9.432690924217347 0.8068699987382886
9.432690924217347 0.8425189356095291
9.432690924217347 0.9115349939061815
9.432690924217347 0.8023116150894557
9.432690924217347 0.839952354976938
9.432690924217347 0.8840578470300985
9.439733093901634 0.9476176977334672
9.439733093901634 0.8976782362251303
9.450306717294161 0.8957677740576361
9.485095436355234 0.967050604833449
9.485095436355234 1.0524579721760903
9.485095436355234 1.0477081032761877
9.485095436355234 1.0151970874401863
9.485095436355234 1.0176572533425536
9.485095436355234 1.0335647530584695
9.485095436355234 0.9228440133729354
9.499207366657592 0.9615636346141646
9.5253517106015 0.8712310876335532
9.5253517106015 0.8669113072590617
9.5253517106015 0.8534088740895033
9.5253517106015 0.9551732002230189
9.542630419524457 0.8605339197201867
9.542630419524457 0.9052633926714658
9.542630419524457 0.8976909921107699
9.542630419524457 0.8329845753291887
9.542630419524457 0.8722822707408103
9.542630419524457 0.891130851891422
9.542630419524457 0.8428289719846359
9.543534357426235 0.8084739915834168
9.543534357426235 0.8225147631980307
9.54780559482394 0.8132886806954357
9.54853764463041 0.8503384561074976
9.556536825748495 0.7731970928358916
9.556536825748495 0.8028040619042437
9.561603998986937 0.8288394291449658
9.57694652744754 0.8206699630056479
9.57694652744754 0.8584234722856265
9.57694652744754 0.8953325833580056
9.57694652744754 0.8492693112314381
9.57694652744754 0.7704588568400156
9.57694652744754 0.6987379494564989
9.59777216725604 0.6754672773541589
9.59777216725604 0.6946880138622624
9.59777216725604 0.6764487089662651
9.59777216725604 0.6901367152423311
9.59777216725604 0.6608833290485042
9.59777216725604 0.667126253868932
9.59777216725604 0.7354177336073235
9.59777216725604 0.7311110677483942
9.59777216725604 0.7518603772395949
9.599776743434706 0.7402008489546319
9.599776743434706 0.731905007427617
9.599776743434706 0.7463803096150923
9.599776743434706 0.7879654711818079
9.599776743434706 0.8093304740365239
9.599776743434706 0.8028262926905916
9.599776743434706 0.8290878881553099
9.599776743434706 0.7081002265243765
9.599776743434706 0.717751834690146
9.603105197110638 0.7170791626862868
9.615108821168771 0.6917849857815505
9.615108821168771 0.7096461127717563
9.615108821168771 0.5138507989349254
9.615108821168771 0.5633855590034291
9.615108821168771 0.5037784856719033
9.615108821168771 0.5120474548018742
9.615108821168771 0.4736108380801339
9.615108821168771 0.5096209227165431
9.615108821168771 0.5401015257498559
9.615108821168771 0.5773639788870077
9.615108821168771 0.5051390739648415
9.627054651977291 0.47705638998189015
9.627054651977291 0.4889523751722503
9.627054651977291 0.5308252988630464
9.627054651977291 0.5672863470852927
9.627054651977291 0.5611869823685772
9.627054651977291 0.5660599712101743
9.627054651977291 0.5190339930242965
9.627054651977291 0.4880823520096187
9.630923386419086 0.5025788742949432
9.630923386419086 0.5245130518404139
9.630923386419086 0.5318014023570632
9.630923386419086 0.5509616257568976
9.641384348993862 0.5810992663773287
9.641384348993862 0.5663143238946325
9.641384348993862 0.4905415387470968
9.653817054704128 0.4922800171098862
9.653817054704128 0.4139035376495149
9.653817054704128 0.4511075341056256
9.653817054704128 0.4639222048289751
9.663856415969695 0.48393149777250033
9.663856415969695 0.47450460203171996
9.663856415969695 0.5257278669491333
9.663856415969695 0.41814214963963914
9.663856415969695 0.4220031419232135
9.663856415969695 0.4233964010170657
9.663856415969695 0.40803263869662365
9.663856415969695 0.437226938325063
9.663856415969695 0.45702295153236844
9.663856415969695 0.4053274509468051
9.663856415969695 0.36982547931932896
9.663856415969695 0.38298480482718056
9.663856415969695 0.37115235552954506
9.663856415969695 0.393095932866886
9.663856415969695 0.4122429583913939
9.663856415969695 0.3689672112635304
9.66391703575417 0.33648659261934966
9.66391703575417 0.30706979187706596
9.66391703575417 0.3113922198639018
9.66391703575417 0.3325514198320855
9.66391703575417 0.3516367978798079
9.66391703575417 0.3628108023873895
9.66391703575417 0.39277628142300763
9.66391703575417 0.403555245990179
9.66391703575417 0.3721537854022044
9.66391703575417 0.35258413279335127
9.66391703575417 0.36041726730233414
9.66391703575417 0.3510331888475587
9.66391703575417 0.3612978800812047
9.66391703575417 0.3891656947225927
9.66391703575417 0.3872739017609493
9.66391703575417 0.38188786453700885
9.66391703575417 0.3586449382009686
9.673551113062556 0.394174246428321
9.673551113062556 0.3919641097124563
9.673551113062556 0.41441782723573334
9.673551113062556 0.42465289799123096
9.673551113062556 0.4520249072748698
9.673551113062556 0.435093197400262
9.673551113062556 0.38335233276955455
9.673551113062556 0.42226875461270413
9.673551113062556 0.43299524244876075
9.673551113062556 0.4397567654664681
9.673551113062556 0.4424287652307142
9.673551113062556 0.3583934770050139
9.673551113062556 0.36353286617591407
9.683646672765411 0.3999488810582733
9.683646672765411 0.3926938571332192
9.683646672765411 0.3843271386587208
9.683646672765411 0.3089942368352325
9.683646672765411 0.3203424750755976
9.683646672765411 0.3096653864790174
9.683646672765411 0.33264441509593773
9.683646672765411 0.3585835476899254
9.683646672765411 0.3391708365847807
9.683646672765411 0.3594763414894678
9.683646672765411 0.3688036969845291
9.683646672765411 0.3847326222065151
9.683646672765411 0.39798512789565493
9.683646672765411 0.43005330973615163
9.683646672765411 0.4553517354303841
9.683646672765411 0.4223822704533822
9.683646672765411 0.41710224194828277
9.683646672765411 0.43691641306777124
9.683646672765411 0.3554733719305634
9.683646672765411 0.38350207709186784
9.683646672765411 0.33829502996994487
9.683646672765411 0.3588716282962118
9.683646672765411 0.34090664933842857
9.683646672765411 0.27562748958007544
9.683646672765411 0.2976374896991312
9.6906423942049 0.29202846976006375
9.6906423942049 0.2834475943939193
9.6906423942049 0.26900189323936197
9.6906423942049 0.27406951088284753
9.6906423942049 0.27633263732113295
9.6906423942049 0.2719348038074576
9.6906423942049 0.27836046410080895
9.6906423942049 0.30404175942284783
9.6906423942049 0.3126106587311546
9.6906423942049 0.27736392383107206
9.6906423942049 0.2898835844983903
9.6906423942049 0.2896793868405396
9.6906423942049 0.30870016152599256
9.6906423942049 0.2845098608515929
9.6906423942049 0.3075333694982098
9.6906423942049 0.34511317025337707
9.6906423942049 0.38479837213581375
9.6906423942049 0.3747184117668829
9.6906423942049 0.3926822725686852
9.6906423942049 0.3844732166120034
9.6906423942049 0.4114411765204101
9.6906423942049 0.38201733195784104
9.6906423942049 0.40464404953176897
9.6906423942049 0.3834828851866381
9.6906423942049 0.35151456962534455
9.6906423942049 0.31461713725177
9.6906423942049 0.32372278299654
9.6906423942049 0.2987044308995885
9.6906423942049 0.34204393928648225
9.6906423942049 0.33846485749467936
9.6906423942049 0.3373379053346375
9.6906423942049 0.3453133126482746
9.6906423942049 0.36324908236599257
9.6906423942049 0.33682460897586597
9.6906423942049 0.3354692080399589
9.6906423942049 0.34856797268845874
9.6906423942049 0.3263201041034517
9.6906423942049 0.32488795198193593
9.6906423942049 0.3299703509662714
9.700698346738445 0.36953933152031637
9.700698346738445 0.36103466990330263
9.700698346738445 0.3789480233799416
9.700698346738445 0.331364086929341
9.700698346738445 0.3457522416889246
9.700698346738445 0.36186819932192027
9.700698346738445 0.395922030456431
9.700698346738445 0.3681089347399232
9.700698346738445 0.3883564481122962
9.700698346738445 0.38543593434693496
9.700698346738445 0.3813220545859612
9.700698346738445 0.37274572253763194
9.700698346738445 0.402666614552481
9.700698346738445 0.409053612501767
9.700698346738445 0.38693557419869457
9.700698346738445 0.4119165591895074
9.700698346738445 0.4431472534945913
9.700698346738445 0.4253007923707756
9.700698346738445 0.4041085081960814
9.700698346738445 0.4000235888346267
9.700698346738445 0.4206265491756274
9.701127921250945 0.4583573094713868
9.701127921250945 0.4555236030122898
9.701127921250945 0.457328732889277
9.701127921250945 0.46983678730330164
9.701127921250945 0.44128011207242857
9.701127921250945 0.420036874288957
9.701127921250945 0.4308673719864924
9.701127921250945 0.45082933139922793
9.701127921250945 0.47649933424859386
9.701127921250945 0.45225101089277453
9.701127921250945 0.4447722489477239
9.70167286094202 0.45767999524501296
9.70167286094202 0.46581984576678204
9.70167286094202 0.4151231899148669
9.70167286094202 0.4663311962002326
9.714789174516362 0.49023738660403693
9.714789174516362 0.4602110540745512
9.714789174516362 0.4265675664290674
9.714789174516362 0.40366599546243714
9.714789174516362 0.4349897317778574
9.714789174516362 0.44389063677176
9.714789174516362 0.46467436492962294
9.714789174516362 0.417718683922492
9.714789174516362 0.42121338193800817
9.714789174516362 0.3957690365535807
9.714789174516362 0.4048161404957747
9.714789174516362 0.37160602003989407
9.714789174516362 0.40528659562109404
9.714789174516362 0.39865928656790267
9.714789174516362 0.4253221475754992
9.714789174516362 0.45013383208778796
9.714789174516362 0.4178929355628237
9.714789174516362 0.3910662187176583
9.714789174516362 0.41921192324233997
9.714789174516362 0.4190535412840506
9.714789174516362 0.4434175235991857
9.714789174516362 0.4345399698345833
9.714789174516362 0.41865928770844474
9.714789174516362 0.4799226425792431
9.714789174516362 0.4514462549666224
9.714789174516362 0.45258342916956734
9.714789174516362 0.4373490677289148
9.714789174516362 0.4215747190120775
9.714789174516362 0.4180294979245507
9.714789174516362 0.429671222821498
9.714789174516362 0.4610165044662468
9.714789174516362 0.4680412391523873
9.714789174516362 0.4353115582682571
9.714789174516362 0.43633845647419245
9.714789174516362 0.4353267093574097
9.714789174516362 0.47488656061163387
9.714789174516362 0.5166257778679005
9.714789174516362 0.5145749916736513
9.714789174516362 0.4957482838221377
9.714789174516362 0.4750154377080949
9.714789174516362 0.4908535670479331
9.714789174516362 0.43537511106967147
9.714789174516362 0.45277343759357913
9.714789174516362 0.49251886044518606
9.714789174516362 0.5131310187049871
9.714789174516362 0.47890268923920964
9.714789174516362 0.4602246923394452
9.714789174516362 0.44426695110959763
9.714789174516362 0.47270443445986293
9.714789174516362 0.41530427324196884
9.714789174516362 0.39723916018018346
9.714789174516362 0.3668781158280592
9.714789174516362 0.3610772888153813
9.714789174516362 0.3626579271049833
9.714789174516362 0.380585113081796
9.714789174516362 0.4027652757815261
9.714789174516362 0.4067230888938571
9.717953809248803 0.4048722041464527
9.717953809248803 0.3987923042740805
9.717953809248803 0.41167089658163436
9.729626716146809 0.41872345623716944
9.731045305740722 0.45062807120274023
9.731045305740722 0.4573015273759743
9.741576243673201 0.49522237941114783
9.741576243673201 0.5086377932450599
9.741576243673201 0.5999733382968406
9.741576243673201 0.5532175077462996
9.741576243673201 0.5209630535004592
9.741576243673201 0.5114602092693876
9.741576243673201 0.5997650351237431
9.741576243673201 0.5093192849025535
9.741576243673201 0.5678182329846195
9.742039244649138 0.4706976809530763
9.742039244649138 0.5176665085967518
9.742039244649138 0.5481320996725765
9.742039244649138 0.5882262748759979
9.742039244649138 0.5895319859066529
9.742039244649138 0.5910619704250452
9.752043621428344 0.5667999690441697
9.752043621428344 0.5999717685564061
9.752043621428344 0.6331558637322385
9.752043621428344 0.6618934752035545
9.752043621428344 0.7021055374656571
9.752043621428344 0.6867992626223309
9.752043621428344 0.5808087504561463
9.752043621428344 0.5270576125429063
9.752043621428344 0.521252660826955
9.752043621428344 0.5299220166685699
9.752043621428344 0.5286034886020404
9.752043621428344 0.5371919615488914
9.752043621428344 0.48669838038870733
9.752043621428344 0.4865882201974706
9.755347650861895 0.5084916293726933
9.755347650861895 0.4985191975734631
9.761102873109424 0.5408757944516697
9.761102873109424 0.5633729485083657
9.76143708886165 0.5888718166825888
9.76143708886165 0.6149862018764689
9.76143708886165 0.619170457689075
9.765032552990226 0.6063347320530237
9.765032552990226 0.6263009836413632
9.765032552990226 0.5855667486188227
9.769395823017328 0.5760206931748473
9.769395823017328 0.5855601635315846
9.769395823017328 0.6002165686946405
9.769395823017328 0.6124377463403231
9.769395823017328 0.6062744252872432
9.769566396189608 0.6514527298686925
9.769566396189608 0.5954245423433734
9.770281222908471 0.6191020628611632
9.770281222908471 0.45618241487018774
9.770281222908471 0.473493919368742
9.770281222908471 0.34647511256496716
9.770281222908471 0.34269116803866223
9.770281222908471 0.31661407515822804
9.770281222908471 0.32125347995339015
9.775812038730239 0.3149289817944134
9.775812038730239 0.3473116358796885
9.775812038730239 0.35339439955346325
9.775812038730239 0.3675359060584873
9.775812038730239 0.30273555306999095
9.775812038730239 0.2787452954186826
9.775812038730239 0.28706503679891393
9.775812038730239 0.31353191804979047
9.775812038730239 0.3256541149594998
9.775812038730239 0.3191710815865765
9.775812038730239 0.3468364914194984
9.775812038730239 0.3645465076154982
9.775812038730239 0.3415992065028388
9.775812038730239 0.33251014724910444
9.775812038730239 0.3198943408372221
9.775812038730239 0.3141587360918163
9.775812038730239 0.2981184851700023
9.775812038730239 0.31703260472187916
9.775812038730239 0.3326595122350848
9.775812038730239 0.3853260890922379
9.775854070265652 0.3729330299322687
9.775854070265652 0.39060709508627106
9.775854070265652 0.3711138037398112
9.775854070265652 0.38802450307031006
9.775854070265652 0.3638429416590345
9.775854070265652 0.3826970636294158
9.775854070265652 0.3974787954863716
9.775854070265652 0.34057739236039114
9.775854070265652 0.29153902111725816
9.775854070265652 0.2832091618455363
9.775854070265652 0.26337564087919263
9.775854070265652 0.22076749219614678
9.775854070265652 0.22652693040473462
9.776672935570705 0.23167447249838327
9.776672935570705 0.24385259692394962
9.776672935570705 0.22889969851756148
9.776672935570705 0.24038587713281942
9.776672935570705 0.2494060979782323
9.776672935570705 0.25848420496153734
9.776672935570705 0.2534686687218912
9.776672935570705 0.2566005587390289
9.780235428524628 0.2543888871668516
9.780235428524628 0.25155822825828883
9.780235428524628 0.24533853369153003
9.780235428524628 0.23472873171757877
9.780235428524628 0.23265571492291462
9.780235428524628 0.2511101567636628
9.780235428524628 0.254499020444966
9.780235428524628 0.2489494458652285
9.780235428524628 0.25839881451755703
9.780235428524628 0.26227338679500123
9.780235428524628 0.2812056759277842
9.780235428524628 0.27926332102847073
9.780235428524628 0.29202149058431537
9.780235428524628 0.28732542894123836
9.780235428524628 0.29473928863816734
9.780235428524628 0.2575060690969338
9.780235428524628 0.25900494795678375
9.780235428524628 0.24381478895186362
9.780235428524628 0.2416773525619837
9.780235428524628 0.2657183636936638
9.780235428524628 0.2648244913577487
9.780235428524628 0.22287820923975768
9.780235428524628 0.2294800799941533
9.780235428524628 0.26145024834484726
9.780235428524628 0.27595337615381593
9.780235428524628 0.19892595437682692
9.780235428524628 0.19150667938042681
9.780235428524628 0.21218878264156302
9.780235428524628 0.2043444245561208
9.780235428524628 0.16871819938415644
9.780235428524628 0.20456058669046487
9.780235428524628 0.20971981010472704
9.780235428524628 0.22377092588658845
9.780235428524628 0.20946953239020477
9.780235428524628 0.22066729122800552
9.780235428524628 0.16993410586938099
9.780235428524628 0.172621969930873
9.780235428524628 0.17643420730301654
9.780235428524628 0.17854529650221007
9.780235428524628 0.18518399480302775
9.780235428524628 0.15383969578545423
9.780235428524628 0.15544059222328824
9.780235428524628 0.16557822804403677
9.780235428524628 0.15612034172931388
9.780235428524628 0.16075776041373177
9.780235428524628 0.14609231305607787
9.780235428524628 0.14830300983925984
9.780235428524628 0.15166616278031458
9.780235428524628 0.15568673027543856
9.780235428524628 0.14757431587339714
9.780235428524628 0.12120898132432842
9.780235428524628 0.11268103108806712
9.780235428524628 0.11348520080367798
9.780235428524628 0.12255579752260227
9.780235428524628 0.12201421726570492
9.780235428524628 0.1202483357954838
9.780235428524628 0.1118595222872594
9.780235428524628 0.11226311434860503
9.780235428524628 0.1041486121226186
9.780235428524628 0.11431925380774809
9.780235428524628 0.10845625089149984
9.780235428524628 0.10931024520450892
9.780235428524628 0.11321579018954185
9.780235428524628 0.11258451913816858
9.780235428524628 0.12187166307003473
9.780235428524628 0.12247578868716666
9.780235428524628 0.1347340219442852
9.780235428524628 0.14469402438501922
Score: 9.780235428524628
Runtime: 5545ms
