2.17234775639841E-5 4.475124729437018
3.056375313978343E-5 4.35477006329109
5.767918395014846E-4 4.170514223705333
9.858890024731335E-4 3.835859563137849
0.0022386594384319245 3.892344207455534
0.02128337669035276 3.888270549068515
0.02128337669035276 3.810701098831857
0.051689200579412745 3.5513377575500256
0.051689200579412745 3.47549639901882
0.09915756257484673 3.4566760842104265
0.1985018106439591 3.4376110656454717
0.1985018106439591 3.4575156614752185
0.2648239388030479 3.3776111962420154
0.4971745115820763 3.0901437612688136
0.4971745115820763 3.0768254410495963
0.6554687198356028 3.168528252186898
1.1456607008791813 3.2079244152254818
2.4843117405515622 3.0737078698413236
2.4843117405515622 3.0650781779412024
2.998782271978502 3.1684723390102967
3.442592329835641 3.0405541119789774
3.442592329835641 3.004719767065039
3.93886237190096 2.9805445537423427
3.93886237190096 3.004629694896718
3.93886237190096 2.9770592156369275
3.93886237190096 2.9283065199838276
3.93886237190096 2.83834631165114
3.93886237190096 2.7844255664189315
5.2275585776516404 2.9477599938877743
5.2275585776516404 2.8654222520292043
5.2275585776516404 2.893987357109916
5.2275585776516404 2.753746745701702
5.2275585776516404 2.7593547295255827
5.319499072080215 2.6771719995744174
6.416269568235803 2.664552250127218
6.416269568235803 2.7127613921110276
6.416269568235803 2.751302041149262
6.416269568235803 2.7290295953101213
6.416269568235803 2.661019772790647
6.416269568235803 2.7983828977645526
6.416269568235803 2.771806581045089
6.416269568235803 2.57530750972567
6.416269568235803 2.6251452188309283
6.416269568235803 2.5588653446097838
6.416269568235803 2.51338010592422
6.416269568235803 2.5928428002720794
6.416269568235803 2.569858515065395
6.416269568235803 2.422450357168818
6.416269568235803 2.2008611638208606
6.416269568235803 2.227606958057249
6.416269568235803 1.993267845169008
6.777043483436302 2.07056398188515
7.3335828021266956 2.122114148252726
7.428514715374054 2.15075493938109
7.428514715374054 1.9325364372727625
7.428514715374054 1.9555859113873744
7.428514715374054 1.9351566877232476
7.428514715374054 1.9989891178003572
7.428514715374054 2.0357270010862463
7.6285070692797685 1.9502655972012461
7.6285070692797685 2.0660294912410935
7.6285070692797685 1.9853243126293956
7.717135901069486 2.06811103612652
7.95098191832495 2.011759636131727
7.95098191832495 2.00841256026093
7.95098191832495 1.9374636993503414
7.95098191832495 1.7896421306986028
8.255385187926684 1.8089124813308604
8.255385187926684 1.867793235311068
8.255385187926684 1.9464921613394972
8.255385187926684 2.081555105242804
8.255385187926684 1.9803539796064777
8.255385187926684 1.9269789010191123
8.255385187926684 1.953961482900199
8.255385187926684 2.0271635777632957
8.255385187926684 2.045386646668442
8.255385187926684 1.9030810881879665
8.489644011137033 1.8248585091925376
8.489644011137033 1.877891852640723
8.489644011137033 1.9277924466443737
8.489644011137033 2.000250703664049
8.489644011137033 1.9849243831988657
8.489644011137033 2.0924808766329335
8.489644011137033 2.1155698674937287
8.489644011137033 2.1646616545974755
8.489644011137033 2.1555458321939707
8.489644011137033 1.9308165947743627
8.489644011137033 1.879521555790392
8.489644011137033 1.7543145460182226
8.489644011137033 1.8255787803291268
8.982069428345218 1.7670100678329679
8.982069428345218 1.8171488206589455
8.982069428345218 1.9400499221765377
8.982069428345218 1.9377558871061333
8.982069428345218 2.062333674374714
8.982069428345218 1.9849300490047759
8.982069428345218 1.7838828626239982
8.982069428345218 1.8430128844787044
8.982069428345218 1.7676968403904645
9.053055237236736 1.569564673635652
9.168643810054206 1.4406962447348284
9.168643810054206 1.3874928258766142
9.168643810054206 1.3506590022870875
9.168643810054206 1.4011981633613826
9.245696406439967 1.35197082279595
9.317029949588584 1.3555610514509113
9.471939005116395 1.366928261996264
9.471939005116395 1.3257708380866347
9.471939005116395 1.243319909069404
9.471939005116395 1.3118817654100077
9.471939005116395 1.4177851640877768
9.637049146399491 1.5302273386962957
9.656437505469022 1.4758533780461334
9.656437505469022 1.4482956562016172
9.656437505469022 1.3872025608371465
9.656437505469022 1.4237826880691518
9.656437505469022 1.2333325482094415
9.700120131493563 1.1731802973640701
9.730057791122332 1.2118271930740265
9.730057791122332 1.2831065054684734
9.730057791122332 1.2414845169540563
9.730057791122332 1.207780354521212
9.730057791122332 1.2579090829136041
9.730057791122332 1.1996527881696848
9.730057791122332 1.2142886003415645
9.730057791122332 1.2721762680907498
9.730057791122332 1.2893156461960387
9.74741650150909 1.1090631772100208
9.783612083092114 1.0712710050019494
9.783612083092114 1.1042132365950346
9.783612083092114 1.127305642229311
9.783612083092114 1.0175573300904872
9.790223134463798 0.9716523523485646
9.790223134463798 1.010709180219943
9.790223134463798 0.9801084795068397
9.802957076704871 0.9402652516959394
9.845512717389212 0.9780119463168756
9.845512717389212 0.9925402014827478
9.845512717389212 1.01905987400963
9.851811634464372 1.0893360361427624
9.91047216223841 1.159246266641057
9.91047216223841 1.2025768313615592
9.91047216223841 1.325823647191119
9.91047216223841 1.2525101109052776
9.91047216223841 1.2423368439552314
9.91047216223841 1.2426534035988983
9.91047216223841 1.1230920484678413
9.91047216223841 1.1935332098161595
9.91047216223841 1.1262101394791393
9.91047216223841 1.120620594942771
9.91047216223841 1.1266625379494213
9.91047216223841 1.141904644156233
9.91047216223841 1.2090200519879082
9.91047216223841 1.2271316466922417
9.91047216223841 1.1995109578582637
9.91047216223841 1.2416534032775433
9.91047216223841 1.2274771426089774
9.91047216223841 1.140515328438433
9.91047216223841 1.1534393083654977
9.91047216223841 1.2481343512614305
9.91047216223841 1.2184055293143445
9.91047216223841 1.1281515200810348
9.91047216223841 1.0339080058729548
9.91047216223841 0.8933698344276378
9.91047216223841 0.9383366376470738
9.91047216223841 0.9411943624782008
9.91047216223841 0.8584108821513278
9.91047216223841 0.7573094306292996
9.91047216223841 0.7611748758173567
9.91047216223841 0.757729753121455
9.91047216223841 0.6803018704158171
9.91047216223841 0.6620376124957346
9.91047216223841 0.66546195022967
9.91047216223841 0.6784675220944211
9.91047216223841 0.6616836965259456
9.924140111384968 0.7061754455260373
9.924140111384968 0.6588239751249617
9.924140111384968 0.6730227558906374
9.924140111384968 0.7443082849771505
9.924140111384968 0.7267727754716424
9.929044883200307 0.5571032725917172
9.929044883200307 0.56909048225589
9.929044883200307 0.5005475784837583
9.93484526179801 0.47817297822492494
9.93484526179801 0.48165292463900594
9.939121963117389 0.4664889976409454
9.939121963117389 0.4766394329534585
9.939121963117389 0.48229479045920187
9.939121963117389 0.489450818829256
9.939369047380358 0.475659578962924
9.94037141374545 0.4953572435334691
9.958137137808405 0.5280112932720112
9.958137137808405 0.5228174135825491
9.958137137808405 0.5418324307555407
9.958137137808405 0.5368290572614689
9.960234527580985 0.5434526017809224
9.960234527580985 0.5364117798976072
9.960234527580985 0.5475569334495611
9.973968736529399 0.6050346886223099
9.973968736529399 0.6586131917820142
9.973968736529399 0.6718820259255822
9.973968736529399 0.6492772104914948
9.973968736529399 0.6663620361016995
9.973968736529399 0.5999678609436142
9.973968736529399 0.6040959347502572
9.980644390014941 0.6035344264153694
9.980644390014941 0.5881488708857435
9.980644390014941 0.5936149105887623
9.980644390014941 0.5922083368286597
9.981618413913964 0.5803716518879017
9.981618413913964 0.5200444178454497
9.981618413913964 0.4642140021715062
9.981618413913964 0.4742819736335092
9.981618413913964 0.49065156347148775
9.981618413913964 0.4592026937281305
9.982316448615176 0.46472607028675345
9.982316448615176 0.4623603749373009
9.984495451871775 0.4153834896974208
9.984495451871775 0.4336732038204816
9.985563460011972 0.42873995559705314
9.986159610022327 0.42704017559330415
9.986159610022327 0.4354884793048089
9.986159610022327 0.4443519185407757
9.986159610022327 0.45510518097849284
9.988157408672516 0.425624653009025
9.988157408672516 0.44293650388818584
9.989055998235356 0.4296677823090327
9.989055998235356 0.44833231286334446
9.989055998235356 0.4601211431930257
9.989055998235356 0.3940265009635178
9.989160392499329 0.4041546530206043
9.990989853216414 0.3753192759822517
9.990989853216414 0.3724544028847745
9.990989853216414 0.3130808123939108
9.99315295176288 0.30614875440267253
9.99315295176288 0.31588280426081294
9.99315295176288 0.2893819410091647
9.99315295176288 0.2585898193833663
9.99315295176288 0.2614340094655026
9.994464203106544 0.2530167115022681
9.994464203106544 0.23096958488854516
9.994464203106544 0.22140232372385177
9.994464203106544 0.22610419006196797
9.994464203106544 0.22216231777448187
9.994464203106544 0.23096965777610243
9.994464203106544 0.23726535058808398
9.994464203106544 0.23945881929920276
9.994464203106544 0.23746849990097602
9.994464203106544 0.22832780051278742
9.994464203106544 0.22414555875230613
9.994464203106544 0.2225348618197737
9.994464203106544 0.21742911931409495
9.994464203106544 0.21098486601797048
9.994622269446218 0.2115152286579736
9.994622269446218 0.21291309406297446
9.994622269446218 0.2180502778719277
9.994622269446218 0.21722973861575634
9.994622269446218 0.2302170275770329
9.994622269446218 0.21518933073042698
9.994622269446218 0.21582924930419603
9.994705007076757 0.21791518289441683
9.994705007076757 0.21243916338341073
9.994705007076757 0.23085245536377386
9.994705007076757 0.2119691266204985
9.994705007076757 0.20839868147345192
9.994705007076757 0.209139629270819
9.994705007076757 0.20527319977600858
9.994705007076757 0.19413239298594923
9.994705007076757 0.18392167250677124
9.994705007076757 0.18606477996494966
9.994705007076757 0.19185627330531138
9.994705007076757 0.19641002321925174
9.994705007076757 0.19508703824070345
9.994705007076757 0.19687432989966533
9.994705007076757 0.1880439670174927
9.994729022019817 0.20714687638566567
9.994729022019817 0.21374652299565416
9.994729022019817 0.2012614520527902
9.994729022019817 0.20229800074150725
9.994729022019817 0.20865441771157692
9.994729022019817 0.21075114448801555
9.994729022019817 0.2172622316411009
9.994729022019817 0.20878435985780994
9.994729022019817 0.20618250896046242
9.994729022019817 0.20654041459294106
9.994729022019817 0.19916240467253485
9.994729022019817 0.2043741949465107
9.994729022019817 0.20339026514309252
9.994729022019817 0.21086637310370626
9.994729022019817 0.20540049225705406
9.994729022019817 0.19534629876154766
9.995636588537888 0.20917147610056855
9.995636588537888 0.2133317418851717
9.995636588537888 0.2263237099972379
9.995636588537888 0.22694391817181464
9.995636588537888 0.22072296753592216
9.995636588537888 0.22462172727369287
9.995636588537888 0.22510650236764745
9.995636588537888 0.2279431526815553
9.995636588537888 0.22675141355046818
9.995636588537888 0.23184296923757045
9.995636588537888 0.23074116484834553
9.995636588537888 0.24186796710108865
9.995636588537888 0.2515804979488019
9.995928336102075 0.2549144371536602
9.995928336102075 0.25530080951319134
9.995928336102075 0.2610171909694183
9.995928336102075 0.26911813502663867
9.995928336102075 0.2550311082988012
9.995928336102075 0.2742558507113318
9.995928336102075 0.2762982288369819
9.995928336102075 0.2780968214095353
9.995928336102075 0.27784217589924043
9.995928336102075 0.2854087997173314
9.995928336102075 0.25216306351722656
9.995928336102075 0.2510000043609662
9.995928336102075 0.23896814703548258
9.995928336102075 0.2457356369102174
9.995928336102075 0.24575128084596348
9.995928336102075 0.2358573612953234
9.995928336102075 0.21137805100980564
9.995928336102075 0.21215149198776445
9.995928336102075 0.20796933783036822
9.995928336102075 0.21278871631939894
9.995928336102075 0.21636680317509735
9.995928336102075 0.2447273931579683
9.995928336102075 0.2469363149756938
9.995928336102075 0.2625916217478359
9.995928336102075 0.2840033048692433
9.995928336102075 0.29726434167996096
9.995928336102075 0.290832276001285
9.995928336102075 0.27904074279103486
9.995928336102075 0.2746265764727269
9.995928336102075 0.2910456621162076
9.995928336102075 0.2793257945246541
9.995928336102075 0.28631095468145706
9.995928336102075 0.25978058152995365
9.995928336102075 0.2557763990291127
9.99595085161687 0.2513211073782395
9.99595085161687 0.2692087816200519
9.99595085161687 0.291337859023357
9.99595085161687 0.28032301094956724
9.99595085161687 0.26298876477685373
9.99595085161687 0.2768946819722798
9.99595085161687 0.24398042250169774
9.99595085161687 0.237620069859073
9.99595085161687 0.23511419833939234
9.99595085161687 0.2378864085504666
9.99595085161687 0.24008050602914863
9.99595085161687 0.24578159781634532
9.99595085161687 0.26308049904568276
9.99595085161687 0.2605252141318109
9.99595085161687 0.24286644851284256
9.99595085161687 0.24610567675157402
9.99595085161687 0.21870195604698286
9.99595085161687 0.21558411984338208
9.99595085161687 0.2189240973341877
9.99595085161687 0.22251326191092569
9.99595085161687 0.22302144334603075
9.99595085161687 0.2255650866110005
9.99595085161687 0.22041716915679999
9.99595085161687 0.21458603089392894
9.99595085161687 0.20618748415809598
9.99595085161687 0.21559537533713974
9.99595085161687 0.2151377816854574
9.99595085161687 0.2196761251395202
9.99595085161687 0.2259005021079399
9.99595085161687 0.22869320208711608
9.99595085161687 0.2307999394694041
9.99595085161687 0.2159213091937382
9.99595085161687 0.20919669020751439
9.99595085161687 0.21160237892762349
9.99595085161687 0.22177288205769122
9.99595085161687 0.23518220995265068
9.99595085161687 0.23095268000614808
9.99595085161687 0.20378948403168795
9.99595085161687 0.2034075393817545
9.99595085161687 0.19062053726563402
9.99595085161687 0.19575897034900147
9.99595085161687 0.20476006647303463
9.99595085161687 0.20213744336515765
9.99595085161687 0.20241763583813746
9.99595085161687 0.1910055033427652
9.99595085161687 0.20074997212166465
9.99595085161687 0.19260929230652876
9.99595085161687 0.19033417203943842
9.99595085161687 0.19737919671491264
9.99595085161687 0.20074884318293323
9.99595085161687 0.1979523178434508
9.99595085161687 0.21251779710970864
9.99595085161687 0.2132839969660776
9.99595085161687 0.21774382726068897
9.99595085161687 0.2281699532021302
9.99595085161687 0.22126259983105342
9.99595085161687 0.22042964088434422
9.99595085161687 0.0802234420995959
9.99595085161687 0.0815341184882912
9.99595085161687 0.08233921844996037
9.99595085161687 0.08327682183273546
9.99595085161687 0.07954397778759664
9.99595085161687 0.08156008807076684
9.99595085161687 0.07655807541594722
9.99595085161687 0.07836281113791269
9.99595085161687 0.0814100219147632
9.99595085161687 0.0857618552338204
9.99595085161687 0.08622636011025273
9.99595085161687 0.08404950855463177
9.99595085161687 0.090367804729234
9.99595085161687 0.09566736259988451
9.99595085161687 0.10110223787751955
9.99595085161687 0.10405557815114576
9.99595085161687 0.10199474623532047
9.99595085161687 0.09712212283171713
9.99595085161687 0.09319591429708365
9.99595085161687 0.09677119181659334
9.99595085161687 0.08922771839867046
9.99595085161687 0.08969632392401064
9.99595085161687 0.09132836853516196
9.99595085161687 0.09765296495020366
9.99595085161687 0.11051268386894324
9.99595085161687 0.11299357586659511
9.99595085161687 0.11043639214613434
9.99595085161687 0.10847779394410577
9.99595085161687 0.116187328326485
9.99595085161687 0.11133477101283401
9.99595085161687 0.1118070569390268
9.99595085161687 0.11099437324880483
9.99595085161687 0.11113494416123514
9.99595085161687 0.10733711043107214
9.99595085161687 0.10248497191388642
9.99595085161687 0.09591902267110897
9.99595085161687 0.10599760487289793
9.99595085161687 0.1052523491444877
9.99595085161687 0.10533535146206686
9.99595085161687 0.1143329807203001
9.99595085161687 0.11755547405856007
9.99595085161687 0.1117487911766308
9.99595085161687 0.10026624118578727
9.99595085161687 0.09153171829960614
9.99595085161687 0.10131008558995648
9.99595085161687 0.09688396622500353
9.99595085161687 0.0837393175008204
9.99595085161687 0.08185723147480017
9.99595085161687 0.0869219092218492
9.99595085161687 0.09369965008594122
9.99595085161687 0.10071316438666601
9.99595085161687 0.09466749595083894
9.99595085161687 0.09663789922062731
9.99595085161687 0.09802614427634633
9.99595085161687 0.08773703825573048
9.99595085161687 0.09489234928027056
9.99595085161687 0.0911135556408891
9.99595085161687 0.0933733670085155
9.99595085161687 0.09564021491324545
9.99595085161687 0.07721853829243722
9.99595085161687 0.076347055826539
9.99595085161687 0.07954080210822811
9.99595085161687 0.0775117004192552
9.99595085161687 0.07760152112093634
9.99595085161687 0.07532458920276873
9.99595085161687 0.07592761756260373
9.99595085161687 0.0782617984066168
9.99595085161687 0.08062576069967434
9.99595085161687 0.08301276422370973
9.99595085161687 0.08398322084376302
9.99595085161687 0.0845103279018127
9.99595085161687 0.08775552794255297
9.99595085161687 0.0913246283003989
9.99595085161687 0.08698601035044949
9.99618278403776 0.08029907574181265
9.99618278403776 0.08246352006089273
9.99618278403776 0.0840411908613469
9.99618278403776 0.08180271919874826
9.99618278403776 0.08786982559998147
9.996626503207905 0.08767549933657749
9.996626503207905 0.09023812581128146
9.996626503207905 0.08989908310767093
9.996626503207905 0.09517005590460688
9.996626503207905 0.0946920118524931
9.996626503207905 0.09865392567759287
9.996626503207905 0.09951910520003876
9.996626503207905 0.10001089588352287
9.996626503207905 0.09749989488308738
9.996626503207905 0.09486211950330722
9.996626503207905 0.08728207369905487
9.996626503207905 0.09142771939588591
9.996626503207905 0.09664220252126397
9.996626503207905 0.09728041193211855
9.996626503207905 0.08809316275060884
9.996626503207905 0.08995513836885598
9.996626503207905 0.08082121046423021
9.996626503207905 0.06374307792019303
9.996626503207905 0.06571499096608012
9.996626503207905 0.06293349049508579
9.996626503207905 0.06903559273737696
9.996626503207905 0.07373238635612406
9.996626503207905 0.07137736602692661
9.996626503207905 0.06423483544603854
9.996626503207905 0.06460077553198888
9.996626503207905 0.060264764713657895
9.996626503207905 0.0572124903250068
9.996626503207905 0.05512781321594033
9.996626503207905 0.052617098203048995
9.996626503207905 0.05053264817002396
9.996626503207905 0.03918746386816629
9.996626503207905 0.039962791497297395
9.996626503207905 0.04247579348532866
9.996626503207905 0.03813886367049635
9.996626503207905 0.03920240050525831
9.996626503207905 0.047162360739848454
9.996626503207905 0.04907621468691758
9.996626503207905 0.04198234113316965
9.996626503207905 0.04549014228410148
9.996626503207905 0.0498419022936907
9.996626503207905 0.05288045033362201
9.996626503207905 0.05533170635829043
9.996626503207905 0.057622062797712134
9.996626503207905 0.05938520184092827
9.996626503207905 0.060376677386801025
9.996626503207905 0.06177270393633173
9.996626503207905 0.059774364622843024
9.996626503207905 0.05978652144805346
9.996626503207905 0.06146228446981668
9.996626503207905 0.06043698697133088
9.996626503207905 0.06533180552161787
9.996626503207905 0.06882110130263164
9.996626503207905 0.07608473889220792
9.996626503207905 0.06876420029050465
9.996626503207905 0.07253078223427038
9.996626503207905 0.07093347573803192
9.996626503207905 0.06713662358188109
9.996626503207905 0.07075916879990952
9.996626503207905 0.0697521560468773
9.996626503207905 0.06932333037142167
9.996626503207905 0.061489870115581206
9.996626503207905 0.0704123027811743
9.996626503207905 0.07041330850698292
9.996626503207905 0.06994173543458201
9.996626503207905 0.07447954498868588
9.996626503207905 0.07126081156379861
9.996626503207905 0.0583015820594348
9.996626503207905 0.0603293902084121
9.996626503207905 0.06423366603632265
9.996626503207905 0.06696041320682257
9.996626503207905 0.06397180406461538
9.996626503207905 0.06222907691116491
9.996626503207905 0.06648643571889187
9.996626503207905 0.06245810476693778
9.996626503207905 0.0686294368864922
9.996626503207905 0.06367487444023254
9.996626503207905 0.06909292453028207
9.996626503207905 0.07244887628991496
9.996626503207905 0.07541734248640436
9.996626503207905 0.05283174023322659
9.996626503207905 0.05942783884962757
9.996626503207905 0.05904237176423583
9.996626503207905 0.056130860946255856
9.996626503207905 0.05708782697167862
9.996626503207905 0.0639169872009392
9.996626503207905 0.06451746582574915
9.996626503207905 0.06462137461445214
9.996626503207905 0.06440435051396462
9.996626503207905 0.066926438392825
9.996626503207905 0.06774713701522823
9.996626503207905 0.06622062360008005
9.996626503207905 0.0675465875564233
9.996626503207905 0.07417049541584203
9.996626503207905 0.07237585993237818
9.996626503207905 0.07456892493661653
9.996626503207905 0.07285558365600676
9.996626503207905 0.055580018403464874
9.996626503207905 0.060176819104209044
9.996626503207905 0.056103118039511145
9.996626503207905 0.05537065980606478
9.996626503207905 0.054250743684087284
9.996626503207905 0.057432541084534244
9.996626503207905 0.05360860858448555
9.996626503207905 0.05465545877298975
9.996626503207905 0.05478217534182228
9.996626503207905 0.060531199583174655
9.996626503207905 0.056172279168811214
9.996626503207905 0.06057199936007731
9.996626503207905 0.0613292017254643
9.996626503207905 0.06471718086611801
9.996626503207905 0.06611080837156742
9.996626503207905 0.06756848021905554
9.996626503207905 0.07691100027551383
9.996626503207905 0.07731622060721806
9.996626503207905 0.07644326298377482
9.996626503207905 0.08008478945963284
9.996626503207905 0.07945769587898277
9.996626503207905 0.08502945832003915
9.996626503207905 0.08417495311413492
9.996626503207905 0.08550882882216321
9.996626503207905 0.08173384987700241
9.996626503207905 0.08058592150402642
9.996626503207905 0.07684637630760627
9.996626503207905 0.07440144091771442
9.996626503207905 0.07144587131613878
9.996626503207905 0.07378495338470958
9.996626503207905 0.07108096725095558
9.996626503207905 0.06737520768261983
9.996626503207905 0.06653527737894388
9.996626503207905 0.06519681171503482
9.996626503207905 0.06778707684862609
9.996626503207905 0.06393070735858357
9.996626503207905 0.0664946648777502
9.996626503207905 0.06870228721305313
9.996626503207905 0.07098880632028196
9.996626503207905 0.07125132608826033
9.996626503207905 0.06855309195419425
9.996626503207905 0.0717779300773777
9.996626503207905 0.06571365417716625
9.996626503207905 0.06896015516033477
9.996626503207905 0.07102474988308269
9.996626503207905 0.06773137645715045
9.996626503207905 0.0665856933860506
9.996626503207905 0.07126503117255847
9.996626503207905 0.06500597251975015
9.996626503207905 0.06196870401879014
9.996626503207905 0.06362187721380193
9.996626503207905 0.059322702238930713
9.996626503207905 0.056512142896409115
9.996626503207905 0.056802855470580886
9.996626503207905 0.061676469472238156
9.996626503207905 0.058194076375003845
9.996626503207905 0.06335154876656195
9.996626503207905 0.06113784560792716
9.996626503207905 0.05578604333528079
9.996626503207905 0.058477877583842014
9.996626503207905 0.0592880532471814
9.996626503207905 0.06176257110482216
9.996626503207905 0.058925134566858606
9.996626503207905 0.06067618220343244
9.996626503207905 0.06395323758983158
9.996626503207905 0.06445958966239068
9.996626503207905 0.06704252036616684
9.996626503207905 0.06304702521142191
9.996626503207905 0.058275665968757655
9.996626503207905 0.06133342047812218
9.996626503207905 0.05780645977773548
9.996626503207905 0.055883527829362324
9.996626503207905 0.059621446037767784
9.996626503207905 0.05808001425999476
9.996626503207905 0.059200043515202146
9.996626503207905 0.058527887127399154
9.996626503207905 0.050483525251966824
9.996626503207905 0.04652061034022743
9.996626503207905 0.04645929691708849
9.996626503207905 0.04758814184381903
9.996626503207905 0.04933563198502461
9.996626503207905 0.04523790992480086
9.996626503207905 0.04736090436670452
9.996626503207905 0.04037500855928596
9.996626503207905 0.038616386912367504
9.996626503207905 0.04064218586247774
9.996626503207905 0.04312714755478589
9.996626503207905 0.04339394621400847
9.996626503207905 0.038945134333345045
9.996626503207905 0.0359349782222126
9.996626503207905 0.03700054575472229
9.996626503207905 0.03686398966003189
9.996626503207905 0.03490232488424031
9.996626503207905 0.0327421114968142
9.996626503207905 0.03400158487069439
Score: 9.996626503207905
Runtime: 5240ms
