3.4607631953760246E-6 4.926612136966804
2.4530029699541116E-5 4.490458070046302
1.059647090581322E-4 4.220589629687133
0.0012179174202278926 4.0327179521746395
0.0018860438746091598 4.072456554094926
0.008987553763217823 3.7947492891034345
0.019411248892593738 3.6562824343115765
0.04049414505691142 3.5076087953240584
0.04049414505691142 3.253221691882903
0.10736459844177156 3.2324451847910094
0.10736459844177156 3.1408732484626247
0.10736459844177156 3.1546617370394405
0.2950175562396288 3.139850961555371
0.2950175562396288 3.089941956708439
0.2950175562396288 2.9984780552675074
0.2950175562396288 3.0265025305551814
0.2950175562396288 2.9956127296689408
0.2950175562396288 3.0363150576329008
0.3461164853511871 3.0800723863236104
0.3461164853511871 3.0380405523682774
0.4208366302770475 3.0936619964659924
0.4208366302770475 3.0968847813831206
0.7040812188077574 2.9065500259725288
0.7040812188077574 2.9851261636275765
0.7040812188077574 3.1313940081770135
0.9524805432519912 3.2753999187537346
0.9524805432519912 3.3720719142077082
0.9524805432519912 3.274304245729033
0.9524805432519912 3.2197361482125872
1.0136561871885705 3.2942752871014958
1.0136561871885705 3.3573358701173515
1.5296390291644024 3.3508739435667945
1.6275156382761695 3.4833375567687117
1.6275156382761695 3.4261295413557953
1.6275156382761695 3.1067084835656704
1.6275156382761695 3.1229343634679236
2.2260676072859007 3.2067062988797725
2.6980192659854243 3.3681135672565543
2.6980192659854243 3.44603132583243
2.6980192659854243 3.5085379124348726
2.6980192659854243 3.3984443353544957
2.6980192659854243 3.3547457551537767
2.6980192659854243 3.262639486128645
2.9729245004890927 3.36400867209123
2.9729245004890927 3.3593196307266227
2.9729245004890927 3.114089706670712
3.2813902069650496 3.233991010666586
3.2813902069650496 3.0558964781572517
3.964579312434054 3.114829769276382
4.04486041997451 3.2324164707579754
4.04486041997451 3.322492087304263
4.04486041997451 3.5028247638168963
4.231104482041933 3.3057749090410384
4.231104482041933 3.136220240576416
4.231104482041933 3.051753474061653
4.471324863265101 3.322120893066186
4.471324863265101 3.3787542018850996
4.471324863265101 3.100703539565797
4.471324863265101 3.1517996183015944
4.796522966461845 3.054520807412967
4.950505151316653 3.153820393822522
5.171245912383203 3.222176416949779
5.171245912383203 3.3320537597277546
6.026939123596843 3.2823015357741587
6.026939123596843 3.1764999700739445
6.026939123596843 3.1076646874386222
6.026939123596843 3.000782968560866
6.026939123596843 3.006246180684709
6.026939123596843 3.1275465063915897
6.026939123596843 3.048972938842992
6.264830177387914 3.0690486327584128
6.264830177387914 2.920002008696701
6.264830177387914 3.1485695314477224
6.281947516220222 2.931162820226136
6.281947516220222 2.744425390261011
6.774088718986899 2.8355511969169065
6.774088718986899 2.9129979926329748
6.774088718986899 2.895328320881435
6.774088718986899 2.87208815548234
6.774088718986899 2.5406587466541786
7.167196014911886 2.777531549322688
7.167196014911886 2.8481079417676085
7.167196014911886 2.883093973197951
7.167196014911886 2.8239306580299206
7.167196014911886 2.793030943336065
7.167196014911886 2.6707297456286057
7.327952904837848 2.5588247094501515
7.327952904837848 2.5116622861605773
7.327952904837848 2.5575630342956406
7.327952904837848 2.5544832198314142
7.523292830317287 2.7588876415249146
7.523292830317287 2.6944608951488918
7.523292830317287 2.7195512230119423
7.523292830317287 2.933000739488184
7.523292830317287 2.9550283602573266
7.523292830317287 2.8140622063594227
7.523292830317287 2.847656042910899
7.523292830317287 2.4448884303789655
7.523292830317287 2.6342645878762005
7.523292830317287 2.6149229058505385
7.523292830317287 2.374097031148567
7.523292830317287 2.2646526913865586
7.523292830317287 2.1945573120128445
7.523292830317287 2.2449888754859813
7.523292830317287 2.175555040973028
7.523292830317287 2.1046197021819695
7.523292830317287 2.164980633988138
7.523292830317287 2.1221615124554236
7.548102410828262 2.283230816899784
7.548102410828262 2.3357141999457363
7.548102410828262 2.1239506757971194
7.548102410828262 2.012780418527974
7.548102410828262 2.2589142233992354
7.548102410828262 2.320958572535527
7.548102410828262 2.3932997294479503
7.548102410828262 2.510526916341928
7.548102410828262 2.369489688411943
7.796165129001931 2.3919433541324198
7.796165129001931 2.2736700085744745
7.796165129001931 2.344314247630858
7.88657332296418 2.26552316259544
7.88657332296418 2.339964286752949
7.88657332296418 2.2888406626160167
7.951181717430606 2.2717730748641425
7.951181717430606 2.3936929198592916
7.951181717430606 2.300560271826978
7.951181717430606 2.3780776602629716
7.951181717430606 2.655197220228004
7.951181717430606 2.7693608939878094
7.951181717430606 2.5802064658398582
7.951181717430606 2.6966191456055664
7.951181717430606 2.857871598292017
7.951181717430606 2.6348347897339206
7.951181717430606 2.4003134018795733
7.951181717430606 2.3011454440936783
7.951181717430606 2.2332420687334626
7.951181717430606 2.1051167574765244
8.30687583364335 2.2025648428265
8.30687583364335 2.3926132382698144
8.30687583364335 2.2908304736346965
8.30687583364335 2.1193556309161505
8.30687583364335 2.0711059820737674
8.405388974790037 2.052847945956416
8.405388974790037 2.109411858503578
8.405388974790037 2.1727250104831843
8.536362607764676 2.1475237612964353
8.536362607764676 2.0623629327729986
8.536362607764676 2.1063126044010314
8.704477526194953 1.8540016801394585
8.704477526194953 1.9562508199726596
8.853142750301506 2.0262942401409703
8.853142750301506 1.9846004682914702
8.853142750301506 2.0279512358806344
8.85909799706942 1.9095344215184942
8.85909799706942 1.9669251445518363
8.85909799706942 1.7026623640983474
8.85909799706942 1.7276381618659498
8.85909799706942 1.724630244660635
8.883069089399289 1.6180890459536623
8.887610968240168 1.82443047947909
8.93494206160969 1.7029349793561033
8.93494206160969 1.7270509394213165
8.93494206160969 1.6461735778193292
9.081596593770374 1.6421279498295875
9.112333669228212 1.6809066041343532
9.112333669228212 1.5491268921582382
9.112333669228212 1.5988979193485442
9.112333669228212 1.5467362057557217
9.112333669228212 1.397036381226325
9.159116256372826 1.4457537030780623
9.159116256372826 1.4512768028221883
9.159116256372826 1.5259842791417653
9.159116256372826 1.5955549451308164
9.159116256372826 1.5824141496119941
9.159116256372826 1.3975467268123372
9.159116256372826 1.4662090932425575
9.212281245225306 1.3377167401226322
9.212281245225306 1.3627998193199617
9.212281245225306 1.2142168334060814
9.212281245225306 1.157646414736116
9.212281245225306 1.1917353279660068
9.212281245225306 1.265436030475091
9.227981446010315 1.1974023699551055
9.227981446010315 1.1626717731171603
9.265162096949723 1.180337214698176
9.265162096949723 1.1734839364506533
9.265162096949723 1.264461148702307
9.265162096949723 1.3220326390023045
9.302357242912162 1.3945748875270791
9.316796096563882 1.4481826189521625
9.316796096563882 1.5318212146682333
9.316796096563882 1.543566069561941
9.316796096563882 1.6108915642730084
9.316796096563882 1.7589358763972556
9.316796096563882 1.601674258794546
9.316796096563882 1.4009840241025193
9.329515221353192 1.38360034967011
9.352034750834868 1.492922397663717
9.352034750834868 1.4356431269100194
9.406772624332325 1.481850660035942
9.463971481916314 1.5455344385404803
9.463971481916314 1.5759263071595433
9.463971481916314 1.436815319339607
9.463971481916314 1.5054347098833842
9.464380069437464 1.5203373093256494
9.464380069437464 1.4866323690825893
9.509158494837692 1.5912285269299997
9.509158494837692 1.5678872754350996
9.509158494837692 1.604825265350026
9.509158494837692 1.356657195106681
9.509158494837692 1.4422554380245864
9.509158494837692 1.505555568099818
9.509158494837692 1.4496682104366692
9.509158494837692 1.543244059188146
9.509158494837692 1.5822349070436261
9.509158494837692 1.3437481914601697
9.509158494837692 1.3112719672145803
9.509158494837692 1.2849260399112163
9.509158494837692 1.2964086898103682
9.509158494837692 1.2579293132096327
9.509158494837692 1.2764573244857638
9.509158494837692 1.240014907484366
9.509158494837692 1.2664288992762074
9.509158494837692 1.417520907990054
9.509158494837692 1.4529087765900035
9.509158494837692 1.4359903404777097
9.61316000288107 1.4473011693225193
9.61316000288107 1.3672104916225127
9.61316000288107 1.3891883301340011
9.61316000288107 1.4282858547735713
9.61316000288107 1.4723729178904266
9.61316000288107 1.3940226667982223
9.61316000288107 1.4819830866383383
9.649860151501318 1.4378213832420568
9.649860151501318 1.3693167892629028
9.649860151501318 1.3960328276263663
9.649860151501318 1.4120344984150948
9.649860151501318 1.3521166294798728
9.649860151501318 1.3030773755880767
9.67299797521996 1.31127054376869
9.67299797521996 1.2938013124608883
9.67299797521996 1.3336591206934154
9.67299797521996 1.2652901962664327
9.67299797521996 1.3263579208359444
9.67299797521996 1.1574049533216662
9.67299797521996 1.1807641163815046
9.67299797521996 1.1852180597194855
9.67299797521996 1.3355321353656708
9.67299797521996 1.4326499639462178
9.67299797521996 1.4336369645654776
9.67299797521996 1.321892336334559
9.67299797521996 1.4111074360548412
9.67299797521996 1.382125025798202
9.67299797521996 1.4639592032200757
9.67299797521996 1.3759189203757067
9.67299797521996 1.4350813141144323
9.67299797521996 1.3864455298615133
9.67299797521996 1.3673623706124782
9.67299797521996 1.4906941987672444
9.692813061749273 1.2898110567263026
9.692813061749273 1.3237303265393454
9.692813061749273 1.2902521687025603
9.692813061749273 1.3236445053236796
9.692813061749273 1.2830223037966464
9.692813061749273 1.183072803401662
9.692813061749273 1.24074772229474
9.692813061749273 1.2241694378826062
9.692813061749273 1.1764059502311086
9.746713822938782 1.2287809805654157
9.746713822938782 1.3014926114726402
9.746713822938782 1.343401803515749
9.746713822938782 1.307755212033841
9.746713822938782 1.1351897955573653
9.746713822938782 1.2198779636803956
9.746713822938782 1.282764311621921
9.746713822938782 1.104177627333168
9.746713822938782 1.1193626290335146
9.746713822938782 1.0165516315476355
9.746713822938782 1.0386697183534979
9.746713822938782 1.1318210008153549
9.765589990799116 1.1318753697437687
9.765589990799116 0.957463049196187
9.77031796568029 0.9598413695247591
9.77031796568029 0.9370805324601633
9.773576855394218 0.921784476742269
9.773576855394218 1.0095413641383608
9.78802110664719 1.011236590910641
9.855349319215424 1.046190376166146
9.855349319215424 1.0336558793669575
9.855349319215424 1.0065543898830085
9.855349319215424 1.063971586674255
9.855349319215424 0.8901230490247154
9.855349319215424 0.9440147981512522
9.855349319215424 0.9508266875156711
9.855349319215424 0.9479011204529151
9.855349319215424 0.8933562116989124
9.872662077418768 0.9230400358442293
9.872662077418768 0.9234574209954541
9.872662077418768 0.9195798626482885
9.872662077418768 0.8449834955015338
9.872662077418768 0.8674228634604813
9.872662077418768 0.8627680487989503
9.883732365523892 0.9591818663307731
9.883732365523892 1.0235084976580522
9.883732365523892 1.0351360721150737
9.883732365523892 1.1374913587073436
9.883732365523892 1.0670575214601568
9.883732365523892 1.0887579912537328
9.883732365523892 1.0725241015856195
9.883732365523892 0.9924818714447375
9.883732365523892 0.9827360639565954
9.907945736919958 0.9995559916578742
9.907945736919958 1.0420394703763953
9.907945736919958 1.0040098800799906
9.907945736919958 1.0205346246822058
9.928214041617066 1.0623160581574527
9.928214041617066 1.0807453574841244
9.928214041617066 1.0173131265390154
9.928214041617066 1.081987869683787
9.928214041617066 1.1126163839627892
9.928214041617066 1.0921150739411283
9.928214041617066 1.0171336124342365
9.934419939498518 0.9538762321560441
9.934419939498518 0.8947534294990834
9.934419939498518 0.9177730227845806
9.934419939498518 0.9760668241427782
9.950977070481946 0.9280294321244338
9.950977070481946 0.9529261957153786
9.950977070481946 0.9623768194800181
9.950977070481946 1.031669480855829
9.950977070481946 1.0101985669257625
9.950977070481946 0.9747109248602569
9.950977070481946 0.8689533476112195
9.950977070481946 0.8868148119879697
9.950977070481946 0.921356512196116
9.950977070481946 0.9295888286541579
9.952477772560046 0.8725976239198053
9.953637340588662 0.8438361682936061
9.95538418607835 0.8693025755840652
9.956983138600897 0.9379581653178775
9.956983138600897 0.9295395714410599
9.956983138600897 0.8330515096007765
9.956983138600897 0.7839700630955374
9.956983138600897 0.7400596374999676
9.956983138600897 0.789262029793102
9.970899042948924 0.820566283894226
9.970899042948924 0.8152109990554591
9.970899042948924 0.8329940975513898
9.970899042948924 0.7920397922138572
9.970899042948924 0.7868486948232994
9.970899042948924 0.8080147641380949
9.970899042948924 0.8036078498360059
9.970899042948924 0.8286112928243228
9.970899042948924 0.8329207016747682
9.970899042948924 0.756501280318464
9.970899042948924 0.8358028194266182
9.971555756003054 0.7951589687420838
9.971555756003054 0.7215386234400911
9.97818998340004 0.724618430712757
9.983830150644856 0.7484969804678964
9.983830150644856 0.8121304131929346
9.983830150644856 0.8613827839491806
9.983830150644856 0.8424094194343492
9.983830150644856 0.7727940628166707
9.983830150644856 0.7159955979998031
9.983830150644856 0.7180248060384244
9.983830150644856 0.7196249970224633
9.983830150644856 0.8370700726824706
9.983830150644856 0.8361671178258118
9.983830150644856 0.8197417925869528
9.983830150644856 0.8533593341020711
9.986493214092215 0.8791582105331406
9.986493214092215 0.946045967856045
9.986493214092215 0.8848008947135184
9.986493214092215 0.7959515825027804
9.986493214092215 0.798520951203513
9.986493214092215 0.7401799034512051
9.987199869287814 0.7958144740514033
9.987199869287814 0.7525160901439721
9.987199869287814 0.7575454176411368
9.987199869287814 0.8086713249508949
9.987199869287814 0.7874653006678807
9.987199869287814 0.7432527450014685
9.987199869287814 0.7444689705554906
9.987199869287814 0.7001393326902374
9.987199869287814 0.6417567732035959
9.987199869287814 0.6427346329767926
9.987199869287814 0.7146093262750564
9.987199869287814 0.7706513261342703
9.987199869287814 0.7529399161537249
9.987199869287814 0.6081032421494394
9.987199869287814 0.6881874456131757
9.987199869287814 0.70332487657032
9.987199869287814 0.6769330765240064
9.987199869287814 0.6652612708332035
9.987199869287814 0.6833633579738715
9.987199869287814 0.7230108346016088
9.987199869287814 0.8284472275877206
9.987199869287814 0.8502579739580299
9.987199869287814 0.7819415317925834
9.987199869287814 0.7713473725427137
9.987199869287814 0.6819870609438566
9.987199869287814 0.7253984894920198
9.987199869287814 0.7550982572125395
9.987199869287814 0.7719537338105854
9.987199869287814 0.7917595741752923
9.987199869287814 0.7157768781313621
9.987199869287814 0.6947213068785968
9.987199869287814 0.668708301974851
9.987199869287814 0.6927395922362217
9.987199869287814 0.7091162792870356
9.987744949780463 0.7326104804546473
9.987744949780463 0.5868409207445786
9.987744949780463 0.6164524748809609
9.987949864209437 0.5162614087317009
9.987949864209437 0.5407315651167537
9.987949864209437 0.5065876132247136
9.987949864209437 0.48540252048928506
9.988936464848155 0.5339447183506658
9.988936464848155 0.5523958803957363
9.988936464848155 0.5852227667987828
9.988936464848155 0.4036994910528353
9.988936464848155 0.42227908383467044
9.988936464848155 0.4483126802663323
9.988936464848155 0.4709644633990206
9.988936464848155 0.46729751646749257
9.988936464848155 0.47919357693985887
9.988936464848155 0.5113084896792623
9.988936464848155 0.4919496980955054
9.989521831888673 0.42742692731116516
9.989521831888673 0.4410212005596037
9.989521831888673 0.46596428130671586
9.989521831888673 0.4415099635365576
9.989521831888673 0.4302779199600867
9.989521831888673 0.42975304546292364
9.989521831888673 0.4188455396076822
9.989521831888673 0.3852487853639335
9.989521831888673 0.37457620774044514
9.989521831888673 0.38787720462669356
9.989521831888673 0.4261226772667205
9.989521831888673 0.37955696993448035
9.989521831888673 0.388232621435853
9.989521831888673 0.4046167963296883
9.989897621197644 0.417142052438576
9.991138195263572 0.4467613542717162
9.992603596735513 0.45472570964405123
9.992603596735513 0.4667881244427492
9.992603596735513 0.4851352015755573
9.992603596735513 0.5039643367518194
9.992603596735513 0.509565854254356
9.992603596735513 0.4951338726758821
9.992603596735513 0.5109109730352818
9.992603596735513 0.4355404745595461
9.992603596735513 0.4460393726180388
9.992603596735513 0.4617727775173005
9.992603596735513 0.47417836881498343
9.992603596735513 0.513551511526095
9.992997865121273 0.4619380770506956
9.992997865121273 0.44772369890901115
9.992997865121273 0.4694510618908012
9.993020470584304 0.40423637434337945
9.993020470584304 0.3937757456558209
9.993020470584304 0.412289902147645
9.993020470584304 0.4079678659784101
9.993020470584304 0.389451855861516
9.993020470584304 0.39565402450635045
9.993020470584304 0.3588887790576091
9.993020470584304 0.40193233404045847
9.993020470584304 0.41705004730956813
9.993466088023045 0.43130034261952477
9.993466088023045 0.37783574090071026
9.993466088023045 0.3942485569692752
9.993466088023045 0.3708315216092739
9.993466088023045 0.3604297096537941
9.993466088023045 0.40288621387948464
9.993466088023045 0.38946191347091835
9.993466088023045 0.3625198921471281
9.993466088023045 0.37155231923482257
9.993466088023045 0.3500577038948744
9.993466088023045 0.34941430924309436
9.993466088023045 0.3365332972616253
9.993466088023045 0.3251332889771674
9.993588572552575 0.3347950647369973
9.993588572552575 0.3470337395258342
9.993588572552575 0.35749208408401584
9.994108756444467 0.33969892858924866
9.994108756444467 0.32805438564809414
9.994108756444467 0.32103028967424085
9.994108756444467 0.2949393245115395
9.994108756444467 0.29353554445679575
9.995428048547959 0.2861119358718507
9.995461266039529 0.29389709013827214
9.995461266039529 0.2849313920835309
9.995461266039529 0.27545803362719123
9.995461266039529 0.29101870822178927
9.995461266039529 0.2961493342764187
9.995461266039529 0.2726435767854788
9.995461266039529 0.26257725942221527
9.995461266039529 0.26728205060892657
9.995461266039529 0.2734942688486903
9.995461266039529 0.277883213277147
9.995461266039529 0.3014125256543638
9.995461266039529 0.29279428535607044
9.995461266039529 0.26328406060005655
9.995461266039529 0.26732216157559624
9.995461266039529 0.2963493295352704
9.995461266039529 0.29644863628112667
9.995461266039529 0.32995986004175276
9.995461266039529 0.33295076341112884
9.995461266039529 0.34071471526541386
9.995461266039529 0.3310137260709313
9.995461266039529 0.3268041749785588
9.995461266039529 0.30258208760385663
9.995461266039529 0.30036149659203254
9.995461266039529 0.28932837144098034
9.995461266039529 0.282597003356403
9.995461266039529 0.2919480404782932
9.995461266039529 0.29391041046521893
9.995461266039529 0.2838500196728838
9.995461266039529 0.30621199019287215
9.995461266039529 0.32341471773232294
9.995461266039529 0.3213671116445111
9.995461266039529 0.3358589533253838
9.995474938629991 0.33156513563947093
9.995474938629991 0.3310992758063384
9.995474938629991 0.31794743215594984
9.995474938629991 0.3311623702972279
9.995474938629991 0.3412210105058105
9.995474938629991 0.327661852215412
9.996501492612582 0.34723254998692243
9.996501492612582 0.3266172695438031
9.996501492612582 0.3195478828227938
9.996501492612582 0.311501624396046
9.996501492612582 0.3086427456699269
9.996501492612582 0.3354182193769267
9.996501492612582 0.35036155731479357
9.996501492612582 0.34137401660679545
9.996501492612582 0.25921027987422135
9.996501492612582 0.19065555437615775
9.996501492612582 0.22233078073231516
9.996501492612582 0.21209538338764655
9.996501492612582 0.20707507093739771
9.996501492612582 0.2246678557173739
9.996501492612582 0.23067839516526012
9.996501492612582 0.22824604666477252
9.996501492612582 0.2387674060945923
9.996501492612582 0.24677298797455877
9.996501492612582 0.24747565078323197
9.996501492612582 0.25894033978630965
9.996501492612582 0.26830532580535194
9.996501492612582 0.2876740834453475
9.996501492612582 0.2812005303225735
9.996501492612582 0.26918700937193435
9.996501492612582 0.25165395322397305
9.996501492612582 0.23914246111567578
9.996501492612582 0.22710115231549083
9.996501492612582 0.2167102694571464
9.996501492612582 0.21592942213570535
9.996501492612582 0.20896540164403943
9.996501492612582 0.2159663495620902
9.996501492612582 0.21985584167194602
9.996501492612582 0.2231246542423291
9.996501492612582 0.2292537792381978
9.996501492612582 0.2383143944563551
9.996501492612582 0.26297812920868824
9.996501492612582 0.2684517244332183
9.996501492612582 0.29123376353326846
9.996501492612582 0.2879624038386712
9.996501492612582 0.28852918096427405
9.996501492612582 0.27028777528446196
9.996501492612582 0.28555985746823853
9.996501492612582 0.2734517244364494
9.996787973436655 0.28223077799133717
9.996787973436655 0.29181173835812446
9.996787973436655 0.272344215373406
9.996787973436655 0.2362679155789693
9.996787973436655 0.23261978291587895
9.996787973436655 0.2427575031172484
9.996787973436655 0.20650498502155873
9.996787973436655 0.21282839327472872
9.996787973436655 0.21538539876801105
9.996787973436655 0.2287635485683525
9.996787973436655 0.22971823924261628
9.996787973436655 0.22270640173879458
9.996787973436655 0.22631498991754298
9.996787973436655 0.21564358836909364
9.996787973436655 0.2209489036955013
9.996787973436655 0.214503604212333
9.996787973436655 0.221306256357923
9.996787973436655 0.2228071217440437
9.996787973436655 0.21927071943802265
9.996787973436655 0.2240249596745764
9.996787973436655 0.22271100249190487
9.996787973436655 0.2105753595940197
9.996787973436655 0.222098350211581
9.996787973436655 0.21936214722846017
9.996787973436655 0.2318464260907152
9.996787973436655 0.23253352007224
9.996787973436655 0.22325231127234177
9.996787973436655 0.21924960492378023
9.996787973436655 0.23734448020372015
9.996787973436655 0.22933547403533217
9.996787973436655 0.22380955277723175
9.996787973436655 0.2398886332863517
9.996787973436655 0.2508973994744685
9.996787973436655 0.2515107691909711
9.996787973436655 0.26254690902348266
9.996787973436655 0.2655685817014751
9.996787973436655 0.2677144562358965
9.996915730890706 0.25602564780143294
9.996915730890706 0.2592265288198049
9.996915730890706 0.26186886599346587
9.996915730890706 0.2610277680432327
9.996915730890706 0.24523934593272603
9.996915730890706 0.21651479136838944
9.996915730890706 0.23421700992724312
9.996915730890706 0.22563940022614967
9.996915730890706 0.23288985031218565
9.996915730890706 0.23021993871106602
9.996915730890706 0.22643014943651554
9.996915730890706 0.22961247436740204
9.996915730890706 0.2361484335043157
9.996915730890706 0.23965474961871622
9.996915730890706 0.2412959710504135
9.996915730890706 0.2466688837079144
9.996915730890706 0.2626569915843556
9.996915730890706 0.2672394890715066
9.996915730890706 0.3000396336495547
9.996915730890706 0.29306510203499453
9.996915730890706 0.270872005332391
9.996915730890706 0.2750347682884216
9.996915730890706 0.26174141480415625
9.996915730890706 0.2726765010854132
9.996915730890706 0.29032022256758044
9.996915730890706 0.28446512372299393
9.996915730890706 0.25981493935134237
9.996915730890706 0.2504103625765459
9.996915730890706 0.2471298069174423
9.996915730890706 0.22231827855815078
9.996915730890706 0.18115995352256156
9.996915730890706 0.18896645496048017
9.996915730890706 0.20321425670652327
9.996915730890706 0.2035613274185969
9.996915730890706 0.1937471316995009
9.996915730890706 0.20731864036081815
9.996915730890706 0.18948513140612683
9.996915730890706 0.17194111479579444
9.996915730890706 0.17041191977538575
9.996915730890706 0.17161494289214305
9.996915730890706 0.17552964496308
9.996915730890706 0.1580759808366495
9.996915730890706 0.1577714505191572
9.996915730890706 0.15742471824285356
9.996915730890706 0.14080448772933526
9.996915730890706 0.1396433965786531
9.996915730890706 0.13699831659491646
9.996915730890706 0.15240557718919584
9.996915730890706 0.15232597319653035
9.996915730890706 0.14619955843996482
9.996915730890706 0.09769775887771492
9.996915730890706 0.09523240245296681
9.996915730890706 0.09297030854927797
9.996915730890706 0.09516973218799984
9.996915730890706 0.09656540470009692
9.996915730890706 0.09667790700238883
Score: 9.996915730890706
Runtime: 4912ms
