7.576247948332841E-6 4.899746896939265
3.346295068163036E-5 4.088891138560823
8.557641758761696E-4 3.759528253591036
0.0019111024094376125 3.8461210296881236
0.00268865728629555 3.6990961965525715
0.00402838407240756 3.558359895446262
0.009563472126490566 3.488556715116553
0.0456388618715143 3.457571028804492
0.0456388618715143 3.3141381106705405
0.0456388618715143 2.9924203107695315
0.049110285110817345 3.048264019441326
0.1254470028080059 3.0808546748046752
0.20597567870995273 2.8932701480611343
0.20597567870995273 2.918328988984809
0.20597567870995273 2.8679643799672347
0.5298427423767766 2.913331269325884
0.6189878353687561 2.9023759907569726
1.0281544165516692 2.889875317172448
1.0281544165516692 2.76294872154073
1.0281544165516692 2.837792933389014
1.2705178603860952 2.8397870374000242
1.6999794030774056 2.7840607656421152
2.0147876651863683 2.7912784552916574
2.4659207969941126 2.780345217401683
2.4659207969941126 2.847440327939037
2.5053747870492815 2.8766732570888234
2.5053747870492815 2.8834145011918113
3.111648409198157 2.8242584785682174
3.111648409198157 2.6956277667991126
3.162764467145033 2.770182378785664
3.7927466142412243 2.7104439505585676
3.7927466142412243 2.8454344327720498
3.7927466142412243 2.885220874358926
3.9639125368568093 2.953074666273912
3.9639125368568093 3.0265787621568996
3.9639125368568093 3.0845924215919567
3.9639125368568093 3.050314705602237
3.9639125368568093 3.092371499886777
4.734747725555338 3.2136734761281245
4.734747725555338 3.292278210246138
4.734747725555338 3.4048922412088403
4.734747725555338 3.041270075464321
4.734747725555338 3.0456412975537885
4.734747725555338 2.8373292516905533
4.734747725555338 2.961814783554269
4.734747725555338 3.1650146063238878
4.734747725555338 2.9171636602174917
4.734747725555338 2.699968204310901
4.734747725555338 2.852567632086526
4.734747725555338 2.7140540453689934
5.15714040814993 2.5562461096482836
5.15714040814993 2.591801087834569
5.21666464427242 2.605981949056434
5.21666464427242 2.673679695726808
5.21666464427242 2.6279497780375705
5.21666464427242 2.680810286796742
5.21666464427242 2.747149857273786
5.21666464427242 2.922563916459356
5.21666464427242 3.1013362868666645
5.761322020616592 3.1157958252010203
5.761322020616592 3.0755669660913596
5.761322020616592 2.824026799859726
5.761322020616592 2.813863063193586
5.761322020616592 2.7994872403015543
6.052458367625081 2.7211435986820187
6.052458367625081 2.8076778169907213
6.2545382150733655 2.80405504306125
6.2545382150733655 2.7081342621154896
7.023900212287422 2.6423824584665923
7.023900212287422 2.775902674058593
7.023900212287422 2.534582604157842
7.023900212287422 2.409973849636568
7.023900212287422 2.6207289073291067
7.113769048076514 2.604399058485423
7.113769048076514 2.655650267966857
7.469233817609969 2.3092137462281874
7.469233817609969 2.1072588512696413
7.469233817609969 2.260330076954132
7.469233817609969 2.2445825635272714
7.614924635436938 2.24268470114391
7.614924635436938 2.324194392152302
7.614924635436938 2.162917435100846
8.160125639311614 2.0939450223753084
8.160125639311614 2.061845937487735
8.160125639311614 1.89573112872532
8.160125639311614 1.972603135123611
8.160125639311614 1.9544583231554615
8.160125639311614 1.7895659724345914
8.160125639311614 1.8946468097549642
8.182835601477375 1.8944133027122283
8.182835601477375 1.9847924440548772
8.4330773002579 1.969652474037412
8.4330773002579 2.1332332629221815
8.4330773002579 2.2295981388269612
8.45277498008051 2.0950658145694345
8.45277498008051 2.0044041074646715
8.45277498008051 2.0252309268773745
8.45277498008051 1.8677064223547013
8.45277498008051 2.0215559898063997
8.45277498008051 1.8461973970392451
8.454478940304929 1.9879405876707972
8.454478940304929 1.43687063396299
8.629240172311587 1.5438686798448675
8.629240172311587 1.4957332614138703
8.629240172311587 1.5886291529005228
8.629240172311587 1.6386971151613847
8.684235516252446 1.6361113168348533
8.684235516252446 1.7118267843266604
8.684235516252446 1.8376688386281004
8.821986868032063 1.7287561506779165
8.821986868032063 1.6279946629276307
8.821986868032063 1.6025898460700636
9.200009272725765 1.5896948381204226
9.200009272725765 1.7312685400477135
9.200009272725765 1.5702656725516932
9.200009272725765 1.4083106203508715
9.200009272725765 1.5083620344089423
9.250502293546564 1.4660726156843509
9.250502293546564 1.5819742800000858
9.250502293546564 1.475726480765327
9.368824625759771 1.4395633298259631
9.537285207488628 1.5624347541742578
9.537285207488628 1.6980621918378591
9.537285207488628 1.5879488925116414
9.537285207488628 1.657118164032452
9.537285207488628 1.8060009320785362
9.537285207488628 1.8121874899335622
9.537285207488628 1.6652175415373722
9.537285207488628 1.4967021155813052
9.537285207488628 1.4681497391930867
9.537285207488628 1.3937501566155581
9.537285207488628 1.4397190845606869
9.563464380878202 1.4867745488908533
9.563464380878202 1.4741073484863259
9.563464380878202 1.5071089068464127
9.563464380878202 1.3875526087804837
9.563464380878202 1.4123870199423003
9.563464380878202 1.3646543600685783
9.613131699075492 1.3681117324430654
9.613131699075492 1.2628628386425034
9.613131699075492 1.2287310224144812
9.613131699075492 1.1761139366259108
9.613131699075492 1.1744091018028526
9.613131699075492 1.216882072718628
9.613131699075492 1.3280536675222416
9.613131699075492 1.3860621870599885
9.613131699075492 1.4046045578697322
9.673993930900778 1.473857302817282
9.673993930900778 1.3729175422409188
9.715567381271299 1.3983682161813944
9.716196766907654 1.3192660295799976
9.727913995458774 1.3122912357197836
9.727913995458774 1.2428909816287412
9.727913995458774 1.1657442321694689
9.745870780051751 1.231844031200355
9.745870780051751 1.259549355883736
9.747705259625064 1.3246840285902006
9.747705259625064 1.3863128175343529
9.794877602020438 1.3794501986040268
9.794877602020438 1.2869830504997073
9.794877602020438 1.216706188354519
9.794877602020438 1.1732160069910935
9.804977224358614 1.1788495097307194
9.82804029075734 1.2400113911172854
9.82804029075734 1.170846259340232
9.82804029075734 1.0405031332562362
9.82804029075734 1.1068240019651132
9.82804029075734 1.0970733062233944
9.82804029075734 1.1389761637644418
9.82804029075734 1.2294986297453991
9.82804029075734 1.0817055072158046
9.82804029075734 1.090828969320311
9.82804029075734 1.131241683864015
9.837464738885863 1.2410546463849694
9.837464738885863 1.166869545289911
9.863355413602036 1.1415998687668452
9.863355413602036 1.033355011318323
9.863355413602036 1.0820565423397306
9.863355413602036 1.1500687025996483
9.863355413602036 1.1673891237770284
9.863355413602036 1.2131258829882783
9.863355413602036 1.15347510269546
9.863355413602036 1.1314643439630028
9.863355413602036 1.0905393187870303
9.866677267289086 0.8381829521430404
9.866677267289086 0.8991537092331614
9.882161630049733 0.8892998302480828
9.882161630049733 0.8823413842072128
9.882161630049733 0.8310802649953379
9.898559619856625 0.8427323725011489
9.898559619856625 0.8910444556929481
9.898559619856625 0.9464669203036418
9.898559619856625 0.9267522270131882
9.898559619856625 0.8633310669945005
9.898559619856625 0.7911793774045981
9.898559619856625 0.8298253675622191
9.898559619856625 0.7169123107313978
9.898559619856625 0.7500556292842853
9.898559619856625 0.7583258941746545
9.898559619856625 0.7818922656330647
9.898559619856625 0.8432119854201883
9.898559619856625 0.8200510196489613
9.898559619856625 0.8447484285287495
9.898559619856625 0.8746068706974836
9.898559619856625 0.8635748230785077
9.904941904079955 0.938213672812434
9.904941904079955 0.9266462433260624
9.904941904079955 0.9704443275732282
9.904941904079955 1.0213029379326204
9.904941904079955 1.0799993684102704
9.904941904079955 0.97083241864261
9.920206636506006 1.026976052195976
9.920206636506006 0.9804532626820767
9.920206636506006 0.9685708184532096
9.920206636506006 1.0831545215939853
9.9232526297961 0.9896784990418591
9.9232526297961 0.9100797181735425
9.9232526297961 0.8442807254179059
9.9249164622172 0.8569662425298372
9.9249164622172 0.8503738961078599
9.933524220333123 0.8683028578111784
9.933524220333123 0.896375045979569
9.933524220333123 0.8246359233051398
9.933524220333123 0.8379076646082081
9.933524220333123 0.7879661549479146
9.933524220333123 0.7653974128400244
9.936449962682728 0.7705196495784398
9.936449962682728 0.8177557758249705
9.936449962682728 0.8100878910237028
9.936449962682728 0.7504846697269082
9.936449962682728 0.7839493000566358
9.936449962682728 0.7118632396444339
9.936449962682728 0.6758373007010527
9.936449962682728 0.6359073818266662
9.936449962682728 0.59404807330317
9.936449962682728 0.6141006776534194
9.936449962682728 0.630397973759503
9.936449962682728 0.642535182377934
9.936449962682728 0.6251659442871126
9.936449962682728 0.6220646185053692
9.936449962682728 0.6841455475972845
9.936449962682728 0.6129677316648618
9.93954291346958 0.6261606295627477
9.942512221381486 0.6554370385497296
9.945610634116736 0.4367323443517323
9.945610634116736 0.4213595573650517
9.945610634116736 0.46562563620954167
9.945610634116736 0.4590769438509889
9.947293767672322 0.4967609450050213
9.953371709773815 0.5202243010784144
9.953371709773815 0.5050234249602087
9.953371709773815 0.5629327784981641
9.953371709773815 0.5856861449383962
9.953371709773815 0.5782775919287108
9.953371709773815 0.5887130689204643
9.953371709773815 0.49586599284677685
9.953371709773815 0.47785539764521917
9.953371709773815 0.4654627893235921
9.953371709773815 0.48711554170000304
9.953371709773815 0.45788431321480005
9.953371709773815 0.4670240769745509
9.953464670241983 0.45652616192172624
9.953464670241983 0.48392198479527593
9.953464670241983 0.5004366768044142
9.955744807892446 0.5336028597832712
9.955744807892446 0.5354362170846095
9.959928674257581 0.41931033131403983
9.959928674257581 0.4424730022174318
9.959928674257581 0.3963532009886591
9.959928674257581 0.40593395393446896
9.959928674257581 0.4311552769952131
9.964235447130534 0.42425472245444473
9.964235447130534 0.3895608789028558
9.964945353031032 0.4099138709594356
9.964945353031032 0.38627442698747183
9.964945353031032 0.42989999889458697
9.964945353031032 0.4197922186246017
9.964945353031032 0.37646274220429415
9.964945353031032 0.4053212628750451
9.964945353031032 0.4103949950566098
9.964945353031032 0.3954148297891434
9.964945353031032 0.4190016639513895
9.966471350956917 0.4010753065353774
9.966471350956917 0.4083165792758218
9.966471350956917 0.43077582220493044
9.966471350956917 0.4176423860133426
9.967194510132888 0.4539339302973508
9.967194510132888 0.44283979768600706
9.967194510132888 0.4677827096356854
9.967194510132888 0.4778392813856857
9.968155258216537 0.47502859830800986
9.97566852891432 0.4451166158779955
9.97566852891432 0.4193750943714396
9.97566852891432 0.3939393547585699
9.97566852891432 0.3974309298945983
9.97566852891432 0.3860710542500804
9.97566852891432 0.39900434046357414
9.97566852891432 0.3958953848305478
9.97566852891432 0.3837926785059276
9.97566852891432 0.3917701986677569
9.97566852891432 0.3935541944489108
9.97566852891432 0.4492256524101491
9.97566852891432 0.4657263677313158
9.97566852891432 0.4619018661067372
9.97566852891432 0.4635471022224532
9.97566852891432 0.4707176142729555
9.97566852891432 0.4868544354398944
9.97566852891432 0.46767710086535996
9.97566852891432 0.3818837665463044
9.97566852891432 0.3820708602419119
9.97566852891432 0.370339551304975
9.97566852891432 0.3839731453657491
9.97566852891432 0.37822575709817347
9.97566852891432 0.3703441092206024
9.97566852891432 0.3732412413328301
9.97566852891432 0.3728740600868773
9.97566852891432 0.3411994099145451
9.97566852891432 0.3355392435301973
9.97566852891432 0.33770662401149243
9.97566852891432 0.3177411195112627
9.97566852891432 0.3146138605147124
9.97566852891432 0.32535538790169977
9.97566852891432 0.32797160593846436
9.97566852891432 0.33324444665768116
9.97566852891432 0.3413043513766635
9.97566852891432 0.3607964128676691
9.97566852891432 0.3548726319587114
9.97566852891432 0.3414334494201924
9.97566852891432 0.3613961747875038
9.976415508674188 0.3650477280171243
9.976415508674188 0.3848444549590136
9.976415508674188 0.3502177505473067
9.976415508674188 0.36012158249020937
9.976415508674188 0.3826698626886054
9.976415508674188 0.34927555348764266
9.976415508674188 0.36381283497229544
9.976415508674188 0.38633141645101227
9.976415508674188 0.399886108491635
9.976415508674188 0.39659059034382954
9.976415508674188 0.3619306970886483
9.976415508674188 0.378795845275601
9.976415508674188 0.3584178595478131
9.976415508674188 0.3708270420908653
9.976415508674188 0.3590352858363772
9.976415508674188 0.3675538719082908
9.976415508674188 0.34054117004332296
9.976415508674188 0.33502115481906675
9.976415508674188 0.33669434528980663
9.976415508674188 0.34637011018303954
9.976415508674188 0.3344432832958212
9.976415508674188 0.3346566326362554
9.976415508674188 0.32544173827713396
9.976415508674188 0.3508285845090331
9.976415508674188 0.3496653295445724
9.976415508674188 0.3362740666887949
9.976415508674188 0.3389864691235196
9.976415508674188 0.34782985479097267
9.976415508674188 0.3442522104102583
9.976415508674188 0.3291733651738393
9.976415508674188 0.32872408479612747
9.976415508674188 0.324089725261882
9.976415508674188 0.3426981906188262
9.976415508674188 0.35626551847525806
9.976415508674188 0.3333497255541818
9.976415508674188 0.33952490493632825
9.976415508674188 0.3269038543189206
9.976415508674188 0.3054970679420342
9.976493025618304 0.3209944918834809
9.976493025618304 0.31186851646456354
9.976493025618304 0.31311766203434205
9.976493025618304 0.3226834882542194
9.976493025618304 0.34952786010173736
9.976493025618304 0.3317867740098805
9.976493025618304 0.33020508068114
9.976493025618304 0.339696925626941
9.976493025618304 0.3487566188048818
9.976493025618304 0.35076135548005793
9.976493025618304 0.33306726567323564
9.976493025618304 0.3265653954781231
9.976493025618304 0.3403660246444696
9.976493025618304 0.3453948216957392
9.976493025618304 0.347287519004029
9.976493025618304 0.35044708728041435
9.976493025618304 0.3301739399286821
9.976493025618304 0.30350525213762813
9.976493025618304 0.3090855223848864
9.976493025618304 0.31808533416043
9.976493025618304 0.33073834853844336
9.976493025618304 0.35386709728944377
9.976493025618304 0.3834740811245861
9.976493025618304 0.37412807599270476
9.976493025618304 0.35091040719920036
9.976493025618304 0.33027234259200844
9.976493025618304 0.3231632872494145
9.976493025618304 0.32515949310367953
9.976493025618304 0.3369057693730899
9.976493025618304 0.3276480085819653
9.976493025618304 0.3254098843438121
9.976493025618304 0.32182696913835
9.976493025618304 0.2879030163617607
9.976493025618304 0.27610193081144174
9.976493025618304 0.2846148517292101
9.976493025618304 0.2902501005046807
9.976493025618304 0.2896879693176828
9.976493025618304 0.30047157766588084
9.976493025618304 0.29144974597405154
9.976493025618304 0.2918454741091158
9.976493025618304 0.28218466591081404
9.976493025618304 0.27756006933411537
9.976493025618304 0.28239461736361915
9.976493025618304 0.2837552614802513
9.976493025618304 0.30424257240319647
9.976493025618304 0.2530071852330379
9.976493025618304 0.25561755517041873
9.976493025618304 0.2419037557477549
9.976493025618304 0.2256754682528664
9.976493025618304 0.22541182741242474
9.976493025618304 0.23014322108350427
9.976493025618304 0.22996600059534753
9.976493025618304 0.24072664958230472
9.976493025618304 0.21203972074686603
9.976493025618304 0.21654624982462645
9.976493025618304 0.21120639564994997
9.976493025618304 0.19845115557894213
9.976493025618304 0.2043976626018897
9.976493025618304 0.2165074512986815
9.976493025618304 0.22154768169974096
9.976493025618304 0.23039449854657326
9.976493025618304 0.22075441919345337
9.976493025618304 0.2167574150094293
9.976493025618304 0.21053809569674872
9.976493025618304 0.2202101012238432
9.976493025618304 0.22128701381972363
9.976493025618304 0.22851283062383318
9.976493025618304 0.2204482541638506
9.976493025618304 0.21598590340941703
9.976493025618304 0.21185148581380575
9.976493025618304 0.21556920491827924
9.976493025618304 0.22207881871642074
9.976493025618304 0.22260471151790673
9.976493025618304 0.22917147888940279
9.976493025618304 0.23044363946986712
9.976493025618304 0.24831457819456404
9.976493025618304 0.25768292184082114
9.976493025618304 0.28184456678730874
9.976493025618304 0.3000905599100774
9.976493025618304 0.2803856066960109
9.976493025618304 0.26299138030612207
9.976493025618304 0.25836952291947224
9.976493025618304 0.25669516611832593
9.976493025618304 0.2706517636062435
9.976493025618304 0.2786152906179858
9.976493025618304 0.2640183614758848
9.976493025618304 0.24363063335808047
9.976493025618304 0.20728879087635557
9.976493025618304 0.22441152924808894
9.976493025618304 0.2236008643642003
9.976493025618304 0.2343718126628395
9.976493025618304 0.23623692303870134
9.976493025618304 0.24173019631928497
9.976493025618304 0.24279863690373654
9.976493025618304 0.2303060238944268
9.976493025618304 0.2242925321573
9.976493025618304 0.22833199868166304
9.976493025618304 0.21651744548407767
9.976493025618304 0.2151264864981395
9.976493025618304 0.21331774797558123
9.976493025618304 0.21743997658852032
9.976493025618304 0.23533119789581097
9.976493025618304 0.25528492934187424
9.976493025618304 0.2453837097429122
9.976493025618304 0.24992345984671413
9.976493025618304 0.24465528060750047
9.976493025618304 0.23756690068159073
9.976493025618304 0.24364020736815342
9.976493025618304 0.24138919444526366
9.976493025618304 0.23811899699066652
9.976493025618304 0.22576894633798034
9.976493025618304 0.21820293624363193
9.976493025618304 0.19838333357212007
9.976493025618304 0.19669849140713766
9.976493025618304 0.20542069087678633
9.976493025618304 0.20784604460282582
9.976493025618304 0.21313664980566369
9.976493025618304 0.21881770017754898
9.976493025618304 0.22038540432369536
9.976493025618304 0.23065089245268752
9.976493025618304 0.2239259774252895
9.976493025618304 0.22753293585098822
9.976493025618304 0.22205854259757088
9.976493025618304 0.231724027438859
9.976493025618304 0.23713611273386273
9.976493025618304 0.23597040587503804
9.976493025618304 0.24249116675821103
9.976493025618304 0.23000909909690753
9.976493025618304 0.23390375173897615
9.976493025618304 0.23152747848773486
9.976493025618304 0.21136757699137332
9.976493025618304 0.21374523176876897
9.976493025618304 0.227245051465856
9.976493025618304 0.222457312502417
9.976493025618304 0.2339480729670998
9.976493025618304 0.24467823518932283
9.976493025618304 0.25003615283159053
9.976493025618304 0.2713241578532275
9.976493025618304 0.29212107074369187
9.97679060148094 0.2986341709187768
9.97679060148094 0.2777067244511413
9.97679060148094 0.2670091263762092
9.97679060148094 0.2635995979388017
9.97679060148094 0.2194902877254295
9.97679060148094 0.2036196964188013
9.97679060148094 0.21375693229608866
9.97679060148094 0.20779273769051373
9.97679060148094 0.21202360967720404
9.97679060148094 0.21532287469316075
9.97679060148094 0.22097894617238822
9.97679060148094 0.21176439015664447
9.97679060148094 0.23311931135076772
9.97679060148094 0.23438878212381695
9.97679060148094 0.21702374691948795
9.97679060148094 0.22362193679376935
9.97679060148094 0.2222202964558644
9.97679060148094 0.22005842835613526
9.97679060148094 0.21728824363122162
9.97679060148094 0.21398803916802986
9.97679060148094 0.2255600788761933
9.97679060148094 0.2049523352840086
9.97679060148094 0.2115528973967722
9.97679060148094 0.21146976843521384
9.97679060148094 0.20946350859593552
9.97679060148094 0.21401184975209886
9.97679060148094 0.12983310803061432
9.97679060148094 0.1213421051308997
9.97679060148094 0.11870944431648557
9.97679060148094 0.09419179676411836
9.97679060148094 0.10008783056290295
9.97679060148094 0.10990400970193626
9.97679060148094 0.1170830602199486
9.97679060148094 0.1236136211639549
9.97679060148094 0.12624170573957272
9.97679060148094 0.13094980699842765
9.97679060148094 0.1352564485427003
9.97679060148094 0.18646188086750368
9.97679060148094 0.18468106828629158
9.97679060148094 0.18154525078157346
9.977123120866771 0.17792036832305355
9.977123120866771 0.16677203839888888
9.977123120866771 0.1667268391339861
9.977123120866771 0.17661295803544527
9.977123120866771 0.2106093775268887
9.977123120866771 0.20555723949885243
9.977123120866771 0.21390597071569342
9.977123120866771 0.2024637062184393
9.977123120866771 0.20283002550383014
9.977123120866771 0.1968316562166646
9.977123120866771 0.18066350226559963
9.977123120866771 0.19331627155108086
9.977123120866771 0.16717917954815223
9.977123120866771 0.1818749222623848
9.977123120866771 0.14867834962452747
9.977123120866771 0.15493373712024372
9.977123120866771 0.16055228860633172
9.977123120866771 0.17193568857511568
9.977123120866771 0.15826982930231104
9.977123120866771 0.1498585400761015
9.977123120866771 0.14915953888170588
9.977123120866771 0.15702983616472582
9.977123120866771 0.16155374664997377
9.977123120866771 0.13594291661907415
9.977123120866771 0.11668853483416143
9.977123120866771 0.11206982780244168
9.977123120866771 0.11206085203057672
9.977123120866771 0.09936892325730516
9.977123120866771 0.10379696580568042
9.977123120866771 0.10690193903433196
9.977123120866771 0.10753122459936475
9.977123120866771 0.10775750029407452
9.977123120866771 0.11063879588626921
9.977123120866771 0.12057275476731884
9.977123120866771 0.11526670529802412
9.977123120866771 0.11985554111056347
9.977123120866771 0.12636516021388425
9.977123120866771 0.11579686965259674
9.977123120866771 0.11712379427083434
9.977123120866771 0.12375864447981604
9.977123120866771 0.12718712439636304
9.977123120866771 0.12857991219055853
9.977123120866771 0.13326521333176772
9.977123120866771 0.14172540121780466
9.977123120866771 0.14248914550330222
9.977123120866771 0.14662505581621144
9.977123120866771 0.14275231453476114
9.977123120866771 0.15130839479663305
9.977123120866771 0.15372183800139833
9.977123120866771 0.14897190316568312
9.977123120866771 0.15967453103380488
9.977123120866771 0.16728177714743986
9.977123120866771 0.16257318362738923
9.977123120866771 0.18201073960723443
9.977123120866771 0.1904814839160706
9.977123120866771 0.1578691144016227
9.977123120866771 0.15644925956029404
9.977123120866771 0.15145879850086377
9.977123120866771 0.1479449392476426
9.977123120866771 0.13528373816796332
9.977123120866771 0.14365352948391627
9.977123120866771 0.15115737217433373
9.977123120866771 0.14835152378797034
9.977123120866771 0.14597527095390786
9.977123120866771 0.14560860839208772
9.977123120866771 0.1384989560093196
9.977123120866771 0.1448799469213446
9.977201970741838 0.15734815134099245
9.977201970741838 0.16360024958940156
9.977201970741838 0.17472681216218566
9.977201970741838 0.1743492724941604
9.977201970741838 0.15222100460814653
9.977201970741838 0.15932420443837292
9.977201970741838 0.16772020594758164
9.977201970741838 0.1558075173947744
9.977201970741838 0.16743033920630704
9.977201970741838 0.16160612284186987
9.977201970741838 0.17032445377375977
9.977201970741838 0.17140873847786
9.977201970741838 0.16924336771413392
9.977201970741838 0.1784178095167389
9.977201970741838 0.17885493294894825
9.977201970741838 0.16175735358521778
9.977201970741838 0.16113112027438548
9.977201970741838 0.14798755386713794
9.977201970741838 0.139577245349316
9.977201970741838 0.1424270417475759
9.977201970741838 0.1451259913969311
9.977201970741838 0.14170190982665803
9.977201970741838 0.14266444466263672
9.977201970741838 0.14931960823845944
9.977201970741838 0.16092999960357654
9.977201970741838 0.16502710708863347
9.977201970741838 0.17758566871215928
9.977201970741838 0.1743053802898942
9.977201970741838 0.1625499293166514
9.977201970741838 0.15005956914830879
9.977201970741838 0.15376339692856605
9.977201970741838 0.1490715642108623
9.977201970741838 0.142171548337079
9.977201970741838 0.14774333605730508
9.977201970741838 0.14941298226206676
9.977201970741838 0.15013622038937244
9.977201970741838 0.13887442591078533
9.977201970741838 0.12587329755392662
9.977201970741838 0.12569437607203376
9.977201970741838 0.12917954947960597
9.977201970741838 0.14232603143059824
9.977201970741838 0.148948907146874
9.977201970741838 0.14994779910980904
9.977201970741838 0.1600070237746795
9.977201970741838 0.13155041390252567
9.977201970741838 0.14040720522738706
9.977201970741838 0.14192003108490184
9.977201970741838 0.1446326837676704
9.977201970741838 0.1441970109273518
9.977201970741838 0.13358231733692752
9.977201970741838 0.13580546208928437
9.977201970741838 0.13510454897216403
Score: 9.977201970741838
Runtime: 4780ms
