2.1805709701313463E-6 4.299659313598289
4.2401028713110275E-5 3.8649235348022852
5.157901450493158E-5 3.938249486732259
7.567553206548235E-4 3.700946950511859
0.0015106699800127748 3.686651789085815
0.0029380292213615745 3.341817122625365
0.009645749823851399 3.2784908517792726
0.009645749823851399 2.96261206914314
0.012609077709989362 2.909349503563027
0.03701600161616332 2.8919489110434653
0.06172192657376788 2.873377097769898
0.06172192657376788 2.8885841335170523
0.06172192657376788 2.8069413671598755
0.06771237466225222 2.7132019165178294
0.06771237466225222 2.740653980778984
0.06771237466225222 2.805718997397831
0.06771237466225222 2.6958935420081396
0.06771237466225222 2.594386361429846
0.11737289364107001 2.533046460865742
0.11737289364107001 2.601690807258206
0.11737289364107001 2.6480019448003844
0.11737289364107001 2.717473428638101
0.11737289364107001 2.784124163069318
0.14412799000834126 2.7639095042142854
0.15531829566767638 2.879361525675787
0.24515274360137204 2.9672974571845225
0.24515274360137204 3.126306640308068
0.24515274360137204 3.1285580301533793
0.5398674513500881 3.0031170471466955
0.5398674513500881 3.171344102644307
0.5398674513500881 3.243134002920796
0.5398674513500881 3.3338853050488146
0.5398674513500881 3.4411946472493704
0.5398674513500881 3.6815130029624794
0.5769206500366412 3.5891154310453985
0.6608765202338261 3.493416532071241
0.95960507046087 3.653880383039451
0.95960507046087 3.802607305245659
1.1398096127205815 3.9983003279652887
1.1398096127205815 4.122378798843881
1.2201844718065697 3.789300036805615
1.24667215423978 3.706480337612091
1.4399509054164137 3.5609355132606266
1.5748779420469905 3.458135578175066
1.6099797277730081 3.3949857245875474
2.236460704760119 3.540542958424113
2.236460704760119 3.518208194077534
2.236460704760119 3.5331503940675306
2.236460704760119 3.6956483102015043
2.252730007929966 3.6304214188292976
2.252730007929966 3.9192981189301213
2.252730007929966 3.9238303631424287
3.3536474009413957 3.7052644323059236
3.483647019714227 3.7031509924870254
3.483647019714227 3.5586944759468193
3.793705775777752 3.5914535415733377
3.84349770007471 3.3338351113284457
3.84349770007471 3.4278103747682915
3.84349770007471 3.382526628643954
4.150616067694111 3.4048557681017093
4.7263248878420425 3.4260001744110142
4.7263248878420425 3.3320040289071677
4.7263248878420425 2.920029227128765
4.7263248878420425 2.934081638379978
4.7263248878420425 2.898910480201304
4.7263248878420425 2.772399448403067
4.751203403576594 2.6253996132194457
5.454428507085628 2.7296678797038196
5.641162257542055 2.521456211336979
5.641162257542055 2.526066669252687
5.641162257542055 2.6181954104563876
5.641162257542055 2.6348556712624553
5.641162257542055 2.481452439515637
5.641162257542055 2.4016534802151597
5.837141817090351 2.357819551350267
6.3504627616895215 2.510045703851839
6.3504627616895215 2.6242457335940212
6.596450740722126 2.610539011838698
6.596450740722126 2.5065127623432057
6.596450740722126 2.4679402527301524
6.596450740722126 2.453910593903616
6.596450740722126 2.472021631010851
6.655651761594084 2.2582881513254938
6.655651761594084 2.426146732961319
6.655651761594084 2.6459786964929886
7.094318059473128 2.505020961668989
7.094318059473128 2.6234093873431164
7.094318059473128 2.662946459961207
7.094318059473128 2.6255855117796703
7.094318059473128 2.6080238887503167
7.094318059473128 2.560753784596545
7.522520020154893 2.5806799330970653
7.522520020154893 2.7118726485436975
7.522520020154893 2.785099513130226
7.522520020154893 2.9189251248428576
7.522520020154893 2.676527613003547
7.522520020154893 2.918459983283958
7.522520020154893 2.7753617587724113
7.522520020154893 2.756767245591677
7.522520020154893 2.8655769050647324
7.522520020154893 2.9744142135691063
7.522520020154893 2.909500614879873
7.871168147852835 2.863362487854351
7.871168147852835 2.929926263182993
7.871168147852835 2.5214759169213017
7.871168147852835 2.7449644042061383
8.318137071720578 2.7414168650270265
8.318137071720578 2.678504469118349
8.318137071720578 2.677067531695224
8.318137071720578 2.5282013669960937
8.318137071720578 2.5467123367965026
8.318137071720578 2.560964404635953
8.318137071720578 2.4767297898127256
8.318137071720578 2.594233718664435
8.318137071720578 2.1621966139974775
8.392338500993578 2.0117490040970925
8.392338500993578 2.099420510230949
8.392338500993578 2.0964620089124395
8.87480282870899 2.2394575872892166
8.87480282870899 2.3027774987365017
8.87480282870899 2.2378302959289424
8.87480282870899 2.3620510336642266
8.87480282870899 2.430103758259203
8.87480282870899 2.390171357666466
8.87480282870899 2.4248830840291933
8.87480282870899 2.4311378124802925
8.87480282870899 2.3789283021234024
8.89061769389246 2.3669943706318763
8.89061769389246 2.065084133922415
8.89061769389246 2.062742503488815
8.89061769389246 1.9164864799379189
8.93722355497395 1.9148954478962559
8.93722355497395 2.0705138073548572
8.93722355497395 2.062018347693447
8.93722355497395 2.18084185039837
8.93722355497395 2.061975423661216
8.93722355497395 1.823518818507013
9.152324612771942 1.9775778624718252
9.152324612771942 1.8649584399754928
9.152324612771942 1.976772433730212
9.152324612771942 1.9779913322592775
9.152324612771942 1.7237906316301899
9.152324612771942 1.7296504517828475
9.152324612771942 1.650764058459779
9.166839807453284 1.6029350625083478
9.166839807453284 1.6950408507040353
9.166839807453284 1.7361212781824213
9.219592037659769 1.6102630529735475
9.219592037659769 1.6628178480569242
9.219592037659769 1.7413170607413955
9.219592037659769 1.8242742801020104
9.219592037659769 1.8508478065843292
9.219592037659769 1.9002411519846714
9.219592037659769 1.8151297480572468
9.219592037659769 1.6647022666757199
9.219592037659769 1.6486769672408519
9.219592037659769 1.65668125209174
9.219592037659769 1.5617421160876201
9.219592037659769 1.575400870965123
9.219592037659769 1.5975901872760263
9.219592037659769 1.4247840401023903
9.219592037659769 1.3816218249329575
9.219592037659769 1.394786455892231
9.219592037659769 1.4077120642061756
9.219592037659769 1.53531941377785
9.219592037659769 1.4622995774429244
9.219592037659769 1.5195833407434411
9.219592037659769 1.5210557077703264
9.438551238655519 1.4863646968045663
9.438551238655519 1.5925420919713855
9.527021596507682 1.522728045949248
9.527021596507682 1.492096188692501
9.527021596507682 1.5897670708570368
9.527021596507682 1.437211348400785
9.527021596507682 1.3922507732917402
9.527021596507682 1.3916526554190416
9.541747141964143 1.3452985874346508
9.541747141964143 1.4398090109491406
9.585617174320745 1.4913255636826126
9.585617174320745 1.4684039759124836
9.585617174320745 1.392818881105251
9.585617174320745 1.4160300509308823
9.585617174320745 1.3688316310995672
9.585617174320745 1.3993370731284112
9.59399340356921 1.4059298676555607
9.59399340356921 1.135915372112966
9.59399340356921 1.1898164262981208
9.60772685895016 1.228753642510963
9.613640993632892 1.192080797414944
9.613640993632892 1.1761865858820095
9.613640993632892 1.1523777943146143
9.613640993632892 1.1962698470473576
9.613640993632892 1.227700880378388
9.613640993632892 1.1354149739433137
9.63437795770692 1.1059640172649003
9.63437795770692 1.184776153158789
9.63437795770692 1.1698956545019148
9.63437795770692 1.1633495313171305
9.63437795770692 1.1414712830019733
9.727178085846951 1.1664061804140895
9.727178085846951 1.1191777047382894
9.727178085846951 1.194057099721298
9.727178085846951 1.2344900932757732
9.727178085846951 1.2407004815052445
9.727178085846951 1.1814594922291481
9.727178085846951 1.2527032609441973
9.727178085846951 1.301833831141861
9.727178085846951 1.1971026831629716
9.727178085846951 1.1802007148700535
9.781064723623278 1.138237358013576
9.781064723623278 1.1899040814250719
9.781064723623278 1.2189953879126805
9.781064723623278 1.1676315495470144
9.781064723623278 1.126322922701568
9.827542263002965 1.129270267664387
9.827542263002965 1.1647518326208486
9.845497300511578 1.1328137048285674
9.845497300511578 1.2329955070512548
9.845497300511578 1.1634466277967785
9.845497300511578 1.220283575832715
9.857263746761092 1.2878808609079495
9.890576352263444 1.1760649773278242
9.946917789426564 1.1142354839436053
9.946917789426564 1.0555265926874755
9.946917789426564 1.03395528167976
9.946917789426564 0.985997268103389
9.946917789426564 0.9422400117555373
9.946917789426564 0.8654497342613781
9.946917789426564 0.855926714183666
9.946917789426564 0.8303186008633903
9.946917789426564 0.8607348289046249
9.946917789426564 0.8818529914146607
9.946917789426564 0.8978251096791516
9.94716947598003 0.9046268186321438
9.94716947598003 0.7894095861318153
9.948159845756992 0.7686266782650656
9.952744497846506 0.753702432092231
9.952744497846506 0.7681117477356785
9.952744497846506 0.7108716288981897
9.952744497846506 0.6588958006002212
9.952856688874359 0.6879874739834755
9.953629563908962 0.6525833505469271
9.961304817572184 0.6782536987953278
9.961304817572184 0.6934972316136155
9.961304817572184 0.6553371134906009
9.964365278711984 0.6906259758490684
9.964365278711984 0.7348816177344883
9.971382581291534 0.7805776609789736
9.971382581291534 0.763919449808726
9.971382581291534 0.7798373188266244
9.971382581291534 0.8098991554868197
9.971382581291534 0.8364942776759418
9.971382581291534 0.8692624420548996
9.971382581291534 0.764139851706822
9.973009655999514 0.7056639234034429
9.973009655999514 0.7107588242742964
9.973009655999514 0.6848946075690402
9.973009655999514 0.6461945868801857
9.973009655999514 0.5971368416613316
9.973009655999514 0.6295088302339997
9.973009655999514 0.6697008261528535
9.973009655999514 0.7032619761912134
9.973009655999514 0.7131521463538233
9.973009655999514 0.673844159211434
9.973009655999514 0.6935181684582442
9.975136124046307 0.6676483279865135
9.975136124046307 0.7251287089857776
9.975136124046307 0.7693619583307197
9.975136124046307 0.7589430029424935
9.975136124046307 0.8159415547360203
9.975136124046307 0.867463858445125
9.975136124046307 0.8044059086834594
9.975136124046307 0.7722899049160579
9.975136124046307 0.7787662201248454
9.975136124046307 0.806177437967612
9.975136124046307 0.7920760299705727
9.975136124046307 0.690922673328144
9.975136124046307 0.7162916484996309
9.975136124046307 0.7709238717958877
9.975136124046307 0.61516984851314
9.975136124046307 0.5745282849489499
9.975136124046307 0.5621724894753937
9.975136124046307 0.5396235879783197
9.975136124046307 0.5516583415994835
9.975136124046307 0.55607059794599
9.975136124046307 0.6202308445276841
9.975136124046307 0.6423193984007243
9.975136124046307 0.6485459267840703
9.975136124046307 0.6677955073461709
9.975136124046307 0.5950409289138591
9.975136124046307 0.6595070285698025
9.975136124046307 0.5869438072799933
9.975136124046307 0.6337567354795055
9.975136124046307 0.6520403677779258
9.975136124046307 0.6157467089836647
9.975136124046307 0.5863375902218806
9.975136124046307 0.5941181782197011
9.975136124046307 0.5453642389963171
9.975136124046307 0.5140007829274741
9.975136124046307 0.5166161937989034
9.975136124046307 0.5610637433629947
9.975136124046307 0.5657847286649205
9.975136124046307 0.5506744020078962
9.975136124046307 0.5044255228404503
9.975136124046307 0.5096135796645233
9.975136124046307 0.5415874116127092
9.975136124046307 0.5347893569104206
9.975136124046307 0.5430913866415762
9.975136124046307 0.55424141902034
9.975136124046307 0.5529225834100643
9.975136124046307 0.5907709867479697
9.975136124046307 0.5084536220315704
9.975136124046307 0.5094681696753043
9.975136124046307 0.5085388835314257
9.975136124046307 0.48476798466122073
9.97597669459653 0.4790568243935647
9.97597669459653 0.43796981054332956
9.97597669459653 0.43010904318744964
9.97597669459653 0.38341889733266
9.97597669459653 0.3995446524334494
9.97597669459653 0.36567162568393186
9.97597669459653 0.3765605244530371
9.97597669459653 0.38994868000421123
9.97597669459653 0.36314942763461633
9.97597669459653 0.3824247437892402
9.97597669459653 0.39085258387686345
9.97597669459653 0.42033557213418554
9.97597669459653 0.44490615507920706
9.97597669459653 0.424020872692212
9.97597669459653 0.47694630507168834
9.97597669459653 0.4310483844544757
9.97597669459653 0.4310654012280521
9.97597669459653 0.44096132747085337
9.97597669459653 0.4539495915341739
9.97597669459653 0.46104258352033817
9.97597669459653 0.503776035701641
9.97597669459653 0.48787533462875626
9.97597669459653 0.498189857955214
9.97597669459653 0.4821787360109745
9.97597669459653 0.46920818038625245
9.97597669459653 0.4525388121055397
9.97597669459653 0.4890375674052283
9.976806254635592 0.4832782474305835
9.976806254635592 0.4990945013556702
9.976806254635592 0.46121671540721876
9.976806254635592 0.4274319899749451
9.976806254635592 0.41297472017200526
9.976806254635592 0.4190105804620664
9.977553617834085 0.3936349185840449
9.977553617834085 0.41774109551604294
9.977553617834085 0.4514417073382817
9.977553617834085 0.44762508723673855
9.977553617834085 0.4375374544674672
9.977553617834085 0.43984256338911376
9.977553617834085 0.41033747319604974
9.977553617834085 0.39428685730436863
9.977553617834085 0.40971231231402266
9.977553617834085 0.4114745951830504
9.977553617834085 0.43969388123651754
9.977553617834085 0.43505897657550774
9.977914704523673 0.4612850174525937
9.977914704523673 0.47774744284413617
9.977914704523673 0.49023528374270386
9.977914704523673 0.4570351737475987
9.977914704523673 0.4595128199932297
9.977914704523673 0.4682009355314858
9.977914704523673 0.49954921689527376
9.977914704523673 0.5174847584085186
9.978191857529149 0.5626430177485677
9.978191857529149 0.5790627826154762
9.978191857529149 0.5288647605235649
9.978191857529149 0.5079153625291697
9.979690930486157 0.5078638580219748
9.979690930486157 0.45683363413590056
9.979690930486157 0.45796530575937444
9.979690930486157 0.47815005627056434
9.979690930486157 0.5132686554396513
9.979690930486157 0.5299463755402757
9.979690930486157 0.4227285557112216
9.979690930486157 0.417946118123463
9.979690930486157 0.40929317666582204
9.979690930486157 0.3980032251593789
9.979690930486157 0.421478484931386
9.979690930486157 0.43945835250097975
9.979690930486157 0.46304860291766553
9.979690930486157 0.43907498497156816
9.979690930486157 0.42667313996850403
9.979690930486157 0.43412034497563706
9.979690930486157 0.45993781952564566
9.979690930486157 0.33623623757665816
9.980466164815606 0.33028868642818787
9.980466164815606 0.3410646052656557
9.980466164815606 0.3450799536004969
9.980466164815606 0.3655403864746653
9.980466164815606 0.34333076121293926
9.980466164815606 0.3469523506112663
9.980466164815606 0.3552403272432479
9.980466164815606 0.3562258409486251
9.980466164815606 0.3723477324096329
9.980466164815606 0.3875185526675214
9.980466164815606 0.40711161431763265
9.980466164815606 0.42388432054003683
9.980466164815606 0.4391359805408778
9.980466164815606 0.3988565971191397
9.980466164815606 0.3424486839189961
9.980466164815606 0.3096249441323333
9.980466164815606 0.32117755785529983
9.980466164815606 0.34190271083431933
9.980466164815606 0.35446715915758636
9.980466164815606 0.3468994031504025
9.980466164815606 0.31487528470976806
9.980466164815606 0.30877494753290496
9.980466164815606 0.3169444749133356
9.980466164815606 0.3083833128175455
9.980466164815606 0.30363528957014213
9.980466164815606 0.31041640350818245
9.982377610300922 0.3147103551972168
9.982377610300922 0.3410681898063179
9.982377610300922 0.30916777348222174
9.982377610300922 0.29425676974561393
9.982377610300922 0.31227897570304153
9.982377610300922 0.30986422979081024
9.982377610300922 0.3079063799739508
9.982377610300922 0.27126959492670627
9.982377610300922 0.28373371842978895
9.982377610300922 0.2926409919917944
9.982377610300922 0.31022469631063593
9.982377610300922 0.3054916467624477
9.982377610300922 0.28664830538585734
9.982377610300922 0.24979727140247873
9.982377610300922 0.2605394002051436
9.982377610300922 0.25496230551591004
9.982377610300922 0.26388738285378466
9.982377610300922 0.24447428582789754
9.982377610300922 0.24379581429467584
9.982377610300922 0.24020094791923569
9.982377610300922 0.2563747957948665
9.982377610300922 0.28177711461525057
9.982377610300922 0.28550853981165264
9.982377610300922 0.24096879430804877
9.982377610300922 0.24402797945082227
9.982377610300922 0.24997615017500802
9.982377610300922 0.23004573229550648
9.982377610300922 0.22470180277835633
9.982377610300922 0.23792395417811665
9.982377610300922 0.2454193240076241
9.982377610300922 0.24070259395887741
9.982377610300922 0.2509677894378702
9.985398395478933 0.27314728370052027
9.985398395478933 0.2619975162161839
9.985398395478933 0.2706906510438832
9.985398395478933 0.28805764270121714
9.985398395478933 0.28044220309365303
9.985398395478933 0.2911645788372432
9.985398395478933 0.29060154126563875
9.985398395478933 0.29820960586520057
9.985398395478933 0.2972429258222045
9.985398395478933 0.3162184082759369
9.985398395478933 0.31638669681487697
9.985398395478933 0.31442115437746326
9.985398395478933 0.3309356096926684
9.986342702600234 0.3671880106529346
9.986342702600234 0.3849600395260584
9.986342702600234 0.37041296429834036
9.986342702600234 0.38692203078676846
9.986342702600234 0.37849384408718484
9.986342702600234 0.3532996410750454
9.986342702600234 0.36190024275087795
9.986342702600234 0.33313935031877334
9.986681755054455 0.3354934696491426
9.986681755054455 0.3825864881383877
9.988542580414041 0.38908211494192246
9.988542580414041 0.3877845202294125
9.988542580414041 0.2828521701474143
9.988542580414041 0.29826940181816464
9.988542580414041 0.2767009055461005
9.988542580414041 0.26597513894981184
9.988542580414041 0.25362994020402546
9.988542580414041 0.25810820705374543
9.988542580414041 0.24151578204545843
9.988542580414041 0.23912048148391468
9.988542580414041 0.20806580929434762
9.988542580414041 0.20326902287521847
9.988542580414041 0.2051044643954743
9.988542580414041 0.20393238252435555
9.988542580414041 0.2045032798456224
9.988542580414041 0.2067169640241989
9.988542580414041 0.21349043748033616
9.988542580414041 0.22153841253803094
9.988542580414041 0.23011911259950044
9.988542580414041 0.22540813805502946
9.988542580414041 0.2255664025440048
9.988542580414041 0.22608285246676127
9.988542580414041 0.23750446666730915
9.988542580414041 0.25266953913471174
9.988542580414041 0.29431383171927117
9.988542580414041 0.31256196050530993
9.988542580414041 0.3146371849961836
9.988542580414041 0.2751413918531293
9.988542580414041 0.28767595974711874
9.988542580414041 0.2730298163078801
9.988542580414041 0.31348138212602333
9.988542580414041 0.3183221601810977
9.988542580414041 0.297754956470086
9.988542580414041 0.2986604968921516
9.988542580414041 0.2960272452896517
9.988542580414041 0.30679968625838794
9.988542580414041 0.30600302665380896
9.988542580414041 0.32281050685425244
9.988542580414041 0.3366765511490253
9.988542580414041 0.32593185715946055
9.988542580414041 0.3155440520536937
9.988542580414041 0.3209060966860795
9.988542580414041 0.3055959095389861
9.988542580414041 0.2973389595071914
9.988542580414041 0.29800184684515363
9.988542580414041 0.29744462018680956
9.988542580414041 0.27645568455670355
9.988542580414041 0.29085685388179305
9.988542580414041 0.3074258514551195
9.988542580414041 0.3042371663361247
9.988542580414041 0.31098351565296645
9.988542580414041 0.27503684169997117
9.988542580414041 0.27838450895072814
9.988542580414041 0.2855819650959926
9.988542580414041 0.27511843910638695
9.988542580414041 0.27669512249040695
9.988542580414041 0.27672510834175995
9.988542580414041 0.2712051058777989
9.988542580414041 0.24136919954086342
9.988542580414041 0.2433835275683936
9.988542580414041 0.22450320330526533
9.988542580414041 0.22146168901448543
9.988542580414041 0.22136662487434408
9.988542580414041 0.2048809471458685
9.988542580414041 0.20372959718882716
9.988542580414041 0.21328853977874346
9.991843136245265 0.2187119218763862
9.991843136245265 0.23073360898902887
9.991843136245265 0.25650540875393507
9.991843136245265 0.24329253272270757
9.991843136245265 0.23325855340155002
9.991843136245265 0.20575890937712615
9.991843136245265 0.2142852237588653
9.991843136245265 0.21735325546750006
9.991843136245265 0.1996644736885911
9.991843136245265 0.2006912410996123
9.991843136245265 0.2024211783054484
9.991843136245265 0.2180858184043966
9.991843136245265 0.2059589542262538
9.991843136245265 0.20486719066722162
9.991843136245265 0.21699848388495918
9.991843136245265 0.20060665952031848
9.991843136245265 0.20974998877518158
9.993303166615078 0.24734516017862598
9.993303166615078 0.24993863621974252
9.993303166615078 0.2539600285371537
9.993303166615078 0.2683803655871893
9.993303166615078 0.2609226507477092
9.993303166615078 0.28399472299787887
9.993303166615078 0.28407098227460525
9.993303166615078 0.27524687012029697
9.993303166615078 0.2867676550898349
9.993303166615078 0.29970435181905164
9.993303166615078 0.32528963297550734
9.993303166615078 0.3417381631123629
9.993303166615078 0.3054280441966306
9.993303166615078 0.29035043866205834
9.993303166615078 0.2949583371522339
9.993303166615078 0.3110547563471549
9.993303166615078 0.3125533212161308
9.993303166615078 0.30069634546969937
9.993303166615078 0.2815505165594497
9.993303166615078 0.2861896735537581
9.993303166615078 0.2456170262877633
9.993303166615078 0.2315708354304995
9.993303166615078 0.2186397182678229
9.993303166615078 0.23547214473617056
9.993303166615078 0.213593760799396
9.993303166615078 0.18288380880585903
9.993303166615078 0.1765565432965915
9.993303166615078 0.18498134131519833
9.993303166615078 0.21387384352984465
9.993303166615078 0.19310417143526526
9.993303166615078 0.21027902520398795
9.993303166615078 0.21081746160320045
9.993303166615078 0.21102344790745217
9.993303166615078 0.21835472062905656
9.993303166615078 0.20911095726040266
9.993303166615078 0.18956080629467664
9.993303166615078 0.19974328181667364
9.993303166615078 0.17832739339541637
9.993303166615078 0.17102935686281345
9.993303166615078 0.1792530116840335
9.993303166615078 0.1705782999675749
9.993303166615078 0.18457997275543228
9.993303166615078 0.18135842175565509
9.993303166615078 0.16590528469032684
9.993303166615078 0.14340361115657604
9.993303166615078 0.15320727549667768
9.993732768646625 0.10065611470217684
9.993732768646625 0.10876311892721006
9.99378325361395 0.11710460435585496
9.99378325361395 0.10681042697197718
9.99378325361395 0.10985358772962056
9.99378325361395 0.1140614149006147
9.99378325361395 0.1050914271546037
9.99378325361395 0.09514595511033073
9.99378325361395 0.09053047135215332
9.99378325361395 0.10391841396861014
9.99378325361395 0.09822773276235912
9.99378325361395 0.09914397456469211
9.99378325361395 0.10052832048146819
9.99378325361395 0.1013373291895941
9.99378325361395 0.08599956831213347
9.994978690220373 0.07291534665774471
9.994978690220373 0.07120535314628194
9.994978690220373 0.06297299403940412
9.994978690220373 0.06517703363605655
9.994978690220373 0.06866888314853788
9.995652214577182 0.06428589028183519
9.995652214577182 0.06930088200158512
9.995652214577182 0.07203016124939265
9.995652214577182 0.07438883714427555
9.995652214577182 0.073759202790999
9.995652214577182 0.07671746713747739
9.995652214577182 0.08155918676069636
9.995652214577182 0.07737798732107246
9.995652214577182 0.07928579155245176
9.995652214577182 0.07743812414944443
9.995652214577182 0.07773178715679362
9.995652214577182 0.0836377057783799
9.995652214577182 0.08655398057430874
9.995652214577182 0.08994454007693836
9.995652214577182 0.08246628994045963
9.995952241858886 0.08333012124252205
9.995952241858886 0.0827830520857743
9.995952241858886 0.08311618996614902
9.995952241858886 0.08420767959985974
9.995952241858886 0.08466136504944147
9.995952241858886 0.08453146115211563
9.995952241858886 0.07712568039751493
9.995952241858886 0.07831109503642587
9.995952241858886 0.055323939304973375
9.995952241858886 0.05558537618147303
9.995952241858886 0.05768578616088695
9.995952241858886 0.05996743756920466
9.995952241858886 0.054488876176964865
9.995952241858886 0.054806514019673465
9.995952241858886 0.053035253049096516
9.995952241858886 0.0525282182384133
9.995952241858886 0.05373332518785934
9.995952241858886 0.053635215052047665
9.995952241858886 0.0555973108042007
9.995952241858886 0.05882391202232784
9.995952241858886 0.05680210562153546
9.995952241858886 0.05726486153343887
9.995952241858886 0.052826934706717704
9.995952241858886 0.04820296032898843
9.995952241858886 0.050233790276897825
9.995952241858886 0.05159711217512585
9.995952241858886 0.04550967856462089
9.995952241858886 0.049866627419271906
9.995952241858886 0.047243397581975974
9.995952241858886 0.04906602816156211
Score: 9.995952241858886
Runtime: 4930ms
