2.5640877512671223E-6 4.879928200686629
3.628281236838272E-5 4.703743509503808
1.546558865936385E-4 4.2903968605039395
0.00426467261890353 3.711000029330611
0.00426467261890353 3.319562054029437
0.006928084796418563 3.2525605597931464
0.006928084796418563 3.197338743733796
0.03507334214861361 3.0006870192469717
0.03507334214861361 2.8462671065241927
0.046275998786875154 2.6572042461184697
0.046275998786875154 2.736890992589914
0.06037154708155787 2.697732817078158
0.07884802143312253 2.6985402243619006
0.07884802143312253 2.665165389792081
0.08991091521396619 2.358554265091402
0.08991091521396619 2.282090836009673
0.08991091521396619 2.2318597692333175
0.13451595073103714 2.2744419822385926
0.13451595073103714 2.2714192842186978
0.1444596598124085 2.3516049632186027
0.1444596598124085 2.4072067276853417
0.1444596598124085 2.3622385612743524
0.17428580373647332 2.4790804870098166
0.17428580373647332 2.535219134970863
0.17428580373647332 2.4394803104188765
0.17428580373647332 2.5383901786639314
0.18940595305589641 2.7777934758287035
0.4481093813193626 3.1261270625242723
0.4481093813193626 3.1808225776894288
0.4481093813193626 3.038635954652869
0.4481093813193626 3.0427830158933826
0.4481093813193626 3.08729763294459
0.4481093813193626 3.173351406841985
0.4481093813193626 3.425441025514968
0.4481093813193626 3.516797731515036
0.4481093813193626 3.6149970333203525
0.7774215973061043 3.6407170234903456
0.7774215973061043 3.586928508126123
0.9303136182609593 3.6314231859050867
0.9303136182609593 3.632692101441543
1.3540556075559353 3.6542898013037894
2.031441464358239 3.2543629125024767
2.031441464358239 3.244879904564206
3.1885442318374158 3.447037439637091
3.1885442318374158 3.4875475376600686
3.1885442318374158 3.226993754058241
3.1885442318374158 3.3045070496634183
3.1885442318374158 3.3453802783294018
3.1885442318374158 3.501797153278354
3.1885442318374158 3.359149623043295
3.1885442318374158 3.5055792242689177
5.273559518208827 3.594109451355329
5.273559518208827 3.3670746929693203
5.273559518208827 3.3571185070407776
5.273559518208827 3.250344681882787
5.273559518208827 3.237173012861548
5.273559518208827 3.173454602116384
5.273559518208827 3.11062804350134
5.273559518208827 3.0480792390123455
5.273559518208827 3.1438956506315305
5.273559518208827 3.1181464489153705
5.273559518208827 3.1995687807624607
5.273559518208827 2.9026780488047157
5.6873224786979435 2.9561509576961096
5.6873224786979435 2.81605518337133
5.6873224786979435 2.9335400405291847
5.6873224786979435 3.2366924971160542
5.7114047182952765 3.0716645676211485
5.7114047182952765 2.9957139480518906
5.954183175044076 2.936067422347633
6.387611495431429 3.1374299878517573
6.387611495431429 2.9366919606766073
6.387611495431429 2.8935478617102026
6.387611495431429 2.850718597304379
6.387611495431429 2.8374462475200817
6.387611495431429 2.9125602125955043
6.387611495431429 3.0337583489089233
6.387611495431429 2.852600500108378
6.437438590521857 2.7017086705501674
6.701179364074644 2.738978182687036
6.701179364074644 2.57567730641746
6.701179364074644 2.6232610237992215
6.701179364074644 2.823639633743597
6.701179364074644 2.5938707059684165
6.945408362585917 2.3680089911195252
6.945408362585917 2.566711251528456
7.028573575820349 2.677521588430743
7.028573575820349 2.614612147561947
7.353015176145953 2.7513300043187856
7.353015176145953 2.6676847375829658
7.4367691067104165 2.699215198031816
7.4367691067104165 2.7919380529106776
7.4367691067104165 2.6570535146442564
7.4367691067104165 2.8319720702003948
7.4367691067104165 2.912110978125757
8.372258399908315 2.7723433519367076
8.372258399908315 2.4022564468532166
8.372258399908315 2.2591297394083125
8.372258399908315 2.410233126569329
8.372258399908315 2.496225309795538
8.372258399908315 2.2611569229024995
8.372258399908315 2.3145784370567277
8.372258399908315 2.266377069194558
8.372258399908315 2.2167098921184825
8.372258399908315 2.287482961914327
8.372258399908315 2.355322020670674
8.372258399908315 2.274502648730462
8.372258399908315 2.414933193013232
8.372258399908315 2.4785742844952647
8.372258399908315 2.437196440269829
8.372258399908315 2.3410194051538142
8.372258399908315 2.582146906355956
8.546987502934932 2.3570292593544053
8.546987502934932 2.247107344048472
8.546987502934932 2.5985401199109126
8.546987502934932 2.6145683929804395
8.546987502934932 2.9084609798757994
8.546987502934932 2.6390012246632604
8.546987502934932 2.0842799727267223
8.546987502934932 2.063081986600093
8.546987502934932 1.9311956701092463
8.546987502934932 1.9460297196015495
8.546987502934932 2.223368298998471
8.546987502934932 2.142483704186551
8.562163514355541 2.284386836152504
8.562163514355541 2.256452728869914
8.562163514355541 2.1835703916338502
8.562163514355541 2.2239037360249614
8.760655387832223 2.2785112182976492
8.81953472985504 2.0921640824441243
8.91280417402464 2.159334903496667
9.155218733789482 2.18731731358013
9.304294604017704 1.8481888375534155
9.304294604017704 1.8390890270396993
9.304294604017704 1.8348825932980155
9.304294604017704 1.6094413275321346
9.304294604017704 1.645155626950817
9.304294604017704 1.8370622687843217
9.304294604017704 1.7679115791997098
9.406622547885943 1.8747050542844879
9.406622547885943 1.9372671414807974
9.406622547885943 1.794054400993659
9.406622547885943 1.7014180056295054
9.406622547885943 1.6681617395314574
9.406622547885943 1.5087620267812485
9.406622547885943 1.5576646901067697
9.406622547885943 1.6723976765886839
9.428950690332412 1.7773325536491824
9.428950690332412 1.8225944078469623
9.428950690332412 1.7159904725936992
9.454278189817076 1.7134962956264936
9.488787958883133 1.7987153762664714
9.488787958883133 1.5383220919164158
9.488787958883133 1.5837449090452849
9.488787958883133 1.6517448088010518
9.521719479297705 1.766159808022669
9.522149927225566 1.645698769443171
9.522149927225566 1.469918645577991
9.522149927225566 1.463769454524156
9.522149927225566 1.5380024971985864
9.54731608002457 1.5658489482193374
9.553838292536827 1.397042364762922
9.575340777780587 1.4405756386555637
9.575340777780587 1.6376908634820235
9.575340777780587 1.6593445265637048
9.575340777780587 1.603390145869269
9.575340777780587 1.4297467406414206
9.602716287696502 1.4635898895871575
9.602716287696502 1.3727793869881963
9.602716287696502 1.3507178151998915
9.624776552619503 1.3702835721917652
9.674418031653861 1.3903043938222475
9.674418031653861 1.4571472605499676
9.674418031653861 1.3253597603690395
9.674418031653861 1.3524284982905848
9.674418031653861 1.3637948713688501
9.674418031653861 1.4121778841466734
9.674418031653861 1.4152559913370113
9.674418031653861 1.3914468607806292
9.674418031653861 1.3347696978457777
9.674418031653861 1.441570420182991
9.674418031653861 1.3696444187128263
9.76581182404015 1.0838865464980723
9.76581182404015 1.1803330397033607
9.76581182404015 1.2579584588966939
9.76581182404015 1.2385382656312365
9.76581182404015 1.1998888801049743
9.76581182404015 1.0760408248031406
9.771117998390284 1.1199895218752616
9.771117998390284 1.127988032255405
9.771117998390284 1.2053449786370662
9.771117998390284 1.1540049717785346
9.771117998390284 1.231077772356297
9.771117998390284 1.2069884625607694
9.771117998390284 1.276226713713253
9.805728230683576 1.3915089349827163
9.805728230683576 1.3995091961522441
9.805728230683576 1.2710704320680941
9.805728230683576 1.2302655970184952
9.81831198029429 1.1030122609739814
9.846230075529242 1.0151683943829444
9.846230075529242 1.0672209086258
9.852473343926647 1.0490287531592337
9.852473343926647 1.0585948848876157
9.855201629875118 0.999588796028592
9.878294042792197 0.9856266724654853
9.879495791216625 0.8591811726244731
9.879495791216625 0.830774355537584
9.879495791216625 0.8322512683622343
9.879495791216625 0.7418946098785448
9.88363440959277 0.7880703292149239
9.88363440959277 0.807749915630973
9.88363440959277 0.8342868050907067
9.88363440959277 0.7930526080280894
9.888572401593306 0.8141890746420325
9.889506493515821 0.8661846524127668
9.890023955771616 0.9123711916052596
9.890023955771616 0.8940909919498391
9.890023955771616 0.963200557789675
9.890023955771616 0.9845631714678933
9.890023955771616 0.9769592290523502
9.890023955771616 0.9814811570154027
9.890023955771616 1.00610305264959
9.890023955771616 0.9720876120877909
9.894436529486931 1.0020133628890995
9.894436529486931 0.8469255387078425
9.894436529486931 0.8852551964642731
9.894436529486931 0.8557360399237762
9.894436529486931 0.7793679538390681
9.894436529486931 0.8040336139585927
9.894436529486931 0.8395141562073662
9.896585799401358 0.7816322697690782
9.896585799401358 0.7217615836415784
9.896585799401358 0.5712953890243853
9.896585799401358 0.5817314568115229
9.897912396716249 0.5569891435634757
9.897912396716249 0.5624181065992638
9.897912396716249 0.5790338701935747
9.90996263463283 0.6165282560090634
9.90996263463283 0.6070643321128941
9.90996263463283 0.5946445767093976
9.90996263463283 0.6252457383344275
9.90996263463283 0.6140534105033347
9.90996263463283 0.6297305700115726
9.90996263463283 0.5993160651216384
9.90996263463283 0.5839686114224077
9.90996263463283 0.5473216427513621
9.90996263463283 0.574314821602966
9.90996263463283 0.632927590148052
9.90996263463283 0.5945935670392543
9.90996263463283 0.5146675188947145
9.910207183986147 0.5309197765151693
9.910207183986147 0.500417737061687
9.910207183986147 0.5197427925046721
9.910207183986147 0.5471629629400488
9.910207183986147 0.5638427668889252
9.910207183986147 0.5730252836268157
9.910207183986147 0.5440579039237665
9.910207183986147 0.5628059659448472
9.910207183986147 0.5731527395353458
9.910207183986147 0.5189266976217433
9.910207183986147 0.5081621070693758
9.910207183986147 0.5359925150834425
9.910826092787051 0.5392721590636668
9.910826092787051 0.5744394173390099
9.910826092787051 0.6487995166409477
9.911169971827595 0.6880391934124888
9.911169971827595 0.7199777065715841
9.911169971827595 0.7815117522345149
9.913304349251174 0.8069883033101921
9.913304349251174 0.8161283269747643
9.913304349251174 0.8403109939139808
9.913304349251174 0.8531952277626871
9.913304349251174 0.8568609289158754
9.913304349251174 0.8468399902017646
9.913304349251174 0.819613037858125
9.918392767359292 0.8439444187634045
9.922504537388887 0.8077298385846172
9.922504537388887 0.9211897165788304
9.922504537388887 0.8623298879765637
9.922504537388887 0.9038468848938027
9.922504537388887 0.859371275119726
9.923836420364792 0.8578747295007797
9.925765007320855 0.8287755420158028
9.925765007320855 0.8229317855110677
9.925765007320855 0.8870574498936302
9.925765007320855 0.8878719256389401
9.925765007320855 0.9254854735060392
9.935480128650543 0.9582205274556683
9.936889066995025 0.8524307402991589
9.936889066995025 1.0209242830213137
9.936889066995025 0.9581466370920738
9.936889066995025 1.0268798565606136
9.936889066995025 0.9769417618010476
9.936889066995025 0.8349125271239427
9.937272380047917 0.8284256265535158
9.937272380047917 0.8174001803778584
9.939305775294798 0.755303507641378
9.943816808729597 0.7991220090726299
9.943816808729597 0.7392929840871119
9.943816808729597 0.7356817450923491
9.943816808729597 0.6895295781080844
9.943816808729597 0.6767998493287792
9.943816808729597 0.5248225240050267
9.943816808729597 0.5337985668088007
9.943880130240146 0.5840523625790959
9.943880130240146 0.6169212486323755
9.943880130240146 0.64574829264374
9.943880130240146 0.664755650446764
9.943880130240146 0.6955335180178523
9.943880130240146 0.5650015530078387
9.943880130240146 0.5684193583830977
9.943880130240146 0.5272674270807886
9.944782919855617 0.5455491281671657
9.94739891337731 0.5074024474385349
9.94739891337731 0.524630320459888
9.94739891337731 0.5056169019769715
9.948596281204926 0.5242188001193171
9.948596281204926 0.4814243089498276
9.948596281204926 0.4846721935826564
9.948596281204926 0.4537493440472082
9.94987190086415 0.46880104630781244
9.961379643093277 0.44875300502376786
9.961379643093277 0.45567437832008834
9.961379643093277 0.45385247643122
9.961379643093277 0.5128716851575308
9.961379643093277 0.51836827142393
9.961379643093277 0.5188180025742662
9.961379643093277 0.5306686016411852
9.961379643093277 0.5794676263984619
9.961379643093277 0.6519501809849195
9.961379643093277 0.6119757500481101
9.961379643093277 0.5970858315156785
9.961379643093277 0.6082006991849833
9.96139919959295 0.5949715816966211
9.96139919959295 0.5966831502558702
9.96139919959295 0.532137932220915
9.96139919959295 0.5569679337325453
9.96139919959295 0.4914091403622581
9.96139919959295 0.4609292209504949
9.96139919959295 0.46421528788009747
9.96139919959295 0.4806596882553256
9.96139919959295 0.48508036107989594
9.96139919959295 0.4726269278707506
9.96139919959295 0.4797143271668057
9.96139919959295 0.5081536925843072
9.96139919959295 0.5447070929165068
9.96139919959295 0.5707385148060521
9.96139919959295 0.602845371081601
9.96139919959295 0.5534217021970488
9.96139919959295 0.5947900871882965
9.961759010437593 0.6173488400880678
9.961759010437593 0.5436388866865551
9.973492980008853 0.5795972830872119
9.973492980008853 0.5582401255928208
9.973492980008853 0.6496697832827365
9.973492980008853 0.6648645224833226
9.973492980008853 0.7155310114775865
9.973492980008853 0.6944766428513559
9.980574592541565 0.704914980555426
9.980574592541565 0.7168639302080994
9.980574592541565 0.6815248236776215
9.980574592541565 0.7264138054848693
9.980574592541565 0.7141576191117444
9.980574592541565 0.6686457336938515
9.980574592541565 0.6603119784554966
9.980574592541565 0.693062736342287
9.981124021367746 0.7210669223786702
9.981124021367746 0.5982441897833469
9.985798844776532 0.6295181724870365
9.985798844776532 0.4963695334483748
9.985798844776532 0.4497374747866185
9.985798844776532 0.4523706169349371
9.988796448460244 0.41186996904396106
9.989941290095771 0.400674599849565
9.989941290095771 0.40680717591042953
9.990954894609146 0.4012962203541687
9.990954894609146 0.4330649079430188
9.990954894609146 0.4236144613955255
9.990954894609146 0.3287290578112673
9.990954894609146 0.29042269967792217
9.990954894609146 0.2393492564601398
9.990954894609146 0.2169674256245387
9.990954894609146 0.2196830202251084
9.990954894609146 0.2156113429823488
9.990954894609146 0.21547210217358226
9.990954894609146 0.22590362156127766
9.990954894609146 0.2449736204072347
9.990954894609146 0.22248914664342687
9.990954894609146 0.20552430763178428
9.990954894609146 0.1910939266550746
9.990954894609146 0.2084897244281759
9.990954894609146 0.20910326254995146
9.990954894609146 0.20963977459311559
9.990954894609146 0.19868067093038624
9.990954894609146 0.19927124138055938
9.990954894609146 0.19844044836547792
9.990954894609146 0.19829559941076988
9.990954894609146 0.1864079533517958
9.990954894609146 0.1858546636935653
9.990954894609146 0.1742978579520551
9.990954894609146 0.15351804216223544
9.990954894609146 0.15281084182951907
9.990954894609146 0.13946576520792564
9.990954894609146 0.13930896325699876
9.990954894609146 0.13753400992368223
9.990954894609146 0.13680794222559484
9.990954894609146 0.13723611902334548
9.990954894609146 0.14179084473542153
9.990954894609146 0.1458490803816152
9.990954894609146 0.15037019282216438
9.990954894609146 0.14804605111298486
9.990954894609146 0.15289483597987022
9.990954894609146 0.15986315688985314
9.990954894609146 0.15801382992205373
9.990954894609146 0.1527710280446517
9.990954894609146 0.1576794210464728
9.990954894609146 0.17702317075145163
9.990954894609146 0.17670462822592262
9.990954894609146 0.17816374838695914
9.990954894609146 0.1841783906382542
9.99132096286618 0.16308468035284449
9.991535549525146 0.15956832834285603
9.992552270600763 0.17546455536015992
9.992627973881447 0.16671732446010967
9.992627973881447 0.18507959198320736
9.992957315948534 0.14932444209018414
9.992957315948534 0.14144763951887845
9.992957315948534 0.14522730767226957
9.992957315948534 0.14215737093424924
9.992957315948534 0.1442140660482746
9.992957315948534 0.14623511283983479
9.992957315948534 0.1512502231236459
9.992957315948534 0.15421547345553063
9.993787394117653 0.13782187072977564
9.993787394117653 0.13774301207492415
9.993787394117653 0.14387582644317348
9.993787394117653 0.13639015958021306
9.993787394117653 0.1440820117439255
9.993787394117653 0.14956933784158563
9.993787394117653 0.15077540279353557
9.993787394117653 0.14925488970355869
9.993787394117653 0.1459974438944582
9.993787394117653 0.14522595731394336
9.993813038586 0.14634657531324718
9.993813038586 0.15179469161488618
9.993813038586 0.15050020693813101
9.993813038586 0.15197686238027652
9.993813038586 0.15140703547517712
9.993813038586 0.15791052526274438
9.993813038586 0.1504827263234769
9.994522479901335 0.1665705860512398
9.994522479901335 0.1862017717046056
9.994522479901335 0.18481402521942147
9.994522479901335 0.1876646755507716
9.994522479901335 0.18605859329615013
9.994522479901335 0.18693095381590147
9.994522479901335 0.1802925128214671
9.995140692902256 0.16891695857276043
9.995140692902256 0.1796479218520755
9.995140692902256 0.18172204774886025
9.995140692902256 0.18315386198787348
9.995140692902256 0.1854437198791654
9.995140692902256 0.17614492709579932
9.995140692902256 0.17124060496832014
9.995140692902256 0.16108462722093952
9.995140692902256 0.14425710253969098
9.995140692902256 0.14788281013373214
9.995757136680869 0.1418532535307748
9.995757136680869 0.14218863714026395
9.996503089564204 0.14644599593190202
9.996503089564204 0.15694327438397732
9.996503089564204 0.1528328843331919
9.996503089564204 0.14806063772523884
9.996503089564204 0.15379164976301035
9.996503089564204 0.16399237686968904
9.996503089564204 0.1648356750293678
9.996503089564204 0.16227433436596914
9.996503089564204 0.15439997083212373
9.996503089564204 0.15322435479439703
9.996503089564204 0.15642091556753715
9.996503089564204 0.1492721819774031
9.996503089564204 0.1567325123990986
9.996503089564204 0.14609928425044438
9.996503089564204 0.15363621253571977
9.996503089564204 0.13724574917661583
9.996503089564204 0.1359182193688178
9.996503089564204 0.13322936222576484
9.996503089564204 0.12694597359849977
9.996503089564204 0.13733400890896846
9.996503089564204 0.13944110248371924
9.996503089564204 0.14078920736026723
9.996503089564204 0.14545736023817044
9.996503089564204 0.13799420405356602
9.996503089564204 0.13334506581235503
9.996503089564204 0.1266340792083702
9.996503089564204 0.12674680148200815
9.996503089564204 0.12717219160753326
9.996503089564204 0.12692896665256206
9.996503089564204 0.13065154815616498
9.996503089564204 0.12467337972837411
9.996503089564204 0.1260900764147158
9.996503089564204 0.11992313061875791
9.996503089564204 0.13058436015445068
9.996503089564204 0.13010238259731582
9.996503089564204 0.13555421353525382
9.996503089564204 0.13254254238247976
9.996503089564204 0.1420107512892704
9.996503089564204 0.12337573001827669
9.996503089564204 0.14010958419824446
9.996503089564204 0.13801001928012716
9.996503089564204 0.1281833448909808
9.996503089564204 0.1257472012606435
9.996503089564204 0.12111466067721212
9.996503089564204 0.13787061150756866
9.996503089564204 0.1325663436435573
9.996503089564204 0.09120442862663034
9.996503089564204 0.0899617555846633
9.996503089564204 0.08936660609385302
9.996503089564204 0.0880607856216687
9.996503089564204 0.08409566814792134
9.996503089564204 0.08204320965597392
9.996503089564204 0.08578659654917586
9.996503089564204 0.08699433693570002
9.996503089564204 0.08863766312280674
9.996503089564204 0.08451784763421785
9.996503089564204 0.07784721408508337
9.996503089564204 0.0803091730180373
9.996503089564204 0.08149767549127712
9.996503089564204 0.07680175571498246
9.996503089564204 0.07833528784104396
9.996503089564204 0.08276294444153591
9.996503089564204 0.08417447737511712
9.996503089564204 0.085054132823188
9.996526786815279 0.09239769625840373
9.996526786815279 0.08815752907846078
9.996526786815279 0.09051272954714534
9.996526786815279 0.08946692830618647
9.996526786815279 0.0917895035682625
9.996526786815279 0.09014143382084601
9.996526786815279 0.09322089136634815
9.996526786815279 0.09526524885710351
9.996526786815279 0.10062753296749383
9.996526786815279 0.10101548864714122
9.99713449582169 0.09874418719098303
9.99713449582169 0.09913073048788375
9.99713449582169 0.10524480103581627
9.99713449582169 0.10871719782731532
9.99713449582169 0.11674028925978386
9.99713449582169 0.12314538092564947
9.99713449582169 0.13240167754885368
9.99713449582169 0.13660794025466771
9.99713449582169 0.12454067662687922
9.99713449582169 0.12104432571275742
9.99713449582169 0.12025208237659245
9.99713449582169 0.12143169173273162
9.99713449582169 0.12367191186406974
9.99713449582169 0.1164675195946303
9.99713449582169 0.11047994594743374
9.99713449582169 0.10621549854338402
9.99713449582169 0.10891247188062349
9.99713449582169 0.11899636740623878
9.99713449582169 0.11772724328546773
9.99713449582169 0.12245322364479364
9.99713449582169 0.11601550687867092
9.99713449582169 0.11636656954104427
9.99713449582169 0.13117980606531418
9.99713449582169 0.12423475704841629
9.997325099538646 0.12629250425664043
9.997325099538646 0.1312876557629153
9.997325099538646 0.11030036162312319
9.997325099538646 0.10248285344922126
9.997325099538646 0.08773446845337073
9.997325099538646 0.0941948642067065
9.997325099538646 0.09130695113461998
9.997325099538646 0.08308097032031063
9.997325099538646 0.0844098673306827
9.997325099538646 0.08722675246237861
9.997325099538646 0.08539495310637443
9.997325099538646 0.07740149460261952
9.997325099538646 0.07514244798962362
9.997325099538646 0.07248569433413539
9.997325099538646 0.07166536996219298
9.997325099538646 0.07106162677458426
9.997325099538646 0.07147636219993302
9.997325099538646 0.07446257566359701
9.997325099538646 0.07719426305530722
9.997325099538646 0.07394639039787121
9.997325099538646 0.07393880753396995
9.997325099538646 0.07429343883518735
9.997325099538646 0.07525969419093675
9.997325099538646 0.07738055115105319
9.997325099538646 0.0747821694765302
9.997847821032869 0.0772344285019225
9.997847821032869 0.07477013043287765
9.997847821032869 0.07411493510824671
9.997847821032869 0.07365944550036332
9.997847821032869 0.0743431877792137
9.997847821032869 0.07447963841374743
9.997847821032869 0.07760825238191857
9.997847821032869 0.07687923258250504
9.997847821032869 0.07944808426996666
9.997847821032869 0.07513302275064265
9.997847821032869 0.07322972484382116
9.997847821032869 0.08007362427397444
9.997847821032869 0.07264212867181714
9.997847821032869 0.060305558476961514
9.997847821032869 0.058303371006800275
9.997847821032869 0.0610374468430053
9.997847821032869 0.06250177076838352
9.997847821032869 0.06451539482603669
9.997847821032869 0.06347724928531139
9.997847821032869 0.06075653731129745
9.997847821032869 0.059757861652171215
9.997847821032869 0.05791607474417803
9.997847821032869 0.05890318858463632
9.997847821032869 0.0607454306640054
9.997847821032869 0.05952385843563461
9.997847821032869 0.04192962906969345
9.997847821032869 0.041888231535620324
9.997847821032869 0.042380649329641015
9.997847821032869 0.044875549999816494
9.997847821032869 0.04644674710170828
9.997847821032869 0.04390194252249356
9.997847821032869 0.040104797261904426
9.997847821032869 0.03943628703191866
9.997847821032869 0.04157378086495922
9.997847821032869 0.03995638898840924
9.997847821032869 0.04100635459010885
9.997847821032869 0.03866080134599425
9.997847821032869 0.03992612284005081
9.997847821032869 0.04013186010124625
9.997847821032869 0.039059844923802094
9.997847821032869 0.037357610847323156
9.997847821032869 0.03561479870591161
9.997847821032869 0.03454481187954664
9.997847821032869 0.033462389476169245
9.997847821032869 0.0334805590156747
9.997847821032869 0.034660224921681554
9.997847821032869 0.035048242238291616
9.997847821032869 0.03238232035774569
9.997847821032869 0.03281818660387334
9.997847821032869 0.032384674722793695
9.997847821032869 0.03254549633500794
9.997847821032869 0.03378161930973515
9.997847821032869 0.03479532891128462
9.997847821032869 0.03424253818033758
9.997847821032869 0.031155860008214197
9.997847821032869 0.030172924084757427
9.997847821032869 0.030495148199962307
9.997847821032869 0.03117987213089363
9.997847821032869 0.03312676576023722
9.997847821032869 0.03457530915344549
9.997847821032869 0.034356832547710894
9.997847821032869 0.034681803842571884
9.997847821032869 0.036553585101179176
9.997847821032869 0.04197992150517838
9.997847821032869 0.038298994017634536
9.997847821032869 0.03883702735593969
9.997847821032869 0.037851794108237684
9.997847821032869 0.03930351933308422
9.997847821032869 0.03717204755912363
9.997847821032869 0.035806865834508074
9.997847821032869 0.03708866522527512
9.997847821032869 0.036971605953075526
Score: 9.997847821032869
Runtime: 5245ms
