3.0572988606029295E-6 4.549311288353633
2.187374731560923E-5 4.500922243189116
3.148746411061444E-4 3.6948888826561097
9.074049969042338E-4 3.8815859713176915
0.0018383097728840577 3.6591682963910617
0.010345260854350722 3.6920358510592632
0.012718231954711513 3.6411502564845084
0.034856215110683764 3.570582207475867
0.04405022846458072 3.5256992999031787
0.08905014062816909 3.255133947552267
0.08905014062816909 3.221085576212004
0.09063232784999734 3.1518756056593116
0.14003745095930692 2.9616509171362835
0.24370688808627672 2.9144298818072993
0.24370688808627672 2.9523841112490934
0.24707065920239946 2.798601324486606
0.378848904206816 2.7072399974932195
0.51921541414143 2.566875368969906
0.51921541414143 2.6778115931564943
0.51921541414143 2.5714449502891967
0.51921541414143 2.730711674016827
1.555215364672766 2.6937519993340926
1.555215364672766 2.66052778593968
1.555215364672766 2.769280285274916
1.555215364672766 2.681190505578271
1.555215364672766 2.819211266732327
1.555215364672766 2.9150528959889193
1.8308486035057938 3.070386788489557
1.9105566608332694 3.212884383350372
1.9105566608332694 3.1795219262052967
1.9105566608332694 3.2274760930662674
1.9105566608332694 3.0775973714859646
1.9105566608332694 3.0616100664620913
1.9105566608332694 3.209306189685984
1.9105566608332694 3.3369071610848753
1.9105566608332694 3.264364395222382
2.9247472846232236 3.2544706969437116
2.9247472846232236 2.988300168511797
3.5138999308581056 3.086807913299062
3.5138999308581056 3.163472828779996
3.5138999308581056 3.201014094923977
3.5138999308581056 3.0400193634657726
3.725080973393146 3.129406637640819
4.179200702251606 3.0533308541572457
4.179200702251606 3.228404255175009
4.241489130233821 3.2475617593390047
4.400573323986176 3.2250923604026522
4.750823298841549 3.2560244154439455
4.750823298841549 3.0021162101073826
5.163519127141844 2.766252083177932
5.163519127141844 2.9945924049059514
5.163519127141844 2.978472783190494
5.163519127141844 2.997631231580053
5.163519127141844 2.8120414777312455
5.163519127141844 2.7964624368377957
5.163519127141844 2.6936093035452346
6.032984481751697 2.7641337999846187
6.032984481751697 2.963331686503622
6.032984481751697 3.0258985061838293
6.032984481751697 2.9019071891660397
6.683227055299562 2.8708163038904595
6.683227055299562 2.762095209303425
6.683227055299562 2.9234030763046146
7.144892467036707 2.6559725672907493
7.144892467036707 2.6405048605521904
7.144892467036707 2.876273988298535
7.144892467036707 2.4676239282155468
7.144892467036707 2.419456195012418
7.8707559522286665 2.306782253339998
7.8707559522286665 2.4272182909127853
7.8707559522286665 2.3631102144471567
7.8707559522286665 2.4861485944544905
7.8707559522286665 2.1599701915978136
7.8707559522286665 2.0738367059815705
7.8707559522286665 1.9940139982284435
7.8707559522286665 2.1224451741164323
7.8707559522286665 2.0431174875150573
7.8707559522286665 1.987558054334603
7.8707559522286665 2.031903768108114
7.8707559522286665 2.219302778856493
8.077377719867949 2.064732004341967
8.169276530765663 2.1483522187228434
8.169276530765663 2.0624321383700557
8.169276530765663 1.9633843379498808
8.169276530765663 1.7417021948978535
8.169276530765663 1.7356745927995572
8.752268359663923 1.7416407769286806
8.752268359663923 1.7584340351016778
8.752268359663923 1.836159458413266
8.9492207680186 1.7594165915596243
8.9492207680186 1.8353161218168226
8.9492207680186 1.85260284669034
8.9492207680186 1.822843209043167
8.9492207680186 1.8796095481438528
8.99095514145839 1.8592162212665948
8.99095514145839 1.8777698099005091
9.16691608227554 1.9700790539583186
9.16691608227554 1.9738362025870473
9.16691608227554 1.737086093426113
9.16691608227554 1.7686980008980806
9.24909761720842 1.7053083944724536
9.26391355088786 1.5695342406728832
9.26391355088786 1.6336741538142143
9.26391355088786 1.4510718674062895
9.354720358338593 1.4578136418802596
9.354720358338593 1.6096387520502178
9.354720358338593 1.5214179717867822
9.354720358338593 1.536218018167064
9.354720358338593 1.645132030747819
9.354720358338593 1.6058310477641884
9.354720358338593 1.650713336868702
9.354720358338593 1.673504170585176
9.533217048009435 1.755818520664725
9.533217048009435 1.7698470201005645
9.533217048009435 1.83403828566524
9.572742978201159 1.988497606476628
9.595897202128464 1.7376903080454793
9.636206063577237 1.6221997062895863
9.636206063577237 1.5178179308515838
9.636206063577237 1.4854800999845656
9.677935590516473 1.4945725999053794
9.677935590516473 1.425522202217752
9.677935590516473 1.3531804911572904
9.677935590516473 1.2254998824258634
9.677935590516473 1.255690109440915
9.677935590516473 1.3931543988975266
9.677935590516473 1.5322016817568782
9.677935590516473 1.6393835357484068
9.677935590516473 1.5540159141368581
9.677935590516473 1.58167059551154
9.677935590516473 1.4031176071362315
9.69389051953091 1.326219668878844
9.69389051953091 1.4092668038772898
9.69389051953091 1.3114695298731855
9.69389051953091 1.3194287559101439
9.69389051953091 1.2719281321927218
9.706139373660493 1.2099216363337737
9.706139373660493 1.239196559385348
9.799975893380502 1.2519209643125635
9.799975893380502 1.201592302083533
9.799975893380502 1.1533798203008023
9.799975893380502 1.2334115906837237
9.799975893380502 1.2149298915925202
9.799975893380502 1.2508194953937783
9.799975893380502 1.2255800398598813
9.799975893380502 1.0215748854832227
9.799975893380502 1.0153495783233646
9.799975893380502 1.094165050373588
9.799975893380502 1.0653848961227526
9.799975893380502 1.0924687786808915
9.799975893380502 1.1433906687636646
9.799975893380502 1.1247091535433904
9.799975893380502 1.0669623585957477
9.799975893380502 1.0190436727152146
9.799975893380502 1.1501308856335342
9.799975893380502 1.136235985974835
9.799975893380502 1.1582021090648964
9.799975893380502 1.1897197343996466
9.80627123260222 1.1455575709910693
9.80627123260222 1.282646691654191
9.81722483739038 1.263196020711727
9.81722483739038 1.2976291175658117
9.81722483739038 1.3063582253756392
9.81722483739038 1.3690756395710475
9.8286654201837 1.3625205542221004
9.855771978836756 1.374374358248711
9.862541794866448 1.3241654251466428
9.877520302177524 1.1752949076218588
9.880756297884282 1.1968345929058022
9.880756297884282 1.2097511250188422
9.880756297884282 1.2815261198570072
9.897200992548544 1.1844988413493673
9.897200992548544 1.0925622309916079
9.897200992548544 0.9975514552928317
9.910585548150292 1.0444928856213735
9.910585548150292 1.0829037336623926
9.910585548150292 1.0898775295659278
9.919465519503495 1.110957264924338
9.919465519503495 1.0485894463833458
9.919465519503495 1.144381429259472
9.919465519503495 1.1087015177108304
9.919465519503495 1.1425480814407882
9.919465519503495 0.9855792596067422
9.919465519503495 1.0080904833040822
9.919465519503495 0.9952683437172661
9.919465519503495 1.0647312695437248
9.919465519503495 1.089306890705793
9.919465519503495 1.1146011519825718
9.919465519503495 1.1491308199079562
9.919465519503495 1.2426450847820416
9.919465519503495 1.3311229101814948
9.919465519503495 1.192163015577537
9.919465519503495 1.2606621121045667
9.919465519503495 1.0797215828489555
9.919465519503495 1.1321075430434995
9.919465519503495 1.0532115766132406
9.919465519503495 1.0159002451680677
9.919465519503495 0.9363082498350731
9.924607495874508 0.9584211474318322
9.924607495874508 0.9438336231552491
9.928654074635098 0.9131246998259536
9.928654074635098 0.9072595199185647
9.934272671012298 0.7654633267345005
9.934272671012298 0.6190747672410553
9.934272671012298 0.6136805086423796
9.934272671012298 0.6545305332008049
9.934272671012298 0.6292341952416077
9.934636847822203 0.6157552558821714
9.937784912244839 0.612619752438898
9.937784912244839 0.5936106218666265
9.948186028242583 0.5177524033502157
9.948186028242583 0.5260481788003287
9.948186028242583 0.5417610159098616
9.948186028242583 0.5554902276425957
9.94898388596229 0.5811994156145363
9.94898388596229 0.6048295005313871
9.94898388596229 0.5793153604159194
9.94898388596229 0.5765323338008121
9.952396336331672 0.5756155065742462
9.95734185995926 0.5842520473084449
9.95734185995926 0.6162513898314823
9.95734185995926 0.6138959032004577
9.95734185995926 0.6119896384062297
9.958678397985087 0.6125448163178707
9.958678397985087 0.5870230604430717
9.958678397985087 0.5972765857117922
9.959524284695076 0.6008579780552958
9.959524284695076 0.5967955103629794
9.959524284695076 0.5838402370583472
9.960237687876187 0.6243391412360526
9.964160343883986 0.5928108683525005
9.966307787185375 0.511313940450852
9.966307787185375 0.5062012349622654
9.966307787185375 0.494488810964916
9.966307787185375 0.47167745840246456
9.966307787185375 0.47925745208128384
9.966307787185375 0.4699076760396278
9.969383814354103 0.449026644152059
9.969383814354103 0.47018485764107754
9.969383814354103 0.4444233244096683
9.969383814354103 0.4647146516225295
9.969383814354103 0.45767678147478447
9.969383814354103 0.47231032226621456
9.969383814354103 0.44795559861246026
9.969383814354103 0.45493751909896596
9.969383814354103 0.44915597307315647
9.969383814354103 0.47740356503765413
9.969383814354103 0.4973361805098648
9.969383814354103 0.4633436721439806
9.969383814354103 0.47853244420567564
9.969383814354103 0.4669463293263315
9.969383814354103 0.4629095197270639
9.969383814354103 0.47460329100447723
9.969383814354103 0.4472821566225909
9.969383814354103 0.4891116360997955
9.969383814354103 0.5130343012620057
9.969383814354103 0.47558025648715413
9.969383814354103 0.4978866375017632
9.969383814354103 0.432979326413284
9.969383814354103 0.47536346694001064
9.969383814354103 0.44675654726187103
9.969383814354103 0.4151189683326964
9.969383814354103 0.41312280437783144
9.969383814354103 0.3737298476316791
9.969383814354103 0.37553229621417256
9.969383814354103 0.40128106131088914
9.969383814354103 0.4160804734713306
9.969383814354103 0.3280898582464233
9.969383814354103 0.32751109759157115
9.969383814354103 0.3193710516320293
9.969383814354103 0.2857292584343859
9.969383814354103 0.2823051845876758
9.969383814354103 0.28177662924787245
9.969383814354103 0.298773514178904
9.969383814354103 0.31173246726035053
9.969383814354103 0.3143959870621673
9.969383814354103 0.31169399981293644
9.969383814354103 0.32993588879260755
9.971236603491693 0.3593202869984555
9.97174994093061 0.33833517133868624
9.97174994093061 0.3543462602697123
9.97174994093061 0.36341412258349254
9.97174994093061 0.292561406464385
9.97174994093061 0.32444076669267824
9.97174994093061 0.32893651192451034
9.97174994093061 0.3370602183836451
9.97174994093061 0.3241866563238313
9.97174994093061 0.34731624761223356
9.97174994093061 0.37904836259410324
9.97174994093061 0.34801900228489024
9.974416453298371 0.36364384910726083
9.974416453298371 0.3469949501220158
9.974416453298371 0.3343260858066066
9.974416453298371 0.31878495404320084
9.974416453298371 0.33797800895128255
9.974416453298371 0.3250801825238277
9.974416453298371 0.27015463335730844
9.974416453298371 0.2763196883314854
9.974416453298371 0.2857232412257881
9.974416453298371 0.2886723861745015
9.974416453298371 0.291236648646485
9.974416453298371 0.28781583311191916
9.974416453298371 0.3000972217032088
9.974416453298371 0.3050749616780841
9.974416453298371 0.3033712030784634
9.974416453298371 0.31619764008743567
9.974416453298371 0.28272541936171397
9.974416453298371 0.28249835564280085
9.974416453298371 0.2821125284231958
9.974416453298371 0.2806161895574228
9.974416453298371 0.29897895341409436
9.974416453298371 0.3063700970675576
9.974416453298371 0.3096135282435533
9.974416453298371 0.3251743102993224
9.974416453298371 0.32042310808716273
9.974416453298371 0.31552671005021776
9.974416453298371 0.3364363426771822
9.974416453298371 0.337720125526301
9.974416453298371 0.3457442365384839
9.974416453298371 0.36324139810954287
9.974416453298371 0.39457087208260866
9.974416453298371 0.36759144005750505
9.974416453298371 0.3436382787036776
9.97780114999003 0.3272869866486022
9.97780114999003 0.3508490415526926
9.97780114999003 0.35283706382146324
9.97780114999003 0.3721918757193671
9.97780114999003 0.3412735938897829
9.97780114999003 0.35395538885417865
9.97780114999003 0.3676572531463481
9.97780114999003 0.3248390295882675
9.97780114999003 0.3203842153865615
9.97780114999003 0.300120344871788
9.97780114999003 0.3067239883785151
9.97780114999003 0.29047144441909983
9.97780114999003 0.29216664084058686
9.97780114999003 0.2912987344222785
9.97780114999003 0.2978030149871973
9.97780114999003 0.2904401062866722
9.97780114999003 0.27966851082740957
9.97780114999003 0.28442796722513164
9.97780114999003 0.29006652719426573
9.97780114999003 0.29713964350137945
9.97780114999003 0.2910133425163371
9.97780114999003 0.2876442030277675
9.97780114999003 0.2994769658304603
9.97780114999003 0.321402002335647
9.97780114999003 0.3380592485731898
9.97780114999003 0.321130172544081
9.97780114999003 0.334406865795193
9.97780114999003 0.32983699498307345
9.97780114999003 0.2825419609935755
9.97780114999003 0.28263962832931966
9.97780114999003 0.27825400166740527
9.97780114999003 0.28715947998155406
9.97780114999003 0.27449165434654643
9.97936372282612 0.2706180524929105
9.97936372282612 0.2902308907458373
9.97937119466964 0.2678777383048159
9.97937119466964 0.2755833297979719
9.97937119466964 0.2915915921612495
9.97937119466964 0.3135852371572591
9.97937119466964 0.31043798447744664
9.97937119466964 0.3356028648303089
9.97937119466964 0.3871573575006312
9.97937119466964 0.39097883091429114
9.97937119466964 0.401402451745074
9.97937119466964 0.4322356185826601
9.97937119466964 0.37074171839126074
9.97937119466964 0.34237468196163123
9.97937119466964 0.34173028052801246
9.97937119466964 0.3267703082176813
9.97937119466964 0.3438354881938495
9.97937119466964 0.35147893984078726
9.97937119466964 0.3691773159421585
9.97937119466964 0.35939594868129493
9.97937119466964 0.34708997970221345
9.97937119466964 0.30542225768445885
9.97937119466964 0.31563350052280403
9.97937119466964 0.32038070906344707
9.97937119466964 0.34905701598159194
9.97937119466964 0.3065782892817344
9.97937119466964 0.30356528738902594
9.97937119466964 0.3146861441719623
9.97937119466964 0.319394117393199
9.97937119466964 0.29775133357641903
9.97937119466964 0.28412678125481267
9.97937119466964 0.29574179948956725
9.97937119466964 0.2995886950884103
9.97937119466964 0.2683341761397289
9.97937119466964 0.2760174523090211
9.97937119466964 0.2812464651710597
9.97937119466964 0.28668526561016966
9.97937119466964 0.28868436780242057
9.97937119466964 0.2835310963214229
9.97937119466964 0.3068616921733765
9.97937119466964 0.2801905850467389
9.97937119466964 0.28625039809803815
9.97937119466964 0.29994950954540595
9.97937119466964 0.316630260525821
9.97937119466964 0.33285749181946545
9.97937119466964 0.31365071550458884
9.97937119466964 0.3198753860424386
9.97937119466964 0.321723200011375
9.97937119466964 0.3209820396539159
9.97937119466964 0.34018067580763595
9.979498890087182 0.35295485077766275
9.979498890087182 0.3490627537322137
9.979498890087182 0.3749180580847728
9.979498890087182 0.3395571815855264
9.979498890087182 0.3279939630362151
9.979498890087182 0.3373707737117737
9.979498890087182 0.34378232853062346
9.979498890087182 0.3688443826774509
9.979498890087182 0.31088509604846143
9.979498890087182 0.30434097217204464
9.979498890087182 0.3033092358981101
9.979498890087182 0.30061348667646526
9.979498890087182 0.30864050908686985
9.980670611138724 0.3134733494330139
9.980670611138724 0.3151837154239666
9.980670611138724 0.316528783026824
9.980670611138724 0.3172528300158935
9.980670611138724 0.31054493146543843
9.980670611138724 0.3136770796260031
9.980670611138724 0.30802049288733885
9.980670611138724 0.3101792086085054
9.980670611138724 0.3068676714461609
9.980670611138724 0.3055267374782988
9.980670611138724 0.3121736319122653
9.980670611138724 0.2758307542469746
9.980670611138724 0.2695176178379551
9.980670611138724 0.29019684164547965
9.980670611138724 0.29211603732770025
9.980670611138724 0.2923599520905007
9.980670611138724 0.28568075079680944
9.980670611138724 0.3019558308716967
9.980670611138724 0.2763862795970516
9.980670611138724 0.2818056970412561
9.980670611138724 0.26843921863176257
9.980670611138724 0.2304074793693816
9.980670611138724 0.21751706359468856
9.980670611138724 0.22328103720179168
9.980670611138724 0.21648823786163177
9.980670611138724 0.21304234682865617
9.980670611138724 0.19965685566184957
9.980670611138724 0.2235568639863765
9.980670611138724 0.2358671142209686
9.980670611138724 0.23466856429467237
9.980670611138724 0.24735699360877944
9.980670611138724 0.2571101119440572
9.980670611138724 0.25653308319144763
9.980670611138724 0.2562980151875793
9.980670611138724 0.25262144540595993
9.980670611138724 0.26505535010671455
9.980670611138724 0.2752142104920178
9.980670611138724 0.29464606578730584
9.980670611138724 0.30094651921226706
9.980670611138724 0.31539995023041245
9.980670611138724 0.31455018697379716
9.980670611138724 0.2967825050217332
9.980670611138724 0.29646435474357813
9.980670611138724 0.29956725772222603
9.982062399072495 0.31742923600760325
9.982062399072495 0.3304990714814806
9.982062399072495 0.3291779583061009
9.982062399072495 0.31930156346392946
9.982062399072495 0.3255365899709315
9.982062399072495 0.32271258080671866
9.982062399072495 0.33701005706484605
9.982062399072495 0.3457735461397084
9.982062399072495 0.3490515224623342
9.982062399072495 0.36100563005012226
9.982062399072495 0.37700797235671063
9.982062399072495 0.3679829048869824
9.982062399072495 0.3529819598587143
9.982062399072495 0.4167553641928089
9.982062399072495 0.40219344755078246
9.982062399072495 0.3666556844114166
9.982062399072495 0.40221982415997026
9.982062399072495 0.3560109417865015
9.982062399072495 0.35913756856633794
9.982062399072495 0.38635310721285704
9.982062399072495 0.3849632672884163
9.982062399072495 0.38619520115936984
9.982062399072495 0.3966992177827309
9.982062399072495 0.41175820342055897
9.982062399072495 0.3975602039878258
9.982062399072495 0.39122444535138406
9.982062399072495 0.35802495963229153
9.982062399072495 0.3121158346620162
9.982062399072495 0.31552616885714063
9.982062399072495 0.3165571779479539
9.982062399072495 0.2423274983645212
9.982062399072495 0.23243233846491876
9.982062399072495 0.22602603085673195
9.982062399072495 0.23459104764785857
9.982062399072495 0.23494211260145767
9.982062399072495 0.2695224037112366
9.982062399072495 0.26700951849421894
9.982062399072495 0.2658729237145246
9.982062399072495 0.23065312805121232
9.982062399072495 0.2411094612030228
9.982062399072495 0.24136408552589608
9.982062399072495 0.2319061067320186
9.982062399072495 0.27759954147147686
9.982062399072495 0.29496424114884856
9.982062399072495 0.3109169147068336
9.982062399072495 0.30582750176555884
9.982062399072495 0.31220418593947274
9.982062399072495 0.32097331073809593
9.982062399072495 0.2966603811036943
9.98265525558798 0.3137681955097201
9.98265525558798 0.32812431863699887
9.98265525558798 0.2984117083337448
9.98265525558798 0.30510809327524446
9.98265525558798 0.2942006970182354
9.98265525558798 0.30412251892247827
9.983703897037644 0.30103335681187476
9.983703897037644 0.27987808516281293
9.983703897037644 0.26953773895194344
9.983703897037644 0.27867612130198705
9.983703897037644 0.26051314788364377
9.983703897037644 0.25191626430991926
9.983703897037644 0.2702580712976014
9.983703897037644 0.258362117598462
9.985560205751131 0.2590350162623517
9.985560205751131 0.2303019597527154
9.985560205751131 0.23403484810573316
9.98613011530052 0.24898682706714098
9.98613011530052 0.24847859488929908
9.98613011530052 0.22310136124353586
9.98613011530052 0.2284259423589855
9.98613011530052 0.22240212663711664
9.98613011530052 0.22136732220367117
9.98613011530052 0.21995273642449784
9.98613011530052 0.22915842174861267
9.98613011530052 0.2354137570680717
9.98613011530052 0.2631844914836388
9.98613011530052 0.2864223539824614
9.98613011530052 0.29251615071516457
9.98613011530052 0.3070529201440662
9.98613011530052 0.32874385321591515
9.98613011530052 0.3520851703069919
9.98613011530052 0.3622277352345954
9.987139557229023 0.3582024986156767
9.987139557229023 0.34063473446436243
9.987139557229023 0.33807705517109327
9.987139557229023 0.3281463070709207
9.987139557229023 0.32554025268823233
9.987139557229023 0.3142909322721326
9.987430983179006 0.31591840805009636
9.987430983179006 0.3229503463083399
9.987430983179006 0.2717846564562377
9.987430983179006 0.30014303469327847
9.987430983179006 0.29195781903707724
9.987430983179006 0.28498244485064267
9.987430983179006 0.26607504472714527
9.987430983179006 0.26706453265456936
9.987430983179006 0.26799769972067233
9.987430983179006 0.27466340429271136
9.987430983179006 0.2909251332246771
9.987430983179006 0.3204864871198087
9.987430983179006 0.3434763670225146
9.987430983179006 0.3048083622571967
9.987430983179006 0.3150049647996316
9.988627308226832 0.29691019018092146
9.988627308226832 0.29007767855538313
9.988627308226832 0.29550769020320894
9.988627308226832 0.291875587186046
9.988627308226832 0.293982102079899
9.988627308226832 0.31156698993072124
9.988627308226832 0.31964524908481756
9.988627308226832 0.3256298334380471
9.988627308226832 0.3360647752817813
9.988627308226832 0.3032855008058689
9.988627308226832 0.28427511763785923
9.988627308226832 0.3017163222024576
9.988627308226832 0.29477536600822585
9.988627308226832 0.310634931945908
9.988627308226832 0.2977019231433513
9.988627308226832 0.27691942193988744
9.988627308226832 0.2755748853704855
9.988627308226832 0.28505979707038276
9.988627308226832 0.2576677432900859
9.988627308226832 0.25055322541866365
9.988627308226832 0.2550682364568061
9.988627308226832 0.2403821897877341
9.988627308226832 0.23703539426439874
9.988627308226832 0.23711454643195434
9.988627308226832 0.24170306473713257
9.988627308226832 0.25538841442869475
9.988627308226832 0.24651151454055367
9.988627308226832 0.2578147839406113
9.988627308226832 0.25334132588281405
9.988627308226832 0.2550272864694345
9.988627308226832 0.2416517978952418
9.988627308226832 0.25822869165532786
9.988627308226832 0.24025929719475903
9.988627308226832 0.25537421183522035
9.988627308226832 0.25025569624444816
9.988627308226832 0.23599490538177198
9.988627308226832 0.23388217554743748
9.988627308226832 0.2484089981242631
9.988627308226832 0.24705076969169787
9.988627308226832 0.22078066650380934
9.988627308226832 0.22171301854075007
9.988627308226832 0.2176350658635617
9.988627308226832 0.22370435514097645
9.988627308226832 0.21774531742393718
9.988627308226832 0.21584584219001063
9.988627308226832 0.2114310148346745
9.98870809907211 0.21145010516845747
9.98870809907211 0.22339261821122544
9.98870809907211 0.2196702495800941
9.98870809907211 0.22657698857476524
9.98870809907211 0.23491781764787475
9.98870809907211 0.2349998900786519
9.98870809907211 0.20470059207587232
9.98870809907211 0.21047267009784856
9.98870809907211 0.21864642286218638
9.98870809907211 0.20424800068801757
9.98870809907211 0.20610209844027408
9.98870809907211 0.20346139424354592
9.98870809907211 0.21623595096843085
9.98870809907211 0.21892029867787766
9.98870809907211 0.2238269637074445
9.98870809907211 0.21814629514324976
9.98870809907211 0.22182053900369397
9.98870809907211 0.18552692005454194
9.98870809907211 0.13880028393934132
9.98870809907211 0.11653908641607691
9.98870809907211 0.12361220546780144
9.98870809907211 0.11437675186343661
9.98870809907211 0.10727458162721674
9.98870809907211 0.1136524555110724
9.98870809907211 0.111429263618349
9.98870809907211 0.11349121324657933
9.98870809907211 0.11053713173425296
9.98870809907211 0.10171887863332751
9.98870809907211 0.09983886280828644
9.98870809907211 0.10473165497374301
9.98870809907211 0.1071301810191575
9.98870809907211 0.11423830506894028
9.98870809907211 0.11455638598502266
9.98870809907211 0.09921458932396615
9.98870809907211 0.1020397001427245
9.98870809907211 0.09745880261095002
9.98870809907211 0.10161040564053948
9.98870809907211 0.09190971333048344
9.98870809907211 0.09174914328192867
9.98870809907211 0.09381214107332973
9.989596324816647 0.10178012822052822
9.989596324816647 0.10825078294012587
9.989596324816647 0.10366262855246917
9.989596324816647 0.10830677554593145
9.989596324816647 0.11960247629354391
9.989596324816647 0.12109205523847218
9.989870387318181 0.12114695519779987
9.989870387318181 0.11240430967990271
9.989870387318181 0.11640260677827335
9.989870387318181 0.12012617316110559
9.989870387318181 0.11904651994643851
9.989870387318181 0.119132397533693
9.989870387318181 0.11399757474401165
Score: 9.989870387318181
Runtime: 5201ms
