2.4980998418797526E-6 4.612704272873006
9.304754423613448E-5 4.3560495294270725
1.353934257755281E-4 3.9371706455018374
6.259706045129491E-4 3.831198850218234
0.0041176868434249754 3.8471659317919715
0.007387529668377049 3.7982851154739388
0.01966034939076386 3.7552125575167716
0.022179593593173192 3.5503803944100065
0.04136648041119488 3.4062028918035203
0.08452841024220661 3.286422512506989
0.1068754957722182 3.2297557880197294
0.2062294576192782 3.2354004664813774
0.2062294576192782 3.1570863795644155
0.21722921975946133 2.86153281586255
0.3382519549835833 2.7869785572208343
0.42985482799947694 2.826459974990975
0.4504204899765219 2.8299319043158677
0.4504204899765219 2.8612861542157515
0.5055930233914339 2.900315444971389
0.6638488964444347 3.057299624681732
0.9010452795190265 3.093316581178012
0.9010452795190265 2.7963310364552108
0.9010452795190265 2.8114479226496987
0.9010452795190265 2.799104128349781
1.9060091047115306 2.7389720123015486
1.9060091047115306 2.8485780578752466
1.9060091047115306 2.8123557566166224
1.9060091047115306 2.844069877877208
1.9060091047115306 2.9022066205969552
1.922621135301052 2.8029129546256057
1.922621135301052 2.8583536992555123
2.690018971904355 2.975052020828893
2.690018971904355 2.973856099960092
2.690018971904355 2.8344032661619885
2.690018971904355 3.02725721417062
2.690018971904355 3.006724099419063
2.690018971904355 3.0066569262570995
2.690018971904355 2.9261659072423694
2.690018971904355 2.961106129419154
2.690018971904355 2.918525018980558
2.690018971904355 3.044392123422997
3.040534515712809 2.9748824721382507
3.040534515712809 3.129874343899356
3.6275347602152612 2.9728645931970967
3.6275347602152612 3.221837946181986
3.6275347602152612 3.016100948340993
3.731361255453296 2.9298397965541683
3.731361255453296 3.0843812448518726
4.948086272511835 3.0051891966273616
4.948086272511835 2.987118862357414
4.948086272511835 3.1031811977632366
4.948086272511835 3.080161604626138
4.948086272511835 3.0190873591219582
4.948086272511835 3.089988161908207
4.948086272511835 3.1849213355008383
4.948086272511835 3.327423522184874
4.948086272511835 3.305896413220056
4.948086272511835 3.078347302771682
5.8451425807553425 2.9989886729422124
5.8451425807553425 2.9622789195613684
5.8451425807553425 3.1231836553367724
5.8451425807553425 3.2160040648094403
5.9650299439265675 3.029202355315984
5.9650299439265675 2.91782774595793
6.717598597877732 2.78897225406461
6.717598597877732 2.6142885412410535
6.717598597877732 2.7134191321284042
6.883251929047141 2.868251511292283
6.883251929047141 2.8113769776964177
6.883251929047141 2.9135602631909348
6.913713996039093 2.83744917666951
7.228301987542013 2.588873871151326
7.228301987542013 2.7422659258567896
7.228301987542013 2.656926747978848
7.228301987542013 2.7371736020698676
7.228301987542013 2.903067452856325
7.228301987542013 2.886509492979584
7.228301987542013 2.8904058227058598
7.228301987542013 2.816919321062328
7.228301987542013 2.944801014138082
7.228301987542013 2.785093462382032
7.228301987542013 2.465677327268714
7.228301987542013 2.7046488575770753
7.228301987542013 2.553741421146708
7.228301987542013 2.7653246409799324
7.228301987542013 2.729509764741847
7.344584696960611 2.3177395398800384
7.344584696960611 2.3820052370867253
7.344584696960611 2.4397896205203726
7.381660690512188 2.211890214178359
7.430363933583326 2.162210168911327
7.430363933583326 2.252760482774106
7.430363933583326 2.2633995454591025
7.430363933583326 2.1397891882432845
7.836500865806491 2.2472360893818593
7.836500865806491 2.164706259246338
8.277138775896544 2.52530475465248
8.277138775896544 2.3280759559485733
8.277138775896544 2.1407970473628577
8.31248867777638 2.229506042539164
8.31248867777638 2.001778114966978
8.31248867777638 2.0059889860569666
8.31248867777638 2.098015106995226
8.31248867777638 2.0539088539827794
8.31248867777638 1.959168440071311
8.31248867777638 2.0164459622894
8.515151946923115 1.8710710072495598
8.515151946923115 1.8865010200977685
8.515151946923115 1.8756912838490405
8.515151946923115 1.8815536827298
8.637368421912196 1.8689071034596372
8.705305603473592 1.8735350632905572
8.705305603473592 1.9495976556631656
8.705305603473592 1.92711161127305
8.705305603473592 2.0038580492357245
8.705305603473592 2.1032469453042326
8.705305603473592 1.9689846563875817
8.705305603473592 1.9633740517099374
8.705305603473592 2.085069970848002
8.705305603473592 1.924067185310616
8.705305603473592 2.0321714436709426
8.705305603473592 1.9751816425806092
8.705305603473592 2.0262150157744636
8.959212100517517 2.078491482983707
8.959212100517517 2.0929692783868266
8.959212100517517 2.3272290636497313
8.959212100517517 1.8756022877998362
8.959212100517517 2.0824033017856696
8.959212100517517 1.8689552950324815
8.959212100517517 1.77207883194516
8.959212100517517 1.738523241462293
8.959212100517517 1.7508216147099267
8.959212100517517 1.7344766854892881
8.959212100517517 1.8348605252282593
8.959212100517517 1.8789637038332248
8.980060167096731 1.9566315915465695
8.980060167096731 1.9436298981297038
8.980060167096731 1.8439222700354625
8.980060167096731 1.9782105019193261
8.980060167096731 1.9454061435553869
9.047253320712 2.1593948272213903
9.1143421617635 2.1136954934739083
9.1143421617635 1.8992755858080743
9.1143421617635 1.816086049982461
9.1143421617635 1.8621407189124355
9.155997456683224 1.8376332597544953
9.19555925973426 1.916887630859864
9.19555925973426 1.7930449777026256
9.19555925973426 2.0555386510940497
9.41725759810376 1.6550757040068547
9.41725759810376 1.689375481967591
9.41725759810376 1.678038268851758
9.41725759810376 1.8376990140042244
9.41725759810376 1.8104054261489595
9.41725759810376 1.8232766335444235
9.625934952628205 1.86886836908893
9.625934952628205 2.067432334618741
9.625934952628205 2.1366615502284274
9.625934952628205 2.068398504731563
9.655121350531047 1.8002063895549907
9.655121350531047 1.604586320409218
9.655121350531047 1.6154781258737783
9.655121350531047 1.6104875908212928
9.655121350531047 1.6331051717746259
9.655121350531047 1.5987008902823974
9.68237920649398 1.6392451778043735
9.835986527491977 1.7377084307201793
9.835986527491977 1.8431462542191286
9.835986527491977 2.083064528642289
9.835986527491977 1.9979577444495222
9.835986527491977 1.7022499808118887
9.835986527491977 1.6525956532686337
9.842719855074256 1.5897233504165642
9.842719855074256 1.440876001388136
9.842719855074256 1.289257796349928
9.842719855074256 1.2462067840450848
9.852203793386554 0.9993021856749734
9.852203793386554 0.9611761436009344
9.852203793386554 0.9187809971909693
9.852203793386554 0.9616420082922719
9.852203793386554 1.0115779771115534
9.852203793386554 0.9832207268861579
9.852203793386554 0.9970811679284898
9.852203793386554 0.9687718704005914
9.852203793386554 1.0127598395701987
9.852203793386554 1.0673488907141324
9.852203793386554 1.0090073871889493
9.852203793386554 1.0029425259028477
9.852203793386554 0.9939992883668279
9.852203793386554 1.003674227122252
9.852203793386554 1.1056833449254266
9.852203793386554 1.0539221193826274
9.856778458286458 1.1348307302685903
9.856778458286458 1.1109576436534154
9.856778458286458 1.1144324908621344
9.856778458286458 1.1736719157650464
9.856778458286458 1.049300929539269
9.856778458286458 1.0776518348146897
9.856778458286458 1.0254378139341516
9.856778458286458 1.0471888809181995
9.856778458286458 0.9498949949251924
9.856778458286458 0.9821330258110371
9.856778458286458 0.8810578657321291
9.856778458286458 0.8653977409324701
9.856778458286458 0.7509908108554849
9.856778458286458 0.8044217266705797
9.856778458286458 0.7862825708036887
9.856778458286458 0.8221862737189459
9.856778458286458 0.8821615529994864
9.856778458286458 0.8312907004542306
9.856778458286458 0.9048049139417208
9.856778458286458 0.9446525243498152
9.856778458286458 0.967989155206568
9.856778458286458 0.9765136779542932
9.856778458286458 0.9230788826635268
9.856778458286458 0.8689148767090198
9.856778458286458 0.9299778069437247
9.856778458286458 0.9301572289342407
9.856778458286458 0.9119727038635294
9.863810109012572 0.9466938443017301
9.863810109012572 0.8898156350263478
9.863810109012572 0.918908912226689
9.869079804424066 0.9145584899584628
9.869079804424066 0.9123958045934508
9.869079804424066 0.9467979768493363
9.869079804424066 0.8838025318203881
9.895255371331004 0.8711994188711549
9.895255371331004 0.9190996196622918
9.895255371331004 0.81630555520738
9.905895091747933 0.8185912239106878
9.905895091747933 0.8799718905990302
9.905895091747933 0.900846362042486
9.905895091747933 0.7818603166351134
9.905895091747933 0.8083199465738189
9.905895091747933 0.8366550901442724
9.905895091747933 0.7802915182505379
9.905895091747933 0.804661027458385
9.905895091747933 0.7874333343536617
9.905895091747933 0.7823036371674462
9.905895091747933 0.7341252292050385
9.905895091747933 0.7875133404228603
9.905895091747933 0.7239877996630081
9.906967712652722 0.7721538558704398
9.908924195716727 0.7420463735837673
9.915237190163772 0.7563734960483682
9.915237190163772 0.8246778432950096
9.920203403542615 0.8071662883084008
9.920203403542615 0.7760668821584756
9.920203403542615 0.8029486957281321
9.920203403542615 0.7645669265440557
9.920203403542615 0.705603008317645
9.92081901793653 0.7483190356845933
9.927989985276612 0.5665481170642547
9.927989985276612 0.5932499808547349
9.927989985276612 0.5970600030120689
9.927989985276612 0.617085633446948
9.927989985276612 0.6406807020533994
9.927989985276612 0.67911231149765
9.927989985276612 0.6399666482430909
9.927989985276612 0.6509257127944954
9.927989985276612 0.597111111532268
9.927989985276612 0.6503406265252323
9.927989985276612 0.7176511427638976
9.927989985276612 0.7735755075912765
9.927989985276612 0.7666109603624782
9.927989985276612 0.7010431770937735
9.927989985276612 0.672788002207454
9.928582955507764 0.6951000147753508
9.928582955507764 0.6027877052907173
9.928582955507764 0.6185703051768913
9.941116574694433 0.7033359887869366
9.941116574694433 0.7481609714440219
9.961841677977162 0.658917108080708
9.961841677977162 0.6619911056781173
9.961841677977162 0.6594033525652007
9.961841677977162 0.6713945542495089
9.961841677977162 0.6094806772342642
9.961841677977162 0.6319668123636079
9.961841677977162 0.6914581108336736
9.961841677977162 0.7110546049605786
9.966203229540552 0.7342343118230669
9.966203229540552 0.7644725883679497
9.966203229540552 0.7117466478899263
9.966203229540552 0.7279554213558572
9.966203229540552 0.6239843572874104
9.966203229540552 0.6478916317595479
9.966203229540552 0.5807905346883162
9.966203229540552 0.5184394080409392
9.966203229540552 0.4886750643654879
9.966203229540552 0.5077521604257013
9.966203229540552 0.525207031849101
9.966203229540552 0.5418973132245898
9.966203229540552 0.5557240727578091
9.966203229540552 0.5519815820824867
9.966203229540552 0.5674872709751455
9.966203229540552 0.589031728953548
9.966203229540552 0.6115516566856916
9.966203229540552 0.6079498080452561
9.966203229540552 0.6390931067192646
9.966203229540552 0.6020185882241655
9.966203229540552 0.6344343284063834
9.966203229540552 0.6520855211139013
9.966203229540552 0.6863729491040951
9.966203229540552 0.6696143845589834
9.966203229540552 0.656264574751445
9.980749134336463 0.6822786523609351
9.980749134336463 0.7061348095690126
9.980749134336463 0.6842233413420005
9.980749134336463 0.668524487976315
9.980749134336463 0.7323477103993421
9.980749134336463 0.6605610642988602
9.980749134336463 0.6805804611418667
9.980749134336463 0.6624586807443108
9.980749134336463 0.5930940472520966
9.980749134336463 0.5979372402313784
9.980749134336463 0.608084563988089
9.980749134336463 0.498299337836539
9.983557757405872 0.4767675343865767
9.983557757405872 0.45792499573638773
9.983557757405872 0.4661408602026995
9.983557757405872 0.48980537943562735
9.983557757405872 0.49254584792561656
9.983557757405872 0.4921310229393329
9.984328664550583 0.464238021446271
9.984328664550583 0.4012978947847351
9.984328664550583 0.4026131647327114
9.985112093953315 0.38006165363452765
9.985112093953315 0.39185526216582434
9.985802253278733 0.3882297516688494
9.985802253278733 0.37059145931991955
9.989875076207397 0.3784906072622348
9.989875076207397 0.3539268667555487
9.989875076207397 0.34411421279600074
9.989875076207397 0.33982233126313216
9.989875076207397 0.3469187656693981
9.989875076207397 0.2790905480783496
9.989875076207397 0.2755995161524828
9.989875076207397 0.2504675191177962
9.989875076207397 0.2466303772452816
9.989875076207397 0.25684703231734707
9.989925396742219 0.25983206824738464
9.991649732341433 0.2702981634996296
9.991937839206816 0.2466905656287236
9.991937839206816 0.2596372919439498
9.992898205896225 0.24240026345286694
9.992898205896225 0.21804807784816796
9.992898205896225 0.22013684657310137
9.992898205896225 0.24108751404843565
9.992898205896225 0.23852354208768706
9.992898205896225 0.2538489547957527
9.992898205896225 0.24399443777561197
9.992898205896225 0.2662290958567245
9.992898205896225 0.24890072086246942
9.993540451549395 0.25332424018725097
9.9939655663344 0.2684997181762701
9.993970130535784 0.25516571625112455
9.993970130535784 0.23264687606900425
9.993970130535784 0.24169178059772467
9.993970130535784 0.25072105797331107
9.993970130535784 0.24790365344407164
9.993970130535784 0.2546355112518701
9.994327136199054 0.253938431242883
9.994327136199054 0.24557109710544192
9.994327136199054 0.22743089093038657
9.994327136199054 0.20456719236892976
9.994327136199054 0.17553767682142712
9.994327136199054 0.17853293166216352
9.994327136199054 0.17348933724769006
9.994327136199054 0.16795606211449374
9.994327136199054 0.1750660035947734
9.994327136199054 0.17697710118470164
9.994327136199054 0.16693149082304165
9.994327136199054 0.14910733837102352
9.994327136199054 0.1514004716789434
9.994327136199054 0.14963698837830072
9.994327136199054 0.15581221900236866
9.994327136199054 0.1582563876973448
9.994815196953914 0.16562206763958437
9.994815196953914 0.16054827092937343
9.994815196953914 0.15573710469557459
9.994815196953914 0.16511366182726636
9.994815196953914 0.16189989320670192
9.994815196953914 0.15425454008828196
9.994815196953914 0.1627134687114656
9.995463998922494 0.1753344751527658
9.995463998922494 0.17870077073483828
9.995463998922494 0.14838767115675042
9.995463998922494 0.1433229608269422
9.995463998922494 0.15323067538063115
9.995463998922494 0.12765834288383443
9.995463998922494 0.13125031779280474
9.995463998922494 0.13066578090238445
9.995463998922494 0.13750738072747
9.995463998922494 0.15125696856162496
9.995463998922494 0.15774678531881642
9.995463998922494 0.15315501922988597
9.995463998922494 0.15672756032379137
9.995463998922494 0.14741840906244444
9.995463998922494 0.1488456093029801
9.995463998922494 0.1391893108747124
9.995463998922494 0.1334972642362329
9.995463998922494 0.11923289648699559
9.995463998922494 0.10310509099818735
9.995463998922494 0.11266481339094668
9.995668384951841 0.11917421567375504
9.995668384951841 0.12866268425147426
9.995668384951841 0.11666567437148108
9.995668384951841 0.11975226389025781
9.996007488866521 0.12488714943780792
9.996007488866521 0.14743769204445978
9.996007488866521 0.14896513464340572
9.996007488866521 0.1518828754173904
9.996007488866521 0.15160422751524166
9.996007488866521 0.1563067214938359
9.996007488866521 0.16481327479059926
9.996007488866521 0.14016712472868306
9.996056563250754 0.13059372447124287
9.996056563250754 0.11810216675034049
9.996056563250754 0.11693726732356204
9.996056563250754 0.0918302818154111
9.996056563250754 0.09404038305258326
9.996056563250754 0.0928377566692295
9.996220195706481 0.09147743876466917
9.996220195706481 0.09389542100560376
9.996220195706481 0.09328898121155395
9.996220195706481 0.08347017219080964
9.996220195706481 0.07641305100794274
9.996220195706481 0.07963447346823124
9.996220195706481 0.07612362300721738
9.996220195706481 0.07726892054753653
9.996220195706481 0.07850771026437033
9.996438080160644 0.09341827532682846
9.996438080160644 0.102481010752778
9.996438080160644 0.09888990306710116
9.996438080160644 0.09098801156296289
9.996438080160644 0.09308825538342211
9.996438080160644 0.10265607455678634
9.996438080160644 0.10069069607009772
9.996476098046916 0.09952872804160019
9.996476098046916 0.11079980756079535
9.996476098046916 0.11797200665710468
9.996476098046916 0.12086886985630997
9.996476098046916 0.12610613058212256
9.996476098046916 0.1177281908297243
9.996476098046916 0.11697615944949168
9.996476098046916 0.11776809060652885
9.996476098046916 0.12109024662457574
9.996476098046916 0.12160225042841846
9.996476098046916 0.12165880780876608
9.996476098046916 0.12296159670119598
9.996476098046916 0.11940807979687852
9.996476098046916 0.1192087758672677
9.996476098046916 0.12335739043845019
9.996476098046916 0.12786610920377664
9.996476098046916 0.12885680967785199
9.99661545721394 0.1322464272276694
9.99661545721394 0.12889727101338289
9.99661545721394 0.1293096379475825
9.99661545721394 0.1459730702985027
9.99661545721394 0.15373937774946475
9.99661545721394 0.1345079752282794
9.99661545721394 0.13267868017756923
9.99661545721394 0.14322870197196927
9.99661545721394 0.13209909460039596
9.99661545721394 0.13099378505414483
9.99661545721394 0.13952892646589166
9.99661545721394 0.14386199826288576
9.99661545721394 0.14299489423477185
9.99661545721394 0.1355928846001333
9.99661545721394 0.13066160068272914
9.99661545721394 0.1296307482177524
9.99661545721394 0.1285186066010153
9.99661545721394 0.1303790031364994
9.99661545721394 0.13534495544061753
9.996788598779014 0.14011076948009396
9.996788598779014 0.12284461232847185
9.996788598779014 0.1323832882634938
9.996788598779014 0.11364801194990261
9.996788598779014 0.10302071152953778
9.996788598779014 0.10461128838562561
9.996910765507895 0.10435769204210608
9.996910765507895 0.10855906934026843
9.996910765507895 0.10661685488668157
9.996910765507895 0.09911411665259227
9.996910765507895 0.09539493431087447
9.996910765507895 0.10074687813189596
9.996910765507895 0.10877011895371863
9.996910765507895 0.10966548844758166
9.996910765507895 0.1092126159987522
9.996910765507895 0.10869871453668385
9.99714798934397 0.1089779300367065
9.99714798934397 0.11294757825586897
9.99714798934397 0.11506810967906365
9.99714798934397 0.11736556935441148
9.99714798934397 0.10658037978578722
9.99714798934397 0.10156734781823443
9.99714798934397 0.10568982378266235
9.99714798934397 0.10027188400120067
9.99714798934397 0.09840744393697456
9.99714798934397 0.09694100121204278
9.99714798934397 0.10477985136991035
9.99714798934397 0.10551950622029584
9.99714798934397 0.09514177233609172
9.99714798934397 0.09019807431138238
9.99714798934397 0.0967553535687601
9.99714798934397 0.08851429128194088
9.99714798934397 0.07236574634124433
9.99714798934397 0.07637701204339531
9.99714798934397 0.0781108752647189
9.99714798934397 0.07987960757705492
9.99714798934397 0.07548668148848091
9.99714798934397 0.07801128486478516
9.99714798934397 0.08691315934699352
9.99714798934397 0.08233032291173997
9.99714798934397 0.08475183797078405
9.99714798934397 0.07957590887860265
9.99714798934397 0.07606591796021114
9.99714798934397 0.0787705716216627
9.99714798934397 0.0722577516289287
9.99714798934397 0.06984312783407837
9.99714798934397 0.07043524832389515
9.99714798934397 0.07681091213411359
9.99714798934397 0.08125535371909637
9.99714798934397 0.08121122647326456
9.99714798934397 0.085505748715808
9.99714798934397 0.08690763297345976
9.99714798934397 0.08382456177221448
9.99714798934397 0.08952094784565667
9.99714798934397 0.08177983086847838
9.99714798934397 0.08469510825324708
9.99714798934397 0.08446679747658922
9.99714798934397 0.08926185544980977
9.99714798934397 0.08884837012480591
9.99714798934397 0.09540711048852309
9.99714798934397 0.0989645774311017
9.99714798934397 0.10075409117011495
9.99714798934397 0.10896034900906962
9.99714798934397 0.11023424260635929
9.99714798934397 0.12177625716550172
9.99714798934397 0.12152766947822684
9.99714798934397 0.1164731845077767
9.99714798934397 0.12661342918470547
9.99714798934397 0.13210580481520523
9.99714798934397 0.13209842030061078
9.99714798934397 0.12971451363868752
9.99714798934397 0.1040653997593519
9.99714798934397 0.11064060841119856
9.99714798934397 0.08631693173176389
9.99714798934397 0.09121751683218834
9.99714798934397 0.07972760468793831
9.99714798934397 0.088297110005219
9.99714798934397 0.08812075446661519
9.99714798934397 0.08859746112717648
9.99714798934397 0.09165289489130245
9.99714798934397 0.08609456756917756
9.99714798934397 0.09153983918581775
9.99714798934397 0.08774101395875408
9.99714798934397 0.08113188119075805
9.99714798934397 0.07812513033312342
9.99714798934397 0.08407388064384086
9.99714798934397 0.07903602371562618
9.99714798934397 0.06922303299710651
9.99714798934397 0.07210627924075726
9.99714798934397 0.07685700817819781
9.99714798934397 0.07243735481042327
9.99714798934397 0.07197961177865936
9.99714798934397 0.07866842889136519
9.99714798934397 0.08343162225440916
9.99714798934397 0.07991196730847383
9.99714798934397 0.08457289810957579
9.99753007349325 0.0840822012590289
9.99753007349325 0.0896345459795759
9.99753007349325 0.09846880354302634
9.99753007349325 0.11851650838463632
9.99753007349325 0.13548770552565098
9.99753007349325 0.12563157833301702
9.99753007349325 0.13035197740542329
9.99753007349325 0.13435675518322684
9.99753007349325 0.11851749659797645
9.99753007349325 0.09360376810762494
9.99753007349325 0.07483197435000997
9.99753007349325 0.07188789304397353
9.99753007349325 0.07425141170052398
9.99753007349325 0.08041061157773086
9.99753007349325 0.07663299873917274
9.99753007349325 0.07841976826700034
9.99753007349325 0.07198636831252926
9.99753007349325 0.06849857429343079
9.99753007349325 0.07596417186376402
9.99753007349325 0.07652169694041706
9.99753007349325 0.07494878428539212
9.99753007349325 0.0766285985455903
9.99753007349325 0.07403478200775249
9.99753007349325 0.07566191916987075
9.99753007349325 0.07741770928609693
9.99753007349325 0.07367913629376753
9.99753007349325 0.07989099260374248
9.99753007349325 0.06860253134753012
9.99753007349325 0.06525264276008488
9.99753007349325 0.057682042975768344
9.99753007349325 0.054793767430123284
9.99753007349325 0.05852457000614411
9.99753007349325 0.05648954073941089
9.99753007349325 0.058226788027490636
9.99753007349325 0.05551453747192414
9.99753007349325 0.0550094769085137
9.99753007349325 0.055246972337780115
9.99753007349325 0.051902923218410786
9.99753007349325 0.0479334355068162
9.99753007349325 0.04904211332335692
9.99753007349325 0.04866698952130817
9.99753007349325 0.0476331206870831
9.99753007349325 0.04744986734996352
9.99753007349325 0.04646792591524639
9.99753007349325 0.046632011228030124
9.99753007349325 0.05050048600239546
9.99753007349325 0.05281244129905099
9.99753007349325 0.05445137179984205
9.99753007349325 0.05811188512681211
9.99753007349325 0.05379365413981357
9.99753007349325 0.05467770141094147
9.99753007349325 0.05609314684088284
9.99753007349325 0.05336380772022727
9.99753007349325 0.0556669639394926
9.99753007349325 0.055103260057696474
9.99753007349325 0.05867748049070168
9.99753007349325 0.05973718738593114
9.99753007349325 0.06420082991104614
9.99753007349325 0.06347173677788763
9.99753007349325 0.06621064915123527
9.99753007349325 0.06677648175379168
9.99753007349325 0.0681742936129995
9.99753007349325 0.0682067105706163
9.99753007349325 0.0701549121846151
9.99753007349325 0.06268102442567026
9.99753007349325 0.06547294246491582
9.99753007349325 0.07076526195867053
9.99753007349325 0.07104565188876119
9.99753007349325 0.0725612041916317
9.99753007349325 0.07924768152798062
9.99753007349325 0.08166947095651925
9.99753007349325 0.08016436658575345
9.99753007349325 0.07748203358743899
9.99753007349325 0.08126501050934977
9.99753007349325 0.07282650798568747
9.99753007349325 0.07244826259516919
9.99753007349325 0.06856471702321586
9.99753007349325 0.06689711561798477
9.99753007349325 0.07032060586962903
9.99753007349325 0.0642442279838455
9.99753007349325 0.06394592880802923
9.99753007349325 0.07357744048448088
9.99753007349325 0.07103326919035455
9.99753007349325 0.07652942154345337
9.99753007349325 0.07650863243218867
9.99753007349325 0.07690957625085384
9.99753007349325 0.07401198912819598
9.99753007349325 0.0710706763361852
9.99753007349325 0.07374069829845417
9.99753007349325 0.07285185117873129
9.99753007349325 0.07590902167593935
9.99753007349325 0.08280133233017685
9.99753007349325 0.08667466241006568
9.99753007349325 0.08792365193275362
9.99753007349325 0.09159600275557102
Score: 9.99753007349325
Runtime: 5278ms
