2.1210989438060057E-5 4.7273056931283515
1.9319147605391897E-4 4.547094183803173
1.9319147605391897E-4 3.639848191694647
2.949688121045927E-4 3.690775042220749
0.001467790834287927 3.726582038249319
0.00600337020830242 3.688396626408027
0.034967152351357556 3.7578357973228207
0.1380254148652715 3.7151186185221565
0.1380254148652715 3.6443109137982423
0.3965730750465343 3.7780088531307463
0.3965730750465343 3.8075043757489038
0.3965730750465343 3.5574866793691293
0.4823896907890123 3.597742109324743
0.4823896907890123 3.747202874103532
0.905734373323997 3.7408321528216812
0.905734373323997 3.555306429992602
1.2752723438900917 3.5910187199941332
1.2752723438900917 3.651125207770555
1.329432864177236 3.700871406278791
1.329432864177236 3.343008200069152
1.329432864177236 3.374634307641251
1.537153524244315 3.2782459719115526
1.537153524244315 3.0738947099653045
1.537153524244315 3.2428513461234725
1.537153524244315 3.410306307149644
1.5455590241628026 3.3700225979556544
1.5879104692372426 3.3982492326059632
1.9338586981876595 3.574056045018051
2.68121261424479 3.427316549149619
2.68121261424479 3.2880027178476983
2.68121261424479 3.237632211571993
2.68121261424479 3.3183482299838216
2.8514376824960097 3.3032016459011695
3.241518567106599 3.188399862389447
3.4455056936779425 3.0799002426143045
4.7303160598329 3.075757929395119
4.7303160598329 3.138925026660771
4.7303160598329 2.9099087666351586
4.7303160598329 3.062795461037955
4.7303160598329 3.1237854283255677
4.7303160598329 3.126002432124663
5.947265604652573 2.896628276211034
5.947265604652573 2.9082578764796008
5.947265604652573 2.7548460281986706
6.05745500515248 2.6633245234959757
6.05745500515248 2.876877551507201
6.05745500515248 2.956641991351491
6.05745500515248 2.7858105538088997
6.05745500515248 2.911736655455772
6.05745500515248 2.9228751008513494
6.375610124449439 2.8433528163973354
6.577189193205946 2.807719525990903
7.217293741385506 2.8151896238540948
7.217293741385506 2.719583949920526
7.217293741385506 2.669150895149356
7.217293741385506 2.6995507097630633
7.217293741385506 2.6929080069690277
7.604370257938541 2.8129587777270526
7.604370257938541 2.6262109367273503
7.604370257938541 2.411140263377587
7.604370257938541 2.425160455485235
8.10773475111464 2.5740632731221504
8.10773475111464 2.552400043735607
8.10773475111464 2.5389716765357395
8.10773475111464 2.4385548404257325
8.10773475111464 2.260621169394923
8.10773475111464 2.3588621299890353
8.10773475111464 2.3575304308863347
8.10773475111464 2.403937783548457
8.153688780375383 2.4400310650940287
8.153688780375383 2.465756386569927
8.220985354148944 2.395246893901195
8.23509257470232 2.3216905389708966
8.23509257470232 2.1141938113623024
8.23509257470232 2.1276797202966993
8.372879033404269 2.069342470587075
8.372879033404269 2.2177653048670356
8.381262882511063 2.1821135499513202
8.80051562337829 2.14503836268977
8.80051562337829 2.2308981243212997
8.80051562337829 2.222831824287557
8.80051562337829 2.3166975830582506
8.80051562337829 2.338561781100394
8.80051562337829 2.3394944152680135
8.80051562337829 2.146529258799486
8.80051562337829 1.904518167561769
8.80051562337829 1.8258911972411753
8.80051562337829 1.8475758636229973
8.80051562337829 1.8039856194635775
8.80051562337829 1.8812004941608635
8.80051562337829 1.851220662607537
8.80051562337829 1.893354695935538
8.80051562337829 1.7842279692505572
8.80051562337829 1.8051758302575691
8.80051562337829 1.780518200367665
8.80051562337829 1.933505352516922
8.80051562337829 1.8467294404079495
8.80051562337829 1.9496578427541598
8.91274108750004 1.9144918927430243
8.91274108750004 1.9294161349179626
8.91274108750004 1.8795044852389113
8.91274108750004 1.7098201371471813
8.91274108750004 1.6578597323114155
8.91274108750004 1.6907494095679552
8.91274108750004 1.768572840291302
8.91274108750004 1.7932964745209097
8.91274108750004 1.9101350009358364
8.91274108750004 1.903833701144149
8.91274108750004 1.9501249006054702
8.91274108750004 1.8708121671829592
8.91274108750004 1.6638430036525977
8.91274108750004 1.7306488341442756
8.91274108750004 1.8423243370730689
8.91274108750004 1.9643439064004837
8.91274108750004 1.918884059217257
8.91274108750004 1.9021701247773786
8.91274108750004 1.944724238840127
9.068143658247502 2.0775295849412942
9.080096471700339 2.1305705105059536
9.080096471700339 2.1089087743906743
9.080096471700339 2.2486239868891214
9.33956037193649 2.171244033273089
9.33956037193649 1.9436844140973213
9.33956037193649 1.7629444582391334
9.42398044455635 1.8055361778128698
9.4269362644696 1.7887525938795696
9.4269362644696 1.8085874146961676
9.4269362644696 1.8478650203510214
9.4269362644696 1.871801351104895
9.494114557765132 1.8259499741049645
9.494114557765132 1.7520543451586477
9.494114557765132 1.7638484421126865
9.494114557765132 1.9183737927097164
9.494114557765132 1.9463189382740433
9.494114557765132 1.6424993738875409
9.494114557765132 1.5839704369050338
9.494114557765132 1.5831931682489688
9.50272221296684 1.5419924296502596
9.50272221296684 1.5542703949299086
9.540784647196283 1.5578487724055134
9.596137966594958 1.461512262383772
9.596137966594958 1.3171114246156497
9.683155792188469 1.122162592313739
9.773840929154025 1.142466022103065
9.773840929154025 1.1991746811595083
9.773840929154025 1.3284154356906854
9.781948937877917 1.2607915745947047
9.781948937877917 1.2086239981194742
9.781948937877917 1.1771274286164075
9.781948937877917 1.216113801619855
9.781948937877917 0.9726222488208522
9.781948937877917 0.9712172668811339
9.781948937877917 0.9879646860898406
9.781948937877917 1.042033366325551
9.781948937877917 1.0166368060705275
9.781948937877917 0.9268164266441596
9.781948937877917 0.959905354109282
9.781948937877917 1.033946248516332
9.781948937877917 1.0696527068743318
9.781948937877917 1.0317833992925076
9.781948937877917 1.1156709475977977
9.781948937877917 1.0948716000477179
9.781948937877917 1.1684105254934327
9.781948937877917 1.0521424140600513
9.781948937877917 1.0414210260792784
9.781948937877917 1.0340260993160633
9.781948937877917 1.0886712656952824
9.781948937877917 1.1381097759964547
9.790833808171405 1.1121905211463043
9.790833808171405 1.2202495244188691
9.790833808171405 1.1786339607786185
9.790833808171405 1.1857682960065756
9.790833808171405 1.345263915063942
9.790833808171405 1.311559035382534
9.790833808171405 1.308867653189787
9.795901369824154 1.38725877039912
9.795901369824154 1.3122651226670952
9.795901369824154 1.3189950296040924
9.795901369824154 1.3128744219074593
9.795901369824154 1.3107135627378161
9.795901369824154 1.3196309970428346
9.795901369824154 1.21711720199028
9.809057688789565 1.26544399803798
9.809057688789565 1.348880705927635
9.809057688789565 1.4275729018277523
9.809057688789565 1.281049173099409
9.809057688789565 1.1536066966258607
9.83058057964756 1.235124306045056
9.856795913323019 1.3269587971708716
9.856795913323019 1.3169393394879456
9.856795913323019 1.3077445021749408
9.856795913323019 1.384810651257802
9.856795913323019 1.2942500542658926
9.856795913323019 1.1508341773801165
9.856795913323019 1.274255467690892
9.887733625290487 1.124202185500199
9.887733625290487 1.071526546930981
9.887733625290487 0.876827553179831
9.887733625290487 0.9413692391841355
9.903576681654455 0.9148321297378923
9.903576681654455 0.9370193060643631
9.903576681654455 0.8629530250383395
9.903576681654455 0.8953196443194359
9.923840222579239 0.9177247459908638
9.923840222579239 0.9761796126701118
9.923840222579239 0.9411976345540416
9.923840222579239 0.9177370074123703
9.923840222579239 0.9954571543144236
9.923840222579239 0.9896672083586628
9.923840222579239 0.9675170731228172
9.923840222579239 0.9984843980816032
9.923840222579239 1.0109218045975135
9.923840222579239 0.9895256715464887
9.923840222579239 1.0241771537213107
9.923840222579239 0.9350536224589135
9.924134102929338 0.7757065484800313
9.924134102929338 0.6303073207605476
9.925479058419564 0.6549645463215257
9.925479058419564 0.6263937685296844
9.925479058419564 0.5398457415408011
9.925479058419564 0.5688503951891019
9.925479058419564 0.5601436874704749
9.925479058419564 0.5483448025672033
9.925479058419564 0.5164474995103467
9.925479058419564 0.5663065920179186
9.925479058419564 0.5475301891097911
9.930381054061371 0.5635653575103976
9.930381054061371 0.5796570601125939
9.93048416886315 0.5685563520098456
9.93048416886315 0.5673139787797448
9.93048416886315 0.563955758347613
9.93048416886315 0.5820776923728161
9.93048416886315 0.5789468116878022
9.936351882915952 0.5872921867852927
9.936351882915952 0.56232380920211
9.941230535103394 0.4608884845627213
9.941230535103394 0.4730082200176419
9.941230535103394 0.49067838525873364
9.941230535103394 0.4842308507495821
9.941230535103394 0.49246985697887957
9.941230535103394 0.5106754449125552
9.941230535103394 0.509742159196881
9.941230535103394 0.5161479437213448
9.941230535103394 0.5170058096306814
9.941230535103394 0.5041657448988647
9.941230535103394 0.5182197227521314
9.941230535103394 0.5496992249135926
9.941230535103394 0.5505006599865212
9.941230535103394 0.5461066394230564
9.951728607850848 0.5148978301353075
9.951728607850848 0.5136175019683938
9.951728607850848 0.5388928798785687
9.951728607850848 0.5186575112619615
9.951728607850848 0.4972096240361951
9.951728607850848 0.49635377885576104
9.951728607850848 0.5093549466948668
9.951728607850848 0.5173100510012413
9.951728607850848 0.5046679585552857
9.959955469710529 0.4487593810080001
9.959955469710529 0.42728247552493515
9.971727644726661 0.47100451571829133
9.971727644726661 0.5248441860250757
9.971727644726661 0.5614363918944154
9.971727644726661 0.5660981694423706
9.971727644726661 0.6056362090095452
9.971727644726661 0.5960130516240556
9.971727644726661 0.6263079339713687
9.971727644726661 0.6485654452768717
9.971727644726661 0.6388133925031222
9.971727644726661 0.5753319205231072
9.971727644726661 0.5984569232932192
9.971727644726661 0.6618571419940477
9.971727644726661 0.7036337522029762
9.971727644726661 0.6638850519950289
9.971727644726661 0.6517587527012206
9.971727644726661 0.6723070706996118
9.971727644726661 0.6707665575727697
9.971727644726661 0.6068017602368424
9.971727644726661 0.6340674568566097
9.971727644726661 0.6408076298101445
9.971727644726661 0.6073245920007695
9.971727644726661 0.6096948922352975
9.971727644726661 0.602356502434198
9.971727644726661 0.6132658607346362
9.971727644726661 0.6354368825203354
9.971727644726661 0.6080876762097822
9.971727644726661 0.5731492240154075
9.973321401605745 0.583952824699692
9.973703268835358 0.6444459597670017
9.973703268835358 0.6560261644785689
9.973703268835358 0.6789417201475397
9.973703268835358 0.7108031031279314
9.973703268835358 0.6881824845435527
9.973703268835358 0.6448543472419517
9.973703268835358 0.6346215793649086
9.973703268835358 0.6258171156709277
9.973703268835358 0.6480319750790985
9.973703268835358 0.6416770827375945
9.973703268835358 0.6770283140456296
9.973703268835358 0.6854621945121672
9.973703268835358 0.633656428420079
9.973703268835358 0.6247242946535744
9.97605702824872 0.6370742679696638
9.97605702824872 0.653005802221324
9.976782490753724 0.6790636134360825
9.976782490753724 0.6827179227592508
9.976782490753724 0.6574984122273009
9.978971401347634 0.6455312177219888
9.978971401347634 0.6574891964778926
9.979006381485462 0.6462486973045865
9.980316763595983 0.6201463824897757
9.980316763595983 0.6516450647689161
9.980488588788734 0.6742379462381516
9.981906374544607 0.6556094311409422
9.981906374544607 0.6533638242902622
9.981906374544607 0.6831009563548253
9.982859514089442 0.687639645731543
9.983023001112482 0.6744545081394363
9.983023001112482 0.6448377800502225
9.98544545743857 0.6434975461474847
9.98544545743857 0.696649638836967
9.98594564159914 0.6147097636682676
9.98594564159914 0.6721592336550244
9.98594564159914 0.697793894984388
9.988930630987827 0.6884818976527479
9.988930630987827 0.6829210636855443
9.988930630987827 0.634254763667351
9.988930630987827 0.5702235214981304
9.989037829525069 0.5652504948654278
9.989037829525069 0.5902143759205404
9.989037829525069 0.56629079779675
9.989037829525069 0.5666459138828587
9.989037829525069 0.5131915681019615
9.989037829525069 0.5087041078713483
9.989131621814195 0.42109656473608387
9.989131621814195 0.3960435384137075
9.989131621814195 0.3932672601269262
9.989131621814195 0.3966270804557734
9.989131621814195 0.4198483648202566
9.989132199232667 0.4373147046891758
9.989132199232667 0.42105996494654657
9.989132199232667 0.39455808328629394
9.989132199232667 0.41998710343749335
9.992589191354543 0.45820524023156733
9.992589191354543 0.4670761524210536
9.992589191354543 0.46398339152682505
9.992589191354543 0.47963907346169726
9.992589191354543 0.460902109097401
9.992589191354543 0.48466471568271163
9.992589191354543 0.4676377035304994
9.992589191354543 0.3426526024578719
9.992589191354543 0.3554490361293757
9.992589191354543 0.35338240833683526
9.992589191354543 0.3660722672225075
9.992589191354543 0.35519280411819454
9.992589191354543 0.31468248747574545
9.992589191354543 0.30237025942273416
9.992589191354543 0.305277007552413
9.992589191354543 0.31465929281304345
9.992589191354543 0.3212941113131369
9.992589191354543 0.3090154454366358
9.992630051074029 0.31336408954589
9.992630051074029 0.2833569988146055
9.992630051074029 0.27390608687195755
9.9943602804462 0.2390651952149932
9.9943602804462 0.23280333430017416
9.9943602804462 0.23325874406655786
9.9943602804462 0.23266226773787646
9.9943602804462 0.22633258429146325
9.9943602804462 0.22866911764994546
9.9943602804462 0.22611846187061113
9.9943602804462 0.23745155653806596
9.9943602804462 0.23522936990676346
9.9943602804462 0.24362338738877218
9.9943602804462 0.24144794050932877
9.9943602804462 0.25245451562820853
9.994722927482671 0.23696346944771302
9.994722927482671 0.2396981138647783
9.994722927482671 0.23397510215311124
9.994722927482671 0.2299447786751611
9.995827645802573 0.23886713493024578
9.996050270235147 0.220095511767924
9.996050270235147 0.22811043559053204
9.996050270235147 0.22530321332317305
9.996050270235147 0.23624774492760953
9.996050270235147 0.23836001440178867
9.996050270235147 0.2015779467823055
9.996050270235147 0.20315242324638472
9.996050270235147 0.19699091153010304
9.996050270235147 0.1898846485727144
9.996050270235147 0.187685878945984
9.996050270235147 0.19184022757628288
9.996050270235147 0.19463272471406778
9.996050270235147 0.2013133565280844
9.996050270235147 0.19720417859820843
9.996050270235147 0.19894616213807098
9.996050270235147 0.1933218528664422
9.996050270235147 0.186114256204511
9.996050270235147 0.19228971954320453
9.996050270235147 0.183609933031359
9.996050270235147 0.17936701397922283
9.996412634685466 0.18686931096967024
9.996412634685466 0.18194086299424977
9.996412634685466 0.17397474068268484
9.996412634685466 0.18376393377163489
9.996412634685466 0.18295389707233364
9.996412634685466 0.18971886992595258
9.996412634685466 0.18952891490289034
9.996412634685466 0.1895906866552628
9.996412634685466 0.17470756064241483
9.996412634685466 0.17336595653145792
9.996412634685466 0.17348828147250497
9.996412634685466 0.17988999680642215
9.996412634685466 0.1806997601385286
9.996412634685466 0.17567238042870614
9.996412634685466 0.17657314429745893
9.996412634685466 0.17877243781413868
9.996412634685466 0.17231927061144303
9.996412634685466 0.17216365005064604
9.996412634685466 0.16797058839631554
9.996412634685466 0.16730467241525376
9.996412634685466 0.16799055155712275
9.996412634685466 0.17149126800770298
9.996412634685466 0.17117686880710262
9.996412634685466 0.17672907351588688
9.996412634685466 0.16769131531383696
9.996412634685466 0.17170051308886214
9.996412634685466 0.17525242017366055
9.996412634685466 0.1792756199149453
9.996412634685466 0.17713729992897156
9.996412634685466 0.17324028915568604
9.996412634685466 0.17990558142822538
9.996412634685466 0.1702462033971861
9.996412634685466 0.1905353315154233
9.996412634685466 0.19148706041748945
9.996412634685466 0.18751062644884423
9.996412634685466 0.18997413177608274
9.996412634685466 0.19391268557966881
9.996412634685466 0.20458979070714453
9.996412634685466 0.20053002553100896
9.996412634685466 0.19269291766436228
9.996412634685466 0.19667441242430528
9.996412634685466 0.19074518376140426
9.996412634685466 0.18741237607510486
9.996412634685466 0.18199817926280867
9.996412634685466 0.18535808314866897
9.996412634685466 0.1862690768312868
9.996412634685466 0.18671914013687027
9.996412634685466 0.18590159674552142
9.996412634685466 0.18981586340549347
9.996412634685466 0.17887777520174095
9.996412634685466 0.18700404833107406
9.996412634685466 0.18569245809659307
9.996412634685466 0.193886861561616
9.996412634685466 0.19273909316419888
9.996412634685466 0.2096342941214212
9.996412634685466 0.19713334828641763
9.996412634685466 0.2026860080781089
9.996412634685466 0.1921245913078207
9.996412634685466 0.19145809089301424
9.996412634685466 0.19678062141077513
9.996412634685466 0.20431905997924202
9.996412634685466 0.19924831950550703
9.996412634685466 0.19597436034457147
9.996412634685466 0.1882831984690586
9.996412634685466 0.18378766754037204
9.996412634685466 0.1855576189520855
9.996412634685466 0.18798103181739179
9.996412634685466 0.192854448431982
9.996412634685466 0.1951078812560853
9.996412634685466 0.20176764072767167
9.996494623080936 0.2172051105204053
9.99655694753979 0.21492020660610342
9.99655694753979 0.2189420750191627
9.99655694753979 0.2158649446439241
9.99655694753979 0.20901697726846133
9.99655694753979 0.21758863332977682
9.99655694753979 0.2236562924003086
9.99655694753979 0.21519751793380887
9.99655694753979 0.21397853837339706
9.99655694753979 0.21167191775639735
9.99655694753979 0.21694696607234884
9.99655694753979 0.2269237788852038
9.99655694753979 0.23354381294368423
9.99655694753979 0.23052485779631118
9.99655694753979 0.22425106172213996
9.99655694753979 0.21888616711066305
9.99655694753979 0.21942106184217758
9.99655694753979 0.2096662104534697
9.99655694753979 0.20737507648158718
9.99655694753979 0.21016756717666815
9.99655694753979 0.20037651960496747
9.99655694753979 0.20275384072319944
9.99655694753979 0.1938842417783128
9.99655694753979 0.19201222923912792
9.99655694753979 0.1936502371435372
9.99655694753979 0.20483379131832194
9.99655694753979 0.2116232514590324
9.99655694753979 0.20430718097341755
9.99655694753979 0.2075251162151782
9.99655694753979 0.20916583733766045
9.99655694753979 0.21819475484074247
9.99655694753979 0.2162822644353107
9.99655694753979 0.217851479168625
9.99655694753979 0.19609564862598314
9.99655694753979 0.20361035126243987
9.99655694753979 0.20064380984090266
9.99655694753979 0.20957970191080177
9.99655694753979 0.21094920180686216
9.99655694753979 0.22049490675408678
9.996683429553471 0.2238967603227274
9.996683429553471 0.1994337903546355
9.996683429553471 0.18574364604271923
9.996683429553471 0.19384423996866393
9.996683429553471 0.19297034171481459
9.996683429553471 0.1960249859705139
9.996683429553471 0.18580862473408005
9.996683429553471 0.18446487260260022
9.996683429553471 0.18579272477012632
9.996683429553471 0.1754580791752303
9.996683429553471 0.17572610599409255
9.996683429553471 0.17939104996592056
9.996683429553471 0.17153253647155503
9.996683429553471 0.17291934925174102
9.996683429553471 0.16493850339993685
9.996683429553471 0.1598682068193875
9.996683429553471 0.1737268158848516
9.996683429553471 0.17789752250852314
9.996683429553471 0.18183579308852132
9.996683429553471 0.18485635914722834
9.996683429553471 0.18429177407894273
9.996683429553471 0.18603241401240525
9.996683429553471 0.17095166173733858
9.996683429553471 0.15981379634890178
9.996683429553471 0.16481357396648366
9.996683429553471 0.17087062508458323
9.996683429553471 0.17070571252884623
9.996683429553471 0.16916874339362592
9.996683429553471 0.18014993050965789
9.996683429553471 0.0891367227198248
9.996683429553471 0.08184648947311542
9.996683429553471 0.0887240590644896
9.996683429553471 0.09355360729823765
9.996683429553471 0.09670858955470378
9.996683429553471 0.09684434545355479
9.996683429553471 0.0937725405891924
9.996683429553471 0.09586110010455964
9.996683429553471 0.08648229260858631
9.996683429553471 0.08942204776100231
9.996683429553471 0.09277507050969538
9.996683429553471 0.08983729875891995
9.996683429553471 0.0828349949310282
9.996683429553471 0.08785309639525388
9.996683429553471 0.08942250015633454
9.996683429553471 0.09537552317113043
9.996683429553471 0.09677185846143568
9.996683429553471 0.10229368212103396
9.996683429553471 0.10676046517036902
9.996683429553471 0.10887165949401503
9.996683429553471 0.09873246115043792
9.996683429553471 0.1119750064775135
9.996683429553471 0.114549450527424
9.996683429553471 0.1096186322411278
9.996683429553471 0.11827769831724023
9.996683429553471 0.09238736151289928
9.996683429553471 0.09664105617563078
9.996683429553471 0.1002587420515471
9.996683429553471 0.1019094077751787
9.996683429553471 0.1046490062373136
9.996683429553471 0.10312810930749697
9.996683429553471 0.11019201874357888
9.996683429553471 0.10171457153738411
9.996683429553471 0.09515413036513994
9.996683429553471 0.09716164805713479
9.996683429553471 0.07994712694829226
9.996683429553471 0.08357078802482991
9.996683429553471 0.0801497431112295
9.996683429553471 0.07768204590217383
9.996683429553471 0.09957138136147665
9.996683429553471 0.10537230875022018
9.996683429553471 0.10984987320983439
9.996683429553471 0.11058758807826143
9.996683429553471 0.10141932206060551
9.996683429553471 0.09277529466699427
9.996683429553471 0.09146216079665749
9.996683429553471 0.09673054739094411
9.996683429553471 0.08847961860537915
9.996683429553471 0.07896713729976033
9.996683429553471 0.07966675994510738
9.996683429553471 0.08062563730013482
9.996683429553471 0.07101121730458396
9.996683429553471 0.07146285860055457
9.996683429553471 0.07348687520314104
9.996683429553471 0.07620034225403016
9.996683429553471 0.0759756243801992
9.996683429553471 0.08223914081939963
9.996683429553471 0.08980980856086757
9.996683429553471 0.08976773287778592
9.996683429553471 0.08588851820038972
9.996683429553471 0.07756405279822232
9.996683429553471 0.08431380248594446
9.996683429553471 0.08693664537579607
9.996683429553471 0.08871452981152907
9.996683429553471 0.08647845112334424
9.996683429553471 0.08371404293603311
9.996683429553471 0.08543463977544455
9.996683429553471 0.0917294008871742
9.996683429553471 0.08968527983631457
9.996683429553471 0.09536557931366153
9.996683429553471 0.08916231886511526
9.996683429553471 0.09552694738125991
9.996683429553471 0.10447020644707514
9.996683429553471 0.11456383067793449
9.996683429553471 0.11997821849920437
9.996683429553471 0.11823197829187594
9.996683429553471 0.129840774015967
9.996683429553471 0.13120081556248334
9.996683429553471 0.11972308142341279
9.996683429553471 0.10872056002865026
9.996683429553471 0.09477535362239871
9.996683429553471 0.09454622823443525
9.996683429553471 0.08951105528829546
9.996683429553471 0.09264677984440091
9.996683429553471 0.10049700367731379
9.996683429553471 0.09653601849322811
9.996683429553471 0.08618112964975604
9.996683429553471 0.08670375765933165
9.996683429553471 0.09081696136179879
9.996948320111867 0.09358556164765847
9.996948320111867 0.09152867592932906
9.996948320111867 0.09261299955318968
9.996948320111867 0.09442768190575553
9.996948320111867 0.09362294886068502
9.996948320111867 0.09055330322948597
9.996948320111867 0.09103755024794113
9.996948320111867 0.09070148479729226
9.996948320111867 0.09671401894864783
9.997309455268926 0.10196285771449007
9.997309455268926 0.1106308009783081
9.997309455268926 0.09822285978480547
9.997309455268926 0.09843489445519499
9.997309455268926 0.10668556668104706
9.997309455268926 0.11262416551690857
9.997309455268926 0.11254832592019516
9.997309455268926 0.11056064529317207
9.997309455268926 0.11381665008921968
9.997309455268926 0.11935873669944343
9.997309455268926 0.11948262399272092
9.997309455268926 0.12439959179279268
9.997309455268926 0.1265513434578255
9.997309455268926 0.1337401148894766
9.997309455268926 0.13272264691479996
9.997309455268926 0.13273545958636376
9.997309455268926 0.12785862760013647
9.997309455268926 0.12884319834763136
9.997309455268926 0.13252013463016665
9.997309455268926 0.12097302952993147
9.997309455268926 0.11480763994673433
9.997309455268926 0.12760138305356353
9.997309455268926 0.12530870554063728
9.997309455268926 0.13737219615587296
9.997309455268926 0.1443006925736958
9.997309455268926 0.13271901225317842
9.997309455268926 0.13823551328094322
9.997309455268926 0.14264327811918284
Score: 9.997309455268926
Runtime: 5505ms
