7.625117918629846E-6 4.562166708086225
9.79308249599151E-5 4.444530342019598
9.391746269610744E-4 4.161922061419451
0.002218845522509574 3.985129748682274
0.009057883173982335 3.7907873553423315
0.012162114739372096 3.8021244034086523
0.016935203128286662 3.373667494563531
0.04710458271678264 3.1302064002317747
0.0508562974217907 2.944252400743981
0.055478026063514145 3.0834334239218477
0.09478069592778722 3.02300671353253
0.14971493395655733 2.970597092537792
0.14971493395655733 2.9468827340009733
0.14971493395655733 2.877149818064808
0.14971493395655733 2.8523846141041007
0.2362224957788919 2.826220144739604
0.2362224957788919 2.544763214632955
0.2362224957788919 2.555275720372937
0.2770262791449701 2.608094542427247
0.2770262791449701 2.663382639493041
0.2770262791449701 2.6806212169022507
0.5803209966261245 2.670049689134302
0.5803209966261245 2.7112904766552846
0.5803209966261245 2.7243207017364366
0.8207143040107584 2.7524919557361445
1.2546241889352108 2.6788039386119182
1.2546241889352108 2.6681224219105513
1.2546241889352108 2.669937681052934
1.4220323348196593 2.716700459012931
1.4220323348196593 2.6163430027202947
1.6484838727929088 2.604741131026767
1.9369036341397106 2.4346188266132787
1.9369036341397106 2.4287180455723343
1.9369036341397106 2.405386627117094
1.9554923245115368 2.4387861086981117
1.9554923245115368 2.5493100574957053
1.9554923245115368 2.3470607701326305
2.290831360821989 2.4327829974183004
2.290831360821989 2.388988024202643
2.721668632881461 2.556246951859241
2.721668632881461 2.5465414679486167
3.0216215755645237 2.4118071729855446
3.837191695771609 2.445645259249955
3.837191695771609 2.51993973939389
3.837191695771609 2.443675083079421
3.837191695771609 2.400625102043156
3.837191695771609 2.342154753369209
3.837191695771609 2.37407782619824
3.837191695771609 2.2975706940564264
3.837191695771609 2.220511512561027
4.144794558151443 2.2653418241305014
4.1554166961579995 2.0751738481930726
4.1554166961579995 2.0923125348262093
4.996667217442751 1.9776923422131756
4.996667217442751 2.0623648028839945
4.996667217442751 2.1121483245310597
4.996667217442751 2.0943474959640622
4.996667217442751 2.1290615771749315
5.347112658375238 2.230544815276383
5.347112658375238 2.1657461575628907
5.347112658375238 2.1381535829204545
5.347112658375238 2.2459757878144666
5.347112658375238 2.2623931524921974
5.347112658375238 2.3213052341356653
5.347112658375238 2.304525520408008
5.347112658375238 2.369551481182827
5.529345423565718 2.181988042658137
5.529345423565718 2.322962707817408
5.608604511135661 2.213127499020612
5.608604511135661 2.218339974736288
5.608604511135661 2.108009016312409
5.608604511135661 2.118797870384007
6.026698851320987 2.022715190798969
6.026698851320987 2.1617339523824093
6.026698851320987 2.1798688228797625
7.0637642270388445 2.044047898489745
7.0637642270388445 2.212134577240855
7.0637642270388445 2.218324839398544
7.0637642270388445 2.30780176939463
7.0637642270388445 2.3542283117952603
7.0637642270388445 2.1719975801970364
7.0637642270388445 2.207172884185656
7.0637642270388445 2.3078249320633923
7.0637642270388445 2.346916079916928
7.0637642270388445 2.2386130711669328
7.380117336976781 2.137472080330779
7.380117336976781 2.16962312248367
7.380117336976781 2.296522162617642
7.561753016141929 2.2474971712721254
7.561753016141929 2.181521786500367
7.561753016141929 2.3100935158168263
7.973495734578263 2.305740935064213
8.41206623103481 2.2749436229645896
8.41206623103481 2.2474870578997637
8.41206623103481 2.2034539012178707
8.41206623103481 2.2551800346701176
8.41206623103481 2.129958715081174
8.41206623103481 2.1960556895881207
8.41206623103481 2.252988526432823
8.41206623103481 1.9643664821000295
8.41206623103481 1.991598189663868
8.41206623103481 2.171324576969995
8.41206623103481 2.076604186230633
8.41206623103481 2.0695996335193576
8.41206623103481 2.058153522683543
8.74863510911781 2.092983720355964
8.74863510911781 1.941737073103078
8.74863510911781 2.006314310008838
8.74863510911781 2.057216780875184
8.74863510911781 1.8554824167040396
8.855090550014843 1.97941106809214
8.973747245146685 2.0460279436992876
8.973747245146685 1.937871221465601
8.973747245146685 2.102688283072947
9.271035223601267 1.9403850250026244
9.271035223601267 1.9451919978845622
9.271035223601267 1.8893355626111297
9.271035223601267 1.7860510081158967
9.287417505179551 1.6795994885479852
9.287417505179551 1.6930158576801795
9.287417505179551 1.7465169932467541
9.287417505179551 1.851366682651854
9.4566440743477 1.8610112104981318
9.4566440743477 1.8133523002148926
9.4566440743477 1.6196007978337084
9.479262236289571 1.675648510790853
9.479262236289571 1.6166770725404294
9.559687884647524 1.7019694908183116
9.559687884647524 1.5877439610855482
9.559687884647524 1.5221481549189109
9.559687884647524 1.507224088460042
9.559687884647524 1.4997411063582775
9.585258334291943 1.4894967576275302
9.71004603389392 1.3483441512447898
9.71004603389392 1.4652050727581187
9.71004603389392 1.4872936636465262
9.71004603389392 1.6308099725050182
9.739045656659776 1.7501646774036377
9.739045656659776 1.5812375628815099
9.739045656659776 1.5614428214953733
9.739045656659776 1.5753437704662467
9.739045656659776 1.3914025868322863
9.739045656659776 1.3039568180623653
9.739045656659776 1.3134198619164914
9.755717945684141 1.1851402165481237
9.755717945684141 1.2451105019057416
9.755717945684141 1.197316716635167
9.755717945684141 1.15360575087091
9.823826909698315 1.2287482534434384
9.823826909698315 1.3046780935166606
9.823826909698315 1.2229881758429098
9.823826909698315 1.1776734918702731
9.823826909698315 1.0959179332293245
9.823826909698315 1.1656183448654274
9.823826909698315 1.1783636938432613
9.823826909698315 1.3115687767975692
9.826426307660887 1.3063162130439159
9.826426307660887 1.3342346321006646
9.826426307660887 1.2318235405643678
9.826426307660887 1.3141032695695707
9.826426307660887 1.2775384470444666
9.875368668478785 1.2460450663503941
9.875368668478785 1.2564108334955983
9.875368668478785 1.2409386517989844
9.875368668478785 1.2759766392846306
9.875368668478785 1.2760986370072076
9.875368668478785 1.3243299485422166
9.875368668478785 1.329844168568695
9.875368668478785 1.2703195001268022
9.875368668478785 1.2986574387041239
9.875368668478785 1.3546145346288816
9.875368668478785 1.3211651110178775
9.875368668478785 1.3928940836912587
9.875368668478785 1.4837148786432293
9.875368668478785 1.3114841104142885
9.875368668478785 1.086232610782985
9.875368668478785 1.0255530315646908
9.875368668478785 0.9917919842818079
9.875368668478785 1.0108843244793202
9.875368668478785 0.992269339165314
9.875368668478785 0.9937296374417687
9.875368668478785 1.0405129771069577
9.876969212811925 0.9906539802988311
9.876969212811925 1.087299702054087
9.876969212811925 1.0845400247965793
9.876969212811925 0.8726797747286453
9.876969212811925 0.9024595872317955
9.876969212811925 0.9463979583333978
9.876969212811925 0.9933180847461672
9.876969212811925 1.0229493314509064
9.876969212811925 1.0646198661845496
9.876969212811925 1.0252231236321223
9.876969212811925 0.9991481433931896
9.876969212811925 0.9972260373138889
9.876969212811925 1.0020219823965617
9.886947247159945 0.9785511392090587
9.886947247159945 0.9358166189312662
9.886947247159945 0.993705056689394
9.886947247159945 1.0523260865742432
9.886947247159945 0.8495013907950467
9.888844455259768 0.8766518209948453
9.888844455259768 0.9006059814409453
9.888844455259768 0.7524377101679438
9.888844455259768 0.7476857044272212
9.888844455259768 0.762544621130053
9.888844455259768 0.6544606487214686
9.888844455259768 0.7016405175615852
9.888844455259768 0.7094820119175053
9.888844455259768 0.7198219696677457
9.892122967987278 0.7256853339917771
9.902566507079055 0.6358375992564664
9.902566507079055 0.6411849956159528
9.902566507079055 0.6457650533123604
9.902566507079055 0.706741028452343
9.902566507079055 0.5799335264092843
9.902566507079055 0.5640023336247825
9.909689677021413 0.5601338824274877
9.909689677021413 0.499061264972081
9.909689677021413 0.46880263569095953
9.909689677021413 0.49307853622166437
9.909689677021413 0.5161420493349346
9.912345179372403 0.4537366276345798
9.912345179372403 0.46232928562686265
9.928170812630947 0.4771044289312757
9.928170812630947 0.4873459506987724
9.928170812630947 0.43105004248702833
9.928170812630947 0.42675025343446693
9.928170812630947 0.42031025219166207
9.928170812630947 0.43261465073565886
9.928170812630947 0.4602887311817195
9.928170812630947 0.41230107856153814
9.931216618250705 0.41822143711786
9.931216618250705 0.41560444359756715
9.940315801275192 0.3955833926338827
9.946374227214157 0.40573409292981005
9.946374227214157 0.4289355230130384
9.946374227214157 0.41124015238410006
9.946374227214157 0.42300498216890325
9.947036302244491 0.42620756022253853
9.950807957511948 0.40339627524140537
9.950807957511948 0.4062380716937503
9.950807957511948 0.3908169096929032
9.950807957511948 0.40456591640226625
9.950807957511948 0.4074800142325115
9.950807957511948 0.42416242472012483
9.9551958583462 0.4318727707814007
9.9551958583462 0.4493009167484101
9.9551958583462 0.4670521089128071
9.957716527671987 0.5109100215504245
9.958519412725774 0.5304119762153419
9.958519412725774 0.5418132604258192
9.958519412725774 0.5155394232973431
9.958519412725774 0.5268382907262555
9.958519412725774 0.5074635628471807
9.959667398789874 0.49380998039125756
9.959667398789874 0.4639912039278192
9.959667398789874 0.46293183001045235
9.959667398789874 0.4664965809655296
9.959667398789874 0.46995708256500907
9.959667398789874 0.4838810953478509
9.959667398789874 0.47090326262989973
9.959667398789874 0.5023420049965525
9.959667398789874 0.5152308049511195
9.960281487598618 0.5147993772296995
9.960281487598618 0.38827493938191393
9.963606961577 0.37315912181021815
9.965193331028384 0.38735294266320364
9.965193331028384 0.4302543333308568
9.965193331028384 0.43067576798547835
9.969992577960431 0.45740398731304927
9.969992577960431 0.4645039982013309
9.969992577960431 0.4664782120017793
9.969992577960431 0.4506940011901964
9.969992577960431 0.4158844579010889
9.969992577960431 0.459334633965762
9.969992577960431 0.49023611254806726
9.969992577960431 0.4542866612678662
9.969992577960431 0.5015375552454996
9.969992577960431 0.514820304283199
9.974147144464425 0.4823771383800683
9.974147144464425 0.43724588971187056
9.974147144464425 0.4049685245232521
9.974147144464425 0.32736061970923147
9.974147144464425 0.3424913194428424
9.974147144464425 0.35636924580480256
9.974147144464425 0.3738188093278903
9.974147144464425 0.3797469477507886
9.974147144464425 0.3915853761170544
9.974147144464425 0.33961217120704507
9.974147144464425 0.3535353183771112
9.974147144464425 0.3633525989632055
9.974147144464425 0.3847138081166359
9.974147144464425 0.3964584034561964
9.974147144464425 0.32987219663639405
9.974147144464425 0.32118521010062223
9.974147144464425 0.3098234162601658
9.974147144464425 0.3019309108347514
9.974147144464425 0.31394936009898167
9.974147144464425 0.3257397700759428
9.974147144464425 0.3547556696085113
9.974147144464425 0.3133598267301436
9.974147144464425 0.3293901696144483
9.974147144464425 0.3475774325233284
9.975513086559587 0.3372535496168443
9.975513086559587 0.350610133582723
9.975666404364372 0.3385289720927235
9.975666404364372 0.35955693221641505
9.975666404364372 0.3581662199211354
9.975666404364372 0.3282873270117163
9.975666404364372 0.33224564371075305
9.975666404364372 0.3514856215150137
9.975666404364372 0.31083065082213845
9.975666404364372 0.3300081540977427
9.975666404364372 0.32798837374236467
9.975666404364372 0.328319574805313
9.975666404364372 0.30403012064585366
9.975666404364372 0.31573971505409826
9.975666404364372 0.34694952493765346
9.975666404364372 0.35510312255539966
9.975666404364372 0.36205905649246184
9.975666404364372 0.3711638191908793
9.975666404364372 0.391452985303482
9.975666404364372 0.4128894970036135
9.975666404364372 0.4103685270535749
9.975666404364372 0.44854615975829293
9.975666404364372 0.48277299181871647
9.975666404364372 0.4821594720880238
9.975666404364372 0.48058502976625883
9.975666404364372 0.4697667711052919
9.975666404364372 0.47598013891307556
9.975666404364372 0.42620244048543754
9.975666404364372 0.45110720956444633
9.975666404364372 0.47686389504529253
9.975666404364372 0.5244737764404742
9.975666404364372 0.4929353924022942
9.975666404364372 0.4738993947069403
9.975666404364372 0.5178449265529955
9.975666404364372 0.4664629065657646
9.975666404364372 0.4805031489427976
9.977459536817953 0.4963662317234676
9.977459536817953 0.5450523233776423
9.977459536817953 0.4922964702907437
9.977459536817953 0.5218545488984122
9.977459536817953 0.5341675838585594
9.977459536817953 0.48750083794648785
9.977459536817953 0.4771036634740576
9.977459536817953 0.47225876200556655
9.977459536817953 0.4864957820903653
9.977459536817953 0.47114893875391717
9.977459536817953 0.41404295926519613
9.977459536817953 0.44651899433023157
9.977459536817953 0.45683559876129787
9.977459536817953 0.4971770790767019
9.977459536817953 0.5115384189405213
9.977459536817953 0.5459191417499348
9.977459536817953 0.5601161009590627
9.977459536817953 0.4830857614247966
9.977459536817953 0.5251369567949836
9.977459536817953 0.5208405980299317
9.977459536817953 0.43425820682051236
9.977459536817953 0.44422741963574897
9.977459536817953 0.39755641126087354
9.977459536817953 0.426265895944895
9.977459536817953 0.37510779983001996
9.977459536817953 0.3798698478543837
9.977459536817953 0.4043072871902636
9.977459536817953 0.4265418841970564
9.977459536817953 0.43396464520070877
9.977459536817953 0.3959851647464328
9.977459536817953 0.43180019647042667
9.977459536817953 0.42351622533924704
9.977459536817953 0.42136512863189934
9.977459536817953 0.42898198173055174
9.977459536817953 0.4951285508506194
9.977459536817953 0.5128921560834396
9.977459536817953 0.5024994147220345
9.977459536817953 0.44958567142482037
9.977459536817953 0.46886135842795457
9.977459536817953 0.45274694395195153
9.977459536817953 0.48431500271511263
9.977459536817953 0.5107135352136377
9.977459536817953 0.4547648109366835
9.977459536817953 0.46763642537264793
9.977459536817953 0.4836272843017998
9.977459536817953 0.5415976222090371
9.977459536817953 0.5742494053150562
9.977459536817953 0.6147779352764691
9.977459536817953 0.6709168539208844
9.977459536817953 0.6529752664774637
9.977459536817953 0.6299503234803858
9.977459536817953 0.6647509379232478
9.977459536817953 0.6189029823362291
9.977459536817953 0.5432147032620708
9.977459536817953 0.5267535742718388
9.977459536817953 0.5882360849661251
9.977459536817953 0.5991551110584666
9.977459536817953 0.5143227223693938
9.977459536817953 0.4509775976260235
9.977459536817953 0.4325296237654813
9.977459536817953 0.4448403116055615
9.977459536817953 0.44323544332833537
9.977459536817953 0.48510469214213126
9.977459536817953 0.5275159795352954
9.977459536817953 0.5291584537038083
9.977459536817953 0.5586042291301853
9.977459536817953 0.4823709440792344
9.977459536817953 0.43819586525398185
9.977459536817953 0.4299317428025041
9.977459536817953 0.4385412750281544
9.977459536817953 0.4466444011246986
9.977459536817953 0.39062459534521454
9.977459536817953 0.354358267326545
9.977459536817953 0.3653261374006872
9.977459536817953 0.3535493461541969
9.977459536817953 0.3434759979321344
9.977459536817953 0.3143299476282453
9.977459536817953 0.3072873823353408
9.977459536817953 0.29202059783191175
9.977459536817953 0.29188370005659325
9.977459536817953 0.29435126953523055
9.977459536817953 0.2828468757914375
9.977459536817953 0.28539446944323243
9.977459536817953 0.30668629304479883
9.977459536817953 0.3065329958286887
9.977459536817953 0.31425058320849725
9.977459536817953 0.3395948867941854
9.977459536817953 0.27262370994114576
9.977459536817953 0.24378451036191634
9.977459536817953 0.24483967880320998
9.977459536817953 0.2666062509799704
9.977459536817953 0.27914002187246134
9.977459536817953 0.27120201150404083
9.977459536817953 0.27378204823843855
9.977459536817953 0.2655468855941002
9.977459536817953 0.2588109281788879
9.977459536817953 0.25983693696521143
9.977459536817953 0.26955202003451073
9.977459536817953 0.2939037394259005
9.977459536817953 0.2749356798437026
9.977459536817953 0.26260299847212626
9.977459536817953 0.27048559918013937
9.977459536817953 0.2714523637780528
9.977459536817953 0.2995172106918922
9.977459536817953 0.3050879901583975
9.977459536817953 0.29125466751115475
9.977459536817953 0.21196518075135684
9.977459536817953 0.24725142952791065
9.977459536817953 0.2447636176354223
9.977459536817953 0.23964462781982657
9.977459536817953 0.2522706187475211
9.977459536817953 0.27034594386836847
9.977459536817953 0.277582332854827
9.977459536817953 0.28448138300473685
9.977459536817953 0.2990242344097032
9.977459536817953 0.3252960351859495
9.977459536817953 0.31037208442990183
9.977459536817953 0.32063668868071926
9.977459536817953 0.2792676776544863
9.977459536817953 0.26711162901487334
9.977459536817953 0.25948890719198353
9.977459536817953 0.2523127711462809
9.977459536817953 0.25686563012173075
9.977459536817953 0.25785657941603074
9.977459536817953 0.24972043185803694
9.977459536817953 0.23337565901600948
9.977459536817953 0.23961781607049928
9.977459536817953 0.2561819715859796
9.977459536817953 0.2631450626932889
9.977459536817953 0.19958481184507315
9.977459536817953 0.19085636267983255
9.977459536817953 0.1855318965230108
9.977459536817953 0.18329519375436396
9.977459536817953 0.16504115567212704
9.977459536817953 0.1743415940466622
9.977459536817953 0.17983188605552203
9.977459536817953 0.194865582319512
9.977459536817953 0.20226741706179002
9.978114979317134 0.17275681942678853
9.97888035495831 0.1807708624453824
9.97888035495831 0.18736671834419352
9.97888035495831 0.19684266124075758
9.97888035495831 0.20094176269166264
9.97888035495831 0.21338550519139313
9.97888035495831 0.21804530726416027
9.97888035495831 0.20924614451619436
9.97888035495831 0.20065220705280404
9.97888035495831 0.18405295638298372
9.97888035495831 0.17562947485958533
9.97888035495831 0.1768465466008089
9.97888035495831 0.1806532214833263
9.97888035495831 0.18662491689921534
9.97888035495831 0.18530776992863005
9.98102125769574 0.19127051261631506
9.982375991582094 0.19564046576190747
9.982375991582094 0.19240715101817893
9.982375991582094 0.2021164391168474
9.982375991582094 0.20443495718816052
9.982375991582094 0.2104576754265567
9.982375991582094 0.19865671392557277
9.982375991582094 0.17944433160079076
9.982375991582094 0.1878243257256632
9.982375991582094 0.19559739729599482
9.982375991582094 0.1954133194077488
9.982375991582094 0.18908897685409523
9.982375991582094 0.18860128020626302
9.982375991582094 0.2177839578074223
9.982375991582094 0.2305496422554023
9.982375991582094 0.23113939998614172
9.982375991582094 0.24082198305828337
9.982375991582094 0.2585791669320564
9.982375991582094 0.2435054917700752
9.982375991582094 0.24100628401399296
9.982375991582094 0.26358778733301164
9.982375991582094 0.2580266080504265
9.982375991582094 0.2978902029294093
9.982375991582094 0.29941132941826915
9.982375991582094 0.3112724914064058
9.982375991582094 0.32330677150095144
9.982375991582094 0.3302730478778625
9.982375991582094 0.3285839201548137
9.982375991582094 0.33648228289283894
9.982375991582094 0.3423022060823062
9.982375991582094 0.344749879309005
9.982375991582094 0.35638956781637887
9.982375991582094 0.34753036790344294
9.982375991582094 0.37333135514247295
9.982375991582094 0.346215779346128
9.982375991582094 0.35878968051308247
9.982375991582094 0.3609455239598246
9.982375991582094 0.3522798781935924
9.982375991582094 0.34290817085867803
9.982375991582094 0.31938604281767985
9.982375991582094 0.328992990322811
9.982375991582094 0.22815778661447028
9.982375991582094 0.24315486690835522
9.982375991582094 0.23664795787203996
9.982375991582094 0.23937993724103762
9.982375991582094 0.24181261921383548
9.982375991582094 0.2487394117393101
9.982375991582094 0.2717063658186093
9.982375991582094 0.28054343168419665
9.982375991582094 0.2858033717701554
9.982375991582094 0.2956521003435751
9.982375991582094 0.33121939136456363
9.982375991582094 0.33203298356997096
9.982375991582094 0.275678734776011
9.982375991582094 0.27519693150715874
9.982375991582094 0.28041827834864674
9.982375991582094 0.2619386275218929
9.982375991582094 0.2697127576734811
9.982375991582094 0.27317819483368533
9.982375991582094 0.26391248174454546
9.982375991582094 0.276980744604433
9.982375991582094 0.26818062424796807
9.982375991582094 0.27923190466602915
9.982375991582094 0.25444279838731293
9.982375991582094 0.2525771727186527
9.982375991582094 0.25432145466820566
9.982375991582094 0.26588254707986164
9.982375991582094 0.28121110874505856
9.982375991582094 0.25070229620014134
9.982375991582094 0.2436916893876655
9.982375991582094 0.2271085938643127
9.982375991582094 0.23811036795193957
9.982375991582094 0.2303095149972487
9.982375991582094 0.2448378088275391
9.982375991582094 0.25314307342832604
9.982375991582094 0.2528389348786114
9.982375991582094 0.2569251305811134
9.982375991582094 0.251574831955722
9.982375991582094 0.25127992104451585
9.982375991582094 0.22546243024849266
9.982375991582094 0.2132011838398607
9.982375991582094 0.21378373068414983
9.982375991582094 0.23686735703888465
9.982375991582094 0.23257206135604339
9.982375991582094 0.24156748632125458
9.982375991582094 0.20873734763901117
9.982375991582094 0.1997503144722184
9.982375991582094 0.18659856500695568
9.982375991582094 0.19062011850238675
9.982375991582094 0.15441268819708007
9.982375991582094 0.1455317085462678
9.982375991582094 0.1592105272204939
9.982375991582094 0.17429691746212544
9.982375991582094 0.17657195828087427
9.982375991582094 0.1820756079650593
9.982375991582094 0.16503330141664344
9.982375991582094 0.16760674421289423
9.982375991582094 0.16993584083621135
9.982375991582094 0.15658823024946864
9.982375991582094 0.1514399422266803
9.982375991582094 0.15246927331528232
9.982375991582094 0.1640510014065404
9.982375991582094 0.15516357879423487
9.982375991582094 0.16310977630679224
9.982375991582094 0.16846426703922354
9.982375991582094 0.18151140254833167
9.982375991582094 0.16432017753387265
9.982375991582094 0.16584120633912922
9.982375991582094 0.17318175908613673
9.982375991582094 0.1742866427172523
9.982375991582094 0.17866688058404842
9.982375991582094 0.19601604648154333
9.982375991582094 0.1790762169497909
9.982375991582094 0.16690037286209178
9.982375991582094 0.19330909654109013
9.982375991582094 0.19396925077487231
9.982375991582094 0.18502334895213127
9.982375991582094 0.1848551348188366
9.982375991582094 0.2071021958936807
9.982375991582094 0.19854428226377496
9.982375991582094 0.20264095036627056
9.982375991582094 0.21621678592502902
9.982375991582094 0.2097122839534378
9.982375991582094 0.21719427255898685
9.982375991582094 0.21690899560833712
9.982375991582094 0.23676611491759927
9.982375991582094 0.23790844511182746
9.982375991582094 0.2058220945345271
9.982375991582094 0.21222964174026063
9.982375991582094 0.22058552331683823
9.982375991582094 0.20353159302408633
9.982375991582094 0.20207101204536765
9.982375991582094 0.19449143921688086
9.982375991582094 0.1761271548812028
9.982375991582094 0.17423368805118072
9.982375991582094 0.18610456252834623
9.982375991582094 0.19666007724292517
9.982375991582094 0.20104255974898202
9.982375991582094 0.18079135370354568
9.982375991582094 0.18071382071923664
9.982375991582094 0.1712413175684069
9.982375991582094 0.16407513647671648
9.982375991582094 0.16638521616619315
9.982375991582094 0.16312328856712172
9.983710507250105 0.17045863869242978
9.983710507250105 0.18534580747536325
9.983710507250105 0.17273966814013225
9.983710507250105 0.18234343505563969
9.983710507250105 0.1782743330933359
9.983710507250105 0.17339735769524064
9.983710507250105 0.1774145358369905
9.983710507250105 0.18443113847826995
9.983710507250105 0.19291971770712887
9.985995618698778 0.17839460033617238
9.985995618698778 0.17838174246072325
9.985995618698778 0.17146091001051866
9.985995618698778 0.15802066115118157
9.985995618698778 0.1632289243204897
9.985995618698778 0.17022130588903214
9.985995618698778 0.1584351735850168
9.985995618698778 0.17436224504694298
9.985995618698778 0.17195514369288864
9.985995618698778 0.17715294366422177
9.985995618698778 0.1838230457643694
9.985995618698778 0.17046776478467973
9.985995618698778 0.1737465680547051
9.985995618698778 0.18162624513264727
9.985995618698778 0.1644400896581471
9.985995618698778 0.16678641448194745
9.985995618698778 0.16007495562176163
9.985995618698778 0.14606718320023332
9.985995618698778 0.15705833792426016
9.985995618698778 0.15280277394987823
Score: 9.985995618698778
Runtime: 5437ms
