9.776034334913963E-6 4.584440356811492
1.6357936157162682E-4 3.9694592578392363
4.6287761731788924E-4 3.717001626872498
0.001071997256679955 3.630354569716745
0.0099078595889888 3.6169209086095204
0.0099078595889888 3.46721943230379
0.0099078595889888 3.1509675558126364
0.01910814976729306 2.9350264151047525
0.04028050564727971 2.8227505621140665
0.05613147806784371 2.7000006361426934
0.06683496695088229 2.709771390619633
0.11625679903056221 2.752943748225063
0.11625679903056221 2.7239077661411106
0.15545193730506904 2.5954646193163495
0.1612642159017291 2.5393461479701043
0.1612642159017291 2.5814167200987828
0.2597506195417468 2.568837217772974
0.2597506195417468 2.582054728662444
0.2597506195417468 2.679604888103554
0.2597506195417468 2.629497731899535
0.38211854463249084 2.652549378279085
0.38211854463249084 2.5742544445059523
0.3903381014697566 2.6737534055587093
0.3903381014697566 2.5770855263107753
0.5167519773273561 2.57292898962116
0.5771498649276509 2.6234624733211493
0.5771498649276509 2.606515883107568
0.6104936806302608 2.5505199833579053
0.7056816182301577 2.4954015823236824
0.9504688563025274 2.6027513784408716
0.9504688563025274 2.573944302493152
1.0554751152745836 2.6780437950592977
1.0554751152745836 2.7320974817710986
1.0554751152745836 2.8447355233502956
1.0665465002857366 2.8005119685082316
1.5339586747436558 2.7285656348682226
1.5339586747436558 2.709623547579384
1.5339586747436558 2.748241164826201
2.0811342469700658 2.7637349706691237
2.0811342469700658 2.8129357188318194
2.0811342469700658 2.931859763041115
2.0811342469700658 2.8306083360410996
2.0811342469700658 2.8234024357333336
2.220468629647645 2.831713109512288
2.220468629647645 2.959353946812418
2.25444861180051 2.971585030756039
2.319475338718121 3.0985651963422267
2.319475338718121 3.0462283070355833
2.319475338718121 2.9421437565008293
2.319475338718121 3.003105501821728
2.319475338718121 2.898396264907051
2.319475338718121 3.0587518662842643
2.4257945887938233 3.0172836851453253
2.4257945887938233 2.9453720833513004
2.4257945887938233 2.8256149365527246
2.552580138700771 2.827406341949803
2.8421702646871556 2.7815920607829567
2.899780708912711 2.7719508190121864
3.6787723324536263 2.6527189931363284
3.8944688698099044 2.675455848108801
3.8944688698099044 2.7336293518133785
3.8944688698099044 2.9108983983032406
3.8944688698099044 2.962955330801418
3.8944688698099044 3.1292161730302417
3.8944688698099044 3.115149068594962
3.8944688698099044 3.2149425017168323
3.8944688698099044 2.9028868488185617
3.8944688698099044 3.0965765981950986
3.8944688698099044 3.265063347525349
4.385589308283674 3.198389855442262
4.385589308283674 3.1998659191688295
4.385589308283674 3.1079631493304807
4.459093918603047 3.082268139934295
4.850367297926535 2.9363494999242046
4.850367297926535 2.992504201506714
4.874895383171909 2.944588412846872
4.874895383171909 3.0879117803403613
5.081593420963248 3.1521625760567655
5.081593420963248 2.9818480336340647
5.081593420963248 2.7104019147819147
5.081593420963248 2.7299154919556146
5.307283009760665 2.630016637657835
5.74256138271275 2.563983618483313
5.74256138271275 2.423122197322617
5.772484049442984 2.354750536300897
5.772484049442984 2.5291040988470264
5.933326534363986 2.6808636980012466
5.933326534363986 2.595566226178758
5.933326534363986 2.660523686134459
5.984953707238727 2.703700514660523
5.984953707238727 2.5201611652667655
5.984953707238727 2.450057560349752
5.984953707238727 2.4211501502202992
5.984953707238727 2.441177936277367
5.984953707238727 2.410657393002232
5.984953707238727 2.5070156190244677
6.2518775610785955 2.504866954353996
6.2518775610785955 2.573058904454398
6.2518775610785955 2.5380633008533056
6.2518775610785955 2.600773130168468
6.2518775610785955 2.6298115836773395
6.2518775610785955 2.449149915466576
6.524109010063992 2.5383438524375306
6.524109010063992 2.510326245187367
6.524109010063992 2.5265013016562574
6.955298076288864 2.527875842406851
6.955298076288864 2.432069334804335
6.955298076288864 2.3367410905299857
6.955298076288864 2.4835303203140096
6.955298076288864 2.613560493690697
6.955298076288864 2.458305693340851
6.955298076288864 2.5728333816058924
6.955298076288864 2.6840404783810956
6.955298076288864 2.8686595183312025
6.955298076288864 2.7127593644202306
6.955298076288864 2.5495512315034445
6.955298076288864 2.5610670028976403
6.955298076288864 2.673553173143902
6.955298076288864 2.297130333126416
6.955298076288864 2.3787658109231966
6.955298076288864 2.563902241866315
7.019585633110683 2.467569912583791
7.019585633110683 2.399191839582792
7.019585633110683 2.3605373794450704
7.019585633110683 2.514901279610479
7.019585633110683 2.3699392119397285
7.019585633110683 2.358666805902687
7.019585633110683 2.420640772952852
7.019585633110683 2.3067830910349922
7.019585633110683 2.382342484277535
7.410039424203678 2.3791085840378785
7.410039424203678 2.4331986539520485
7.766696360735555 2.4029301155584815
7.766696360735555 2.124464414921868
8.062048022418118 2.1704633700047435
8.062048022418118 2.3087752542023945
8.12308380978899 2.240403489802414
8.12308380978899 2.29065029021133
8.12308380978899 2.305162549130981
8.12308380978899 2.228008691595452
8.34997723404361 2.2785631829615167
8.34997723404361 2.278791773207291
8.34997723404361 2.2177480134375274
8.34997723404361 2.181391349912217
8.34997723404361 2.12942073722205
8.34997723404361 2.104037220052524
8.34997723404361 2.159018331846108
8.354722721797408 2.0624583311363107
8.38274749137981 2.1228685399007534
8.396828638784337 2.198619928694219
8.448652311685654 2.065195928022313
8.542054535995966 1.9561372850203664
8.542054535995966 1.9633300400153832
8.542054535995966 2.0273717998530363
8.542054535995966 1.9597056399709778
8.542054535995966 2.0146723995603266
8.649744474160304 2.038390852120902
8.751737519765781 2.011155590622035
8.751737519765781 1.8835192028913479
8.751737519765781 1.6271179904015933
8.751737519765781 1.4228264036912825
8.751737519765781 1.548838917270034
8.89075115967297 1.3297102731894876
8.89075115967297 1.3186280492693507
8.89075115967297 1.4315331733743115
8.89075115967297 1.3922309221958435
9.04865144330306 1.3317907778368572
9.04865144330306 1.371967664722763
9.04865144330306 1.454814368953048
9.04865144330306 1.4870419654987195
9.067502151339333 1.5206809583152527
9.067502151339333 1.3103874924457963
9.159569714329097 1.310344380071624
9.159569714329097 1.3332425687066278
9.159569714329097 1.322957479711776
9.193838826228324 1.2538849496618885
9.193838826228324 1.0130026117080249
9.198778316700931 0.9792358988848788
9.274801274179884 0.9759396868910593
9.274801274179884 0.9962197590500012
9.304669753590606 0.9363535729946769
9.304669753590606 0.9090757093400058
9.337660101631824 0.9615415545794364
9.337660101631824 0.9538664562831803
9.337660101631824 0.9955569441592216
9.337660101631824 0.9792186778066114
9.337660101631824 0.9194845170135324
9.337660101631824 0.9240404292887465
9.371552435522464 0.9251206559104842
9.371552435522464 1.008783103544799
9.371552435522464 1.0053091188276388
9.371552435522464 1.0720836729959204
9.371552435522464 0.9713078883943222
9.371552435522464 0.8735576574730162
9.371552435522464 0.974479802658173
9.37228448894524 0.9194149193870693
9.37228448894524 0.9820518394162807
9.385096839692789 0.9763814295136952
9.400194586012661 1.0011541253362872
9.400194586012661 1.020642105315603
9.400194586012661 1.1200181841726509
9.400194586012661 1.1472853654291326
9.400194586012661 1.1700510707683578
9.412284321140291 1.1747881551301114
9.415011386759106 1.155234470736704
9.415011386759106 1.2112569025308573
9.415011386759106 1.109405632015558
9.415011386759106 1.1321581065058468
9.415011386759106 1.1399620518419886
9.443678328313927 1.125543926758966
9.443678328313927 1.1591030454121376
9.451195377198546 1.0786795388292258
9.451195377198546 1.0979544786390234
9.451195377198546 1.1234236088393923
9.47037181086934 1.1180332033099762
9.47037181086934 1.1111833506895377
9.47037181086934 1.0491731121999566
9.47037181086934 1.0005797184393244
9.47037181086934 1.0070886812368784
9.47037181086934 1.051291919011887
9.475366110363044 1.065315773471423
9.566371675628014 0.9949849670194685
9.644855951041567 1.0267763673057988
9.729342666049488 0.952275063703525
9.729342666049488 0.9620180700307058
9.729342666049488 0.9396380110845479
9.729342666049488 0.927557841253146
9.761751465645014 0.8847276509367867
9.761751465645014 0.9160546052682456
9.761751465645014 0.9441761962224787
9.761751465645014 0.9372151702124057
9.761751465645014 0.9306820187150324
9.762495414017277 0.9021470500415468
9.769720785193769 0.8514553611538004
9.810924604396867 0.8615624582217772
9.810924604396867 0.8583179488061147
9.810924604396867 0.8476021726570291
9.810924604396867 0.8316484452950292
9.810924604396867 0.8312474375286893
9.810924604396867 0.8631716208090148
9.810924604396867 0.885524875336528
9.839037293750387 0.8683142075670237
9.839037293750387 0.8408644120064004
9.839037293750387 0.8562774611809707
9.85830390964209 0.8562773865445927
9.905533658182739 0.9096202915928887
9.905533658182739 0.938422462969933
9.905533658182739 0.8680264996064376
9.905533658182739 0.8447556759758166
9.905533658182739 0.8842643639930774
9.905533658182739 0.9116578971460539
9.905533658182739 0.9877821330902632
9.905533658182739 0.978803718722523
9.905533658182739 1.0269732208599245
9.905533658182739 0.7924405248982412
9.905533658182739 0.8208278723797986
9.905533658182739 0.7767541876108129
9.905533658182739 0.7952663043201648
9.905533658182739 0.8315663750669912
9.905533658182739 0.8558729814782802
9.905533658182739 0.8883594438490781
9.905533658182739 0.8013432566590499
9.905533658182739 0.8684776926859786
9.905533658182739 0.9294073570367344
9.929839887271232 1.0051262061249948
9.929839887271232 0.9801203118571173
9.929839887271232 0.9289143499014239
9.929839887271232 0.9306060270066623
9.929839887271232 0.9505177425020649
9.929839887271232 0.9892483568787238
9.929839887271232 0.9406653474185657
9.929839887271232 0.9173744918997153
9.929839887271232 0.9250108354329314
9.929839887271232 0.9067038959867635
9.929839887271232 0.9304461434695188
9.93746591568989 0.9420687411362404
9.93746591568989 0.9575561622905432
9.93746591568989 0.9541417556031934
9.93746591568989 0.9674002812068483
9.93746591568989 1.0248094904837524
9.941925814420532 1.0054455065001247
9.941925814420532 0.8712221538574539
9.941925814420532 0.8060123825216818
9.941925814420532 0.8653514371614683
9.941925814420532 0.8475613134848337
9.941925814420532 0.8330043457112041
9.943642351057031 0.7960551440186368
9.943642351057031 0.7122770126793444
9.943642351057031 0.7158001447206865
9.943642351057031 0.783510748855571
9.943642351057031 0.8282939704539183
9.943642351057031 0.8191537447426622
9.943642351057031 0.908166470646714
9.943642351057031 0.7854202993761591
9.943642351057031 0.8159685960262822
9.943642351057031 0.8036839835802022
9.943642351057031 0.8024416464307796
9.943642351057031 0.7616306274054613
9.943642351057031 0.715800023914553
9.95435375797949 0.7532615503985298
9.95435375797949 0.6998355662856176
9.95435375797949 0.724401996102946
9.95435375797949 0.7567921166629222
9.95435375797949 0.8206473857591399
9.95435375797949 0.8422167197408914
9.95435375797949 0.8076292952665082
9.95435375797949 0.8297979644003358
9.95435375797949 0.9050514717852127
9.95435375797949 0.7401910699756415
9.95435375797949 0.7466955339050445
9.95435375797949 0.5785083716893766
9.95435375797949 0.6070470816680049
9.95435375797949 0.6356464176323308
9.95435375797949 0.5830461270583798
9.95435375797949 0.5867564564965327
9.95435375797949 0.6078260627542538
9.95435375797949 0.6077363350150097
9.95435375797949 0.6267033095724319
9.95435375797949 0.6530701964975941
9.95435375797949 0.6006375578495483
9.960744528858335 0.5265176410606226
9.960744528858335 0.523640733003314
9.960744528858335 0.5605222019129672
9.962969530747813 0.5268145169025465
9.976321900997302 0.5708411708492065
9.976321900997302 0.4815995665822003
9.976321900997302 0.4277347846808712
9.976321900997302 0.4266497675900479
9.976321900997302 0.43471298179724377
9.976321900997302 0.43128764771106537
9.976321900997302 0.4533486991750784
9.976321900997302 0.4455989266135064
9.976321900997302 0.43078315459874117
9.976321900997302 0.4383122635290047
9.976321900997302 0.4504049180762731
9.976321900997302 0.45988604424829904
9.976321900997302 0.4892730914094639
9.976321900997302 0.5101719959125751
9.976321900997302 0.5342266293087253
9.976321900997302 0.5704460845979761
9.976321900997302 0.5790460565340547
9.976321900997302 0.5830290331899318
9.976321900997302 0.5710676350127774
9.976321900997302 0.5341668099526531
9.976321900997302 0.5712211865673387
9.976321900997302 0.572401749147765
9.976321900997302 0.591401839352963
9.976321900997302 0.5834280294064518
9.976321900997302 0.4785816268472407
9.978551495633907 0.4659491590546503
9.978551495633907 0.4727322236975031
9.978551495633907 0.4756515285600519
9.978551495633907 0.493594652464661
9.978551495633907 0.5280690513522356
9.978551495633907 0.502127050172271
9.978551495633907 0.498382836244942
9.980894757633576 0.5520728815853643
9.980894757633576 0.5572566815818178
9.980894757633576 0.5441922011293694
9.980894757633576 0.5356485333951951
9.980894757633576 0.5558212844470682
9.980894757633576 0.5799473638300089
9.980894757633576 0.5913254607980485
9.980894757633576 0.5883641480152697
9.980894757633576 0.5934313226061269
9.980894757633576 0.6069338347179434
9.980894757633576 0.5229144189576822
9.980894757633576 0.5023700370844996
9.980894757633576 0.45361762413319334
9.980894757633576 0.44535249767181095
9.980894757633576 0.4121770617612391
9.980894757633576 0.45288148375643983
9.980894757633576 0.4689292228704348
9.980894757633576 0.4236585884217378
9.980894757633576 0.392268304866834
9.980894757633576 0.4026479363660139
9.980894757633576 0.335426733612239
9.980894757633576 0.3217626743841018
9.980894757633576 0.33500555013440175
9.980894757633576 0.33240812374336876
9.980894757633576 0.33974682289653063
9.980894757633576 0.33661283294420363
9.980894757633576 0.3368492698673437
9.980894757633576 0.37136976545580985
9.980894757633576 0.3727772982729963
9.980894757633576 0.38649761712115593
9.980894757633576 0.35910455158492965
9.980894757633576 0.36249488228338944
9.980894757633576 0.3583949598676714
9.980894757633576 0.36415473693723927
9.980894757633576 0.3736612411114158
9.98175015996201 0.3205540031077276
9.98175015996201 0.28243543157444645
9.98217958826827 0.28757840448119976
9.98217958826827 0.30523007037762884
9.984499434846981 0.3164534649996466
9.984499434846981 0.29472746683955775
9.984499434846981 0.31671759739453803
9.984499434846981 0.30696146943311975
9.984499434846981 0.29958591716837835
9.98580515763232 0.27964317070981176
9.98580515763232 0.25494386193615404
9.98580515763232 0.24174701795711007
9.98580515763232 0.2398176221646855
9.98580515763232 0.2651098826543685
9.986190929600363 0.2620022778053885
9.986190929600363 0.2465427967488032
9.986190929600363 0.24028932567641875
9.986190929600363 0.24439814592386275
9.986190929600363 0.24409333174880762
9.986190929600363 0.26196338237467953
9.986190929600363 0.27045715567285517
9.986190929600363 0.25934008717822976
9.986190929600363 0.270224862747395
9.986190929600363 0.26117075585993615
9.986854417561942 0.24920776938801562
9.986854417561942 0.24448588885265726
9.986854417561942 0.25236053048110807
9.988134459955486 0.2655605599334192
9.988134459955486 0.28835141452515095
9.988134459955486 0.27534562920557626
9.988180498709726 0.28938883452062447
9.988180498709726 0.30156339113559294
9.988180498709726 0.2844733403390807
9.988180498709726 0.278188375070762
9.988180498709726 0.2923602216636879
9.988180498709726 0.28800930696900146
9.988180498709726 0.2323907659453566
9.988180498709726 0.22194344672196195
9.988180498709726 0.2270090092387406
9.988180498709726 0.2137243832386335
9.988180498709726 0.2217554865752906
9.988180498709726 0.18213760933904066
9.988180498709726 0.15439501007350398
9.988180498709726 0.15921196914503374
9.988180498709726 0.150560422192979
9.988302989068995 0.16505786437358508
9.988302989068995 0.162308870432824
9.988302989068995 0.17060604714382904
9.988302989068995 0.15548515885069542
9.988302989068995 0.16590346575460374
9.988302989068995 0.1529587612333103
9.988802392039297 0.14080021845575075
9.988802392039297 0.1383129585514937
9.988802392039297 0.1308679680655477
9.989646063691378 0.12431260806579517
9.989646063691378 0.13054657479188933
9.989646063691378 0.1446082815878339
9.989646063691378 0.130852474044244
9.989646063691378 0.12315756554448729
9.989646063691378 0.11657690730287004
9.989646063691378 0.13033142950794266
9.989646063691378 0.13059406626475173
9.989646063691378 0.1368965389945981
9.989646063691378 0.14221855485661974
9.989646063691378 0.14128680211907554
9.989646063691378 0.13540969403507788
9.989646063691378 0.1333731480305001
9.990443964853752 0.12183808523497082
9.990443964853752 0.14843274994734168
9.990443964853752 0.16445842991618465
9.990443964853752 0.16839084164167506
9.990443964853752 0.16926141520654656
9.990443964853752 0.16826352336008174
9.990443964853752 0.17782937805108023
9.990443964853752 0.15731146825088077
9.990443964853752 0.13828899818094986
9.990443964853752 0.11607837969315363
9.993628154866855 0.12596976825447037
9.993628154866855 0.12165057054312814
9.993628154866855 0.12288908062635667
9.993628154866855 0.12566038788990422
9.993628154866855 0.13176713200849496
9.993628154866855 0.1321536724600202
9.993628154866855 0.1258589981844921
9.993628154866855 0.11813254005811513
9.993628154866855 0.13323344926719222
9.993628154866855 0.12877522408390346
9.993628154866855 0.125309671677849
9.993628154866855 0.11950283006091887
9.993628154866855 0.10891783687373502
9.993628154866855 0.11543732167805582
9.993628154866855 0.11331814900218352
9.993628154866855 0.1086499357184024
9.993628154866855 0.110420714117393
9.993628154866855 0.10353197604185377
9.993628154866855 0.10121234132939766
9.993628154866855 0.1023300898224568
9.993628154866855 0.10196626309897151
9.993628154866855 0.10600753398209714
9.993628154866855 0.11219978224341173
9.993628154866855 0.10069445610985421
9.993628154866855 0.10717584577289527
9.993628154866855 0.10169150959843275
9.993628154866855 0.10711783534972184
9.993628154866855 0.09912960510712403
9.993628154866855 0.10273588079265039
9.993628154866855 0.0998006448822267
9.993628154866855 0.10869942007192229
9.993628154866855 0.10460103973872112
9.993628154866855 0.10759799730077854
9.994989022725562 0.10636537983263444
9.994989022725562 0.09566993491585281
9.994989022725562 0.10505504292661282
9.994989022725562 0.10558608504458718
9.994989022725562 0.11392957526858431
9.994989022725562 0.11150447866913209
9.994989022725562 0.11352106050266578
9.994989022725562 0.12188602291967347
9.994989022725562 0.14398842628610037
9.994989022725562 0.1343753797800165
9.994989022725562 0.13565174063498786
9.994989022725562 0.14647026526586426
9.994989022725562 0.16544506510941231
9.994989022725562 0.1744554972273754
9.994989022725562 0.16843669004872258
9.994989022725562 0.2050573101594147
9.994989022725562 0.20652978330772634
9.994989022725562 0.18235717107891874
9.994989022725562 0.2094868515949107
9.994989022725562 0.18573787970258987
9.994989022725562 0.20123301566327123
9.994989022725562 0.19801694445619566
9.994989022725562 0.2034072603033393
9.994989022725562 0.18425228967732318
9.994989022725562 0.18794539007309413
9.994989022725562 0.1994551294816363
9.994989022725562 0.19541466901659624
9.994989022725562 0.16627004044807955
9.994989022725562 0.1529684342008014
9.994989022725562 0.15028198752937535
9.994989022725562 0.11368347374726288
9.994989022725562 0.11416337744097715
9.994989022725562 0.12036613317172024
9.994989022725562 0.09344104659795743
9.994989022725562 0.09596010896919033
9.994989022725562 0.1016875306877994
9.994989022725562 0.09469226004775703
9.994989022725562 0.09560123774443409
9.994989022725562 0.09954248760279386
9.994989022725562 0.09947123071130562
9.994989022725562 0.11128553737115797
9.994989022725562 0.11980764280357632
9.994989022725562 0.11513697290605618
9.994989022725562 0.09990926055490659
9.994989022725562 0.1073891691399376
9.994989022725562 0.10762046327715025
9.994989022725562 0.09843269420740339
9.994989022725562 0.09669367260940137
9.994989022725562 0.09167046115761958
9.994989022725562 0.0925535013368527
9.994989022725562 0.0939200257102211
9.994989022725562 0.09479293564055492
9.994989022725562 0.09991684890507938
9.994989022725562 0.09311264295440957
9.994989022725562 0.09155017368593295
9.994989022725562 0.09324963419433266
9.994989022725562 0.09567085181969183
9.994989022725562 0.10045001932790147
9.994989022725562 0.09479820694239137
9.994989022725562 0.09382954951629142
9.994989022725562 0.09554635692023263
9.994989022725562 0.1007086929868025
9.994989022725562 0.09439441438470822
9.994989022725562 0.0992055732516248
9.994989022725562 0.0992769038994233
9.994989022725562 0.08828569159741845
9.994989022725562 0.08749801677453634
9.994989022725562 0.08825510258890953
9.994989022725562 0.09530191927599599
9.994989022725562 0.09655614381491184
9.994989022725562 0.10133638738400041
9.994989022725562 0.0999353620944674
9.994989022725562 0.10596045381889241
9.994989022725562 0.10841245198877102
9.994989022725562 0.11823534295435602
9.994989022725562 0.08961654387286319
9.994989022725562 0.09290381955819742
9.994989022725562 0.07301174838906845
9.994989022725562 0.07615767795273905
9.994989022725562 0.0752898458806358
9.994989022725562 0.07253804283776534
9.994989022725562 0.07431289484604478
9.994989022725562 0.07484149481684473
9.994989022725562 0.07908103782189976
9.994989022725562 0.08226892969738929
9.994989022725562 0.08582630651572831
9.994989022725562 0.08834318961930701
9.994989022725562 0.0919834455520755
9.994989022725562 0.07408028516075968
9.994989022725562 0.07408242447460348
9.994989022725562 0.07558808173487191
9.994989022725562 0.08282479587331681
9.994989022725562 0.083952812502901
9.994989022725562 0.08618922942911043
9.994989022725562 0.07438788715002081
9.994989022725562 0.07491264414006278
9.994989022725562 0.06683461846788032
9.994989022725562 0.061330730173015456
9.994989022725562 0.06076384686714147
9.994989022725562 0.062428123493283715
9.994989022725562 0.06034667477292415
9.994989022725562 0.06036235585278264
9.994989022725562 0.05964149158435104
9.994989022725562 0.06317350620192723
9.994989022725562 0.06894244715871324
9.994989022725562 0.06419680744149352
9.994989022725562 0.06062872321134746
9.994989022725562 0.06026219490491703
9.994989022725562 0.06257786048858326
9.994989022725562 0.06244969788026129
9.994989022725562 0.06308551291911448
9.994989022725562 0.07119036524334535
9.994989022725562 0.07450277717945816
9.994989022725562 0.07470332812815728
9.994989022725562 0.08961707726269286
9.994989022725562 0.10218245534318429
9.994989022725562 0.1045378169064392
9.994989022725562 0.10947732887404477
9.994989022725562 0.11303253057243369
9.994989022725562 0.10735944463552069
9.994989022725562 0.1060977788739099
9.994989022725562 0.10287746643423251
9.994989022725562 0.10551859715046741
9.994989022725562 0.10263436050559926
9.994989022725562 0.10856762267601963
9.994989022725562 0.11408652471474402
9.994989022725562 0.10578004588089931
9.994989022725562 0.10977557559271058
9.994989022725562 0.10376821666786942
9.994989022725562 0.09302687588600542
9.994989022725562 0.09755866011533595
9.994989022725562 0.10446837850873139
9.994989022725562 0.10312264245392318
9.994989022725562 0.10382894631890272
9.994989022725562 0.09833508828940993
9.994989022725562 0.09955013456040493
9.994989022725562 0.10444656050087503
9.994989022725562 0.10039331139033494
9.994989022725562 0.08495159259886927
9.994989022725562 0.08355102568630504
9.994989022725562 0.06513632225535364
9.994989022725562 0.06792579512064723
9.994989022725562 0.06241688753856971
9.994989022725562 0.0626471111015693
9.994989022725562 0.06493521103224707
9.994989022725562 0.06340037064486935
9.994989022725562 0.06399361776145282
9.994989022725562 0.06061740269967498
9.994989022725562 0.06265056937095563
9.994989022725562 0.06051484943617619
9.994989022725562 0.06540072302163549
9.994989022725562 0.06724256855852377
9.994989022725562 0.06383499960171961
9.994989022725562 0.06050250327910072
9.994989022725562 0.0638874925586813
9.994989022725562 0.06553764816316301
9.994989022725562 0.06621821490025141
9.994989022725562 0.0663797607978628
9.994989022725562 0.07096935630400525
9.994989022725562 0.07229367571173416
9.994989022725562 0.07066989339378785
9.994989022725562 0.07056218958644328
9.994989022725562 0.07165918181989916
9.994989022725562 0.05991042737219752
Score: 9.994989022725562
Runtime: 5461ms
