2.212514448744843E-6 4.7745721605822355
8.22948001797772E-6 4.382283929111399
2.8063190204857195E-4 3.9014006778321533
0.0010593584560075822 4.018076225957411
0.01652431089617536 3.899680948136869
0.01652431089617536 3.8242668076086184
0.01974183302132408 3.765293159532112
0.021230425492408497 3.657330849885948
0.021230425492408497 3.6009366739922695
0.04529586300959231 3.353335400373736
0.07324080343603202 3.4047325246547606
0.07393616933458945 3.258331867535683
0.07393616933458945 3.1846559026858294
0.12136481080744127 2.9906221999000695
0.12136481080744127 2.7879070669192965
0.1445931645921265 2.7205979013606254
0.1445931645921265 2.673019552695288
0.1445931645921265 2.6688913603478936
0.15771568376970305 2.580145377502283
0.15771568376970305 2.5897897698113943
0.5576488811137006 2.6183716998109277
0.5576488811137006 2.5935626735062063
0.5576488811137006 2.6083943772048275
0.6119488887117576 2.6528037113317042
0.6119488887117576 2.618934121189602
0.6119488887117576 2.66335389906989
0.6119488887117576 2.749041023535809
0.6286446258159656 2.811282055847867
1.4620714518025628 2.93091631387089
1.4620714518025628 2.8213330072665053
1.4620714518025628 2.9316150226690123
1.4620714518025628 3.0076313236960663
1.6785521630145825 2.8850028562490975
1.6785521630145825 2.8745978958334253
1.6785521630145825 2.906972106525807
1.6785521630145825 2.7264263948163032
1.6891058454156573 2.7167905168152493
1.6891058454156573 2.750648046193506
1.6891058454156573 2.8306444154618586
1.6891058454156573 2.755353780395746
1.8023156418839137 2.777193826682633
1.841351684447961 2.867896592725023
2.4316837902547044 3.1534104036315567
2.4316837902547044 2.9715953301960454
2.4316837902547044 3.077877565022422
2.4316837902547044 3.003058637513512
2.4316837902547044 2.791607866646916
2.4964820158569987 2.956515213451763
2.9366185285526796 3.0316833824054013
2.9366185285526796 3.005800282251067
2.9366185285526796 2.9089451043336307
2.9366185285526796 2.8903670264862598
2.9366185285526796 2.5717474501554705
2.9366185285526796 2.6910748844904497
2.9366185285526796 2.8006428931664646
3.0709380232300036 2.7495652937679833
3.0709380232300036 2.820535453404412
3.175423883154223 2.8448299386045885
3.463832021279286 2.6870667615976163
3.463832021279286 2.9020053370127283
3.463832021279286 2.544076976175167
3.6320656258361765 2.8901454937991553
3.6320656258361765 2.7920344590009902
3.6320656258361765 2.579811199265554
4.219888605997509 2.6782555924698417
4.219888605997509 2.765041707920272
4.219888605997509 2.986658782301305
4.219888605997509 3.0701315355683096
4.364404844283927 3.1729252268077803
4.364404844283927 3.318860392843029
4.364404844283927 3.092262863070115
4.512101778939808 3.295200771190629
4.512101778939808 3.310164476937702
4.606640529938645 3.0845401096461784
4.723824811274312 3.049370198485152
4.723824811274312 3.003428540375367
4.723824811274312 2.8612656690108738
4.723824811274312 2.8396288185407985
4.723824811274312 3.047996817288269
5.32376758721621 3.252607378942805
5.32376758721621 3.4161886315167376
5.32376758721621 3.1548261109197107
5.32376758721621 3.4167815712152727
6.149558843575277 3.301356113859762
6.149558843575277 3.2309361763678326
6.149558843575277 3.3065072934202218
6.164578663056902 3.080598783757816
7.0335420296782 2.580647199411186
7.0335420296782 2.6256145331919036
7.0335420296782 2.7805432516271718
7.424646895340975 2.751188450274296
7.967107054636703 2.3874672369826557
7.967107054636703 2.5124474301170294
7.967107054636703 2.5901401055495654
7.967107054636703 2.589752198148377
7.967107054636703 2.625802662914496
7.967107054636703 2.658877558440425
7.967107054636703 2.812661374135006
7.967107054636703 2.19378656313622
7.967107054636703 2.337992377000621
7.967107054636703 2.4988195789197913
7.967107054636703 2.6139375651383006
7.967107054636703 2.4465092628226346
7.977356639757176 2.2136846718775223
7.977356639757176 2.3555588305442066
7.977356639757176 2.3739369218739745
7.977356639757176 2.519598851330922
7.977356639757176 2.527592106054119
8.548692793557558 2.5758531652418575
8.548692793557558 2.378763885471129
8.548692793557558 2.359737352014081
8.548692793557558 2.224224626872932
8.548692793557558 2.322626036620988
8.548692793557558 2.5284897957202572
8.548692793557558 2.5841786332746817
8.548692793557558 2.3601808272181133
8.548692793557558 2.4158548170849796
8.548692793557558 2.467755044990487
8.548692793557558 2.2966771072185383
8.548692793557558 2.385456119827202
8.548692793557558 2.3877326347059307
8.548692793557558 2.428445158510974
8.765874769605235 2.463658611391793
8.765874769605235 2.6630179756273273
8.765874769605235 2.667253708425375
8.765874769605235 2.664981993727849
8.765874769605235 2.647448311344702
8.765874769605235 2.4929825492169524
8.765874769605235 2.3287912600588174
8.765874769605235 2.2833271511838005
8.765874769605235 2.4598369212450852
8.765874769605235 2.4752793236212245
8.765874769605235 2.3586033254156926
9.120860986992446 2.2909462518409613
9.120860986992446 2.4362607681057256
9.120860986992446 2.3712276014782727
9.120860986992446 2.3348337128823133
9.120860986992446 2.432460828651346
9.120860986992446 2.4569326541185106
9.120860986992446 2.520148922395361
9.120860986992446 1.9402977291401518
9.120860986992446 2.0671422166355296
9.120860986992446 2.008451944190134
9.120860986992446 1.9776782885016526
9.120860986992446 1.9872829584178695
9.120860986992446 1.9770668462504541
9.120860986992446 2.0354954595291264
9.120860986992446 1.9930301805050772
9.120860986992446 2.1311860483317817
9.120860986992446 1.9893713971214042
9.120860986992446 2.0186506768379697
9.120860986992446 2.1812646297703764
9.120860986992446 2.167027249017388
9.120860986992446 2.2276871007709227
9.120860986992446 2.242091356595731
9.120860986992446 2.1732533654516986
9.120860986992446 2.219139282907893
9.120860986992446 2.1883343992509694
9.120860986992446 2.295931309309513
9.120860986992446 2.078551181851758
9.120860986992446 2.0523728155134315
9.120860986992446 2.1764739183367627
9.120860986992446 2.38182079683838
9.120860986992446 2.6208232865664303
9.120860986992446 2.4560571993542273
9.120860986992446 2.4710529830163366
9.120860986992446 2.6588648172895453
9.120860986992446 2.6202930150935173
9.120860986992446 2.5564313835580066
9.120860986992446 2.295517896292177
9.120860986992446 2.3885710262798514
9.120860986992446 2.4382989926489986
9.120860986992446 2.2437568908679473
9.120860986992446 2.2173390287310744
9.120860986992446 2.1697639004392233
9.173771029547144 2.2204804554848625
9.173771029547144 2.2098125285536243
9.173771029547144 2.3670091943270473
9.173771029547144 1.9409102048755353
9.173771029547144 1.8846467256614214
9.173771029547144 1.9671247606384774
9.173771029547144 1.8583856099584841
9.356694142091218 1.86361428223752
9.356694142091218 1.737339574618901
9.356694142091218 1.648835463597274
9.356694142091218 1.6973288464555392
9.4158327602193 1.65094955403981
9.4158327602193 1.4822804032536472
9.4158327602193 1.595664250775743
9.483057917702682 1.5809384213755049
9.483057917702682 1.563432390446998
9.558895602265135 1.5986836461778295
9.651246422395717 1.5316044179070185
9.651246422395717 1.5913541431036002
9.651246422395717 1.5272883809985558
9.651246422395717 1.4271576202969607
9.651246422395717 1.3907464441965374
9.651246422395717 1.4444255467825438
9.69774295599742 1.43208231207229
9.69774295599742 1.4120756186104697
9.69774295599742 1.3428946167567504
9.69774295599742 1.282600465658286
9.69774295599742 1.419109111173172
9.69774295599742 0.9893958474050885
9.69774295599742 1.0600796121509666
9.69774295599742 0.919443369095466
9.69774295599742 0.9849887036788599
9.69774295599742 0.9370175559521758
9.76582766467125 1.0098890116272057
9.76582766467125 1.0617773829206432
9.76582766467125 1.0538083902351925
9.76582766467125 0.9671890351762836
9.775424359074858 0.9877473221350871
9.775424359074858 0.9739748336422033
9.775424359074858 0.998136694690789
9.78889037372272 1.0373945309509756
9.78889037372272 1.1056451363172868
9.8084703241956 1.080826337373743
9.8084703241956 1.1437832382178783
9.8084703241956 1.1039325365062338
9.8084703241956 1.0048247847254148
9.833121302410738 1.0088690359912484
9.851159172098939 0.9007307247990425
9.851159172098939 0.9286457754457598
9.851159172098939 0.889584754839034
9.871631570107398 0.7809564770080178
9.871631570107398 0.8177728906996634
9.871631570107398 0.8278731772150327
9.871631570107398 0.8750181722832412
9.883287386581765 0.8994007964245543
9.883287386581765 0.8366610742890134
9.890501850733484 0.7891318693829469
9.890501850733484 0.7633365241353551
9.890501850733484 0.74261165033161
9.896979486160852 0.7508506513024588
9.896979486160852 0.7040208458871171
9.896979486160852 0.6979576646724425
9.907632886839156 0.6657582113141597
9.907632886839156 0.6588430844266822
9.914468080405543 0.6677875824189637
9.914468080405543 0.6645659092024103
9.914468080405543 0.6472870204123432
9.927270183961822 0.6572434044032517
9.927270183961822 0.651765439791406
9.927270183961822 0.6259598477972034
9.927270183961822 0.6422140113976248
9.927270183961822 0.6880091524924977
9.927270183961822 0.6607858913504984
9.931016896700068 0.6489649802449389
9.931016896700068 0.7004955421659819
9.931016896700068 0.6602138116297387
9.931016896700068 0.6973586305059869
9.931016896700068 0.6715331754129352
9.93156290719578 0.7412088018563907
9.93156290719578 0.7085772772127756
9.93156290719578 0.705300232252025
9.93156290719578 0.6541589675923573
9.93156290719578 0.6442829421760162
9.939958385288746 0.6228965609570557
9.939958385288746 0.6518461666029335
9.94044243636739 0.6778647141734465
9.94044243636739 0.6851748594583803
9.94044243636739 0.7673123578965803
9.94044243636739 0.7931404597837819
9.95350662717961 0.8414352903600684
9.95350662717961 0.8718078798356315
9.958186582659248 0.7492911291057294
9.958186582659248 0.7324894093338205
9.958186582659248 0.6722678933597002
9.959138068633301 0.7121097834903872
9.959138068633301 0.6585279414597938
9.964740389960186 0.6482250530863017
9.968690883050686 0.678092551514391
9.968690883050686 0.67171385835112
9.968690883050686 0.560129534873046
9.968690883050686 0.5614956196996103
9.969185126160022 0.6021145966577739
9.972433781146608 0.6261463841366635
9.97328400916497 0.6634999674626392
9.97328400916497 0.6653488468453401
9.97328400916497 0.6465253348690244
9.97328400916497 0.6711079485837685
9.975186942120994 0.6891176374876803
9.975186942120994 0.6631538896509865
9.975186942120994 0.6691291809721608
9.9782095564138 0.6288546867326475
9.980343175263632 0.5886769453657122
9.980343175263632 0.6148209183568821
9.981242283768857 0.5582156856376508
9.981242283768857 0.45254188254264877
9.981242283768857 0.4029092125430035
9.984375051718938 0.3914563200174185
9.984375051718938 0.36862942160830886
9.984375051718938 0.36873727068572376
9.984375051718938 0.3754612511142862
9.984375051718938 0.3673937177444123
9.984375051718938 0.36892843932516955
9.984375051718938 0.36586158111405126
9.984375051718938 0.3703647014049469
9.984375051718938 0.3677934640759121
9.984375051718938 0.37224594017693785
9.984519684663539 0.3628107600556162
9.984519684663539 0.3629131902319953
9.984519684663539 0.4129127213022323
9.984519684663539 0.3972614774258858
9.984519684663539 0.3933240486649423
9.984519684663539 0.39481966144546005
9.984519684663539 0.42655518669688003
9.984519684663539 0.42943565860462646
9.984797128465443 0.42625405588717563
9.984797128465443 0.4635767681586908
9.984797128465443 0.4692018331524421
9.984797128465443 0.3739125511624339
9.987137642592886 0.3531654492367513
9.987137642592886 0.37206591306080966
9.987137642592886 0.4073694703261509
9.987137642592886 0.38811834965406533
9.987137642592886 0.3559723868919336
9.987137642592886 0.29871493262498466
9.987137642592886 0.300369639825866
9.987137642592886 0.28946848031077316
9.987371462082548 0.27026351655593445
9.987788489354596 0.2584626045535246
9.988381405279604 0.2870998636179541
9.988381405279604 0.2745088589030731
9.990041068376824 0.27529080209305506
9.990489049482592 0.2825774686807143
9.990489049482592 0.3027510642158542
9.990489049482592 0.3201922433365125
9.990489049482592 0.35899474348618887
9.990489049482592 0.36497771451710176
9.990489049482592 0.36587837643295323
9.990605445201725 0.3888961824271251
9.990605445201725 0.34691153126865204
9.990605445201725 0.26858424732464686
9.990605445201725 0.2522079113597181
9.990676126754813 0.27135450272611256
9.990676126754813 0.2710497368424725
9.990676126754813 0.2615713155313263
9.990676126754813 0.26852739971629697
9.990676126754813 0.26042925715412285
9.990676126754813 0.25992282109747633
9.991064332574703 0.261030827895809
9.993826873340177 0.29473097746965765
9.993826873340177 0.3044383234021125
9.993826873340177 0.31440250141753934
9.993826873340177 0.2673261817131672
9.993826873340177 0.16868346255876207
9.993826873340177 0.15417153172519188
9.993826873340177 0.16238384051933438
9.993826873340177 0.16036545259658788
9.993826873340177 0.15831364973518972
9.993826873340177 0.15873366580633758
9.993826873340177 0.16252688404428242
9.993826873340177 0.16275707132183587
9.993826873340177 0.1551124549028949
9.993826873340177 0.1630325475593788
9.993826873340177 0.1611845765879387
9.993826873340177 0.16478216086490935
9.993826873340177 0.15398426054190914
9.993826873340177 0.14462551334283316
9.993826873340177 0.14587338165739935
9.993826873340177 0.1502569563996992
9.993826873340177 0.1462454109588946
9.993826873340177 0.1501363248289945
9.993826873340177 0.14596567393824034
9.993826873340177 0.140241321702209
9.993826873340177 0.14446219381977324
9.993826873340177 0.13138381341346833
9.993826873340177 0.12663496133165522
9.993826873340177 0.12986371685704567
9.993826873340177 0.1336864792888891
9.993826873340177 0.13374089966994865
9.993826873340177 0.12852663360622033
9.993826873340177 0.12170680364636356
9.993826873340177 0.12421712402786857
9.993826873340177 0.1227545356231141
9.993826873340177 0.12637537901605356
9.993826873340177 0.12602239249920294
9.993826873340177 0.1366917367666307
9.993826873340177 0.14343856632632263
9.993826873340177 0.14136818839287665
9.993826873340177 0.1393191803302455
9.993826873340177 0.140606048280354
9.993826873340177 0.1462784435530729
9.993826873340177 0.13842943596311183
9.993826873340177 0.1385144044545896
9.994150865689203 0.13699946433271531
9.994150865689203 0.13370939032262477
9.994150865689203 0.1367750781632612
9.994150865689203 0.13235770739580482
9.994150865689203 0.1341335808566721
9.994150865689203 0.1333037376080153
9.994150865689203 0.13477761856085954
9.994150865689203 0.1358911504933147
9.994150865689203 0.14094835683467205
9.994150865689203 0.14472847312666504
9.994150865689203 0.14930039132794248
9.994532448033956 0.15449781240469418
9.994532448033956 0.14781363066918576
9.996325073336354 0.1476030516780932
9.996325073336354 0.12254209822707113
9.996325073336354 0.12630301314643894
9.996325073336354 0.1262523652809223
9.996325073336354 0.1318348957496758
9.996325073336354 0.08211000716050783
9.996325073336354 0.0840366835009676
9.996325073336354 0.08353940399166816
9.996325073336354 0.08247200148520065
9.996325073336354 0.07905106758241107
9.996325073336354 0.08076053677167826
9.996325073336354 0.08180835268296083
9.996325073336354 0.08107318563806686
9.996325073336354 0.08542213356705743
9.996325073336354 0.0798962683552923
9.996325073336354 0.0802357567527241
9.996325073336354 0.07422812480340066
9.996325073336354 0.07413062703074064
9.996325073336354 0.07938123224198224
9.996325073336354 0.0840812168860083
9.996325073336354 0.08444904828297982
9.996325073336354 0.08321450412939407
9.996325073336354 0.07759141677248062
9.996325073336354 0.08006988194102968
9.996325073336354 0.07920240014740103
9.996325073336354 0.07437580176307253
9.996325073336354 0.07695335806540227
9.996325073336354 0.07232130761541096
9.996325073336354 0.07409677946837413
9.996325073336354 0.07935238894940189
9.996325073336354 0.06872499084449016
9.996325073336354 0.07324666575574812
9.996325073336354 0.07088637813396866
9.996325073336354 0.0716750816240009
9.996325073336354 0.07454434817165327
9.996325073336354 0.07437498577539003
9.996325073336354 0.07425114027854307
9.996325073336354 0.0703646401031522
9.996325073336354 0.07481692185754167
9.996325073336354 0.07314931882682106
9.996325073336354 0.07936713742697818
9.996325073336354 0.07621627667503429
9.996325073336354 0.07721301701808923
9.996325073336354 0.07225874088182337
9.996369448479745 0.07437455838115396
9.996369448479745 0.07760726931327672
9.996369448479745 0.07998447698126504
9.996369448479745 0.06838445243583233
9.996369448479745 0.07146370466837955
9.996369448479745 0.07228723188002498
9.996369448479745 0.07322560881320035
9.996369448479745 0.0744675280304222
9.996369448479745 0.07727588995103211
9.996369448479745 0.0763720784092585
9.996369448479745 0.07702262832282666
9.996369448479745 0.07524938788058814
9.996369448479745 0.08117375946143775
9.996369448479745 0.08283716101006924
9.996369448479745 0.08380864980268166
9.996369448479745 0.09511567294578663
9.996369448479745 0.09733552912765843
9.996369448479745 0.10299283817882038
9.996369448479745 0.10710307391642816
9.996369448479745 0.11565683451996084
9.996369448479745 0.12560181786703192
9.996369448479745 0.12374323118959805
9.996369448479745 0.1117538235576806
9.996369448479745 0.09341767677676578
9.996369448479745 0.0948162836922502
9.996369448479745 0.09081505516638966
9.996369448479745 0.09419097624516412
9.996369448479745 0.10021349149037335
9.996369448479745 0.1073106742224695
9.996369448479745 0.11276193234846528
9.996369448479745 0.11653979793621955
9.996369448479745 0.11562833904219962
9.996369448479745 0.12123612944093182
9.996369448479745 0.12395180221803964
9.996369448479745 0.12015976731840076
9.996369448479745 0.12455317826384717
9.996369448479745 0.12314947819236811
9.996369448479745 0.13215874839866135
9.996369448479745 0.12380787189112927
9.996369448479745 0.12473006661110747
9.996369448479745 0.12484389616887505
9.996369448479745 0.11261438691789787
9.996369448479745 0.1153979371796205
9.996369448479745 0.12514659323090582
9.996369448479745 0.1317955789337672
9.996369448479745 0.1396960349121568
9.996369448479745 0.13987453187057014
9.996369448479745 0.1452108459411687
9.996369448479745 0.13936818062679715
9.996369448479745 0.12699252741044367
9.996369448479745 0.12583381397337964
9.996369448479745 0.12563137826701484
9.996369448479745 0.11568146900120205
9.996369448479745 0.11839222293262246
9.996369448479745 0.11792205163555856
9.996369448479745 0.11318332713512436
9.996369448479745 0.1155215673272353
9.996369448479745 0.10631395417861231
9.996369448479745 0.1110431017442171
9.996369448479745 0.11621258387949837
9.996369448479745 0.11012079049644292
9.996369448479745 0.11110814292307732
9.996369448479745 0.10553487332729766
9.996369448479745 0.10527440103857695
9.996369448479745 0.09548770107775399
9.996369448479745 0.10318096163037092
9.996369448479745 0.10350207855634813
9.996369448479745 0.10566632213469537
9.996369448479745 0.0979814678702127
9.996369448479745 0.1008464733030754
9.996369448479745 0.10114295858915244
9.996369448479745 0.10871231769436583
9.996369448479745 0.1097688097228279
9.996369448479745 0.11338380944307844
9.996369448479745 0.10777060238396258
9.996369448479745 0.10530105966844056
9.996369448479745 0.10533095052027842
9.996369448479745 0.09579737877674971
9.996369448479745 0.09397095752108311
9.996369448479745 0.09584153613422455
9.996369448479745 0.09642207651484987
9.996369448479745 0.09889798864308115
9.996369448479745 0.09863281549309601
9.996369448479745 0.10193264069635845
9.996369448479745 0.10420742972078073
9.996369448479745 0.09442018035993774
9.996369448479745 0.09465919885709265
9.996369448479745 0.10092664414931828
9.996369448479745 0.10227833851546235
9.996369448479745 0.07165781840088564
9.996369448479745 0.07309977069324111
9.996369448479745 0.07338154735344025
9.996369448479745 0.09221705464842439
9.996369448479745 0.09435386796357267
9.996369448479745 0.09489106635395707
9.996369448479745 0.09877826894057547
9.996369448479745 0.0961278403258697
9.996369448479745 0.08597897280194236
9.996369448479745 0.08787689021124674
9.996369448479745 0.08342432137034765
9.996369448479745 0.08754042293284355
9.996369448479745 0.08902145397407413
9.996369448479745 0.09201621242412453
9.996369448479745 0.08758295778019638
9.996369448479745 0.09307234903888648
9.996369448479745 0.09091779552282059
9.996369448479745 0.0850965586735735
9.996369448479745 0.07388716133391156
9.996369448479745 0.07675360548261441
9.996369448479745 0.07687401358626794
9.996369448479745 0.08108221641671205
9.996369448479745 0.08700265414374134
9.996369448479745 0.08758629356900893
9.996369448479745 0.0918684233210095
9.996369448479745 0.09728679231754257
9.996369448479745 0.09924492818612492
9.996369448479745 0.09233437265678178
9.996369448479745 0.0990488401529586
9.996369448479745 0.09735766244485855
9.996369448479745 0.10199188916989989
9.996369448479745 0.10325168134221903
9.996369448479745 0.10288654508129365
9.996369448479745 0.09777478913422843
9.996369448479745 0.10253503489460208
9.996369448479745 0.10017261232133269
9.996369448479745 0.1035746480570686
9.996369448479745 0.1100066301013044
9.996369448479745 0.10186032817159486
9.996369448479745 0.09900136751412526
9.996369448479745 0.0983272327772606
9.996369448479745 0.09903059938129688
9.996369448479745 0.10011091804507473
9.996369448479745 0.09004735703669166
9.996369448479745 0.08855782209880517
9.996369448479745 0.08689338178603996
9.996369448479745 0.08838978279782733
9.996369448479745 0.0900081308889882
9.996369448479745 0.09189059361317321
9.996369448479745 0.09883195292788952
9.996369448479745 0.09910240270719578
9.996369448479745 0.10284276674145935
9.996369448479745 0.09736653590430505
9.996369448479745 0.1014470761184779
9.996369448479745 0.09775351877951952
9.996369448479745 0.08964442282366655
9.996369448479745 0.0733084438847519
9.996369448479745 0.07416576356643781
9.996369448479745 0.07596519946274807
9.996369448479745 0.07698871221588531
9.996369448479745 0.07932860801741944
9.996369448479745 0.07256644333192283
9.997353297363112 0.07224894101229132
9.997353297363112 0.059441637785455095
9.997353297363112 0.05817632055065739
9.997353297363112 0.05752475927729421
9.997353297363112 0.046586664677401156
9.997353297363112 0.04998801323658905
9.997818189735657 0.04867821150526679
9.997818189735657 0.045721107632973323
9.997818189735657 0.044307998357366846
9.997818189735657 0.04693473434224113
9.997818189735657 0.04447098050924619
9.997818189735657 0.04038285409302774
9.997818189735657 0.041905108567135446
9.997818189735657 0.04058006004654203
9.997818189735657 0.0412290883735525
9.997818189735657 0.04016001642970725
9.997818189735657 0.04192502163179969
9.997818189735657 0.042970591339445516
9.997818189735657 0.04406584909775643
9.997818189735657 0.04204147307151412
9.997818189735657 0.045471604412237264
9.997818189735657 0.046675687242170645
9.997818189735657 0.05041832423171502
9.997818189735657 0.053277400956222395
9.997818189735657 0.05681472533897973
9.997818189735657 0.05990141692618364
9.997818189735657 0.058706000253867324
9.997818189735657 0.06131098421765414
9.997818189735657 0.05670113639165958
9.997818189735657 0.04237248220214524
9.997818189735657 0.04242153767389734
9.997818189735657 0.04614776724357057
9.997818189735657 0.05177131988165962
9.997818189735657 0.04759799622080678
9.997818189735657 0.049107630167973024
9.997818189735657 0.05014948968239827
9.997818189735657 0.04845525946132281
9.997818189735657 0.05128803666144355
9.997818189735657 0.053721483313156695
9.997818189735657 0.05443751568714216
9.997818189735657 0.05705315708522562
9.997818189735657 0.06067469336523595
9.997818189735657 0.06186023670128448
9.997818189735657 0.06469909350903567
9.997818189735657 0.05403264833042691
9.997818189735657 0.048458713468939325
9.997818189735657 0.04990984050151189
9.997818189735657 0.04740647349289672
9.997818189735657 0.04957378599786587
9.997818189735657 0.04923926313128219
9.997818189735657 0.05006884334364899
9.997818189735657 0.05415288953123786
9.997818189735657 0.05634965837005489
9.997818189735657 0.05553972927197472
9.997818189735657 0.04638775214505985
9.997818189735657 0.046838417972045236
9.997818189735657 0.05175469419319678
9.997818189735657 0.05183744999876412
9.997818189735657 0.047194253843041496
9.997818189735657 0.04347716468117517
9.997818189735657 0.046571735383679876
9.997818189735657 0.04633300132684748
9.997818189735657 0.04683425973917944
9.997818189735657 0.0473093120064364
9.997818189735657 0.04679653198119486
9.997818189735657 0.04943574937933648
9.997818189735657 0.047591229256223944
9.997818189735657 0.050977292973510654
9.997818189735657 0.04220287528616197
9.997818189735657 0.045468941294170055
Score: 9.997818189735657
Runtime: 5136ms
