2.122137050835536E-6 4.221030654991634
5.441887344856985E-5 4.07482580755846
3.940066841673435E-4 4.042543221270343
0.0012321070772966418 3.878562996237017
0.005444852030653734 3.8851194206223902
0.010793905346546593 3.822813096624969
0.012114653472473126 3.560837390277733
0.0442430065319018 3.4380313231222566
0.04716796553802271 3.1512413795855574
0.0847896293276516 3.1249385268028966
0.0847896293276516 2.9925218538711826
0.0847896293276516 2.9336585450688037
0.0847896293276516 2.8002760308257217
0.09093880612829798 2.7087105183905775
0.09093880612829798 2.760824684669074
0.09119441365516501 2.8134591673690155
0.09119441365516501 2.783144740781922
0.09916349864625107 2.719325870891141
0.09916349864625107 2.4365946233756803
0.16458389708819868 2.4228110084601737
0.32632755688411597 2.479649376659308
0.32632755688411597 2.466376529482005
0.32632755688411597 2.5363424979634357
0.32632755688411597 2.6568344272768667
0.3634083848233959 2.8069300917775526
0.3634083848233959 2.9062608686181757
0.43831112328471084 3.0391598440255523
0.9460413009160374 3.2304582718484496
0.9460413009160374 3.230860744177384
0.9829241296841891 3.2377606979475897
2.522085235230574 3.318078110687122
2.522085235230574 3.2775067561484494
2.522085235230574 3.070307137424602
2.522085235230574 3.125814776177383
2.522085235230574 3.2675070881609134
2.522085235230574 3.2744344173493705
2.522085235230574 3.2975071081313554
3.429082659998328 3.2921058442453988
3.429082659998328 3.260677627710184
3.429082659998328 3.3308759137573913
3.429082659998328 3.2774774777009936
3.429082659998328 3.070628088071987
3.429082659998328 3.3013917327097966
3.429082659998328 3.3482442927483547
3.429082659998328 3.0934433984647014
3.429082659998328 2.994558526688485
4.0507529812361955 2.9984200564246155
4.0507529812361955 3.0890411316844646
4.0507529812361955 3.0882545783685735
4.0507529812361955 3.086602377966078
4.0507529812361955 3.241309841359073
4.0507529812361955 3.04136003492154
4.0507529812361955 3.2795864666049592
4.0507529812361955 3.136904034130749
4.21522949133632 3.0081932549977255
4.21522949133632 3.0786478709695753
4.25316300067549 3.172906050136098
4.25316300067549 2.8854840753543187
4.25316300067549 2.8117233778495305
4.466629153087346 2.807524995656388
4.466629153087346 2.8202439462741653
4.466629153087346 2.8497727464746805
4.466629153087346 2.6708927405311442
4.466629153087346 2.7001086495784854
5.7913837982078 2.6613997842076276
5.7913837982078 2.899569479854182
5.7913837982078 2.845902159992075
5.7913837982078 2.661826547151423
5.7913837982078 2.667579865457964
5.7913837982078 2.667678425707888
6.037772438838046 2.7588207110519583
6.037772438838046 2.824932588816627
6.300643819164113 2.913972338903472
6.300643819164113 2.890309939263362
6.300643819164113 2.8217245557933452
6.300643819164113 2.9691011125322397
6.300643819164113 2.99872977287071
6.300643819164113 2.5611278333833463
6.300643819164113 2.7232635962775578
6.300643819164113 2.687540230850949
6.481741087940303 2.3323651914222334
6.481741087940303 2.1574232132467226
6.481741087940303 2.0604239418361305
6.481741087940303 2.1622207202246244
6.652650832104603 2.160534502110845
6.652650832104603 2.267988513527814
6.652650832104603 2.079048329954883
6.765563467404654 2.198016780776614
6.765563467404654 2.18597050802423
6.765563467404654 2.142579812387963
6.765563467404654 1.9914206913146437
6.765563467404654 2.103728092230463
6.866616161495295 2.258386863975077
6.866616161495295 2.181819649447708
6.933058564939783 2.363465007904172
6.933058564939783 2.444080100126433
7.349474498120609 2.5332119721609003
7.349474498120609 2.612186547510966
7.349474498120609 2.743782518175652
7.349474498120609 2.6621813774956973
7.349474498120609 2.6780538009298493
7.349474498120609 2.6233546115601327
7.349474498120609 2.6176807118906584
7.349474498120609 2.61069113442433
7.349474498120609 2.6453210715371185
7.349474498120609 2.8277852172705606
7.349474498120609 3.0561813254398698
7.349474498120609 3.136055437691618
7.349474498120609 2.8097546533915727
7.349474498120609 2.6623512879680025
8.02626704354345 2.619980440345543
8.02626704354345 2.657825510430427
8.02626704354345 2.5863587689379566
8.02626704354345 2.489312649669244
8.02626704354345 2.6079443115467673
8.02626704354345 2.6286783299808434
8.02626704354345 2.647398002368153
8.02626704354345 2.4887375403521528
8.02626704354345 2.5844212528637485
8.02626704354345 2.2014502656447075
8.02626704354345 2.455207506414877
8.03382623349654 2.6502446260052386
8.03382623349654 2.695193315044406
8.24888987725012 2.497985314239803
8.35794240730291 2.4818699613345796
8.35794240730291 2.188471915076132
8.35794240730291 2.1214664409611905
8.35794240730291 2.129302304494038
8.35794240730291 2.175256921341564
8.47746118710322 2.2819947348738787
8.606500263171368 2.2541722481063267
8.700727399127457 2.3400941112632467
8.700727399127457 2.250955778921488
8.81340931595348 2.409241129641984
8.81340931595348 2.4736529089766677
8.869365940236582 2.575353815397901
9.097242088901679 2.581938667590729
9.097242088901679 2.5833179789852925
9.097242088901679 2.2991453543015643
9.097242088901679 2.4053279086096335
9.097242088901679 2.557799041553022
9.097242088901679 2.181027528505625
9.097242088901679 2.1023883403196253
9.097242088901679 2.13979119535078
9.097242088901679 2.056956438603565
9.097242088901679 1.8592830369653568
9.097242088901679 1.814927150705914
9.141388820401827 1.909948174520807
9.141388820401827 1.8765867825383202
9.165711132660459 1.8049654346924766
9.165711132660459 1.7713666903796506
9.165711132660459 1.8650962033240754
9.165711132660459 1.8330811515203198
9.165711132660459 1.8752418667204283
9.23645253882736 1.91581781400542
9.299788639061186 1.8968614194618743
9.348890568914207 1.7645463791630085
9.348890568914207 1.52709410076655
9.348890568914207 1.376271965827325
9.348890568914207 1.4040643549768859
9.348890568914207 1.3599359314025232
9.348890568914207 1.452059367413361
9.348890568914207 1.5723267045329463
9.348890568914207 1.3702951663822445
9.348890568914207 1.4563994036957204
9.348890568914207 1.4687095815294162
9.467921849012178 1.5055479650091832
9.467921849012178 1.5250550902438427
9.467921849012178 1.456697539259862
9.467921849012178 1.3164804428392891
9.467921849012178 1.2561849833626662
9.467921849012178 1.230599549626176
9.467921849012178 1.202915268914775
9.467921849012178 1.2080528532356534
9.467921849012178 1.2601976248986937
9.50171119522999 1.2580354141976868
9.50171119522999 1.3364700495745987
9.50171119522999 1.4078050982107966
9.511049818744514 1.4260770065145367
9.534068172494418 1.38161552324514
9.534068172494418 1.2453941971668605
9.590358171205658 1.1347006497030214
9.590358171205658 1.210885019183836
9.590358171205658 1.064765916232872
9.59861123857484 1.0791977230588268
9.59861123857484 1.1068786843359086
9.65444777270079 1.1693728276826727
9.65444777270079 1.0564967973695545
9.668622690256353 1.086653627947562
9.703488182656322 1.020882780017152
9.703488182656322 1.0383791508339386
9.703488182656322 1.0598053477866047
9.703488182656322 1.0648164848015313
9.703488182656322 1.0869799933660063
9.703488182656322 1.1215766225308754
9.703488182656322 0.9580870760099598
9.715366840202904 0.9076911773886981
9.715366840202904 0.8961778657524547
9.715366840202904 0.9457303815775006
9.715366840202904 0.9720118588542142
9.72582810036305 1.0429350497635936
9.72582810036305 0.9505974733412017
9.737867976500045 0.9189273505050422
9.737867976500045 0.8917001382837749
9.737867976500045 0.825361447591466
9.737867976500045 0.8795123458641698
9.737867976500045 0.7835273960925246
9.784052704179258 0.8206005211505097
9.784052704179258 0.7789506259583413
9.784052704179258 0.8260773653484996
9.784052704179258 0.8612163595251303
9.82338835673039 0.8860519207431402
9.82338835673039 0.8385331173792904
9.82338835673039 0.8235513741202181
9.82338835673039 0.8125937043016442
9.82338835673039 0.7783334923636642
9.82338835673039 0.8297901899139584
9.82338835673039 0.8953909085687994
9.82338835673039 0.7287887907148758
9.82338835673039 0.7592114299356393
9.8315453069713 0.8106570331227534
9.8315453069713 0.7941260170220572
9.8315453069713 0.6947963085428466
9.8315453069713 0.7078989131808326
9.8315453069713 0.7761628116912489
9.8315453069713 0.7423548877154736
9.838759675579468 0.7618508429563913
9.838759675579468 0.7463658795537094
9.859282540593465 0.8264724774099821
9.859282540593465 0.7883879440097338
9.859282540593465 0.7378164467986817
9.859282540593465 0.7429588513937567
9.859282540593465 0.6917865103856151
9.859889683814716 0.6707110140838386
9.859889683814716 0.6169543999446901
9.859889683814716 0.5947104221911486
9.860533680374468 0.6024923234430734
9.861625355739234 0.6009847729123672
9.863646914120881 0.4766485195669831
9.868976017939 0.44660836950499005
9.872409762971436 0.46973824260676234
9.872409762971436 0.49413830835122674
9.872409762971436 0.5167953285003983
9.872409762971436 0.4466486305344851
9.872409762971436 0.46348820947289016
9.872409762971436 0.48975729394879114
9.872409762971436 0.5315727046902667
9.872409762971436 0.47187332742811444
9.872409762971436 0.522062503006988
9.882292632785624 0.6047384475218314
9.882292632785624 0.47434134104719317
9.882292632785624 0.5311409369517263
9.882292632785624 0.5332289582708147
9.882292632785624 0.5412282269291305
9.882292632785624 0.5800440648227142
9.882292632785624 0.6041145465154666
9.882292632785624 0.4403511129764915
9.882292632785624 0.45292166360911307
9.882292632785624 0.4530523536789847
9.882292632785624 0.43887719008133114
9.882292632785624 0.4361987689112513
9.8831511300301 0.47791832237074827
9.8831511300301 0.5055844743936484
9.883942964685698 0.4605186673529895
9.886512922216403 0.4390935268942621
9.893412449537436 0.4520504772188524
9.893412449537436 0.512532065119004
9.893412449537436 0.5668564634937714
9.893412449537436 0.5098861732355598
9.893412449537436 0.5021634076192886
9.894691184515203 0.5081650802606518
9.894691184515203 0.5049946392640833
9.894691184515203 0.45566959041983285
9.894691184515203 0.43964009189741354
9.894691184515203 0.4198016134872742
9.894691184515203 0.4533863144166634
9.894691184515203 0.4779899580495027
9.894691184515203 0.3922344398432921
9.894691184515203 0.403622691846663
9.894691184515203 0.3914608907155472
9.894691184515203 0.34741689628275346
9.894691184515203 0.3552219886995146
9.894691184515203 0.35419509921730186
9.894691184515203 0.37453942373086035
9.894691184515203 0.3934994484064439
9.894691184515203 0.38722062825258924
9.894691184515203 0.37419526911469886
9.898204709297474 0.389706824020775
9.898204709297474 0.40449175550744715
9.898204709297474 0.3927740592206703
9.898204709297474 0.36782997160458686
9.898204709297474 0.37457045713669823
9.898204709297474 0.37736158666947556
9.898204709297474 0.3802253258174606
9.898204709297474 0.3909383983518435
9.898204709297474 0.3926250673155994
9.899443127132773 0.39310849396491737
9.899443127132773 0.3820583873099159
9.899443127132773 0.3872257914922232
9.899443127132773 0.3929750803375128
9.899443127132773 0.4127016070961941
9.899443127132773 0.4828628122752308
9.899443127132773 0.511413168019735
9.899562633364273 0.5513533976195972
9.899562633364273 0.532432546801326
9.906076532797176 0.5420588869402081
9.906076532797176 0.5347962835488214
9.906076532797176 0.527843646596679
9.906076532797176 0.5115687036776272
9.906076532797176 0.5376850988640485
9.906076532797176 0.5433385415106794
9.906076532797176 0.5647397840914052
9.906076532797176 0.5634390237748117
9.906076532797176 0.5813284151034528
9.906076532797176 0.5843430635899537
9.906717633431557 0.5740727875509853
9.906717633431557 0.6070070157708274
9.906717633431557 0.64466603972528
9.906717633431557 0.6483517696218574
9.911650939450835 0.6469594660577862
9.911892836100918 0.650458561575309
9.911892836100918 0.5626806935921339
9.911892836100918 0.5400773986499842
9.911892836100918 0.5323593763467277
9.911892836100918 0.513635621528871
9.911892836100918 0.5146408043849506
9.912713951374393 0.5547735512037284
9.912713951374393 0.5657115496928018
9.912713951374393 0.5668644987399954
9.912713951374393 0.5400023328644036
9.912713951374393 0.5091160077584089
9.912713951374393 0.43622431629217934
9.912713951374393 0.41653476650838744
9.912713951374393 0.4184666186694295
9.912713951374393 0.4095962533863267
9.91757152994554 0.4025811742563539
9.91757152994554 0.3958206583555306
9.92460566484704 0.3226872530349976
9.92460566484704 0.2794458062603634
9.92460566484704 0.2744645233717901
9.92460566484704 0.2706412857514651
9.92460566484704 0.2809328128801318
9.92460566484704 0.3039288077451824
9.92460566484704 0.3112974230058912
9.926185148159881 0.3167838600357414
9.926185148159881 0.3203370992110571
9.926185148159881 0.30511401231400903
9.926185148159881 0.30365027015436113
9.928409837678224 0.3104021996891992
9.928409837678224 0.3470369484285588
9.928409837678224 0.3436172130593185
9.928409837678224 0.34737538816791813
9.928409837678224 0.3532458422564658
9.928409837678224 0.3922165364629653
9.928409837678224 0.41610960726838553
9.939212944748371 0.4502205291965359
9.939212944748371 0.4990388764140859
9.939212944748371 0.5059751870779134
9.939212944748371 0.5221758888244561
9.939212944748371 0.5297468075066378
9.939212944748371 0.5516115921532269
9.939212944748371 0.5159016441080829
9.941867459292485 0.5219948104579566
9.941867459292485 0.47613523259654483
9.941867459292485 0.43801851765970745
9.94534550252673 0.3371193289861728
9.94534550252673 0.35478064564350315
9.94534550252673 0.39104048532431424
9.94534550252673 0.41570136968445737
9.94534550252673 0.422244982954728
9.94534550252673 0.4154226769098177
9.94534550252673 0.41812281748940044
9.94534550252673 0.44179067949018114
9.94534550252673 0.3811234867018448
9.952587147142228 0.40659654762631253
9.952587147142228 0.4272789302023848
9.952587147142228 0.41492440304468714
9.952587147142228 0.4305914370960885
9.952587147142228 0.43897506798581193
9.952587147142228 0.4456125621202349
9.952587147142228 0.46358698617377514
9.953070098864524 0.37627930071081506
9.953070098864524 0.3744517138255232
9.953070098864524 0.3743091801398801
9.953070098864524 0.36400471045442906
9.954484657761352 0.36682379824985073
9.954484657761352 0.3779590140809737
9.954572692545543 0.384249519094624
9.954572692545543 0.40791280309489847
9.954572692545543 0.3908648432379576
9.954572692545543 0.4015893153434028
9.954572692545543 0.42545300468175073
9.954572692545543 0.4461560715576203
9.954572692545543 0.4748812972553816
9.954572692545543 0.5284720999442317
9.954572692545543 0.4701142107615935
9.954572692545543 0.47315715069013115
9.954572692545543 0.45481838608691416
9.954572692545543 0.44049565902002524
9.954572692545543 0.43765907938795295
9.954572692545543 0.4530208335314054
9.954572692545543 0.46117594575299514
9.954572692545543 0.4424203546330664
9.954572692545543 0.44261934580861
9.954572692545543 0.4382008557305166
9.954572692545543 0.4649973889930531
9.954572692545543 0.46986017507265965
9.954572692545543 0.529760223838774
9.954572692545543 0.5013487975207651
9.954572692545543 0.5181378563538309
9.954572692545543 0.49425464990525075
9.954572692545543 0.5089964602088565
9.954572692545543 0.48131215335468674
9.954572692545543 0.4682542956878365
9.954572692545543 0.4892406622316572
9.954572692545543 0.5191752386704078
9.954572692545543 0.3852918055156156
9.954572692545543 0.42133214934178964
9.954572692545543 0.40730003749928884
9.954572692545543 0.4052169167253527
9.954572692545543 0.35919085753465146
9.954572692545543 0.36403809664157305
9.954572692545543 0.3434003450128285
9.954572692545543 0.3599493873649089
9.954572692545543 0.38221830664048917
9.954572692545543 0.38577303401869284
9.954572692545543 0.37895599687662107
9.954572692545543 0.4286126339877306
9.954572692545543 0.42718647866998416
9.954572692545543 0.4075100961171919
9.954572692545543 0.4128714496816275
9.954572692545543 0.3914471300739851
9.954572692545543 0.39994872324188574
9.95458060532646 0.40059376075527475
9.95458060532646 0.42490206775744194
9.95458060532646 0.403990177689561
9.95458060532646 0.44092432468583526
9.95458060532646 0.4358802415375492
9.95458060532646 0.44803141213518016
9.95458060532646 0.463591235889421
9.95458060532646 0.45369070272583384
9.95458060532646 0.4673748711384519
9.95458060532646 0.5049324596208952
9.95458060532646 0.49931308280027364
9.95458060532646 0.509419304105533
9.95458060532646 0.46520731240366386
9.956192877763051 0.5018254519842855
9.956192877763051 0.42589024556358224
9.956192877763051 0.43146576493324346
9.956192877763051 0.36444913761843867
9.956192877763051 0.42466752939865293
9.956192877763051 0.42748580319055773
9.956192877763051 0.40941396259649104
9.956192877763051 0.3783476660632755
9.956192877763051 0.4008257634052428
9.956192877763051 0.4010641878752724
9.956192877763051 0.41875170135116746
9.956192877763051 0.4485824181435831
9.956192877763051 0.469310137405747
9.956192877763051 0.41617055967026284
9.956192877763051 0.4220297851825865
9.956192877763051 0.41524830997465006
9.956192877763051 0.4228656970783001
9.956192877763051 0.43251486939347084
9.956192877763051 0.39781470494110416
9.956192877763051 0.4202978555953932
9.956192877763051 0.4260796030325288
9.956192877763051 0.33466418155706246
9.956192877763051 0.31957531539621314
9.956192877763051 0.32842995127485847
9.956192877763051 0.3284268813041108
9.956192877763051 0.340897429884222
9.956192877763051 0.34731516432793635
9.956192877763051 0.3532296940672201
9.956192877763051 0.38317043426273373
9.956192877763051 0.37233313050126576
9.956192877763051 0.33500240078110965
9.956192877763051 0.3251819758242979
9.956192877763051 0.28296946147910373
9.956192877763051 0.2798036206185889
9.956192877763051 0.27864542159834293
9.956192877763051 0.31503179359358485
9.956192877763051 0.33760812976487864
9.956192877763051 0.3230480885217395
9.956192877763051 0.3462183065845782
9.956192877763051 0.3126457505196023
9.956192877763051 0.34892802039899384
9.956192877763051 0.35565312149849615
9.956192877763051 0.2721151598820279
9.956192877763051 0.2942177181634782
9.956192877763051 0.3031234152842131
9.956192877763051 0.3119177974044055
9.956192877763051 0.30851386740086084
9.956192877763051 0.3153186535966421
9.956192877763051 0.32721690681197724
9.956192877763051 0.3546404797839431
9.956192877763051 0.3044313953653494
9.956192877763051 0.3003424509046649
9.956192877763051 0.31458689422210784
9.956192877763051 0.32566068717554675
9.956192877763051 0.30541449672573034
9.956192877763051 0.29799015457396466
9.956192877763051 0.3036503676823795
9.956192877763051 0.3003145385129324
9.956192877763051 0.2773754277567546
9.956192877763051 0.2719441839238523
9.956192877763051 0.28091565028657517
9.956192877763051 0.2893679192360661
9.956192877763051 0.30151587216620296
9.956192877763051 0.31949648917133544
9.956192877763051 0.34374917796858045
9.956192877763051 0.372071115399815
9.956192877763051 0.34995138902993195
9.957010177455892 0.34370799041945077
9.957010177455892 0.3209112728141013
9.957010177455892 0.3586898080422154
9.957010177455892 0.3506913486549852
9.957010177455892 0.38374361643075006
9.957010177455892 0.36968708383365767
9.957010177455892 0.3853510833079104
9.957010177455892 0.39305138866938333
9.957010177455892 0.4067130118768279
9.957010177455892 0.4371349545914554
9.957010177455892 0.42075279690791356
9.957010177455892 0.3616631990545879
9.957010177455892 0.39125008777340686
9.957010177455892 0.3748572529016917
9.957010177455892 0.41116332833185065
9.957010177455892 0.37699047815653997
9.957010177455892 0.3772787801855013
9.957010177455892 0.3578727607213659
9.957010177455892 0.3496756775868036
9.957010177455892 0.3161577402129856
9.957010177455892 0.28967936597921534
9.957010177455892 0.32189774570825563
9.957010177455892 0.31415579963187845
9.957010177455892 0.32789375923534925
9.957010177455892 0.3363543809629138
9.957010177455892 0.351720543460983
9.957010177455892 0.35365034459996175
9.957010177455892 0.31472721571645906
9.957010177455892 0.3142495723400432
9.957010177455892 0.33964108424276374
9.957010177455892 0.34843643270940017
9.957010177455892 0.33865450099037947
9.957010177455892 0.32315805323079866
9.957010177455892 0.3474403384493413
9.957010177455892 0.32512167600633174
9.957010177455892 0.34351924165045084
9.957010177455892 0.3682874829318095
9.957010177455892 0.39240379834083444
9.957010177455892 0.38688690728021735
9.957010177455892 0.39432753011129434
9.957010177455892 0.38786538705733503
9.957010177455892 0.40828198168351426
9.957010177455892 0.4157806510849331
9.957010177455892 0.42080092253875695
9.957010177455892 0.476625156068489
9.957010177455892 0.4729645119881002
9.957010177455892 0.4639027206623926
9.957010177455892 0.4708655605561475
9.957010177455892 0.46161894849132146
9.957010177455892 0.48349914669671173
9.957010177455892 0.4955340052903751
9.957010177455892 0.49825511381919835
9.957010177455892 0.47052247108742
9.957010177455892 0.488807014583887
9.957010177455892 0.4913660411125354
9.957010177455892 0.517386708776203
9.957010177455892 0.4917455974780855
9.957010177455892 0.5167448765466871
9.957010177455892 0.521207833093272
9.957010177455892 0.4855668864524234
9.957010177455892 0.47834116776795865
9.957010177455892 0.4814540522081698
9.957010177455892 0.44024928881871006
9.957010177455892 0.42198710746178597
9.957010177455892 0.41163746353132635
9.957010177455892 0.3969707043169591
9.957010177455892 0.40921600428095356
9.957010177455892 0.4246841553592223
9.957010177455892 0.38222115861083655
9.957010177455892 0.3828230841453983
9.957010177455892 0.3850956605620238
9.957010177455892 0.4076362797531823
9.957010177455892 0.40811101202819494
9.957010177455892 0.4396296056673087
9.957010177455892 0.4453930606067256
9.957010177455892 0.4792960077780779
9.957010177455892 0.46756403682095066
9.957010177455892 0.41922377985617515
9.957010177455892 0.3788621028996019
9.957010177455892 0.37480144664942305
9.957010177455892 0.3836734157682297
9.957010177455892 0.3896503102469267
9.957010177455892 0.40687287705330416
9.957010177455892 0.4302490613119965
9.957010177455892 0.406240925962869
9.957010177455892 0.3773877637531544
9.957010177455892 0.3905024010612134
9.957010177455892 0.39726712629291633
9.957010177455892 0.42791723654333547
9.957010177455892 0.41499896843603234
9.957010177455892 0.47427596734560346
9.957010177455892 0.4417874358912325
9.957010177455892 0.4917819880598091
9.957010177455892 0.5148428527145053
9.957010177455892 0.517618451850336
9.957010177455892 0.4848018190526309
9.957010177455892 0.48693945695270474
9.957010177455892 0.46961500290437186
9.957010177455892 0.49490336313104705
9.957010177455892 0.478237670702462
9.957010177455892 0.5086612760031577
9.957010177455892 0.49580357319248314
9.957010177455892 0.5300809441520733
9.957010177455892 0.5459533862084236
9.957010177455892 0.5296026054893015
9.957010177455892 0.5686225681560128
9.957010177455892 0.598020230687126
9.957010177455892 0.5445569127141744
9.957010177455892 0.5999990999535811
9.957010177455892 0.6178048235869518
9.957010177455892 0.6334143735679522
9.957010177455892 0.6230649915078413
9.957010177455892 0.49473273035194104
9.957010177455892 0.4965786390185796
9.957010177455892 0.49262231509983223
9.957010177455892 0.5399925945373131
9.957010177455892 0.42244306155295824
9.957010177455892 0.44467781263148953
9.957010177455892 0.4383980161732789
9.957010177455892 0.47905805910438926
9.957010177455892 0.48453861176651825
9.957010177455892 0.5103329263001672
9.957010177455892 0.5390466287422366
9.957010177455892 0.6287372882044338
9.957010177455892 0.6565498277802219
9.957010177455892 0.4963692713705368
9.957010177455892 0.47927309593537465
9.957010177455892 0.5000251296299555
9.957010177455892 0.547130762859404
9.957010177455892 0.5355853901878369
9.957010177455892 0.4485941168579325
9.957010177455892 0.46456831361217304
9.957010177455892 0.5184232087437014
9.957010177455892 0.5241420123671603
9.957010177455892 0.4462344337827206
9.957010177455892 0.47672493856770426
9.957010177455892 0.4563911741629017
9.957010177455892 0.49925601154279026
9.957010177455892 0.4677307604765506
9.957010177455892 0.46583147373801437
9.957010177455892 0.48024186751869746
9.957010177455892 0.45733676707499255
9.957010177455892 0.4467786812521204
9.957010177455892 0.4444810236891801
9.957010177455892 0.5017903194486284
9.957010177455892 0.5125021640647536
9.957010177455892 0.5044481165800024
9.958101054008473 0.4722483888379705
9.958101054008473 0.45613534825842833
9.958101054008473 0.43650826529177095
9.958101054008473 0.43714804413918834
9.958101054008473 0.4146941406218598
Score: 9.958101054008473
Runtime: 5428ms
