5.0308221783217944E-5 2.742583527695125
5.0308221783217944E-5 1.6900407401242101
0.001687939258391084 1.083567852669868
0.03369202827098175 0.7402256066422874
0.03369202827098175 0.45322836839286124
0.03369202827098175 0.32154655539665483
0.09908477192430537 0.18980277695317768
0.09908477192430537 0.15943600006303005
0.24031600479249 0.08596792226461696
0.24031600479249 0.06742101697309641
0.24031600479249 0.06679991304342987
0.5441980219262668 0.045357500324185764
0.7236338597705748 0.02875323895941886
0.7236338597705748 0.038325501461000444
0.7236338597705748 0.027703232065180303
0.7236338597705748 0.020562856339653292
1.004571843923515 0.008997190277228161
1.0434738890508934 0.008750835337483477
1.1907127813328706 0.009267069758815371
1.1907127813328706 0.004833610527940796
1.3300434661597085 2.440832090076404E-4
1.3300434661597085 0.00502953130837562
2.0607401908820093 0.011213163580411028
2.0607401908820093 1.1744321243800522E-4
2.0607401908820093 1.2026012334764043E-4
2.0607401908820093 1.1478351687357252E-4
2.0607401908820093 0.006450332237886219
2.0607401908820093 6.435605847667492E-5
2.0607401908820093 7.755872494772058E-5
2.0607401908820093 5.390433337193748E-5
2.6361109610993614 5.5324190264435745E-5
2.6379567340955385 6.222641481592298E-5
3.548513162710531 4.063112238715853E-5
3.548513162710531 6.04361291091668E-5
3.548513162710531 6.246516543722744E-5
3.548513162710531 9.497007923165064E-5
3.548513162710531 6.08397588626975E-5
3.548513162710531 4.351443730393015E-5
3.548513162710531 6.194406534170685E-5
3.548513162710531 4.0725910198232486E-5
3.548513162710531 3.956074440119107E-5
3.548513162710531 4.6961154820694106E-5
3.8176759234234736 3.798605252967783E-5
3.8176759234234736 3.104596509357714E-5
3.8818361754502106 5.086504413941139E-5
3.8818361754502106 2.3355802989123235E-5
3.8818361754502106 5.9447717709387235E-6
3.8818361754502106 1.1390819749412144E-5
3.8818361754502106 8.098414481651186E-6
3.8818361754502106 2.8065708325559048E-6
3.8818361754502106 0.0
3.8818361754502106 0.0
3.8818361754502106 0.0
3.8818361754502106 0.0
3.882189855119735 1.5764756981229638E-6
4.283961015562251 4.8504214512433654E-6
4.283961015562251 0.0
4.283961015562251 4.8387986389963594E-6
4.283961015562251 0.0
4.283961015562251 0.0
4.283961015562251 0.0
4.283961015562251 0.0
4.283961015562251 0.0
4.283961015562251 0.0
4.283961015562251 0.0
4.283961015562251 2.249174615462205E-6
4.283961015562251 3.828918374452203E-6
4.925687174787358 6.756341300898482E-6
4.925687174787358 3.333206269835666E-6
4.925687174787358 5.0041864983283415E-6
4.925687174787358 1.753462510845669E-6
4.925687174787358 2.5039182240020743E-6
4.925687174787358 0.0
4.925687174787358 3.6369473570528934E-6
4.925687174787358 3.6369473570528934E-6
4.925687174787358 0.0
4.925687174787358 0.0
4.925687174787358 0.0
4.925687174787358 0.0
4.925687174787358 0.0
4.925687174787358 0.0
4.925687174787358 0.0
4.925687174787358 0.0
4.925687174787358 0.0
4.925687174787358 0.0
4.925687174787358 0.0
4.925687174787358 0.0
4.925687174787358 0.0
4.925687174787358 0.0
4.925687174787358 0.0
4.925687174787358 0.0
4.925687174787358 0.0
4.925687174787358 0.0
4.925687174787358 0.0
4.925687174787358 0.0
4.925687174787358 0.0
4.925687174787358 0.0
4.925687174787358 0.0
4.925687174787358 0.0
4.925687174787358 0.0
4.925687174787358 0.0
4.925687174787358 0.0
4.925687174787358 0.0
4.925687174787358 0.0
4.925687174787358 0.0
4.925687174787358 0.0
4.925687174787358 0.0
4.925687174787358 0.0
4.925687174787358 0.0
4.925687174787358 0.0
4.925687174787358 0.0
4.925687174787358 0.0
4.925687174787358 0.0
4.925687174787358 0.0
4.925687174787358 0.0
4.925687174787358 0.0
4.925687174787358 0.0
4.925687174787358 0.0
4.925687174787358 0.0
4.925687174787358 0.0
4.925687174787358 0.0
4.925687174787358 0.0
4.925687174787358 0.0
4.925687174787358 0.0
4.925687174787358 0.0
4.925687174787358 0.0
4.925687174787358 0.0
4.925687174787358 0.0
4.925687174787358 0.0
4.925687174787358 0.0
4.925687174787358 0.0
4.925687174787358 0.0
4.925687174787358 0.0
4.925687174787358 0.0
4.925687174787358 0.0
4.925687174787358 0.0
4.925687174787358 0.0
4.925687174787358 0.0
4.925687174787358 0.0
4.925687174787358 0.0
4.925687174787358 0.0
4.925687174787358 0.0
4.925687174787358 0.0
4.925687174787358 0.0
4.925687174787358 0.0
4.925687174787358 0.0
4.925687174787358 0.0
4.925687174787358 0.0
4.925687174787358 0.0
4.925687174787358 0.0
4.925687174787358 0.0
4.925687174787358 0.0
4.925687174787358 0.0
4.925687174787358 0.0
4.925687174787358 0.0
4.925687174787358 0.0
4.925687174787358 0.0
4.925687174787358 0.0
4.925687174787358 0.0
4.925687174787358 0.0
4.925687174787358 0.0
4.925687174787358 0.0
4.925687174787358 0.0
4.925687174787358 0.0
4.925687174787358 0.0
4.925687174787358 0.0
4.925687174787358 0.0
4.925687174787358 0.0
4.925687174787358 0.0
4.925687174787358 0.0
4.925687174787358 0.0
4.925687174787358 0.0
4.925687174787358 0.0
4.925687174787358 0.0
4.925687174787358 0.0
4.925687174787358 0.0
4.925687174787358 0.0
4.925687174787358 0.0
4.925687174787358 0.0
4.925687174787358 0.0
4.925687174787358 0.0
4.925687174787358 0.0
4.925687174787358 0.0
4.925687174787358 0.0
4.925687174787358 0.0
5.278937103280656 1.013681144440481E-6
5.278937103280656 0.0
5.278937103280656 0.0
5.278937103280656 0.0
5.278937103280656 0.0
5.278937103280656 0.0
5.278937103280656 0.0
5.278937103280656 0.0
5.278937103280656 0.0
5.278937103280656 0.0
5.278937103280656 0.0
5.278937103280656 0.0
5.278937103280656 0.0
5.278937103280656 0.0
5.278937103280656 0.0
5.278937103280656 0.0
5.278937103280656 0.0
5.278937103280656 1.013681144440481E-6
5.278937103280656 0.0
5.278937103280656 0.0
5.278937103280656 0.0
5.278937103280656 0.0
5.278937103280656 0.0
5.278937103280656 0.0
5.278937103280656 0.0
5.278937103280656 0.0
5.278937103280656 0.0
5.278937103280656 0.0
5.278937103280656 0.0
5.278937103280656 0.0
5.278937103280656 0.0
5.278937103280656 0.0
5.278937103280656 0.0
5.278937103280656 0.0
5.278937103280656 0.0
5.278937103280656 0.0
5.278937103280656 0.0
5.278937103280656 0.0
5.278937103280656 0.0
5.278937103280656 0.0
5.278937103280656 0.0
5.278937103280656 0.0
5.278937103280656 0.0
5.278937103280656 0.0
5.278937103280656 0.0
5.278937103280656 0.0
5.278937103280656 0.0
5.278937103280656 0.0
5.278937103280656 0.0
5.278937103280656 0.0
5.278937103280656 0.0
5.278937103280656 0.0
5.278937103280656 0.0
5.278937103280656 0.0
5.278937103280656 0.0
5.278937103280656 0.0
5.278937103280656 0.0
5.278937103280656 0.0
5.278937103280656 0.0
5.278937103280656 0.0
5.278937103280656 0.0
5.278937103280656 0.0
5.278937103280656 0.0
5.278937103280656 0.0
5.278937103280656 0.0
5.278937103280656 0.0
5.278937103280656 0.0
5.278937103280656 0.0
5.278937103280656 0.0
5.278937103280656 0.0
5.278937103280656 0.0
5.278937103280656 0.0
5.278937103280656 0.0
5.278937103280656 0.0
5.278937103280656 0.0
5.278937103280656 0.0
5.278937103280656 0.0
5.278937103280656 0.0
5.6073209867436695 6.096880254050065E-7
5.6073209867436695 0.0
5.6073209867436695 0.0
5.6073209867436695 0.0
5.6073209867436695 0.0
5.6073209867436695 0.0
5.6073209867436695 0.0
5.6073209867436695 0.0
5.6073209867436695 0.0
5.6073209867436695 0.0
5.6073209867436695 0.0
5.6073209867436695 0.0
5.6073209867436695 0.0
5.6073209867436695 0.0
5.6073209867436695 0.0
5.6073209867436695 0.0
5.6073209867436695 0.0
5.6073209867436695 6.096880254050065E-7
5.6073209867436695 0.0
5.6073209867436695 0.0
5.6073209867436695 0.0
5.6073209867436695 0.0
5.6073209867436695 0.0
5.6073209867436695 0.0
5.6073209867436695 0.0
5.6073209867436695 0.0
5.6073209867436695 0.0
5.6073209867436695 0.0
5.6073209867436695 0.0
5.6073209867436695 0.0
5.6073209867436695 0.0
5.6073209867436695 0.0
5.6073209867436695 0.0
5.6073209867436695 0.0
5.6073209867436695 0.0
5.6073209867436695 0.0
5.6073209867436695 0.0
5.6073209867436695 0.0
5.6073209867436695 0.0
5.6073209867436695 0.0
5.710254278198141 7.182032572001975E-7
5.710254278198141 0.0
5.710254278198141 0.0
5.710254278198141 0.0
5.710254278198141 0.0
5.710254278198141 0.0
5.710254278198141 0.0
5.710254278198141 0.0
5.710254278198141 0.0
5.710254278198141 0.0
5.710254278198141 0.0
5.74874610280051 4.864324969026744E-7
5.74874610280051 0.0
5.74874610280051 0.0
5.74874610280051 0.0
5.74874610280051 0.0
5.74874610280051 0.0
5.74874610280051 0.0
5.74874610280051 0.0
5.74874610280051 0.0
5.74874610280051 0.0
5.813107374179389 3.6802879862783324E-7
5.813107374179389 3.9264637235498985E-7
5.813107374179389 3.9264637235498985E-7
5.869816892662367 1.2890516916620796E-6
5.869816892662367 7.578378144211016E-7
6.138479079122296 6.687653176730649E-7
6.138479079122296 2.9351840603996136E-7
6.138479079122296 5.530429771485779E-7
6.138479079122296 3.707181725470333E-7
6.138479079122296 2.089456384836949E-7
6.138479079122296 2.823754249563134E-7
6.138479079122296 3.1539442241794603E-7
6.138479079122296 2.51257319406669E-7
6.138479079122296 1.4091793328433687E-6
6.140753531485999 2.0162190393764837E-6
6.140753531485999 8.445969517154798E-7
6.140753531485999 6.929221075065453E-7
6.140753531485999 8.4130077835445E-7
6.140753531485999 1.9186186287565863E-6
6.233873654020674 1.8730618385135639E-6
6.233873654020674 8.464091228790557E-7
6.233873654020674 7.773160946835593E-7
6.233873654020674 3.8334254459329423E-7
6.233873654020674 0.0
6.233873654020674 2.063555744311684E-7
6.233873654020674 9.72656079521106E-8
6.233873654020674 1.3013851612633797E-7
6.233873654020674 3.2849504817707954E-7
6.233873654020674 1.2529680609699633E-7
6.233873654020674 0.0
6.2614331393746845 3.0415136311078455E-7
6.2614331393746845 2.6280789825210147E-7
6.2614331393746845 1.9343468384739222E-7
6.2614331393746845 5.219297320244718E-7
6.2614331393746845 4.2336107195128404E-7
6.2614331393746845 5.790938847684958E-7
6.2614331393746845 0.0
6.2614331393746845 0.0
6.263996846520314 2.037762032057163E-7
6.317806660127112 7.582027267456364E-8
6.317806660127112 0.0
6.317806660127112 0.0
6.317806660127112 2.712030465562194E-7
6.317806660127112 0.0
6.317806660127112 2.764992495565036E-7
6.317806660127112 2.0672105776390374E-7
6.317806660127112 1.8197657258491635E-7
6.317806660127112 8.92802166463284E-8
6.32330954109208 1.507973873822166E-7
6.32330954109208 8.612095636669122E-8
6.396446809501483 1.2620981193306973E-7
6.396446809501483 1.1758834746998545E-7
6.396446809501483 1.421524809030443E-7
6.396446809501483 1.8776254662439638E-7
6.396446809501483 3.307050405282465E-7
6.396446809501483 3.7190718476098356E-7
6.396446809501483 8.250989221022531E-8
6.396446809501483 1.6605718553731392E-7
6.415438908084049 1.4593406885609953E-7
6.415438908084049 2.0748679234927316E-7
6.415438908084049 1.589265877945536E-7
6.415438908084049 1.6476161761033964E-7
6.415438908084049 1.3913234608543642E-7
6.415438908084049 2.680190206394282E-7
6.415438908084049 2.579597261719044E-7
6.415438908084049 2.3635458375049946E-7
6.418859483834851 1.5432706803915935E-7
6.418859483834851 0.0
6.418859483834851 0.0
6.418859483834851 0.0
6.418859483834851 0.0
6.418859483834851 0.0
6.418859483834851 0.0
6.418859483834851 0.0
6.418859483834851 3.9512508779793864E-8
6.418859483834851 3.5375047458287576E-8
6.418859483834851 3.5375047458287576E-8
6.418859483834851 3.5375047458287576E-8
6.418859483834851 3.5375047458287576E-8
6.418859483834851 0.0
6.418859483834851 0.0
6.418859483834851 0.0
6.418859483834851 0.0
6.418859483834851 1.2728750006601863E-7
6.418859483834851 0.0
6.418859483834851 0.0
6.418859483834851 0.0
6.418859483834851 0.0
6.418859483834851 0.0
6.427473802368443 5.681206530281305E-8
6.427473802368443 0.0
6.427473802368443 0.0
6.427473802368443 0.0
6.427473802368443 0.0
6.427473802368443 0.0
6.427473802368443 0.0
6.427473802368443 0.0
6.427473802368443 0.0
6.427473802368443 0.0
6.427473802368443 0.0
6.427473802368443 0.0
6.427473802368443 0.0
6.459714937176313 3.596569174678645E-8
6.459714937176313 3.941841459563164E-8
6.459714937176313 0.0
6.459714937176313 3.203576313010713E-8
6.459714937176313 3.596569174678645E-8
6.459714937176313 0.0
6.463031646376675 3.582449623195879E-8
6.463031646376675 2.2465877880172573E-8
6.463031646376675 0.0
6.463031646376675 0.0
6.463031646376675 0.0
6.463031646376675 0.0
6.463031646376675 0.0
6.463031646376675 0.0
6.463031646376675 1.6156433613804257E-8
6.463031646376675 0.0
6.463031646376675 4.3705570247437504E-8
6.463031646376675 0.0
6.463031646376675 0.0
6.463031646376675 0.0
6.463031646376675 0.0
6.463031646376675 0.0
6.463031646376675 0.0
6.463031646376675 3.992820586693114E-8
6.463031646376675 0.0
6.463031646376675 0.0
6.463031646376675 0.0
6.463031646376675 0.0
6.463031646376675 0.0
6.463031646376675 0.0
6.463031646376675 0.0
6.463031646376675 0.0
6.463031646376675 0.0
6.463031646376675 0.0
6.463031646376675 0.0
6.463031646376675 0.0
6.463031646376675 0.0
6.463031646376675 0.0
6.463031646376675 0.0
6.463031646376675 0.0
6.463031646376675 0.0
6.463031646376675 0.0
6.463031646376675 0.0
6.463031646376675 0.0
6.463031646376675 0.0
6.463031646376675 0.0
6.463031646376675 0.0
6.463031646376675 0.0
6.463031646376675 0.0
6.463031646376675 0.0
6.463031646376675 0.0
6.471188294380804 3.020693486115443E-8
6.473589891204132 7.982051092442768E-9
6.473589891204132 7.982051092442768E-9
6.473589891204132 0.0
6.473589891204132 0.0
6.473589891204132 0.0
6.473589891204132 0.0
6.473589891204132 0.0
6.473589891204132 0.0
6.473589891204132 0.0
6.473589891204132 0.0
6.473589891204132 0.0
6.473589891204132 0.0
6.4841511372052585 1.2111964188137905E-8
6.4841511372052585 0.0
6.4841511372052585 1.3527414420464543E-8
6.4841511372052585 1.5474929432732088E-8
6.488211659890403 4.1990798971058705E-8
6.488211659890403 3.454845473963531E-8
6.488211659890403 2.6124813584595936E-8
6.488211659890403 0.0
Score: 6.488211659890403
Runtime: 33170ms
