0.0014147809253814447 2.7301247270414057
0.0014147809253814447 1.7512483999869273
0.055825806077409876 1.1512136567665259
0.055825806077409876 0.7437545635397106
0.055825806077409876 0.4835170472736999
0.055825806077409876 0.33563873164679114
0.055825806077409876 0.22286617751092436
0.19403322786114846 0.15955681361656343
0.19403322786114846 0.07882669989994168
0.21571933552354644 0.08669243637163472
0.21571933552354644 0.07720141936870165
0.21571933552354644 0.03916812786493825
0.21571933552354644 0.03925788030011725
0.21571933552354644 0.0129711364027512
0.25479364993121967 0.025612031800782246
0.25479364993121967 0.03004638247813344
0.622325512085307 0.022675147439099645
0.622325512085307 0.010637311148674477
0.622325512085307 0.00480809925836858
0.622325512085307 8.981978097483267E-5
0.8359789882794082 9.595356834474036E-5
0.8359789882794082 1.0195477796425026E-4
0.8359789882794082 0.004955930461757187
0.8359789882794082 8.16632071640242E-5
0.9455901878711053 1.1988353447828508E-4
1.1487020939969086 1.096376212795864E-4
1.254435147514748 1.4601342755680107E-4
2.4952718154864475 1.498360302604552E-4
2.4952718154864475 1.306216746838314E-4
2.4952718154864475 1.0256401990003841E-4
2.4952718154864475 1.06912805504734E-4
2.4952718154864475 1.1778328422783407E-4
3.4772619657793884 1.6633590755573836E-4
3.4772619657793884 1.5498877978050086E-4
3.4772619657793884 1.8460285222184E-4
3.4772619657793884 2.126062171486105E-4
3.4772619657793884 2.318379546612094E-4
4.080238163978111 2.3930620556086052E-4
4.080238163978111 2.2091516965783378E-4
4.829171762552354 2.220705792821491E-4
5.017630218733407 2.1240320460616383E-4
5.017630218733407 1.8497353052222387E-4
5.017630218733407 1.5837651964569966E-4
5.017630218733407 0.006546123362703853
5.017630218733407 1.713842613685738E-4
5.922332760387661 1.4805019452845765E-4
5.922332760387661 1.0452813105112606E-4
5.922332760387661 1.1058350848414531E-4
5.922332760387661 7.188347486915217E-5
5.922332760387661 7.868202107266018E-5
5.922332760387661 8.044358169384231E-5
5.922332760387661 7.782813744839423E-5
6.74306903715107 9.114925820962805E-5
6.899194527886582 8.097424571386327E-5
6.899194527886582 8.022875332867924E-5
6.899194527886582 6.260431398687647E-5
6.899194527886582 5.984296832121383E-5
6.899194527886582 7.71717269327645E-5
6.899194527886582 7.835614551150503E-5
6.899194527886582 5.639206167285809E-5
6.899194527886582 3.471846194200005E-5
7.043049087162308 2.188138635075043E-5
7.043049087162308 1.595552008772368E-5
7.043049087162308 2.2887300325541145E-5
7.331997512039997 2.4818858820953564E-5
7.331997512039997 1.4888260277653428E-5
7.331997512039997 1.5049931397872737E-5
7.5026045367743786 1.0830511775368735E-5
7.5026045367743786 5.673618724295097E-6
7.66806193889995 3.793945080825256E-6
7.66806193889995 6.504547701822933E-6
7.687529863596193 5.30746311061995E-6
8.003472290551342 1.804582023577461E-5
8.25148806079813 2.007080389032498E-5
8.25148806079813 2.4525956083872262E-5
8.25148806079813 3.315713488891483E-5
8.25148806079813 3.3426240518349406E-5
8.25148806079813 3.5040442160806324E-5
8.288472665046596 3.517597240131797E-5
8.288472665046596 3.5512247313121765E-5
8.288472665046596 3.322498097053078E-5
8.437195954017572 3.276156517654244E-5
8.437195954017572 2.8482262899737722E-5
8.556107225712463 2.8136486414161712E-5
8.556107225712463 2.54838598702138E-5
8.556107225712463 2.569256877912252E-5
8.612040318175344 2.6292959812640345E-5
8.612040318175344 2.9724059216552972E-5
8.660313959552557 2.469728404031637E-5
8.66032296371323 2.0062499352609676E-5
8.735647218129897 1.8127074702633244E-5
8.735647218129897 1.3712423872457265E-5
8.777430123521377 1.0859188658683638E-5
8.823500739332115 1.1957420936786601E-5
8.902092732274115 9.26848707815073E-6
8.902092732274115 9.632494890889487E-6
8.902973634164649 8.186353761866009E-6
8.902973634164649 9.014147245086931E-6
8.902973634164649 8.459324982892183E-6
8.925422079702006 8.232746008193064E-6
8.925422079702006 9.632553311919459E-6
8.939177218438584 9.11294289679422E-6
8.960131991614478 8.138092035738337E-6
8.960131991614478 7.709855190176226E-6
8.960143285061987 6.8301382237036975E-6
8.960143285061987 5.641570436925566E-6
8.964451177678859 4.584600019375092E-6
8.964451177678859 3.1929719877747098E-6
8.981178488915969 2.4926191987038336E-6
8.981178488915969 1.8786816297328744E-6
8.981178488915969 1.6829618404016724E-6
8.981178488915969 1.8899189116862928E-6
8.981178488915969 1.943102221803631E-6
9.008889553353844 1.8478876203774443E-6
9.008889553353844 1.3281745925203937E-6
9.008889553353844 1.029905539323935E-6
9.012391270911113 7.921757554215911E-7
9.012391270911113 6.993819043492351E-7
9.012391270911113 6.214670600921363E-7
9.012391270911113 9.44410067248281E-7
9.013563662272224 8.963978576040382E-7
9.014457712594172 8.545787078408311E-7
9.014457712594172 6.454791809622112E-7
9.014457712594172 5.745827992934686E-7
9.014457712594172 4.401160690081269E-7
9.014457712594172 5.935463537672021E-7
9.014457712594172 3.1051810941185037E-7
9.014457712594172 2.679980143392172E-7
9.024549121136822 1.5840740626121807E-7
9.024549121136822 1.056203827209542E-7
9.024549121136822 7.833192554608673E-8
9.024549121136822 1.6250270437635248E-7
9.028258689076358 1.1137594928238938E-7
9.028258689076358 1.2920518449192791E-7
9.028258689076358 1.4013370656232767E-7
9.028258689076358 1.321259825130738E-7
9.032042909518445 1.9526472919832913E-7
9.032042909518445 2.4376377817294004E-7
9.032042909518445 2.480566840471672E-7
9.032042909518445 2.574580833540531E-7
9.032042909518445 1.9887415988090233E-7
9.035524372277916 1.8835360336155986E-7
9.03614870393213 1.4636453405167018E-7
9.043356937447605 1.1518108199452936E-7
9.043356937447605 1.0120671350127076E-7
9.043356937447605 6.928432421318395E-8
9.043356937447605 9.618999331757329E-8
9.043356937447605 1.1151774106998384E-7
9.043356937447605 1.3823815294908043E-7
9.043356937447605 1.2131032619519491E-7
9.043356937447605 1.1168902827851643E-7
9.043356937447605 1.2118788452573703E-7
9.046232222885893 1.3254154320069763E-7
9.046232222885893 1.0812005297567124E-7
9.046232222885893 1.2494475476687345E-7
9.046232222885893 1.313081783549989E-7
9.04710070893923 1.0121179475270607E-7
9.04962105377207 8.227820248381661E-8
9.060436979651428 1.003656224189462E-7
9.060436979651428 3.9377282615123585E-8
9.060436979651428 2.7421242355637085E-8
9.060436979651428 3.6700572770625964E-8
9.060436979651428 1.0178109599997165E-7
9.060436979651428 1.1279056295688605E-7
9.062356934484296 1.2569506324054693E-7
9.062356934484296 1.5028034335431136E-7
9.066363878409238 2.323474797923091E-7
9.066363878409238 2.636158512984203E-7
9.066363878409238 2.8006341129658686E-7
9.066363878409238 3.042730241964455E-7
9.066363878409238 3.0484156568457376E-7
9.070640898766214 2.5366747101536047E-7
9.070640898766214 1.8251660170972343E-7
9.070640898766214 7.995448949554886E-8
9.072378050246495 8.437292858063659E-8
9.072378050246495 8.801905008320708E-8
9.072378050246495 7.273730791324095E-8
9.072378050246495 8.563737383827368E-8
9.072378050246495 9.855074980434692E-8
9.079911809576314 1.2114872543524E-7
9.079911809576314 1.0951484132188458E-7
9.079911809576314 6.978923464245315E-8
9.079911809576314 5.0457560431144276E-8
9.079911809576314 4.772239781574509E-8
9.079911809576314 7.093186397570907E-8
9.08002750848635 8.759529066310314E-8
9.080682271830048 1.015613718806438E-7
9.080682271830048 7.163757880257686E-8
9.080682271830048 7.066682924104984E-8
9.080682271830048 7.675028555515432E-8
9.082240497125005 1.0767358031760825E-7
9.082240497125005 1.0801709604361703E-7
9.082408352541428 1.1379180956228179E-7
9.083089499703334 6.852359129629894E-8
9.083641402214994 3.747368776722713E-8
9.083641402214994 3.48794704324308E-8
9.083641402214994 1.9154117076982836E-8
9.083641402214994 2.920767615177124E-8
9.083854840232858 3.2560399248474025E-8
9.08485468854763 2.38927838925647E-8
9.08485468854763 2.973034051442398E-8
9.085087601430471 3.256654450816759E-8
9.085087601430471 3.5753988945130526E-8
9.085087601430471 3.117199092666533E-8
9.085114056003261 2.7313914896082876E-8
9.085183825511132 1.3980361188273713E-8
9.086445594546218 1.3454494663821494E-8
9.086445594546218 2.2458450555289435E-8
9.086445594546218 1.7073532184266744E-8
9.086445594546218 1.73708434582485E-8
9.087293899874322 1.3471544351080398E-8
9.087293899874322 1.3150600382875844E-8
9.087293899874322 9.162053507307294E-9
9.087293899874322 1.5947923165839473E-8
9.087318888577439 1.237524727297541E-8
9.087463236670363 1.1327874296086241E-8
9.087865491405392 1.1089661027812467E-8
9.08799930261155 1.6601024483660646E-8
9.08799930261155 1.801601688602622E-8
9.088073846855046 2.6628435786389824E-8
9.088073846855046 3.142433713396747E-8
9.088185629066308 2.730481243060925E-8
9.088185629066308 2.500322029099446E-8
9.088384380794988 2.4984837009198287E-8
9.088384380794988 1.9387500437975863E-8
9.088511543778578 1.126997645250038E-8
9.088511543778578 1.067715571829534E-8
9.088511543778578 1.1756891875167437E-8
9.088706563699017 1.0639112168839217E-8
9.088706563699017 7.916878445088937E-9
9.088706563699017 7.523721883017187E-9
9.088809990727253 6.551478221393477E-9
9.088809990727253 6.125220093459066E-9
9.088809990727253 4.350539518289129E-9
9.088809990727253 5.8756721939061916E-9
9.089305990602599 5.426797700644792E-9
9.089305990602599 3.6188756858182338E-9
9.089305990602599 5.488159429808592E-9
9.089305990602599 4.2655425536286235E-9
9.089305990602599 4.391876060217809E-9
9.089305990602599 3.2636986837561963E-9
9.089513125298454 4.750171919497276E-9
9.089513125298454 3.0563931130967574E-9
9.089513125298454 4.633438628400184E-9
9.089513125298454 4.36444194233162E-9
9.089513125298454 5.910320103964543E-9
9.089513125298454 6.042021012449204E-9
9.089513125298454 5.789675053937455E-9
9.089559566139503 4.956168191508694E-9
9.089559566139503 6.032736992927236E-9
9.089559566139503 3.684824013140249E-9
9.089559566139503 1.6690722508089895E-9
9.089604634785337 9.326682645472142E-10
9.089604634785337 7.734140428923929E-10
9.089604634785337 1.10572178307568E-9
9.089604634785337 8.7656744465461E-10
9.08970519142261 8.482230600630708E-10
9.08970519142261 1.6334640909319533E-9
9.089741758748692 8.860329957406882E-10
9.089757807641515 1.0010736666370318E-9
9.089757807641515 6.45244764471843E-10
9.089757807641515 6.113986649647796E-10
9.089767828874749 1.2064949145324245E-9
9.089850719315905 9.182340302873964E-10
9.089850719315905 7.397245677849477E-10
9.089850719315905 1.1369527336175043E-9
9.08989816087191 1.5290403149742197E-9
9.08989816087191 9.42918420755683E-10
9.08989816087191 1.0817529803414084E-9
9.08989816087191 9.370372805456472E-10
9.089939253478132 1.0821247395158752E-9
9.089939253478132 9.797872899648342E-10
9.089939253478132 1.3375864474724926E-9
9.089939253478132 1.1137094289876174E-9
9.089939253478132 8.274979706425114E-10
9.089985937427596 1.0168956352521807E-9
9.089985937427596 1.2007278519167967E-9
9.089985937427596 8.184486468367228E-10
9.089985937427596 9.335397209351308E-10
9.089985937427596 8.324506470676935E-10
9.090003792058049 7.398236631308752E-10
9.090003792058049 5.396611575798268E-10
9.090003792058049 3.0603729060173366E-10
9.090048332056053 3.708872217438059E-10
9.090048332056053 7.571052617418261E-10
9.090051481138978 5.480640710122617E-10
9.090051481138978 6.280676962085404E-10
9.090051481138978 5.339349110141476E-10
9.090089150962067 9.184175744231145E-10
9.090089150962067 6.394724409215052E-10
9.090089150962067 4.655772781959581E-10
9.090095783900889 3.654257894049884E-10
9.09010369387545 5.479953526561921E-10
9.09010369387545 5.205869089165689E-10
9.090120923659335 7.078214174033059E-10
9.090122501184915 8.368290886066592E-10
9.090122501184915 6.177094191994245E-10
9.090122501184915 7.236232650031815E-10
9.090122501184915 5.19631809899151E-10
9.090122501184915 6.098232116820042E-10
9.090122501184915 7.035748102019791E-10
9.090158069513093 8.76753666357016E-10
9.090158069513093 7.491681187264021E-10
9.090158069513093 4.506375094412011E-10
9.090158069513093 3.7806553472104805E-10
9.090158069513093 3.70533540026499E-10
9.090158069513093 2.741166212169831E-10
9.090158069513093 2.86977238580884E-10
9.090158069513093 1.0027868955022555E-10
9.090158069513093 1.01358897553974E-10
9.090158069513093 9.934086984721267E-11
9.090158069513093 1.0710954543489898E-10
9.090159286181908 1.0364738025754761E-10
9.090164839481044 1.480269533791594E-10
9.090164839481044 1.5638833029337777E-10
9.090164839481044 1.4825195864767995E-10
9.090164839481044 1.989874483090469E-10
9.090164839481044 7.44236646535422E-11
9.090164839481044 2.1011555080158173E-11
9.090164839481044 2.0921977425565692E-11
9.090164839481044 3.754211160600711E-12
9.090164839481044 0.0
9.090164839481044 0.0
9.090164839481044 0.0
9.090171033420278 9.14212107615427E-12
9.090171033420278 0.0
9.090171033420278 9.981686294469753E-12
9.090171033420278 9.981686294469753E-12
9.090171033420278 6.779223097873228E-12
9.090171033420278 3.754211160600711E-12
9.090171033420278 8.015338337052059E-12
9.090171033420278 0.0
9.090171033420278 0.0
9.090171033420278 0.0
9.090171033420278 0.0
9.090171033420278 0.0
9.090171033420278 7.713344456804604E-12
9.090171878803831 1.65721747781059E-11
9.09017590840983 1.8433348143838804E-11
9.09017590840983 0.0
9.09017590840983 9.981686294469753E-12
9.09017590840983 0.0
9.09017590840983 0.0
9.09017590840983 0.0
9.09017590840983 0.0
9.09017590840983 0.0
9.09017590840983 0.0
9.09017590840983 0.0
9.09017590840983 0.0
9.09017590840983 0.0
9.09017590840983 0.0
9.09017590840983 0.0
9.09017590840983 0.0
9.09017590840983 0.0
9.09017590840983 0.0
9.09017590840983 1.4338518519385112E-11
9.09017590840983 0.0
9.09017590840983 0.0
9.09017590840983 0.0
9.09017590840983 0.0
9.09017590840983 0.0
9.09017590840983 0.0
9.090182527689342 6.101830806743473E-12
9.090182527689342 0.0
9.090182527689342 0.0
9.090182527689342 0.0
9.090182527689342 0.0
9.090182527689342 0.0
9.090182527689342 0.0
9.090182527689342 0.0
9.090182527689342 4.4738196847244E-12
9.090182527689342 0.0
9.090182527689342 0.0
9.090182527689342 0.0
9.090182527689342 0.0
9.090185873465298 4.299980657975126E-12
9.090185873465298 0.0
9.090185873465298 3.98561498226858E-12
9.090185873465298 0.0
9.090185873465298 4.299980657975126E-12
9.090185873465298 0.0
9.090186439274872 5.515542984260979E-12
9.090186439274872 0.0
9.090186439274872 0.0
9.090186439274872 0.0
9.090190647808535 8.67499432784469E-12
9.090190647808535 2.523920227997585E-12
9.090190647808535 2.730957387568312E-12
9.090190647808535 4.9611339689477805E-12
9.090190647808535 2.3728444159738087E-12
9.090190647808535 4.136581049724841E-12
9.090191641362201 1.0737926914708966E-11
9.090191641362201 4.711435677624241E-12
9.090191641362201 8.313975745542415E-12
9.090191641362201 3.382252525893856E-12
9.090191641362201 1.0437068384995526E-11
9.090191641362201 5.7052503721572585E-12
9.090191641362201 4.3926513989498274E-12
9.090191641362201 1.2999227833823244E-11
9.090191641362201 1.571709577168892E-11
9.090191641362201 6.431257777542104E-12
9.090191641362201 1.0534180649757665E-11
9.090191641362201 6.468303402988282E-12
9.090194975242934 2.4366228942932396E-12
9.090194975242934 9.946917309941114E-12
9.090194975242934 4.784385754538111E-12
9.090194975242934 6.90968894781418E-12
9.09019696875337 3.067517742710517E-12
9.09019696875337 5.986604568839058E-12
9.09019696875337 1.6233244888404898E-12
9.09019696875337 0.0
9.09019696875337 1.5779723758331895E-12
9.090197296253104 1.3000857009767795E-11
9.090197296253104 4.350593852296873E-12
9.090197296253104 5.606879156971399E-12
9.090197296253104 4.350593852296873E-12
9.090197296253104 7.846596953565626E-12
9.090197296253104 7.204987142358099E-12
9.090197689132118 5.3554365505575776E-12
9.090197689132118 6.233929946939307E-12
9.09019831984298 2.894438925971078E-12
9.09019853139069 4.966263720457476E-12
9.090198899542113 8.434612836725044E-12
9.09019936874752 7.699745408369874E-12
9.090200798847889 6.338163478865802E-12
9.090200798847889 1.3865695854149846E-12
9.090200798847889 4.271572725009675E-12
9.090200798847889 1.055642445947548E-11
9.090201610608753 9.140787852584222E-12
9.090204322562712 1.3548824067208556E-11
9.090204322562712 1.3002568510687012E-11
9.090204322562712 1.5967179849983088E-11
9.090204322562712 1.3652967044907016E-11
9.090204322562712 1.502328958389169E-11
9.090204322562712 1.4108400822136582E-11
9.090204322562712 1.3618324937094793E-11
9.090204322562712 1.5933644881110052E-11
9.090204322562712 8.153040455306882E-12
9.090204322562712 1.755782337394372E-11
9.090204322562712 1.3176052052317995E-11
9.090204322562712 1.2241838046716268E-11
9.090204322562712 1.0972144173824709E-11
9.090204322562712 4.860651965530203E-12
9.090204322562712 5.534045537370734E-12
9.090204322562712 3.8766705065354774E-12
9.090204322562712 4.242955039419294E-12
9.090204322562712 1.791587935936057E-12
9.090204322562712 0.0
9.090204322562712 0.0
9.090204709920627 5.706718264700974E-13
9.090204709920627 3.9624986727205577E-13
9.090204709920627 0.0
9.090204709920627 0.0
9.090204709920627 0.0
9.090204709920627 0.0
9.090205297349334 1.7855475973109126E-12
9.090205297349334 5.445596576158437E-13
9.090205297349334 0.0
9.090205297349334 0.0
9.090205297349334 6.405723133310422E-13
9.090205297349334 1.03680087735695E-12
9.090205297349334 0.0
9.090205297349334 9.614586702455951E-13
9.090205297349334 9.614586702455951E-13
9.090205297349334 0.0
9.090205297349334 0.0
9.090205297349334 2.9740721997682987E-13
9.090205297349334 0.0
9.090205297349334 0.0
9.090205297349334 4.810116663747102E-13
9.090205297349334 1.5556127879584976E-12
9.09020576498274 1.66248615818265E-12
9.09020576498274 5.902742428882082E-13
9.090205875586243 4.033024029121578E-13
9.090205875586243 0.0
9.090205875586243 0.0
9.090205875586243 0.0
9.09020595626153 3.1413143448027763E-13
9.09020595626153 0.0
9.09020595626153 0.0
9.09020595626153 0.0
9.09020595626153 0.0
9.09020595626153 0.0
9.09020595626153 0.0
9.09020595626153 0.0
9.09020595626153 0.0
9.090206065837208 1.3071321280737276E-13
9.090206065837208 0.0
9.090206065837208 7.55792266270708E-13
9.090206065837208 4.073386766423337E-13
9.090206065837208 1.1019346725076923E-12
9.090206065837208 4.073386766423337E-13
9.090206065837208 0.0
9.090206065837208 0.0
9.090206299451058 6.959052432088553E-13
9.090206299451058 2.757265769163792E-13
9.090206299451058 0.0
9.090206336325558 3.836439960456879E-13
Score: 9.090206336325558
Runtime: 31106ms
