7.255758622545542E-5 2.6872722849020056
9.561964020209192E-4 1.6952994151851402
9.561964020209192E-4 1.1597599650130737
0.005152701486958431 0.763090751238028
0.006768995831241558 0.4865607267327297
0.006768995831241558 0.3103566766934668
0.020440577853437177 0.20196329014887465
0.052817992329318955 0.12349877835980036
0.052817992329318955 0.09076832740986385
0.1543097025966449 0.10587090522427993
0.26843015052343494 0.05469649346710894
0.26843015052343494 0.03300789891122394
0.26843015052343494 0.032156184769494604
1.1033501751036123 0.013492479914596948
1.1033501751036123 0.010940145835683224
1.1033501751036123 0.013683329567082724
1.1033501751036123 0.010157287084537746
1.1033501751036123 0.004568554775101083
1.1033501751036123 6.619464001220911E-4
1.1033501751036123 0.008875973891278671
1.1033501751036123 0.004241895115681922
1.1033501751036123 3.982610151482711E-4
1.1033501751036123 0.005107840869152932
1.1033501751036123 2.7085010212279204E-4
1.1033501751036123 2.2719559874384888E-4
1.1033501751036123 1.944534371681814E-4
1.1033501751036123 2.0701298646951495E-4
1.1033501751036123 1.337368348623406E-4
1.3837492177258714 0.010141606927625385
1.3837492177258714 5.054162208978809E-5
1.3837492177258714 0.0
1.3837492177258714 0.0
1.3837492177258714 0.0
1.3837492177258714 0.0
1.3837492177258714 0.0
1.7104568181112678 5.110792583498013E-6
2.1647981299448786 5.606822152624075E-6
2.1647981299448786 0.0
2.1647981299448786 1.583339100445326E-5
2.1647981299448786 1.4542397376578488E-5
2.1647981299448786 2.3040962656310385E-5
2.1647981299448786 2.98118128179522E-5
2.1647981299448786 2.5790619847529267E-5
2.1647981299448786 2.4582529461792168E-5
2.3317467022725555 2.9235013444904634E-5
2.3317467022725555 3.322853930735655E-5
2.6634617553685147 3.5021618202810336E-5
2.6634617553685147 4.411921808396979E-5
2.6634617553685147 4.770572656430942E-5
2.6634617553685147 4.649735144957405E-5
2.6634617553685147 2.741802299385941E-5
2.6634617553685147 1.6516701682686902E-5
2.8754119248018677 1.031624583529023E-5
2.8754119248018677 5.369614569593514E-6
2.8754119248018677 7.712525918247706E-6
2.8754119248018677 1.1418275842000911E-5
3.189186406636089 1.3369554729108384E-5
3.189186406636089 1.2472891328223511E-5
3.189186406636089 1.3912216472576894E-5
3.189186406636089 1.7702709255252132E-5
3.4128320694881795 1.4727276105423941E-5
3.4128320694881795 1.1456166088507297E-5
3.4128320694881795 8.352357693533893E-6
3.4128320694881795 7.63544217769296E-6
3.531902259925978 1.0463172525247855E-5
3.531902259925978 1.23389281278685E-5
3.5728032038884923 9.577782125280128E-6
3.597369694986758 8.75713961952667E-6
3.597369694986758 7.140112160894339E-6
3.597369694986758 7.496070171226316E-6
3.597369694986758 7.877975853852748E-6
3.7741282192850285 7.022881261549984E-6
3.808805320250901 7.426373390048087E-6
3.808805320250901 8.01905246484825E-6
3.828261791007587 1.2252368494712058E-5
3.828261791007587 1.1614617540863956E-5
3.893066782639421 1.1779170048465254E-5
3.8955329829486156 1.1513034260176474E-5
3.8955329829486156 1.1223310465445676E-5
4.003873090469336 9.33192114313321E-6
4.003873090469336 9.86020879162068E-6
4.003873090469336 1.0719194187143997E-5
4.003873090469336 1.1655138476391975E-5
4.003873090469336 1.3576636122705111E-5
4.003873090469336 1.1735640324740602E-5
4.036148988186504 7.1669079864729755E-6
4.036148988186504 4.304424791911208E-6
4.072121968157198 4.195450093549274E-6
4.072121968157198 3.9256083993872014E-6
4.1156606624136245 4.300396040853224E-6
4.1156606624136245 5.012027859598641E-6
4.1156606624136245 5.356604111640954E-6
4.1218352202006 4.199125078986868E-6
4.1218352202006 3.390116078249091E-6
4.140864711439551 3.664798829897597E-6
4.1479807173922465 3.0822541335358373E-6
4.184172152209156 2.953580475160309E-6
4.184172152209156 3.805605619985101E-6
4.184172152209156 4.058408577841843E-6
4.184172152209156 4.387036160184237E-6
4.184172152209156 4.216888966217449E-6
4.2106187941897995 3.5862353477947203E-6
4.2106187941897995 2.7773341489783098E-6
4.221997609883167 3.0061891005116697E-6
4.225720278963489 2.8136578995831006E-6
4.225720278963489 3.1267647977513546E-6
4.246889967675341 3.10292745883249E-6
4.246889967675341 2.614544644341025E-6
4.246889967675341 2.373003413628989E-6
4.246889967675341 2.255072331967366E-6
4.247062996910323 2.124774918100566E-6
4.25689687846659 2.0955995246879977E-6
4.25689687846659 1.934559773295545E-6
4.25689687846659 1.4936323021340462E-6
4.25689687846659 1.270770012413675E-6
4.25689687846659 1.0505743505935665E-6
4.25689687846659 8.037125719724779E-7
4.258730830061886 7.939587642408005E-7
4.258730830061886 6.381324457183839E-7
4.2732749504506415 5.59270992022182E-7
4.2732749504506415 3.767388417376842E-7
4.2732749504506415 3.49179945749129E-7
4.2732749504506415 2.3327613335451437E-7
4.2732749504506415 2.569781558100287E-7
4.2732749504506415 2.1629859218376234E-7
4.2732749504506415 2.437373962961241E-7
4.2732749504506415 1.1767569148534978E-7
4.2732749504506415 5.905568021018294E-8
4.2732749504506415 2.41125089999878E-8
4.274692532825122 8.554491754232321E-8
4.27820014861923 7.595749290322835E-8
4.27820014861923 8.834190710201495E-8
4.27820014861923 1.4202523962168385E-7
4.27820014861923 1.3267682776263903E-7
4.279315119608749 8.173230059798036E-8
4.2838910625194515 8.133308408830547E-8
4.2838910625194515 6.173212340719502E-8
4.2838910625194515 2.3822743318363923E-8
4.2838910625194515 1.4712066193708172E-8
4.2838910625194515 4.3912610172512526E-8
4.2838910625194515 5.113490477144614E-8
4.284810447268051 8.543811274384634E-8
4.284810447268051 8.898433108591545E-8
4.284810447268051 8.853107954974096E-8
4.284810447268051 5.394368695335892E-8
4.284810447268051 6.562107288498694E-8
4.285894212645915 5.417171470774836E-8
4.285894212645915 5.114239739429193E-8
4.285894212645915 2.7377500691782983E-8
4.285894212645915 2.105951578655233E-8
4.285894212645915 2.170240590823018E-8
4.285894212645915 1.2603007830063934E-8
4.285894212645915 4.741923772544147E-9
4.285894212645915 3.198045070131203E-9
4.285894212645915 5.826748128920326E-9
4.2860120938768995 1.2277102055954142E-8
4.2860120938768995 1.1541743187364757E-8
4.286847852024734 8.68123828359296E-9
4.286847852024734 7.042359544419817E-9
4.287740050184084 7.299836186084583E-9
4.287740050184084 1.2285985151117836E-8
4.287740050184084 3.392372194995713E-9
4.287740050184084 9.279043108253082E-9
4.287740050184084 0.0
4.287847043698539 5.8380131448278985E-9
4.287847043698539 3.2711387990293635E-9
4.287847043698539 1.5308661100447863E-8
4.287847043698539 1.0554726872059928E-8
4.288410140074648 1.2512529096648295E-8
4.288410140074648 1.568648576341355E-8
4.288410140074648 7.940618769255295E-9
4.288410140074648 1.2557382112003893E-8
4.288410140074648 9.811844179023618E-9
4.289106392300298 1.341132949890805E-8
4.289207690193731 8.63392385532638E-9
4.29011234300977 7.87652743358465E-9
4.29011234300977 1.2631765855721508E-8
4.29011234300977 6.842429340145842E-9
4.29011234300977 1.4422373875622554E-8
4.290405166424921 2.0923352709141255E-8
4.290405166424921 2.540358177787409E-8
4.290405166424921 2.763314677255787E-8
4.290450388036733 2.444459014414389E-8
4.290450388036733 2.674216706851224E-8
4.290616876992394 3.541629436892264E-8
4.290806763045224 2.6692780663595825E-8
4.291047560254936 2.3096187857122483E-8
4.291202422425448 1.6762545136782444E-8
4.291202422425448 1.7499507184611224E-8
4.291202422425448 1.10972252834412E-8
4.291202422425448 8.422763493402294E-9
4.291202422425448 5.758890296417403E-9
4.291202422425448 5.755737837862616E-9
4.291202422425448 7.413739051482838E-9
4.291202422425448 5.297168172351746E-9
4.291376110392429 4.0925289804084665E-9
4.291376110392429 4.648343011400646E-9
4.291376110392429 3.480582362101631E-9
4.291376110392429 4.401534039544944E-9
4.291376110392429 4.4390496754808366E-9
4.291376110392429 3.027007072113785E-9
4.291752791330489 2.538950170194477E-9
4.291752791330489 1.892564183008018E-9
4.291752791330489 1.2877138876412234E-9
4.291752791330489 1.0215801880473801E-9
4.291752791330489 1.7450318555791532E-9
4.291752791330489 3.3094025753221556E-9
4.291752791330489 3.3595502787565396E-9
4.29187780811637 2.2031950157578734E-9
4.29187780811637 2.7684186632454324E-9
4.291966744769107 4.897546079747166E-9
4.291966744769107 4.2553459501731654E-9
4.291966744769107 4.638579822884724E-9
4.291970801487752 6.075676958391433E-9
4.291980499479331 5.510781861998132E-9
4.291980499479331 3.439482557019243E-9
4.292008812116313 2.2580382392496465E-9
4.292144018058862 1.4255447117023072E-9
4.292144018058862 1.3771647532263043E-9
4.292144018058862 1.5477658687808122E-9
4.292144018058862 1.7949317370861676E-9
4.292144018058862 2.5217765337540223E-9
4.292144018058862 2.0258875625242353E-9
4.292144018058862 2.12413550527838E-9
4.292237999381574 2.64410717558506E-9
4.292237999381574 2.5281491321601444E-9
4.292237999381574 3.0085797168057548E-9
4.292237999381574 3.751376727332917E-9
4.292237999381574 4.224364316967414E-9
4.292237999381574 3.843737372125003E-9
4.292237999381574 3.3877621973517777E-9
4.2922519666842165 2.756919975547279E-9
4.2922519666842165 1.5233930568237326E-9
4.292310320619132 1.243962431622329E-9
4.292311385160451 1.1456326057811904E-9
4.292311385160451 1.3106059796361437E-9
4.292311385160451 1.498945829982052E-9
4.292311385160451 1.2986023704007134E-9
4.292311385160451 7.499756631158578E-10
4.292311385160451 8.754598159549318E-10
4.292311385160451 3.598107360382783E-10
4.292311385160451 2.506673756913401E-10
4.292324735123413 3.4896070233295763E-10
4.292324735123413 3.1694011935244596E-10
4.292324735123413 3.900077111067582E-10
4.292324735123413 3.893656396063804E-10
4.292324735123413 3.9218355577807493E-10
4.292324735123413 3.4382933577185994E-10
4.292324735123413 2.1152337920069948E-10
4.292328089842587 8.191188412449878E-11
4.292328089842587 2.804828924117515E-11
4.292335216244369 1.1286721097437522E-10
4.292335517673632 6.76403476260792E-11
4.292345619487294 1.2417417189862814E-10
4.292345619487294 2.0180494643950237E-10
4.292348858065857 1.0768080390465766E-10
4.292348858065857 1.644391387680802E-10
4.292348858065857 1.6895998647873818E-10
4.292352800298774 8.523313283532493E-11
4.292352800298774 7.153875675795785E-11
4.292356640710139 1.2630089676652312E-10
4.292356640710139 1.5153134227010932E-10
4.292356640710139 1.8961293733498575E-10
4.29236191583619 1.790913514599824E-10
4.29236191583619 1.8665003506620888E-10
4.292362070547861 2.798114734602324E-10
4.292363148135433 1.6024500298799224E-10
4.292364866622548 1.319157353337667E-10
4.292364866622548 7.617496782520786E-11
4.292364866622548 7.346342850485946E-11
4.292370037128972 1.260958188533281E-10
4.292372040466779 1.2814309837228908E-10
4.292372040466779 1.3648494445231605E-10
4.292373476938724 9.727937827247823E-11
4.292373476938724 1.1503987655457881E-10
4.292374811178223 9.663576127567047E-11
4.292374811178223 1.1393068167322017E-10
4.2923749446234964 1.3043010830652945E-10
4.2923749446234964 1.0434285006425298E-10
4.292378053814937 1.8027152683300968E-10
4.292378897670193 1.150631339067583E-10
4.292378897670193 1.0359524493450234E-10
4.292378897670193 8.457682740412059E-11
4.292378897670193 1.0545881235593498E-10
4.292378897670193 1.0249547302509746E-10
4.2923813738847745 6.81807471166223E-11
4.2923813738847745 5.841084098241255E-11
4.29238319273762 4.9195901324002556E-11
4.29238319273762 4.0231912077873864E-11
4.29238319273762 3.7934700192744144E-11
4.29238319273762 4.7875761990523434E-11
4.292383656121611 5.292080187973701E-11
4.292383679014459 5.3940772542179335E-11
4.292383679014459 3.603366657270618E-11
4.292383922586906 4.072990548452376E-11
4.292384375071058 2.6850053620688432E-11
4.292385320924823 3.861663792620303E-11
4.292385507052898 3.7373288258163076E-11
4.292385507052898 3.51803368813821E-11
4.292385507052898 3.346126997649634E-11
4.292385507052898 2.4130499533851228E-11
4.2923860624971235 2.3379481114672774E-11
4.2923860722869565 3.1868589381377065E-11
4.292386450682933 3.638608857653127E-11
4.292386450682933 1.9612665006256844E-11
4.292386450682933 2.925162373500168E-11
4.292386450682933 4.029824265326874E-11
4.2923867160415154 4.1036621284360974E-11
4.2923867160415154 3.902907579269725E-11
4.2923867160415154 2.997004444064234E-11
4.2923867160415154 2.004651371398834E-11
4.292387158940118 1.56696115312772E-11
4.292387771953296 1.6733118525919446E-11
4.292387771953296 1.943881805560741E-11
4.292387771953296 2.0793638765763903E-11
4.292387771953296 1.7447972736523793E-11
4.292387771953296 1.5164628420689583E-11
4.292387771953296 1.490083571015287E-11
4.292388502680133 1.5373243957404922E-11
4.292388502680133 1.483810869158724E-11
4.292388502680133 1.601464265787726E-11
4.292388502680133 1.3631127568186279E-11
4.292388502680133 1.4475424961709275E-11
4.292388502680133 1.365580173458666E-11
4.292388502680133 1.4324658343498266E-11
4.292388575938311 1.0575806093261628E-11
4.292388589646649 6.3507859417403075E-12
4.292388589646649 3.916974080769158E-12
4.292388854411606 2.682778663187751E-12
4.292388854411606 3.3673323009497504E-12
4.292388854411606 4.860246381491597E-12
4.292388854411606 3.592008896500849E-12
4.292388854411606 3.1248377034428825E-12
4.292388854411606 1.5938529023322357E-12
4.292388947748308 2.2492554342312793E-12
4.292388947748308 4.841840209376859E-13
4.2923889620571 8.341189030129662E-13
4.2923889620571 1.4145197678693479E-12
4.2923889620571 1.278280707253539E-12
4.2923889620571 1.5865075496709377E-12
4.292389136643571 1.2425165939836673E-12
4.292389136643571 5.161031091944817E-13
4.292389136643571 1.0867738022193882E-12
4.292389136643571 1.403766823791471E-12
4.292389136643571 1.499743711701395E-12
4.292389211151065 9.533393567285414E-13
4.292389211151065 7.372746765490532E-13
4.292389211151065 8.241891390805273E-13
4.292389211151065 6.774232375263025E-13
4.292389211151065 1.1869489639239338E-12
4.2923892525303895 9.181854641889826E-13
4.292389319594667 9.578755907874196E-13
4.292389319594667 9.484099310064779E-13
4.292389435645421 1.1021331670620476E-12
4.292389435645421 9.8295217578703E-13
4.292389435645421 8.592355129107066E-13
4.292389435645421 5.824140630221852E-13
4.292389435645421 2.4260492000490585E-13
4.292389435645421 5.547667540093747E-13
4.292389435645421 4.842082518232682E-13
4.292389435645421 4.973871440446792E-13
4.292389485279456 4.556626497253113E-13
4.292389485279456 4.4866702279245194E-13
4.292389485279456 8.648159987180311E-13
4.292389485279456 1.0177682563743528E-12
4.292389513741978 1.0367646195635262E-12
4.292389513741978 1.0741377436431303E-12
4.292389513741978 8.62550371033073E-13
4.292389526661703 3.7022512634746333E-13
4.292389526661703 1.436552217577111E-13
4.292389526661703 4.1232582912655383E-14
4.292389526661703 4.210662391403586E-14
4.292389526661703 1.0003284266185488E-13
4.292389526661703 1.1488667679153364E-13
4.292389536141702 1.1195572608315804E-13
4.292389536455033 8.129160138249386E-14
4.292389540356324 1.3059616337555844E-13
4.292389546242108 9.654685918884239E-14
4.292389547495277 1.0757592608316526E-13
4.29238955630625 1.267389881510651E-13
4.29238955630625 1.779385724129577E-13
4.292389558011437 1.8929400388009105E-13
4.292389558011437 2.382768941193259E-13
4.2923895608434215 1.837697748130767E-13
4.29238956446185 2.3968768883117553E-13
4.29238956446185 3.2786811257517197E-13
4.2923895655023125 2.635573129286955E-13
4.292389568913368 2.656985464507986E-13
4.292389568913368 2.5905373521993044E-13
4.292389569530809 2.8775961232946004E-13
4.292389569530809 2.404165966429862E-13
4.292389579607969 1.7092751758633903E-13
4.292389579607969 1.7025642400206887E-13
4.292389579607969 1.66857367010325E-13
4.292389579607969 1.5478944055833582E-13
4.292389580821385 1.4658318846106782E-13
4.292389583475147 1.352275313698653E-13
4.292389583787271 1.5579429586099417E-13
4.2923895866160935 1.9067867522644091E-13
4.2923895866160935 1.8284703529385875E-13
4.29238959199957 1.8129236471252826E-13
4.29238959199957 2.2377576052815584E-13
4.29238959199957 2.4692778317718176E-13
4.292389594674911 2.987542673280251E-13
4.292389600689922 2.8367492819239887E-13
4.292389600689922 2.5037384706653176E-13
4.292389601662511 2.465197331607741E-13
4.292389602437431 2.284284227648323E-13
4.292389602437431 2.3277677141792783E-13
4.292389602437431 2.2391044550051227E-13
4.292389602437431 1.8282608943076044E-13
4.29238960252359 1.6784898754969663E-13
4.292389603526998 1.7160544021026907E-13
4.292389606606526 1.53809314588306E-13
4.292389606606526 1.2884736040713702E-13
4.292389612102435 1.1868779760274833E-13
4.292389612564815 1.3639318501027202E-13
4.292389612564815 1.0961243504301156E-13
4.292389612564815 7.288347549115048E-14
4.292389615808362 7.001397745456334E-14
4.292389615808362 6.095522094837728E-14
4.292389621717063 8.669805983877476E-14
4.292389621717063 9.502630174411099E-14
4.292389621717063 9.461943039838798E-14
4.292389621717063 1.0841180542466861E-13
4.292389621717063 1.4241655305366735E-13
4.292389621717063 1.2827200150746249E-13
4.292389621717063 1.2513799427037265E-13
4.292389625756558 9.836714019691999E-14
4.292389625756558 7.461541940454603E-14
4.292389625756558 8.502814954353235E-14
4.292389625756558 9.056105246178777E-14
4.292389625756558 7.928340799666796E-14
4.292389625756558 8.006071801083368E-14
4.292389627628947 5.883339015632276E-14
4.292389627628947 3.621692487583654E-14
4.292389627628947 2.4557249622387647E-14
4.292389627628947 1.1503507779478868E-14
4.292389627628947 1.6081778743678242E-14
4.292389627628947 2.1815367918104178E-14
4.292389627628947 2.4612957314489626E-14
4.292389627628947 1.974046591202434E-14
4.292389627628947 1.7246246140177055E-14
4.292389627628947 9.32586303907927E-15
4.292389627628947 5.627749100405233E-15
4.292389627628947 4.2650281788066185E-15
4.292389627628947 6.03148104605993E-15
4.292389627628947 2.889364260233716E-15
4.292389629362539 8.515946509229602E-15
4.292389629362539 2.827086834728205E-15
4.292389629362539 0.0
4.292389629362539 6.223389112714859E-15
4.292389629362539 0.0
4.292389629362539 0.0
4.292389629362539 0.0
4.292389630173964 1.5367029685671809E-15
4.292389630173964 0.0
4.292389630255271 1.2547703211908167E-15
4.292389631775542 3.647835718189313E-15
4.292389631775542 3.8418622469763814E-15
4.292389631775542 3.0191076206265223E-15
4.292389633862328 7.744151671393822E-15
4.292389633862328 8.463256443998324E-15
4.292389633862328 7.257427338093992E-15
4.292389633862328 1.3836043234749082E-14
4.292389633862328 4.450770488135296E-15
4.292389633862328 2.217740647279136E-15
4.292389633862328 7.344113884886198E-15
4.292389633862328 7.31779968080096E-15
4.292389635266719 9.061409280290787E-15
4.292389635266719 3.484950665268574E-15
4.292389635266719 7.26749902148072E-15
4.292389635266719 8.32365070317052E-15
4.292389635266719 9.439947823723312E-15
4.292389635331167 1.1088608925013914E-14
4.292389635331167 7.955755824644821E-15
4.292389635331167 1.3389552322384094E-15
4.292389635331167 1.2476777000503483E-15
4.292389635331167 2.073976765113575E-15
4.292389635331167 3.558649946984642E-15
4.292389635331167 2.1413176138720227E-15
4.292389635702449 2.597982349890083E-15
4.292389635702449 2.597982349890083E-15
4.292389635985597 2.6286098891273096E-15
4.292389635985597 2.80800883089382E-15
4.292389635985597 4.879362375768057E-15
4.292389636107821 4.840310532675209E-15
4.292389636851526 3.4193476792921755E-15
4.292389636851526 3.896071519908934E-15
4.292389636851526 3.4552776670106692E-15
4.292389636851526 3.948964603014887E-15
4.292389637253254 4.409908041509279E-15
4.292389637253254 4.096208752941722E-15
4.292389637253254 5.724133348797954E-15
4.2923896376921675 6.102463630127126E-15
4.2923896376921675 4.915475118838594E-15
4.2923896376921675 3.687726052931021E-15
4.2923896376921675 4.995109513036126E-15
Score: 4.2923896376921675
Runtime: 34419ms
