6.578140102450246E-5 2.7122982133486233
5.039167011980901E-4 1.7150514511384505
5.039167011980901E-4 1.152339209796061
0.0036631549679988678 0.7684839275946603
0.04594942151220811 0.5024327708352944
0.04594942151220811 0.32029086232116194
0.04594942151220811 0.20750701252056436
0.04594942151220811 0.15435198980919834
0.06939641890686885 0.10531324067892064
0.07585063475306196 0.06743557651581288
0.07585063475306196 0.04516962518277651
0.10572215171174522 0.03714768575172225
0.2873914365484515 0.027117509558806957
0.2873914365484515 0.02078240864758826
0.2873914365484515 0.016604763271214146
0.2873914365484515 7.062520152623654E-4
0.2873914365484515 0.010346058210183995
0.2873914365484515 0.008464894550961345
0.2873914365484515 0.00964019813860228
0.34195509503605065 0.002604096855988357
0.5637086861679866 0.015139121618487305
0.5637086861679866 0.007985984718871405
0.5966018317114795 1.2453453633239517E-4
1.1040288122258197 1.8946728486850828E-4
1.1040288122258197 1.99782064527048E-4
1.6755041080999302 0.00428461664633035
1.6755041080999302 0.0053397957787699995
1.6755041080999302 6.830968373843192E-5
1.6755041080999302 4.085906685696867E-5
1.6755041080999302 2.7871621889859346E-5
1.7765152967865552 7.907571956572968E-5
1.7765152967865552 1.0768477551497083E-4
1.7765152967865552 1.2768331316719933E-4
1.8959928195098974 1.1376536233791265E-4
1.8959928195098974 1.2930224384605392E-4
2.1558169666987577 1.5852516791319072E-4
2.4088799359278306 1.4907685248775868E-4
2.562213093142902 9.712892704020103E-5
2.562213093142902 7.933043110323723E-5
3.363876922925839 0.00436195460284091
3.363876922925839 7.515364966039982E-5
3.5631279121031794 6.17079940961255E-5
3.5631279121031794 4.5587209072898014E-5
3.6365922153734465 4.3561700688427214E-5
3.6365922153734465 6.322291764948578E-5
3.7617443542969653 8.92734338184383E-5
4.486775262677945 9.720789091752685E-5
4.486775262677945 1.1658464647166485E-4
4.910915208684229 1.1277248842168208E-4
4.910915208684229 9.635413465168163E-5
4.910915208684229 9.91122409603265E-5
4.91753363515639 1.0438763330692151E-4
5.122929751579267 9.822929696735707E-5
5.122929751579267 9.220518228051214E-5
5.122929751579267 9.175955873552302E-5
5.210678549556464 9.163339179203074E-5
5.210678549556464 9.629731316717714E-5
5.440953738480349 8.8302065235633E-5
5.440953738480349 7.541900276806252E-5
5.440953738480349 5.321680646027593E-5
5.440953738480349 3.551250970752597E-5
5.440953738480349 3.192302149985651E-5
5.56557815826769 2.267950256718532E-5
5.56557815826769 2.0133769803996347E-5
5.664527809284104 2.4108911323922352E-5
5.664527809284104 2.488424876796357E-5
5.6815944181012465 1.8427880068309557E-5
5.6815944181012465 1.8083285801647396E-5
5.6815944181012465 1.764578620028801E-5
5.736089097873752 1.9016855156788635E-5
5.736089097873752 1.306193417927198E-5
5.736089097873752 1.149475044732713E-5
5.768509855376048 7.008006121933553E-6
5.883466659393772 7.029170396287714E-6
5.883466659393772 8.515401784077638E-6
6.094523585712956 9.652743011081313E-6
6.094523585712956 9.132051984555017E-6
6.094523585712956 8.930111017847768E-6
6.094523585712956 7.265272496387696E-6
6.094523585712956 8.299473323639868E-6
6.094523585712956 7.886366736394368E-6
6.094523585712956 8.106597970788836E-6
6.094523585712956 9.920685367652915E-6
6.094523585712956 1.0537566389424528E-5
6.094523585712956 9.514915854008347E-6
6.094523585712956 9.41298254995261E-6
6.094523585712956 9.062772036111892E-6
6.094523585712956 7.137025902068657E-6
6.094523585712956 5.9258062150051486E-6
6.094523585712956 3.9764991479260894E-6
6.1897612901868335 2.287928391515618E-6
6.1897612901868335 1.0118419407695117E-6
6.1897612901868335 3.5611051294580364E-7
6.1897612901868335 0.0
6.1897612901868335 0.0
6.1897612901868335 2.3531902570235824E-7
6.1897612901868335 0.0
6.1897612901868335 0.0
6.1897612901868335 0.0
6.1897612901868335 8.26009395504701E-8
6.204135399199541 3.9148784509376764E-7
6.204135399199541 1.3460079350308793E-7
6.204135399199541 2.0520891642690374E-7
6.204135399199541 1.3460079350308793E-7
6.247187199815 2.1644160595981194E-7
6.251999751940803 4.306734530249574E-7
6.251999751940803 2.47146452837243E-7
6.30148130409127 3.8425417745795564E-7
6.30148130409127 3.5193110886208996E-7
6.30148130409127 1.0182357830263307E-7
6.30148130409127 0.0
6.30148130409127 2.1437975161182687E-7
6.30148130409127 4.856032816948544E-7
6.30148130409127 2.6729834090917544E-7
6.30148130409127 6.59073461623516E-8
6.309570577604363 3.333074812015052E-7
6.309570577604363 1.107673118263384E-7
6.309570577604363 4.43203867425227E-7
6.309570577604363 4.6930050633302353E-7
6.309570577604363 4.180979699860137E-7
6.309570577604363 3.945203310185333E-7
6.309570577604363 2.1387495055304142E-7
6.309570577604363 0.0
6.338114193799015 3.871556078029601E-7
6.338114193799015 1.0766414338676953E-7
6.416934280486256 4.970714952259848E-7
6.416934280486256 3.785568432056332E-7
6.416934280486256 8.6376683281454E-7
6.418321535927339 9.511379923142103E-7
6.421869096423643 1.0988975802407766E-6
6.421869096423643 1.0278404005849537E-6
6.421869096423643 1.4838783352682057E-6
6.434038745117187 1.6849207498789222E-6
6.4645801818139725 2.0333872880024678E-6
6.4645801818139725 2.6659499313978854E-6
6.4645801818139725 2.3827268733760446E-6
6.477293985265122 2.201289202862176E-6
6.477293985265122 1.622173478208178E-6
6.489983124665551 1.8163335514685965E-6
6.489983124665551 1.1642865931587265E-6
6.489983124665551 7.650952559994704E-7
6.49071926577121 6.581583956144171E-7
6.500041123778454 7.956132991526649E-7
6.507498132127758 9.686374630337322E-7
6.507498132127758 1.166236844710251E-6
6.514148678937023 1.225691978526656E-6
6.518064517978352 1.543407220057335E-6
6.52156358049354 1.3558593977152046E-6
6.52156358049354 1.0958563005446058E-6
6.52156358049354 9.810905303295174E-7
6.529408152401754 1.0116827071956505E-6
6.529408152401754 9.325176624127302E-7
6.529408152401754 8.412170878320156E-7
6.529408152401754 7.342865134594032E-7
6.530348527781856 7.838674484617286E-7
6.539806379631576 6.443354213205921E-7
6.540217217242671 5.119153723335989E-7
6.540217217242671 4.87606537464642E-7
6.540217217242671 4.189585095761798E-7
6.555033709717422 4.3451849400956315E-7
6.555033709717422 3.137734469264661E-7
6.555033709717422 3.014759260085207E-7
6.555033709717422 2.5302639313941244E-7
6.555033709717422 2.737045007090146E-7
6.555033709717422 3.2080958408503644E-7
6.555033709717422 3.311679192629325E-7
6.555033709717422 3.4917604155940803E-7
6.555033709717422 3.5158651650119035E-7
6.558115209571374 3.2640799963442124E-7
6.558115209571374 3.0744000594188526E-7
6.558115209571374 3.368567938098018E-7
6.559756676821684 2.9323419758766645E-7
6.559756676821684 2.49157146809693E-7
6.559756676821684 2.0934722225072727E-7
6.559756676821684 8.032188023061439E-8
6.559756676821684 4.018315728907778E-8
6.561899620221867 2.221968107533322E-8
6.562325162342743 9.767840997249701E-9
6.5631733498074905 2.2306089856730392E-8
6.5631733498074905 3.788286520039948E-8
6.566064434758637 6.653736913999918E-8
6.566064434758637 8.338732958585221E-8
6.567906466142983 9.020091360660653E-8
6.567906466142983 9.552559360584363E-8
6.567906466142983 1.1460260075859952E-7
6.568464079163694 1.1933778138607008E-7
6.56852433772417 1.5103600766683135E-7
6.56852433772417 1.563021702542736E-7
6.569129772036448 1.7662131550863183E-7
6.570300226468287 1.724938680182453E-7
6.5714628809482125 1.465465299910086E-7
6.5714628809482125 1.3570373336380806E-7
6.5714628809482125 1.2478618862682173E-7
6.5714628809482125 1.0928437391585197E-7
6.5714628809482125 8.235523550619875E-8
6.572047424788624 4.604327108700788E-8
6.5728238600478885 3.9618010060616564E-8
6.5728238600478885 3.200502821595142E-8
6.5728238600478885 3.9462103153100076E-8
6.5728238600478885 3.051892931995951E-8
6.5728238600478885 3.038702979390584E-8
6.5728238600478885 3.000376944074286E-8
6.5728238600478885 3.0587460084746145E-8
6.5728238600478885 2.32639376857266E-8
6.5728238600478885 1.0814077581464477E-8
6.573820607676135 8.0646331634903E-9
6.573820607676135 8.8332798228331E-9
6.573820607676135 8.64496427996862E-9
6.573820607676135 1.1046125892535202E-8
6.573894397103384 9.10014341824361E-9
6.573894397103384 8.793498950018368E-9
6.573894397103384 4.6311411065949304E-9
6.573894397103384 1.6506614549933023E-9
6.574127808780026 4.046865433815303E-9
6.574432068442294 5.404784818349092E-9
6.574432068442294 4.448378186764872E-9
6.574938915805716 5.040524595871319E-9
6.574938915805716 7.70866497886836E-9
6.574938915805716 8.66650959162296E-9
6.574938915805716 7.342281348867995E-9
6.574938915805716 8.25494807782608E-9
6.574938915805716 5.067780726384251E-9
6.574940681284076 4.110682098857282E-9
6.574940681284076 3.0732245823735174E-9
6.575234184210538 4.967760799319965E-9
6.575234184210538 4.629907348491649E-9
6.575285987140856 1.0143113746742605E-8
6.575285987140856 9.18487913296096E-9
6.575285987140856 9.26033672012843E-9
6.575285987140856 8.748005917067861E-9
6.5755186452721235 7.3964703039686636E-9
6.5755186452721235 7.02685414656766E-9
6.5755186452721235 5.763618363621096E-9
6.575649058650633 4.911460849793091E-9
6.575649058650633 5.447522946715094E-9
6.575828328300347 6.781930800059512E-9
6.5760653894342465 7.012304851235435E-9
6.5760653894342465 6.594292607815465E-9
6.5760653894342465 4.047703287367917E-9
6.5760653894342465 3.84502908518275E-9
6.5760653894342465 4.432372397876142E-9
6.5760653894342465 4.776032687968205E-9
6.5760653894342465 4.727356093017281E-9
6.5760653894342465 5.610917207498963E-9
6.5760653894342465 5.981831102708234E-9
6.5760653894342465 4.875891651523414E-9
6.57609267292015 4.680910454340143E-9
6.57609267292015 3.4257246824719108E-9
6.576137923978475 2.9896157732488505E-9
6.576137923978475 1.6222954712218084E-9
6.576137923978475 9.823389503502202E-10
6.576137923978475 6.919316680483948E-10
6.576153247058115 8.689631451637547E-10
6.576171227702474 3.0574436557652346E-10
6.576188482681672 1.6335189947368834E-10
6.576188482681672 1.516847543853028E-10
6.576188482681672 3.707489055661935E-10
6.576277833190551 4.724913165580455E-10
6.57629225018983 4.545328558719009E-10
6.57629225018983 7.971462929432997E-10
6.57629225018983 7.877147732517136E-10
6.576302326864027 8.228758924257243E-10
6.576336973835376 8.37035293571975E-10
6.576336973835376 7.873454159331757E-10
6.576353027004213 9.811805151846865E-10
6.576353027004213 1.103162734902567E-9
6.576353027004213 9.488463563647575E-10
6.576353027004213 1.1730683031071876E-9
6.576353027004213 1.0049713433594678E-9
6.576353027004213 8.326057657449787E-10
6.576353027004213 8.824010526644318E-10
6.576353027004213 4.921467910047437E-10
6.576353027004213 2.49559743537566E-10
6.576357498968637 1.2922135350265984E-10
6.576359857486298 1.7430333182147968E-10
6.576364030563207 2.647520046363032E-10
6.576381600735593 3.094780035819936E-10
6.576381600735593 2.9535233576561814E-10
6.576393745188845 2.2406233262301574E-10
6.576393745188845 1.2566792282719635E-10
6.576393745188845 4.8061263874617326E-11
6.576393745188845 1.0296382817906632E-11
6.576393745188845 2.5214113950901343E-11
6.576393745188845 1.2479273194155393E-11
6.576393745188845 3.779970944558045E-11
6.576404461816874 5.657631509090611E-11
6.576404461816874 4.6682679604134614E-11
6.576404461816874 8.451897794940706E-11
6.576410639463223 9.44635317755299E-11
6.576417156937776 9.211071653502918E-11
6.576417156937776 9.744237235678363E-11
6.576417156937776 4.844547832422914E-11
6.576417156937776 1.1641942085148377E-10
6.576417156937776 1.197083075133048E-10
6.576417156937776 4.8991276374455387E-11
6.576425175834918 9.678065292669088E-11
6.576425175834918 1.122647572472022E-10
6.576428762651431 1.2748233120812238E-10
6.576428762651431 1.2435237885142864E-10
6.576428762651431 9.578578891313093E-11
6.576428762651431 7.872622576526112E-11
6.576428762651431 8.32395824555003E-11
6.576436405798355 5.7858060120973076E-11
6.576436405798355 6.250588268302989E-11
6.576436405798355 4.8779347545712657E-11
6.576436405798355 3.1579523425031634E-11
6.576436405798355 2.3255658210178034E-11
6.576436405798355 4.8996890855459986E-11
6.576436405798355 5.065863783239821E-11
6.576436809145631 6.58724948768455E-11
6.576436809145631 6.45309056276942E-11
6.576437203151624 5.462466482510901E-11
6.576445848792498 5.357594453845615E-11
6.576445848792498 7.253437580764637E-11
6.576445848792498 8.849222383043547E-11
6.576445848792498 8.55172905078211E-11
6.576445848792498 8.928756286656392E-11
6.576445848792498 7.208329758445017E-11
6.576445848792498 5.276516538428884E-11
6.576445848792498 5.293711381660292E-11
6.576446042239626 4.5319632233808486E-11
6.576446042239626 4.591093130377721E-11
6.576446042239626 5.951441258166294E-11
6.576446042239626 6.728340222195898E-11
6.576446682019413 7.013021886638588E-11
6.576447005614793 6.43197165558745E-11
6.576447005614793 4.07789373601202E-11
6.576447005614793 2.2814709814595985E-11
6.576447005614793 5.9925815985424456E-12
6.576447005614793 0.0
6.576447005614793 1.2462154041157802E-12
6.576447005614793 3.9522069945984703E-13
6.576447005614793 0.0
6.576447005614793 0.0
6.576447005614793 1.316054973334145E-12
6.576447332825365 1.813370242213076E-12
6.5764477792134866 2.1228747248251924E-12
6.5764477792134866 1.5038879421195032E-12
6.576448400255944 1.9388744799032395E-12
6.576448400255944 4.887172229093536E-12
6.576448400255944 2.5245164353883398E-12
6.576448400255944 1.2862402003142496E-12
6.576448400255944 1.0302863548653984E-12
6.576449028286503 2.4782586759114614E-12
6.576449028286503 1.6786272850497038E-12
6.576449028286503 4.035586075891499E-12
6.576449028286503 4.554498925898637E-12
6.576449077634727 5.318361165279912E-12
6.5764491073679645 4.636294577536261E-12
6.5764491073679645 3.2422541278287774E-12
6.576449538144776 6.914706853618214E-12
6.576449626567266 5.876512919081871E-12
6.576449626567266 2.6289742163025645E-12
6.576449626567266 2.0382345011817447E-12
6.576449626567266 1.3546698971864807E-12
6.576449715619176 1.9311087015333048E-12
6.576450306299154 1.841221220714271E-12
6.576450306299154 3.898744713495262E-12
6.576450344182687 4.720293786898129E-12
6.576450344182687 4.810968943227543E-12
6.576450904425867 4.612094290385187E-12
6.576450904425867 4.5328923585464546E-12
6.576451040177159 6.635222591812429E-12
6.576451092959036 6.599556966360765E-12
6.5764511217143715 7.144178986449778E-12
6.576451559756418 6.733861882154019E-12
6.576451559756418 8.9621320859001E-12
6.576451559756418 9.518328063199296E-12
6.576451559756418 1.116440092143135E-11
6.5764517981083594 1.0230845223088921E-11
6.5764517981083594 1.1846562747003743E-11
6.576452249991744 1.0082798609374586E-11
6.576452249991744 8.89539129405419E-12
6.576452249991744 6.793009099688829E-12
6.576452249991744 4.53875416906676E-12
6.576452249991744 3.2042253609981725E-12
6.576452249991744 3.613692018930174E-12
6.576452296750313 4.750199838368532E-12
6.576452296750313 4.872306917780615E-12
6.576452296750313 4.2856105696964554E-12
6.576452296750313 3.267345382311754E-12
6.576452296750313 1.6001515574784998E-12
6.576452296750313 1.4997299988561895E-12
6.576452296750313 1.3995500283376736E-12
6.576452351071929 1.7026042259170267E-12
6.576452351071929 1.0589729655170988E-12
6.576452388547384 1.1106347111793282E-12
6.576452388547384 9.94132268367018E-13
6.576452472446169 1.1571766340040846E-13
6.576452627085779 1.5736988553937859E-13
6.576452627085779 1.6286520396731351E-13
6.576452785822447 2.6473822482190765E-13
6.576452785822447 8.739700396117929E-14
6.576452785822447 2.3090671006890274E-13
6.576452785822447 6.064042801321477E-13
6.576452785822447 6.500274964240127E-13
6.576452785822447 7.105345065350123E-13
6.576452785822447 1.0469994750777665E-12
6.576452881929607 1.0924451097470725E-12
6.576452881929607 1.7094855052544942E-12
6.576452881929607 2.2965244414688067E-12
6.576452898989364 2.307535765854787E-12
6.576452898989364 2.2574012963349642E-12
6.576452898989364 1.9514521537822027E-12
6.576452976939735 1.169397700328417E-12
6.576452976939735 3.7982760752781647E-13
6.576452976939735 6.817677845159801E-13
6.576452976939735 4.27760837569489E-13
6.576452976939735 2.6940977569677903E-13
6.576452976939735 4.3391022670922666E-13
6.576452976939735 4.879771139223383E-13
6.5764530665918155 3.7900566009509156E-13
6.5764530665918155 4.072069001022684E-13
6.5764530665918155 1.6701943909902606E-13
6.5764530665918155 2.497904096514441E-13
6.5764530665918155 2.2535081573992334E-13
6.5764530665918155 2.7407589997161296E-13
6.5764530665918155 2.368991407263506E-13
6.5764530765596705 2.621749784357606E-13
6.5764530765596705 1.6520424795625168E-13
6.5764530765596705 1.0314107520424545E-13
6.5764530765596705 7.219671942856328E-14
6.576453092896612 7.749630042205918E-14
6.576453092896612 1.1161243099717174E-13
6.576453092896612 1.7882163196628567E-13
6.576453128267364 1.8874257104324668E-13
6.576453128267364 1.4782508398082355E-13
6.576453128267364 9.568571464060165E-14
6.576453128267364 1.744933586384222E-13
6.576453128267364 4.260836930334652E-14
6.576453128267364 1.0072505470767899E-13
6.576453128267364 5.232164929695503E-14
6.576453128267364 7.92338004291949E-14
6.576453128267364 9.65228867241297E-14
6.576453128267364 1.1366843643499228E-13
6.576453128267364 1.2917938378161576E-13
6.576453128267364 1.1421512815575677E-13
6.576453128267364 7.257116058485792E-14
6.576453128267364 1.3445191048665331E-14
6.576453128267364 3.098695904400252E-14
6.576453128267364 3.5502352676295995E-14
6.576453128267364 5.5470991284180654E-14
6.576453128267364 0.0
6.576453128267364 0.0
6.576453128267364 0.0
6.576453128267364 0.0
6.576453128267364 0.0
6.576453128267364 0.0
6.576453128267364 0.0
6.576453129086869 1.3696345939029342E-14
6.576453129086869 0.0
6.576453129086869 0.0
6.576453129086869 0.0
6.576453129086869 0.0
6.576453129086869 0.0
6.576453129086869 0.0
6.576453129086869 0.0
6.576453138371898 7.574041733188057E-15
6.576453138371898 7.574041733188057E-15
6.576453138371898 7.574041733188057E-15
6.576453138371898 0.0
6.576453138371898 1.5683475653371557E-14
6.576453138371898 1.3281912197818322E-14
6.576453138371898 2.6940863131864518E-14
6.576453139051126 2.0576432227045983E-14
6.576453139051126 6.593300324282068E-15
6.576453139051126 6.593300324282068E-15
6.576453139051126 0.0
6.576453139051126 0.0
6.576453139051126 6.4403730209658714E-15
6.576453139051126 6.4403730209658714E-15
6.5764531422452706 1.3504027848147974E-14
6.576453147384578 1.553070272306409E-14
6.576453161848869 3.521956952579307E-14
6.576453161848869 2.3274437333075658E-14
6.576453174511774 4.273825409346115E-14
6.576453174511774 4.5221432114145614E-14
6.576453174511774 1.6873339215039355E-14
6.576453174511774 2.052627049822196E-14
6.576453174511774 3.2622726192979023E-14
6.576453181607308 4.860282312541784E-14
6.576453181607308 7.98410074944779E-14
6.576453181607308 7.38946700475315E-14
6.5764531867375 7.224097765011364E-14
6.5764531867375 1.0091052874838882E-13
6.5764531867375 7.194800058808489E-14
6.576453196182348 8.449814165540972E-14
6.576453196182348 4.260325661342032E-14
6.576453196182348 3.908122422378795E-14
6.576453196182348 3.5430055994462256E-14
6.576453196182348 3.3784479601065616E-14
6.576453196182348 1.6166939350357394E-14
6.576453196182348 1.5578485992491066E-14
6.576453196182348 1.9758812697755847E-14
6.576453196182348 2.94092190032357E-14
6.576453196182348 1.720131422839755E-14
6.576453196182348 1.7960234278691717E-14
6.576453196182348 1.4348940605487914E-14
Score: 6.576453196182348
Runtime: 34382ms
