5.0308221783217944E-5 2.712862255548603
6.889800878428424E-4 1.7212178656091384
6.889800878428424E-4 1.1105235673286287
0.001934133187996782 0.747097833373071
0.002975848670966653 0.46690517550665683
0.002975848670966653 0.2995358455213467
0.002975848670966653 0.18268615160932894
0.012249972237475055 0.15686022444618394
0.036189766260768544 0.10997590731716633
0.036189766260768544 0.06436916197947304
0.04792803330966392 0.03863084090496638
0.049781901503435005 0.042904766214304
0.09371289766491073 0.024726565913052233
0.3094165600742055 0.00936116669470228
0.3094165600742055 0.027374808673977836
0.3094165600742055 0.011269083993633558
0.3094165600742055 0.023781984891825755
0.3094165600742055 0.013371005910838382
0.3094165600742055 4.156547610871501E-4
0.3094165600742055 0.004575749335625848
0.3925405327590192 0.006806837641652088
0.3925405327590192 0.00639593295477862
0.3925405327590192 1.4183922641748802E-4
0.3925405327590192 0.005071091972128098
0.47009205872884496 0.008676854372304778
0.6327479369989258 1.138065148067565E-4
0.6327479369989258 8.519520875357562E-5
0.6327479369989258 9.938902189847097E-5
0.6327479369989258 0.005742780759747044
0.6327479369989258 1.6796219265074714E-5
0.7593649083271857 9.251350642842481E-6
0.7593649083271857 3.5004227972036924E-5
0.8165084979181826 4.009753023840222E-5
0.8165084979181826 5.52607915439211E-5
0.8165084979181826 4.900727044029661E-5
0.9315414260695366 7.572597502697329E-5
0.9646751066557481 9.495856092350774E-5
1.4551596272084009 1.2393063837863643E-4
1.4551596272084009 9.616217829728277E-5
1.4551596272084009 1.0399024918276481E-4
1.4551596272084009 6.587527518260396E-5
1.4551596272084009 7.064817281944004E-5
1.4551596272084009 0.006408248504085644
1.45758595106919 9.136903735962386E-5
1.8237235913470342 8.809117971856226E-5
1.8237235913470342 1.1218565055882878E-4
1.8237235913470342 1.0576901738818212E-4
2.0902300531490576 0.0049948600467931625
2.0902300531490576 1.004820440847395E-4
2.0902300531490576 6.389908198932804E-5
2.0902300531490576 4.3801537605660384E-5
2.0902300531490576 2.2311223933620108E-5
2.0902300531490576 2.002466901876737E-5
2.0902300531490576 3.228221499435078E-5
2.0902300531490576 3.0129284187220366E-5
2.0902300531490576 3.9670807377430304E-5
2.0902300531490576 4.4336512795369797E-5
2.0902300531490576 4.2902510539063164E-5
2.0902300531490576 2.795326827136086E-5
2.0902300531490576 1.7003435281307756E-5
2.0902300531490576 8.689837805100116E-6
2.0902300531490576 5.48955044230959E-6
2.0902300531490576 3.7252553039721045E-6
2.0902300531490576 3.0174534206893285E-6
2.0902300531490576 1.5063081457174208E-5
2.0902300531490576 0.0
2.0902300531490576 0.0
2.0902300531490576 0.0
2.3604586106663112 7.46074146501451E-6
2.3604586106663112 0.0
2.3604586106663112 0.0
2.3604586106663112 0.0
2.3604586106663112 0.0
2.3604586106663112 2.4142128997493785E-6
2.3604586106663112 0.0
2.6666189330241927 5.017028559209585E-6
2.6666189330241927 0.0
2.6666189330241927 0.0
2.6666189330241927 4.901690839879314E-6
2.6666189330241927 6.413659783810795E-6
2.6666189330241927 3.988843510937267E-6
2.6666189330241927 3.988843510937267E-6
2.6666189330241927 0.0
2.6666189330241927 0.0
2.6666189330241927 2.4142128997493785E-6
3.1820009037184844 1.051998172078162E-5
3.1820009037184844 1.244304482020439E-6
3.1820009037184844 1.244304482020439E-6
3.1820009037184844 1.244304482020439E-6
3.1820009037184844 1.244304482020439E-6
3.1820009037184844 2.8706721482553098E-6
3.1820009037184844 2.424816272873527E-6
3.1820009037184844 2.2394650100156005E-6
3.1820009037184844 0.0
3.1820009037184844 0.0
3.1820009037184844 0.0
3.1820009037184844 0.0
3.1820009037184844 0.0
3.1820009037184844 0.0
3.285968444054808 2.6064006867996346E-6
3.285968444054808 2.6064006867996346E-6
3.285968444054808 0.0
3.285968444054808 0.0
3.285968444054808 0.0
3.285968444054808 0.0
3.285968444054808 0.0
3.285968444054808 0.0
3.285968444054808 0.0
3.2938524306286343 1.5498756131906067E-6
3.2938524306286343 0.0
3.37737477250565 1.6386366842197415E-6
3.37737477250565 0.0
3.37737477250565 0.0
3.37737477250565 0.0
3.37737477250565 0.0
3.5310172760775482 1.9133016022011797E-6
4.136773532025389 1.290278125745137E-6
4.136773532025389 1.5498756131906067E-6
4.136773532025389 0.0
4.136773532025389 0.0
4.508815350445215 2.004538143569117E-6
4.508815350445215 3.1082200628734425E-6
4.508815350445215 4.655315157026921E-6
4.508815350445215 7.74267483583885E-6
4.508815350445215 7.890282872393187E-6
4.508815350445215 5.895139711101494E-6
4.508815350445215 2.4801611907593612E-6
4.508815350445215 5.167183723491384E-6
4.508815350445215 1.2407830532368726E-5
4.554928311368417 1.311818535112647E-5
4.554928311368417 5.744035984732443E-6
4.554928311368417 5.626460276689901E-6
4.554928311368417 5.1301579653629E-6
4.554928311368417 0.0
4.554928311368417 0.0
4.554928311368417 0.0
4.554928311368417 0.0
4.554928311368417 0.0
4.554928311368417 0.0
4.554928311368417 0.0
4.554928311368417 0.0
4.554928311368417 0.0
4.554928311368417 0.0
4.554928311368417 0.0
4.554928311368417 0.0
4.554928311368417 0.0
4.554928311368417 0.0
4.554928311368417 8.997222975475759E-7
4.554928311368417 0.0
4.554928311368417 0.0
4.554928311368417 0.0
4.554928311368417 0.0
4.554928311368417 0.0
4.554928311368417 0.0
4.554928311368417 0.0
4.554928311368417 0.0
4.554928311368417 0.0
4.696773175014565 6.090631626198404E-7
4.696773175014565 6.090631626198404E-7
4.696773175014565 0.0
4.696773175014565 3.4906295406950334E-7
4.696773175014565 0.0
4.696773175014565 0.0
4.696773175014565 0.0
4.696773175014565 1.6569392079204413E-7
4.696773175014565 0.0
4.696773175014565 0.0
4.7233969498512565 4.00934773585085E-7
4.7233969498512565 0.0
4.7233969498512565 0.0
4.7233969498512565 3.1621877420380566E-7
4.7233969498512565 3.1621877420380566E-7
4.7233969498512565 3.1621877420380566E-7
4.7233969498512565 5.831295913775387E-7
4.7233969498512565 0.0
4.7233969498512565 7.647259182227806E-7
4.7233969498512565 0.0
4.7233969498512565 0.0
4.741958333565409 6.322813370524156E-7
4.741958333565409 0.0
4.741958333565409 0.0
4.741958333565409 0.0
4.741958333565409 0.0
4.741958333565409 5.831295913775387E-7
4.741958333565409 4.00934773585085E-7
4.741958333565409 0.0
4.741958333565409 0.0
4.741958333565409 0.0
4.741958333565409 0.0
4.741958333565409 0.0
4.741958333565409 0.0
4.741958333565409 0.0
4.807468316019409 2.614473086781571E-7
4.807468316019409 0.0
4.807468316019409 0.0
4.807468316019409 0.0
4.810721368226126 4.1034507714604166E-7
4.810721368226126 0.0
4.810721368226126 6.035356082825076E-7
4.810721368226126 0.0
4.810721368226126 0.0
4.992020616911242 4.3559279489546896E-7
4.992020616911242 0.0
4.992020616911242 0.0
4.992020616911242 2.5162665350468554E-7
4.992020616911242 0.0
5.053881979045026 8.820954294841517E-7
5.053881979045026 4.789670823972742E-7
5.053881979045026 0.0
5.053881979045026 2.614473086781571E-7
5.053881979045026 0.0
5.053881979045026 0.0
5.053881979045026 0.0
5.053881979045026 2.5162665350468554E-7
5.053881979045026 0.0
5.053881979045026 0.0
5.112331319132894 5.704589764556137E-7
5.112331319132894 3.991379588550026E-7
5.112331319132894 0.0
5.112331319132894 0.0
5.112331319132894 0.0
5.112331319132894 0.0
5.153502291992172 6.527862125029163E-7
5.153502291992172 0.0
5.153502291992172 4.200012650805715E-7
5.153502291992172 0.0
5.153502291992172 0.0
5.153502291992172 0.0
5.153502291992172 0.0
5.153502291992172 0.0
5.153502291992172 0.0
5.153502291992172 0.0
5.153502291992172 0.0
5.153502291992172 0.0
5.22876982817166 2.3529098076270155E-7
5.22876982817166 0.0
5.22876982817166 0.0
5.22876982817166 0.0
5.22876982817166 0.0
5.22876982817166 2.3529098076270155E-7
5.22876982817166 0.0
5.22876982817166 0.0
5.22876982817166 0.0
5.22876982817166 0.0
5.22876982817166 0.0
5.22876982817166 0.0
5.22876982817166 0.0
5.22876982817166 0.0
5.22876982817166 0.0
5.346964658667441 4.899074269956128E-7
5.346964658667441 0.0
5.346964658667441 5.953416558411938E-7
5.346964658667441 4.864875520791827E-7
5.346964658667441 6.531103391011162E-7
5.346964658667441 0.0
5.346964658667441 1.6422924037990246E-7
5.346964658667441 1.6422924037990246E-7
5.346964658667441 0.0
5.346964658667441 0.0
5.346964658667441 0.0
5.346964658667441 3.107523141461729E-7
5.346964658667441 3.107523141461729E-7
5.346964658667441 1.3755749718136042E-7
5.346964658667441 1.6422924037990246E-7
5.346964658667441 0.0
5.346964658667441 1.666227870219336E-7
5.346964658667441 1.7393667581221552E-7
5.351939102695735 1.74384958856429E-7
5.351939102695735 0.0
5.351939102695735 0.0
5.351939102695735 0.0
5.351939102695735 0.0
5.351939102695735 0.0
5.351939102695735 0.0
5.351939102695735 0.0
5.365474681657716 9.859043468034287E-8
5.365474681657716 9.859043468034287E-8
5.417536908007866 1.8355402414432932E-7
5.417536908007866 3.049612273065266E-7
5.417536908007866 0.0
5.417536908007866 7.635306385219578E-8
5.417536908007866 6.2595564573652E-8
5.417536908007866 1.8987167668218335E-7
5.452821372094483 8.884163755217779E-8
5.452821372094483 1.0572096171127012E-7
5.452821372094483 1.6769091970442766E-7
5.452821372094483 1.6862703838957885E-7
5.452821372094483 2.547840324920173E-7
5.452821372094483 4.501551166819472E-7
5.452821372094483 4.992997683439718E-7
5.452821372094483 5.981683334545118E-7
5.496941650548023 7.965981320617698E-7
5.496941650548023 7.215097300014461E-7
5.496941650548023 6.179473390718049E-7
5.499704548462061 5.497586608474974E-7
5.521692426666327 7.467267055770727E-7
5.529230935031593 6.79474755386566E-7
5.529230935031593 1.0449858670585453E-6
5.529230935031593 7.799845112152284E-7
5.529230935031593 5.421086030319175E-7
5.529230935031593 3.436642048271635E-7
5.533573524326867 4.91907832480831E-7
5.556340725169624 6.700450499755673E-7
5.556340725169624 8.100086956497252E-7
5.556340725169624 8.456586029832112E-7
5.597844791737392 8.086556346149989E-7
5.597844791737392 7.323049410753665E-7
5.597844791737392 4.875012950141402E-7
5.599464466788209 6.758019941736975E-7
5.617133376596417 4.837866541487987E-7
5.617133376596417 6.885478614660271E-7
5.617133376596417 5.717091783802144E-7
5.617133376596417 6.430912825096127E-7
5.617133376596417 6.673560268998495E-7
5.617133376596417 8.657187930724642E-7
5.623222729011229 9.746302341911808E-7
5.624763230093633 1.4096992138069107E-6
5.624763230093633 1.2976373383642934E-6
5.624763230093633 1.1523656717281265E-6
5.635302866007295 9.59025762300511E-7
5.641643196090379 8.482976861984235E-7
5.652171158689447 7.650915350082016E-7
5.652171158689447 5.621572512110604E-7
5.652171158689447 4.937219539616584E-7
5.652171158689447 2.7305632365855524E-7
5.6632810317818985 3.3608496434546507E-7
5.6632810317818985 3.979789858576702E-7
5.6632810317818985 4.768414982709417E-7
5.6632810317818985 6.552061348837094E-7
5.665234851984289 6.675536253882438E-7
5.665234851984289 6.592999182481975E-7
5.665234851984289 5.580146643045443E-7
5.6660969110176 6.061999372681736E-7
5.6680606526862025 4.57066247069326E-7
5.669671627768816 3.88993315292409E-7
5.669671627768816 3.212008850319541E-7
5.676332749344448 2.4205721122603474E-7
5.676332749344448 2.3450261029630677E-7
5.676332749344448 1.653426314218098E-7
5.677145637837544 1.612939926454212E-7
5.677145637837544 1.476998128821008E-7
5.677145637837544 1.572366694992601E-7
5.677145637837544 1.4745286539448088E-7
5.677145637837544 2.1045402864567443E-7
5.67787364486284 2.5911265692979637E-7
5.6794413567164 2.7971124933692333E-7
5.6794413567164 2.4270379788844537E-7
5.6794413567164 2.056069162665067E-7
5.679473968202703 1.8848834029427783E-7
5.679473968202703 1.6518714914069735E-7
5.679473968202703 1.037811890833033E-7
5.681083058687921 5.647390017796554E-8
5.681083058687921 4.1141463869431387E-8
5.681083058687921 2.7617214570187525E-8
5.681083058687921 3.189324537538318E-8
5.681083058687921 2.594022536223182E-8
5.681083058687921 3.3637515819353976E-8
5.681083058687921 3.3042544062472035E-8
5.681083058687921 2.6829263687963723E-8
5.681083058687921 2.2436268195271603E-8
5.681083058687921 1.419895295031666E-8
5.681083058687921 9.391289819324161E-9
5.681239918467851 1.1796676261116412E-8
5.6817263616615 8.634043190120635E-9
5.6817263616615 1.2962198845613184E-8
5.682042112849796 1.5194431670067613E-8
5.682042112849796 8.88442880724894E-9
5.682060377050266 7.365390007108222E-9
5.682060377050266 5.16673337399025E-10
5.682060377050266 5.823429225922716E-10
5.682494879535602 1.892770939889372E-9
5.682494879535602 3.1655591991788158E-9
5.682494879535602 4.1585641033428985E-9
5.682494879535602 1.6820014600303775E-9
5.682494879535602 3.565876488794711E-9
5.682494879535602 4.112484603286245E-9
5.682494879535602 4.776551590230628E-9
5.682945277717434 3.722934685674964E-9
5.682945277717434 4.645227367560745E-9
5.682945277717434 3.54062458371812E-9
5.682945277717434 1.20677132220895E-9
5.682945277717434 5.50721337204011E-10
5.682945277717434 0.0
5.682945277717434 1.0666084936388153E-9
5.682945277717434 1.775507572405441E-9
5.682945277717434 5.104441321029983E-10
5.682945277717434 2.242571752013415E-9
5.682945277717434 1.7594612930877213E-9
5.682945277717434 5.373268865263779E-10
5.682945277717434 5.373268865263779E-10
5.682945277717434 5.373268865263779E-10
5.682945277717434 0.0
5.682945277717434 0.0
5.682945277717434 0.0
5.682945277717434 8.678897483704301E-10
5.682945277717434 8.678897483704301E-10
5.682945277717434 0.0
5.682945277717434 0.0
5.682945277717434 0.0
5.682945277717434 0.0
5.682945277717434 0.0
5.682945277717434 0.0
5.682945277717434 0.0
5.682945277717434 0.0
5.682945277717434 0.0
5.682945277717434 0.0
5.682945277717434 0.0
5.682976742350908 2.976171512574385E-10
5.682976742350908 0.0
5.682976742350908 0.0
5.682976742350908 0.0
5.682976742350908 0.0
5.682976742350908 0.0
5.682976742350908 0.0
5.682976742350908 0.0
5.682976742350908 0.0
5.682976742350908 0.0
5.682976742350908 0.0
5.682976742350908 0.0
5.682976742350908 0.0
5.682976742350908 0.0
5.683400086360152 7.046005128283573E-10
5.683400086360152 0.0
5.683400086360152 2.2461052226116932E-10
5.683400086360152 0.0
5.683400086360152 0.0
5.683400086360152 2.0539208533034705E-10
5.683400086360152 3.258244785310899E-10
5.683400086360152 0.0
5.683400086360152 4.6164459966916884E-10
5.683400086360152 5.68438470252867E-10
5.683400086360152 2.463137729527554E-10
5.683400086360152 6.303954941416889E-10
5.683400086360152 1.3803923383417635E-9
5.683400086360152 1.3803923383417635E-9
5.683400086360152 2.1485448962597064E-9
5.683400086360152 6.781478590867318E-10
5.683444105628398 2.345169459959796E-10
5.683444105628398 0.0
5.6835673853556905 9.081506774125582E-10
5.6835673853556905 0.0
5.6835673853556905 0.0
5.683809466066272 4.979798963667607E-10
5.683809466066272 0.0
5.683809466066272 7.809603206348663E-11
5.683809466066272 0.0
5.683809466066272 3.5269653312044454E-10
5.683809466066272 1.7810181484222727E-10
5.683809466066272 0.0
5.683809466066272 3.081023618865689E-10
5.683809466066272 1.0477761948151892E-9
5.683809466066272 1.030689266361327E-9
5.683809466066272 9.401039221898771E-10
5.683809466066272 6.759320562662294E-10
5.683809466066272 5.62928440094456E-10
5.683809466066272 5.228901204370554E-10
5.683956688647348 9.668142382989653E-10
5.683956688647348 7.341113932076631E-10
5.683956688647348 6.837730199342258E-10
5.683956688647348 2.5864558636769766E-10
5.683956688647348 0.0
5.683956688647348 1.2761409299425837E-10
5.683956688647348 1.2761409299425837E-10
5.683956688647348 1.2761409299425837E-10
5.683956688647348 0.0
5.683956688647348 0.0
5.683956688647348 0.0
5.683956688647348 1.0158564309030948E-10
5.683956688647348 1.0158564309030948E-10
5.683956688647348 1.0158564309030948E-10
5.683956688647348 0.0
5.683956688647348 0.0
5.683956688647348 1.6719618705320323E-10
5.683956688647348 0.0
5.683969428855362 1.2421813577926207E-10
5.683969428855362 0.0
5.683993217095976 8.103049873792393E-11
5.683993217095976 0.0
5.683993217095976 0.0
5.683993217095976 0.0
5.683993217095976 0.0
5.683993217095976 0.0
5.683993217095976 0.0
5.683993217095976 0.0
5.683993217095976 0.0
5.683993217095976 0.0
5.683993217095976 0.0
5.683993217095976 0.0
5.683993217095976 0.0
5.683993217095976 0.0
5.683993217095976 0.0
5.683993217095976 1.141831501051314E-10
5.683993217095976 0.0
5.683993217095976 8.103049873792393E-11
5.6840407638221055 1.7986842091634498E-10
5.6840407638221055 0.0
5.6840407638221055 0.0
5.6840407638221055 0.0
Score: 5.6840407638221055
Runtime: 33092ms
