5.0308221783217944E-5 2.7132238559733186
0.0014694527096253158 1.7072869215541973
0.0014694527096253158 1.1212054724740155
0.0014694527096253158 0.7306687928215438
0.009374151653308325 0.5025149543993819
0.009374151653308325 0.35457345984095584
0.01443400181854423 0.1906785913765373
0.015605471366610606 0.15796734994402561
0.027623169316559282 0.11264444704361064
0.045523989530672 0.054609127187565276
0.20543954855772323 0.054901720398394846
0.2169326797939067 0.036007162695063745
0.2169326797939067 0.027091042463427445
0.2169326797939067 0.014764921035467445
0.5609662246317483 0.027889027602529055
0.5609662246317483 0.00960758287441904
0.5609662246317483 0.01720563334350525
0.9418813170529429 0.004855732705140561
0.9567115047631642 0.005680624104018472
0.9567115047631642 0.013259005867878773
0.9567115047631642 0.004692077221763804
0.9567115047631642 0.004057214253415392
0.9567115047631642 0.004685754834866312
0.9567115047631642 0.0043795873906154375
0.9603592365285141 4.255768529979822E-4
1.2118664357372135 3.379785945768485E-4
1.4304228959462448 0.004443013155804493
1.4304228959462448 1.7912419383815084E-4
1.4304228959462448 1.4132747587298586E-4
1.5253479287161167 1.319634236725466E-4
1.695476089712772 1.0189285764928908E-4
2.110229604771939 1.0899459222424338E-4
2.7142185121313296 5.8045731810158795E-5
2.7142185121313296 3.011679925337058E-5
2.7142185121313296 3.525022031776735E-5
2.7142185121313296 6.972148905551617E-5
2.7142185121313296 9.707131159574253E-5
2.7142185121313296 8.582125173960041E-5
2.7142185121313296 8.701090619989691E-5
3.2544457544079544 9.255149554550898E-5
3.2544457544079544 1.1396888051401964E-4
3.2544457544079544 1.1841054483017344E-4
3.2544457544079544 1.0703621682253465E-4
3.2544457544079544 1.1603886065611745E-4
3.2544457544079544 9.423424090084923E-5
3.2544457544079544 6.034653642181078E-5
3.2544457544079544 3.282960991598433E-5
3.2698951588883016 2.4413455037780688E-5
3.2698951588883016 8.44022151027408E-6
3.2856975251129503 1.8721516344062647E-6
3.2893984624287476 2.6592878069203124E-6
3.7191531608677 8.373040028675828E-6
3.7191531608677 2.3655755578018188E-6
3.7191531608677 9.40434221486758E-6
3.7191531608677 1.0711137280729837E-5
3.7191531608677 4.613790212218688E-6
3.7191531608677 4.735407397422407E-6
3.8361241991074104 5.204024306388107E-6
3.8361241991074104 5.270211575209962E-6
3.8361241991074104 5.975915982128179E-6
3.9011639451263473 7.3016310610384845E-6
3.9011639451263473 8.865277330762522E-6
3.9011639451263473 6.873824811494834E-6
3.9011639451263473 8.054496987932853E-6
3.9011639451263473 8.56343210787334E-6
3.9011639451263473 6.6386880523659995E-6
3.9011639451263473 5.4025281500405655E-6
4.161203482580394 3.7367960282284168E-6
4.161203482580394 4.096492213174735E-6
4.161203482580394 2.170500987508231E-6
4.161203482580394 3.047773008711144E-6
4.161203482580394 2.2361871774355446E-6
4.302195048124852 4.14456567025321E-6
4.302195048124852 2.201649438839986E-6
4.302195048124852 1.7579684761028255E-6
4.302195048124852 1.605579636556454E-6
4.302195048124852 2.2737101177404856E-6
4.557785916293343 4.271009543151584E-6
4.557785916293343 7.264628346399407E-6
4.557785916293343 8.942939660490123E-6
4.562519788244645 4.3238180319102935E-6
4.562519788244645 5.226500644655444E-6
4.562519788244645 7.061858157987146E-6
4.658958681878756 5.31705585157805E-6
4.658958681878756 4.821299334448416E-6
4.706514274517773 4.4447604228110645E-6
4.706514274517773 4.806023855882504E-6
4.706514274517773 6.479108462634734E-6
4.850629909161727 7.055419742695176E-6
4.850629909161727 7.43328940542659E-6
4.850629909161727 6.53146143235947E-6
4.850629909161727 3.846816745957162E-6
4.850629909161727 2.9155345439046955E-6
4.850629909161727 2.228894063240692E-6
4.850629909161727 1.8690154495818994E-6
4.850629909161727 1.890345776413072E-6
4.850629909161727 2.2385090554154097E-6
4.850629909161727 3.3617546691859876E-6
4.866979110349922 2.416707113261948E-6
4.963067025463535 3.416994739776882E-6
4.963067025463535 1.8270430495406665E-6
4.963067025463535 1.577907762752549E-6
4.963067025463535 3.505588324270247E-6
4.963067025463535 1.7069448276318832E-6
4.963067025463535 3.1488151120390015E-7
4.963067025463535 3.0568538401112087E-7
4.963067025463535 5.017443447254745E-7
4.963067025463535 6.364954762555485E-7
4.963067025463535 7.487692336751001E-7
5.054207060009408 9.39325292686704E-7
5.054207060009408 5.533416447351905E-7
5.054207060009408 7.912332865060087E-7
5.054207060009408 1.0119192520949248E-6
5.054207060009408 8.745350618697676E-7
5.054207060009408 1.1278579333235918E-6
5.054207060009408 9.794401058231005E-7
5.054207060009408 4.197534675423312E-7
5.054207060009408 2.0184468664285284E-7
5.186441107168469 5.961787553610908E-7
5.186441107168469 9.49536537887942E-7
5.202535125235926 1.2210506950550758E-6
5.202535125235926 6.598145652774222E-7
5.28891887586978 1.6895968442075297E-6
5.28891887586978 1.719952456071991E-6
5.28891887586978 1.5374823358412544E-6
5.28891887586978 2.212105797535977E-6
5.28891887586978 1.920819613614999E-6
5.313566124997793 2.7285602069802775E-6
5.313566124997793 3.6881941705350994E-6
5.313566124997793 3.7956351821901014E-6
5.329665303627312 2.8626624910069267E-6
5.329665303627312 2.614774428394838E-6
5.329665303627312 1.8005656361717281E-6
5.329665303627312 1.1184302194640908E-6
5.355023499981608 1.7323248365943143E-6
5.355023499981608 1.1826461715811518E-6
5.430724732164325 1.7108729601399836E-6
5.430724732164325 8.984657945073949E-7
5.430724732164325 8.406000760788701E-7
5.430724732164325 8.884002412145801E-7
5.430724732164325 1.401625114632912E-6
5.485755040735283 1.5404217222114265E-6
5.485755040735283 1.755522538027381E-6
5.485755040735283 2.936989193938305E-6
5.485755040735283 4.0981275154147E-6
5.485755040735283 4.479988568008607E-6
5.5039279581327545 4.724052849857557E-6
5.516443516803803 4.45464791193344E-6
5.516443516803803 3.4066431787746322E-6
5.516443516803803 2.4895709144770926E-6
5.531128284677797 1.7496598453633188E-6
5.531128284677797 1.543239549614292E-6
5.531128284677797 1.6098123486561396E-6
5.531128284677797 1.705549648823984E-6
5.531128284677797 1.6838741100319602E-6
5.53155786897153 1.3524356019979438E-6
5.538867611136869 1.4617115604597647E-6
5.541829463592185 1.2516991811697072E-6
5.542459477811908 1.358899818267692E-6
5.550965398567008 1.2174295005736754E-6
5.5668810691645465 1.0066554855909537E-6
5.568094339048505 7.157251452822982E-7
5.568094339048505 7.274432386953708E-7
5.568094339048505 6.726950301197567E-7
5.568094339048505 7.338581862035192E-7
5.568094339048505 5.220790827123168E-7
5.568094339048505 5.208938639573647E-7
5.568094339048505 4.6899328820994276E-7
5.568094339048505 5.593963656873157E-7
5.568094339048505 5.561347572052062E-7
5.568094339048505 4.820928363951302E-7
5.568094339048505 4.4876526168200486E-7
5.57758634823632 4.5166534824386114E-7
5.57758634823632 3.503328047278964E-7
5.579446849276578 3.1074954025494365E-7
5.579446849276578 1.8435962791965847E-7
5.581525951239227 1.1667420357387446E-7
5.581525951239227 4.96058504112691E-8
5.581525951239227 4.620986440255535E-8
5.581525951239227 4.200231026397122E-8
5.583989948532713 6.08999688666867E-8
5.583989948532713 5.7947503780805043E-8
5.589486801857966 6.234604440981599E-8
5.589486801857966 7.37999088657664E-8
5.589486801857966 8.860286149042661E-8
5.589486801857966 6.882177051958895E-8
5.589486801857966 4.709681171788327E-8
5.589486801857966 2.9119842624248804E-8
5.589486801857966 3.6554297623317374E-8
5.589486801857966 3.320770473018697E-8
5.589486801857966 9.211973781016213E-9
5.589486801857966 2.2221478045261706E-8
5.589486801857966 3.2170226336097176E-8
5.593064882336485 3.994734109306095E-8
5.593064882336485 2.957616623312126E-8
5.593064882336485 2.4110828189358922E-8
5.593064882336485 2.13674459943066E-8
5.593064882336485 2.2075615777697456E-8
5.593064882336485 1.3352783477457357E-8
5.593064882336485 0.0
5.593256044867092 1.3125027572603446E-9
5.593256044867092 0.0
5.593256044867092 0.0
5.59368448035557 1.0967657545502635E-9
5.593804393709107 2.8461294395300034E-9
5.593804393709107 6.605700445226212E-9
5.594116186895295 7.962105505240589E-9
5.594146672846382 7.410938209131704E-9
5.594146672846382 5.310082769155165E-9
5.594352934435372 9.549110926937042E-10
5.595282091616513 1.285687176467057E-8
5.595282091616513 1.044350482616349E-8
5.595282091616513 1.284486614296354E-8
5.595457088153117 1.2479821492365169E-8
5.595457088153117 1.1685517562481289E-8
5.5956253603422725 2.0275210270545886E-8
5.596499144524193 2.1457411715384393E-8
5.596499144524193 2.4179350144448062E-8
5.596612261252477 2.1525736348467087E-8
5.59730761170397 2.459460449278716E-8
5.5976942066209645 2.6202533801308173E-8
5.5976942066209645 3.257734590867216E-8
5.598729889647565 3.299942088193531E-8
5.598729889647565 3.209741447647968E-8
5.598729889647565 4.497383931855217E-8
5.598729889647565 4.921104324644726E-8
5.598753341463758 6.744052582500026E-8
5.598934745338415 8.516004155521953E-8
5.599011733415451 9.536542126146795E-8
5.59925659632462 1.0758211424992396E-7
5.599485863707104 1.0670433786656015E-7
5.599485863707104 1.029356854859597E-7
5.59955293836218 9.167513438844026E-8
5.599653726947301 7.617492606182671E-8
5.599653726947301 5.650133457681029E-8
5.5997466166665 4.596162737319345E-8
5.6001560072901775 3.606935511833428E-8
5.6001560072901775 3.440535510395801E-8
5.600172277447086 3.4845713731592174E-8
5.600172277447086 3.088426114042141E-8
5.600236058770154 3.2392721349798784E-8
5.600298088085332 2.8397115443824876E-8
5.600298088085332 2.7610923706351343E-8
5.600691704840813 2.4955235059296958E-8
5.600691704840813 2.5175640945013746E-8
5.600691704840813 2.3059778576046016E-8
5.600691704840813 2.1145799410207242E-8
5.600691704840813 2.0271511182272832E-8
5.600707291092014 1.635191058984168E-8
5.600707291092014 1.3876628281377845E-8
5.600707291092014 1.061079706938004E-8
5.600707291092014 1.0819659312173203E-8
5.600792871406252 1.0736829268318321E-8
5.600792871406252 8.349701899884717E-9
5.600792871406252 8.330842304306254E-9
5.600792871406252 8.433935300590533E-9
5.600792871406252 6.497634217148011E-9
5.600792871406252 5.246804454932446E-9
5.600792871406252 3.3384890128917242E-9
5.600792871406252 1.0417958903006871E-9
5.600850180320065 4.471462736824745E-10
5.600850180320065 4.372770406273848E-10
5.600850180320065 3.6330913349872533E-10
5.600850180320065 6.524238025380491E-10
5.600997128600183 1.6637096872112893E-9
5.600997128600183 2.1982505575948817E-9
5.601075482525076 2.732388680134062E-9
5.601075482525076 2.8557991361099647E-9
5.601104592987999 2.2424400093629227E-9
5.6011082410747415 1.816841908636421E-9
5.6011082410747415 2.7446985928706376E-9
5.6011082410747415 2.7806216643332094E-9
5.6011082410747415 3.625201178741501E-9
5.6011082410747415 4.8713465192534335E-9
5.601113933022135 4.954347359123049E-9
5.601113933022135 4.630445095769633E-9
5.601181628274793 4.118395564321579E-9
5.60118483089739 3.0639232700789943E-9
5.601210865849825 2.8963467118169186E-9
5.601210865849825 1.9298650635602114E-9
5.601210865849825 1.5069770619424869E-9
5.601210865849825 1.0468080116030008E-9
5.601210865849825 8.068599695940537E-10
5.601210865849825 8.004948365561291E-10
5.601217118208922 1.1149827247459191E-9
5.601262508297623 1.6547348476164046E-9
5.60130010988336 1.5773829361228252E-9
5.60130010988336 1.960827219220936E-9
5.60130010988336 1.9100764936017743E-9
5.60130010988336 1.5470214521720168E-9
5.601316526873821 1.2464616545622683E-9
5.601316526873821 1.0793397491179552E-9
5.601316526873821 1.2671854210681585E-9
5.601316526873821 1.0942401103978753E-9
5.601316526873821 1.0136326581651815E-9
5.601316526873821 9.725913185437998E-10
5.601324192439404 1.1939285660353315E-9
5.601324192439404 1.278731267905781E-9
5.60132938301262 9.347647674539095E-10
5.601344818266172 8.924488573274471E-10
5.601344818266172 5.79234978464753E-10
5.601344818266172 5.396803381740015E-10
5.601344818266172 4.173892748709909E-10
5.601344818266172 6.600538504949002E-10
5.601344818266172 2.8599621859748033E-10
5.601344818266172 1.971222015060931E-10
5.601344818266172 1.9481861231317648E-10
5.601344818266172 1.9327779169670332E-10
5.601348048616089 2.056602146606011E-10
5.601348048616089 1.8686019092916785E-10
5.601348048616089 1.7437620891449708E-10
5.601350685221504 1.315947673676249E-10
5.601350685221504 6.546424021161091E-11
5.601350685221504 4.323243904795586E-11
5.601351593698254 1.1128887513264259E-10
5.601351593698254 2.1148828513767318E-11
5.601351593698254 7.370479075289551E-12
5.601351593698254 2.1014361499450423E-12
5.601351593698254 6.924298052343345E-12
5.601353309269465 1.7001200769687473E-11
5.601353309269465 1.7386950042158298E-11
5.6013557897938515 1.5206802900656046E-11
5.6013557897938515 3.9546535059642545E-11
5.6013557897938515 2.7728660216352023E-11
5.6013557897938515 3.364247295046694E-11
5.6013557897938515 2.3884655186625754E-11
5.6013557897938515 1.5543577311569797E-11
5.6013557897938515 1.2806783457003213E-11
5.6013557897938515 4.63407593479364E-12
5.6013557897938515 1.04230845817534E-11
5.6013557897938515 1.0673788085356496E-11
5.601356633973821 1.5109126536637694E-11
5.601357724477251 1.2768060998704036E-11
5.601357724477251 2.171706043675791E-11
5.601357724477251 2.2664103661260343E-11
5.601357724477251 1.6284677358666634E-11
5.60135777207591 1.0008590800928945E-11
5.60135777207591 4.1454082101285854E-12
5.601358803022274 4.67598520052275E-12
5.601358803022274 4.7558079241863985E-12
5.601359345392497 7.904298856156678E-12
5.601359494836605 5.207618845588816E-12
5.601359494836605 9.007537565109753E-12
5.601360126610877 1.4422463581963507E-11
5.601360126610877 1.5115408612916497E-11
5.601360126610877 1.857440247785036E-11
5.601360365736192 2.118096960150237E-11
5.601361164322038 1.93059140570942E-11
5.6013614076969676 1.5773166552190382E-11
5.6013614076969676 2.0988459477092176E-11
5.6013614076969676 2.085041972552887E-11
5.6013614076969676 1.2811438976021175E-11
5.6013614076969676 7.1651542139328E-12
5.6013614076969676 7.588239183333354E-12
5.6013614076969676 9.232407691540315E-12
5.6013614076969676 9.868074553026155E-12
5.601361497597852 9.46285371217618E-12
5.601361497597852 4.9787174007647435E-12
5.601361497597852 7.056048828178947E-12
5.6013617694329465 4.357143529512096E-12
5.6013617694329465 5.355200951834863E-12
5.601361797824805 4.943791383753357E-12
5.601361797824805 7.18687916013512E-12
5.60136229704055 2.43518825535496E-12
5.60136229704055 6.621556785977432E-13
5.60136229704055 4.5440101209844404E-13
5.60136229704055 7.501159318026352E-14
5.60136229704055 2.5701404026249062E-12
5.60136229704055 9.902792947954376E-13
5.601362814415937 2.4728210295128467E-12
5.601363648454242 3.3117904131692144E-12
5.601363648454242 1.892847562361864E-12
5.601363648454242 1.3547628990721754E-12
5.601363648454242 1.4579285052835358E-12
5.601363648454242 1.271222757031767E-12
5.601363648454242 1.1603715376296748E-12
5.601363648454242 1.2210194545132617E-12
5.601363648454242 1.0062081662949364E-12
5.601363648454242 1.5752579822214642E-12
5.601363648454242 8.053477295554736E-12
5.60136374958689 4.4191383589443453E-13
5.60136374958689 1.1640783316356177E-12
5.60136374958689 1.471874899302823E-12
5.601363771668307 1.370781504820786E-12
5.601363771668307 1.6512182521715195E-12
5.601363771668307 8.520926630062464E-13
5.601363771668307 8.578539785580599E-13
5.601364116820122 9.381014147186069E-13
5.601364196958475 3.6446632500283314E-13
5.60136422886099 3.9364473312264773E-13
5.601364308839991 1.1461560202890392E-12
5.60136452912232 1.3455673029590788E-12
5.60136452912232 2.951918099140907E-12
5.60136468674973 3.2575109406963843E-12
5.601365112290385 3.779153566764241E-12
5.601365112290385 6.2469310331653875E-12
5.601365112290385 7.559406328473456E-12
5.601365112290385 7.628487057216787E-12
5.601365112290385 8.573202143730759E-12
5.601365112290385 7.519171400286723E-12
5.601365112290385 7.622377303533768E-12
5.601365112290385 5.892358272244511E-12
5.601365112290385 5.3028589768049425E-12
5.601365112290385 5.227800742600567E-12
5.601365112290385 4.041986485566482E-12
5.601365112290385 3.340077671407234E-12
5.601365112290385 3.17007346144316E-12
5.601365112290385 2.823678175273933E-12
5.601365112290385 1.734486589619792E-12
5.601365228382336 7.87485484243909E-13
5.601365228382336 3.166913533495859E-13
5.601365228382336 1.3930568005856169E-13
5.601365228382336 2.519864682196397E-13
5.601365228382336 1.0842040872562312E-13
5.601365228382336 3.113345337344223E-14
5.6013652316438804 9.44668834202519E-14
5.6013652316438804 3.9683437916929546E-14
5.6013652316438804 3.826886136108331E-14
5.6013652316438804 7.762128465113096E-14
5.6013652316438804 1.2032929212361332E-13
5.6013652316438804 8.206043076253001E-14
5.6013652316438804 8.206043076253001E-14
5.6013652316438804 4.270800747248235E-14
5.601365346753933 4.9548563792488095E-14
5.601365346753933 7.795229927801285E-14
5.601365346753933 1.216616258126682E-13
5.601365346753933 9.199331495616846E-14
5.601365346753933 3.0274904972549124E-14
5.601365346753933 2.3862404334490568E-14
5.601365346753933 0.0
5.601365346753933 3.400628304704953E-14
5.601365346753933 3.400628304704953E-14
5.601365346753933 8.158399734614321E-14
5.601365346753933 6.009061708504676E-14
5.601365346753933 8.889876674510452E-14
5.6013653566686425 9.98716449511379E-14
5.601365376910412 9.735427384855133E-14
5.601365376910412 5.837278027750146E-14
5.601365376910412 1.1894248196707443E-13
5.6013653962872105 1.3572354566691948E-13
5.6013653962872105 1.2700406363313672E-14
5.6013653962872105 1.58895942344074E-14
5.6013653962872105 1.8823817629508105E-14
5.6013653962872105 3.60328898579151E-14
5.601365408144811 1.362271146933408E-13
5.601365408144811 1.4586677886904951E-13
5.601365408144811 1.259395676913463E-13
5.601365408144811 1.548254508346604E-13
5.601365408144811 1.107228209739147E-13
5.601365408144811 1.0285219143677011E-13
5.601365408144811 2.5496146028018495E-14
5.601365428288242 6.048145390448419E-14
5.601365428288242 6.939115397916428E-14
5.601365428288242 6.002125738674073E-14
5.601365428288242 4.9945147605492864E-14
5.601365428288242 3.2488173331608804E-14
5.601365428288242 2.6647332372421798E-14
5.601365435363811 3.343374318696304E-14
5.601365435363811 6.651580955430313E-14
5.601365435363811 8.8673282164255E-14
5.601365435363811 3.522057084079669E-14
5.601365435363811 3.1228591170629204E-14
5.601365435363811 2.2501467961750595E-14
5.601365435363811 5.863567561392693E-14
5.601365435363811 6.94901241496324E-14
5.601365437068373 5.083732046504558E-14
5.601365437068373 4.2686027415127425E-14
5.601365437931282 5.13661006601047E-14
5.601365437931282 3.4234316343835037E-14
5.601365439720204 2.740195137899868E-14
5.60136544548153 3.664750868486093E-14
5.601365445834238 4.580595953823208E-14
5.6013654485807995 4.5124935334732037E-14
5.601365452290211 3.8464474109648457E-14
5.601365452313443 3.9109976289510534E-14
5.601365452313443 2.996616143265367E-14
5.601365463320596 4.382385134889385E-14
5.601365463320596 5.70193203443962E-14
5.601365463320596 1.0084971447719632E-13
5.601365463320596 1.2961975495940043E-13
5.601365463320596 1.411972914973588E-13
5.601365463320596 1.9489318970659485E-13
5.601365463320596 2.1118190379444307E-13
5.601365464853288 1.5128512002622949E-13
5.601365467232473 1.7656478477832615E-13
5.601365467232473 1.7133317281522728E-13
5.601365467476129 1.8505422872873577E-13
5.601365468224485 1.8436155194748174E-13
5.601365468224485 1.9043732854497697E-13
5.601365468224485 1.581024475800503E-13
5.601365468224485 8.681348460343761E-14
5.601365470211576 5.4322376613688084E-14
5.601365470211576 3.565154858029153E-14
5.601365470573794 4.3795295276569706E-14
5.601365470667178 4.5886216951165875E-14
5.601365470667178 4.295386156417743E-14
5.601365470667178 4.5387669646077807E-14
5.601365471270274 4.317834338516598E-14
Score: 5.601365471270274
Runtime: 34116ms
