5.0308221783217944E-5 2.7301148423368513
0.023321093718646907 1.7007492559168167
0.023321093718646907 1.1141572372067257
0.023321093718646907 0.75861935339927
0.023321093718646907 0.4988856285550987
0.023321093718646907 0.33247782948254306
0.023321093718646907 0.2103403225613024
0.032074678791850005 0.13891113114626746
0.032074678791850005 0.10342637933265404
0.032074678791850005 0.07106584899010752
0.47746254731374677 0.04580667593692411
0.47746254731374677 0.034573238401590246
0.47746254731374677 0.046077726026335246
0.47746254731374677 0.02972444577363418
0.47746254731374677 0.019809859096834
0.47746254731374677 0.008542044229617986
0.47746254731374677 0.01860014414751683
0.47746254731374677 1.3152443182026295E-4
0.4785878395097821 1.5291787182544756E-4
0.6741847297078295 1.9185667263413962E-4
0.6741847297078295 2.3398096842070293E-4
1.1694386610173328 0.0035598609428975085
1.1694386610173328 0.005511366692081363
1.1729971386513052 2.56092030798692E-4
1.1729971386513052 1.7843086804274173E-4
1.1729971386513052 6.952227151851159E-5
1.1729971386513052 0.005302966872742833
1.1729971386513052 3.615545923333595E-5
1.4000735454738598 4.9961317868464404E-5
1.4000735454738598 8.461806266301256E-5
1.6685313235964219 1.0555183442885123E-4
1.6723034975112245 1.1378738120733167E-4
1.6723034975112245 1.2046443689559081E-4
1.6723034975112245 9.665436840692302E-5
1.7325252583997586 9.955317803458248E-5
1.7355881738717813 5.8368992946798346E-5
2.473770304172516 4.512122258291769E-5
2.4919594949575252 0.0055849765783044835
2.4919594949575252 2.6378955929024784E-5
2.6272212006618316 5.2477703572116724E-5
2.6399777961453594 5.1501877820403633E-5
2.8421903679496974 9.033268387472551E-5
3.131094970403745 7.391378450718401E-5
3.131094970403745 6.115518281163976E-5
3.141098244744623 8.617263103159921E-5
3.4053226271750408 7.706361378317846E-5
3.4053226271750408 8.79575738781077E-5
3.9827014461323698 1.2113253301778546E-4
3.9827014461323698 9.58759709767948E-5
3.9827014461323698 9.970383594039612E-5
4.430253396114365 8.955721483126759E-5
4.537548001621291 7.472533964892766E-5
4.991513568074227 8.22639311399512E-5
4.991513568074227 8.101997998528147E-5
5.32599083746205 7.792198779438392E-5
5.32599083746205 7.389759780059661E-5
5.32599083746205 6.697350376194089E-5
5.4308760146817905 7.634433132183076E-5
5.438089801261516 7.464935657325193E-5
5.708560924819372 9.193517894996686E-5
5.743420211731735 7.790329657191727E-5
5.820938434557553 6.83601693734876E-5
5.820938434557553 6.196848545627707E-5
5.820938434557553 5.9217194188350816E-5
6.318075007488946 4.698216542426748E-5
6.318075007488946 4.314997757546732E-5
6.318075007488946 4.051903945735201E-5
6.318075007488946 3.885454104472467E-5
6.4811506634766065 3.277865297337891E-5
6.4811506634766065 2.98319667688274E-5
6.4811506634766065 2.620676761165204E-5
6.665160316626228 3.1728439250967615E-5
6.680318670290299 2.2409379195126943E-5
6.680318670290299 2.1489697044900658E-5
6.680318670290299 2.070508349357168E-5
7.039744394625705 2.648011992842097E-5
7.039744394625705 2.25883014104954E-5
7.039744394625705 1.9027635439438802E-5
7.039744394625705 1.1419106191436634E-5
7.039744394625705 7.652389883029525E-6
7.039744394625705 2.6240394869432907E-6
7.039744394625705 3.970373882675836E-6
7.039744394625705 5.429184182307677E-6
7.039744394625705 3.63880974436277E-6
7.082480883047593 3.946454756745072E-6
7.082480883047593 4.039571801442295E-6
7.082480883047593 4.233421586194007E-6
7.082480883047593 5.465644017305431E-6
7.082480883047593 4.399211541346944E-6
7.082480883047593 3.556429322785134E-6
7.082480883047593 2.2666158718352453E-6
7.082480883047593 2.4752432413836535E-6
7.082480883047593 6.010523887513172E-7
7.082480883047593 0.0
7.082480883047593 0.0
7.082480883047593 3.5636448220405246E-7
7.082480883047593 3.5636448220405246E-7
7.082480883047593 3.5636448220405246E-7
7.135164579526458 4.800905927002862E-7
7.135164579526458 4.800905927002862E-7
7.195762913429231 6.804831205718814E-7
7.195762913429231 3.6688491738688903E-7
7.195762913429231 0.0
7.195762913429231 0.0
7.195762913429231 0.0
7.195762913429231 2.812432524712353E-7
7.195762913429231 0.0
7.195762913429231 0.0
7.195762913429231 0.0
7.195762913429231 0.0
7.195762913429231 4.5264418585122544E-7
7.195762913429231 4.5264418585122544E-7
7.195762913429231 2.7462285814344143E-7
7.249397210610154 3.874590015965157E-7
7.249397210610154 2.7462285814344143E-7
7.249397210610154 0.0
7.249397210610154 0.0
7.249397210610154 5.2772462459862E-7
7.268119189138558 8.199483336191302E-8
7.268119189138558 0.0
7.268119189138558 0.0
7.268119189138558 0.0
7.268119189138558 2.5539763955210125E-7
7.268119189138558 6.765682254567235E-8
7.268119189138558 0.0
7.268119189138558 0.0
7.268119189138558 6.765682254567235E-8
7.276846450350644 1.9306755725596213E-7
7.276846450350644 2.3638142896163557E-7
7.276846450350644 0.0
7.276846450350644 8.199483336191302E-8
7.297093392699936 1.3532439054560382E-7
7.297093392699936 0.0
7.297093392699936 3.492147564163914E-8
7.297093392699936 0.0
7.297093392699936 7.6129639206798E-8
7.297093392699936 0.0
7.297093392699936 0.0
7.297093392699936 1.1271384500880931E-7
7.297093392699936 0.0
7.297093392699936 1.3262960053372813E-7
7.297093392699936 1.4315021799808132E-7
7.297093392699936 1.1175689337285641E-7
7.297093392699936 1.267487567906803E-7
7.297093392699936 2.213196159355085E-7
7.297093392699936 2.7653759783662813E-7
7.297093392699936 2.3100203986584108E-7
7.297093392699936 0.0
7.297093392699936 0.0
7.297093392699936 0.0
7.307166965610842 3.8861171805415034E-8
7.307166965610842 0.0
7.307166965610842 0.0
7.307166965610842 0.0
7.314877552999615 3.2829144159018215E-8
7.314877552999615 0.0
7.314877552999615 0.0
7.314877552999615 0.0
7.314877552999615 0.0
7.314877552999615 0.0
7.314877552999615 0.0
7.314877552999615 4.030749995464719E-8
7.314877552999615 4.3470512425036775E-8
7.330298465568835 1.3103297863732522E-7
7.330298465568835 3.148778146838486E-8
7.330298465568835 0.0
7.330393436094456 5.557100606708225E-8
7.332330385348596 1.7259057920845814E-7
7.332330385348596 9.03757479295592E-8
7.3460205618159415 8.962558714985162E-8
7.352456590728932 1.378240838224669E-7
7.352456590728932 1.270366359498068E-7
7.352456590728932 2.0855704552153326E-7
7.352456590728932 1.762166814525306E-7
7.352456590728932 1.2059441863539582E-7
7.352456590728932 9.090780792790533E-8
7.352456590728932 7.219454157501648E-8
7.363330160448901 9.938034998937598E-8
7.363330160448901 9.384834665388068E-8
7.363330160448901 6.46977016028338E-8
7.363330160448901 5.920864822003475E-8
7.363330160448901 6.674029798693764E-8
7.363330160448901 1.1422292038873949E-7
7.363330160448901 7.085905462908071E-8
7.363330160448901 3.615855347552059E-8
7.382052752703478 6.036522885716026E-8
7.382052752703478 5.084756456962089E-8
7.382052752703478 8.09678165102091E-8
7.382052752703478 0.0
7.382052752703478 0.0
7.382052752703478 2.312134514635387E-8
7.382052752703478 8.345792427667818E-8
7.382052752703478 7.3002807839249E-8
7.382052752703478 1.775617687847599E-8
7.382052752703478 2.6031046132992343E-8
7.382052752703478 5.354086144750188E-8
7.382052752703478 0.0
7.382052752703478 0.0
7.382052752703478 0.0
7.382052752703478 1.775617687847599E-8
7.382052752703478 4.746247285917444E-8
7.382052752703478 2.9620771545343437E-8
7.382052752703478 4.840030321996263E-8
7.382052752703478 0.0
7.382052752703478 0.0
7.393839823305145 3.1168169517832324E-8
7.393839823305145 0.0
7.393839823305145 0.0
7.393839823305145 0.0
7.393839823305145 0.0
7.397951662268301 2.7686892417848417E-8
7.397951662268301 0.0
7.397951662268301 1.3085172455961556E-8
7.397951662268301 0.0
7.397951662268301 3.749979198598952E-8
7.397951662268301 3.575910298514532E-8
7.397951662268301 2.372688418394664E-8
7.397951662268301 2.372688418394664E-8
7.397951662268301 2.372688418394664E-8
7.403667775313457 4.6814038962627696E-8
7.403667775313457 2.5805126603241558E-8
7.403667775313457 1.3085172455961556E-8
7.403667775313457 1.923453478951346E-8
7.403667775313457 0.0
7.403667775313457 0.0
7.403667775313457 9.660513167261382E-9
7.403667775313457 9.660513167261382E-9
7.410394747374606 1.991941267671682E-8
7.410394747374606 0.0
7.410394747374606 1.1582334539922956E-8
7.410394747374606 9.173596205942563E-9
7.410394747374606 9.173596205942563E-9
7.410394747374606 0.0
7.410394747374606 1.1582334539922956E-8
7.410394747374606 3.4336890119731505E-8
7.410394747374606 8.784314097614086E-9
7.410394747374606 0.0
7.410394747374606 8.037235403770106E-9
7.410394747374606 8.037235403770106E-9
7.410394747374606 8.037235403770106E-9
7.410394747374606 8.037235403770106E-9
7.423427761228769 2.2632006703010187E-8
7.423427761228769 6.012810975649031E-9
7.423427761228769 2.3300081024032763E-8
7.423427761228769 2.5162353414251486E-8
7.423427761228769 0.0
7.423427761228769 0.0
7.423427761228769 9.073600276897827E-9
7.423427761228769 9.073600276897827E-9
7.423427761228769 0.0
7.423427761228769 6.560891376850417E-9
7.423427761228769 6.560891376850417E-9
7.423427761228769 6.560891376850417E-9
7.423427761228769 6.560891376850417E-9
7.423427761228769 1.5634491653748245E-8
7.423427761228769 0.0
7.423427761228769 2.3982145811292868E-8
7.423427761228769 0.0
7.423427761228769 1.428787486052286E-8
7.423427761228769 0.0
7.423427761228769 0.0
7.423427761228769 0.0
7.423427761228769 0.0
7.423427761228769 0.0
7.423427761228769 0.0
7.423427761228769 0.0
7.423427761228769 0.0
7.423427761228769 0.0
7.423427761228769 0.0
7.423427761228769 0.0
7.423427761228769 0.0
7.423427761228769 0.0
7.423427761228769 0.0
7.423427761228769 0.0
7.423427761228769 0.0
7.423427761228769 0.0
7.423427761228769 0.0
7.423427761228769 0.0
7.423427761228769 0.0
7.423427761228769 0.0
7.423427761228769 0.0
7.423427761228769 0.0
7.423427761228769 0.0
7.423427761228769 0.0
7.423427761228769 0.0
7.423427761228769 0.0
7.42431817049236 6.114835076850669E-9
7.42431817049236 0.0
7.42431817049236 0.0
7.42431817049236 0.0
7.42431817049236 0.0
7.425655672270301 1.233121469470443E-8
7.425655672270301 0.0
7.425991386740135 3.3521814516318767E-9
7.425991386740135 0.0
7.425991386740135 0.0
7.425991386740135 4.078269684714861E-9
7.425991386740135 8.049361128520037E-9
7.431726705118259 4.607898346420668E-9
7.431726705118259 7.014338069695704E-9
7.431726705118259 0.0
7.431726705118259 5.2962605058615245E-9
7.431726705118259 3.0679347571707593E-9
7.431726705118259 8.748862871290924E-9
7.431726705118259 1.7917433773570488E-8
7.431726705118259 1.0590636598785008E-8
7.431726705118259 7.990194208654908E-9
7.431726705118259 2.3295656254143476E-8
7.431726705118259 1.1198759529200891E-8
7.431726705118259 1.4089271813559615E-8
7.431726705118259 2.019531788874212E-8
7.431726705118259 2.630759949837884E-8
7.431726705118259 3.042174838459503E-8
7.431726705118259 2.0108750951351988E-8
7.431726705118259 2.4771251801206097E-8
7.431726705118259 2.0067789465284297E-9
7.431726705118259 0.0
7.431726705118259 0.0
7.431726705118259 0.0
7.431726705118259 0.0
7.431726705118259 0.0
7.431726705118259 0.0
7.431726705118259 0.0
7.431726705118259 0.0
7.431726705118259 0.0
7.431726705118259 0.0
7.431726705118259 0.0
7.431726705118259 0.0
7.431726705118259 0.0
7.431726705118259 0.0
7.431726705118259 0.0
7.431726705118259 0.0
7.431726705118259 0.0
7.431726705118259 0.0
7.431726705118259 0.0
7.431726705118259 0.0
7.431726705118259 0.0
7.431726705118259 0.0
7.431726705118259 0.0
7.431726705118259 0.0
7.431726705118259 0.0
7.431726705118259 0.0
7.431726705118259 0.0
7.431726705118259 0.0
7.431726705118259 0.0
7.431726705118259 0.0
7.431726705118259 0.0
7.432187396574158 5.278259240262134E-9
7.432187396574158 0.0
7.432187396574158 0.0
7.432187396574158 0.0
7.432187396574158 0.0
7.432187396574158 0.0
7.432187396574158 0.0
7.432187396574158 0.0
7.432187396574158 0.0
7.432187396574158 1.7251165751666015E-9
7.432187396574158 1.7251165751666015E-9
7.432187396574158 0.0
7.432187396574158 0.0
7.432187396574158 0.0
7.432187396574158 0.0
7.432187396574158 0.0
7.432187396574158 0.0
7.432187396574158 0.0
7.433759668331337 1.7946511262584851E-9
7.433759668331337 0.0
7.433759668331337 0.0
7.433759668331337 0.0
7.433759668331337 0.0
7.433759668331337 0.0
7.433759668331337 0.0
7.433759668331337 0.0
7.433759668331337 0.0
7.433759668331337 4.2625273625957395E-9
7.433759668331337 4.2625273625957395E-9
7.433759668331337 0.0
7.433759668331337 0.0
7.433759668331337 0.0
7.433759668331337 0.0
7.433759668331337 0.0
7.433759668331337 0.0
7.433759668331337 1.7946511262584851E-9
7.433759668331337 0.0
7.433759668331337 0.0
7.433759668331337 0.0
7.433759668331337 0.0
7.433759668331337 0.0
7.433759668331337 0.0
7.433759668331337 0.0
7.433759668331337 0.0
7.433759668331337 0.0
7.433759668331337 0.0
7.433759668331337 0.0
7.433759668331337 0.0
7.433759668331337 0.0
7.433759668331337 0.0
7.433759668331337 0.0
7.433759668331337 0.0
7.433759668331337 0.0
7.433759668331337 0.0
7.433759668331337 0.0
7.433759668331337 0.0
7.433759668331337 0.0
7.433759668331337 0.0
7.433759668331337 0.0
7.433759668331337 0.0
7.433759668331337 0.0
7.433759668331337 0.0
7.433759668331337 0.0
7.433759668331337 0.0
7.433759668331337 0.0
7.433759668331337 0.0
7.433759668331337 0.0
7.433759668331337 0.0
7.433759668331337 0.0
7.433759668331337 0.0
7.433759668331337 0.0
7.433759668331337 0.0
7.433759668331337 0.0
7.433759668331337 0.0
7.433759668331337 0.0
7.433759668331337 0.0
7.433759668331337 0.0
7.433759668331337 0.0
7.433759668331337 0.0
7.433759668331337 0.0
7.433759668331337 0.0
7.433759668331337 0.0
7.433759668331337 0.0
7.433759668331337 0.0
7.433759668331337 0.0
7.433759668331337 0.0
7.433759668331337 0.0
7.433759668331337 0.0
7.433759668331337 0.0
7.433759668331337 0.0
7.433759668331337 0.0
7.433759668331337 0.0
7.433759668331337 0.0
7.433759668331337 0.0
7.433759668331337 0.0
7.433759668331337 0.0
7.433759668331337 0.0
7.433759668331337 0.0
7.433759668331337 0.0
7.433759668331337 0.0
7.433759668331337 0.0
7.433759668331337 0.0
7.433759668331337 0.0
7.433759668331337 0.0
7.433759668331337 0.0
7.433759668331337 0.0
7.433759668331337 0.0
7.433759668331337 0.0
7.433759668331337 0.0
7.433759668331337 0.0
7.433759668331337 0.0
7.433759668331337 0.0
7.433759668331337 0.0
7.433759668331337 0.0
7.433759668331337 0.0
7.433759668331337 0.0
7.433759668331337 0.0
7.433759668331337 0.0
7.433759668331337 0.0
7.433759668331337 0.0
7.433759668331337 0.0
7.433759668331337 0.0
7.433759668331337 0.0
7.433759668331337 0.0
7.433759668331337 0.0
7.433759668331337 0.0
7.433759668331337 0.0
7.433759668331337 0.0
7.433759668331337 0.0
7.433759668331337 0.0
7.433759668331337 0.0
7.433759668331337 0.0
7.433759668331337 0.0
7.433759668331337 0.0
7.433759668331337 0.0
7.433759668331337 0.0
7.433759668331337 0.0
7.433759668331337 0.0
7.433759668331337 0.0
7.433759668331337 0.0
7.433759668331337 0.0
7.433759668331337 0.0
7.433759668331337 0.0
7.433759668331337 0.0
7.433759668331337 0.0
7.433759668331337 0.0
7.433759668331337 0.0
7.433759668331337 0.0
7.433759668331337 0.0
7.433759668331337 0.0
7.433759668331337 0.0
Score: 7.433759668331337
Runtime: 34577ms
