5.0308221783217944E-5 2.683651104352919
0.010771654429162624 1.7007312376415396
0.010771654429162624 1.1010938647164072
0.010771654429162624 0.7173993551734424
0.010771654429162624 0.465708769106979
0.013385085973067014 0.3180907993110782
0.013385085973067014 0.24547030376183662
0.10611315931529323 0.15794055071281243
0.10611315931529323 0.10468609539955251
0.10611315931529323 0.06667417446744821
0.10611315931529323 0.061217362358377145
0.10611315931529323 0.04223179423756516
0.13724752799491327 0.01411149149774009
0.5658816576795705 0.014472679205540843
0.5658816576795705 0.02117834479160306
0.5658816576795705 0.023481225069584284
0.5658816576795705 0.00945408750876497
1.1603640334521979 3.131100900661634E-4
1.1603640334521979 0.014382838990503218
1.1603640334521979 3.0864325160377855E-4
2.0148124712456887 2.635779409374738E-4
2.0148124712456887 0.008444706113643822
2.0148124712456887 0.00485837276869782
2.0154551321677463 1.8777409013043885E-4
2.0154551321677463 2.1208272254288855E-4
2.6773344171909574 2.5328220063180367E-4
2.6773344171909574 3.3895667461466324E-4
2.6773344171909574 3.530751404149998E-4
2.6773344171909574 3.166120013915908E-4
2.6773344171909574 2.644433668993729E-4
2.6773344171909574 1.6844839918788644E-4
2.9386437428711583 1.0657332780714525E-4
2.9386437428711583 5.5366859552691744E-5
2.941180661535887 6.479209586043089E-5
3.078504944531889 3.225423016002449E-5
3.078504944531889 7.991723550664445E-6
3.078504944531889 1.0997775778970528E-5
3.2240225724954232 1.0477812533174507E-5
3.4540426915303453 1.5237841623920636E-5
3.4540426915303453 2.9856540435194575E-5
3.4540426915303453 1.4744362366994992E-5
3.4540426915303453 1.9150252181001838E-5
3.630367507054391 1.3268121819951235E-5
3.630367507054391 8.890633151013379E-6
3.630367507054391 1.0466267891270766E-5
3.630367507054391 1.0007372991620689E-5
3.630367507054391 8.500907564505708E-6
3.630367507054391 9.965749632473667E-6
3.9848604103557617 1.8225454674547333E-5
4.037661809183804 1.340612694569388E-5
4.037661809183804 3.089207427427465E-5
4.037661809183804 2.150916557405351E-5
4.068041151005122 2.810424437345082E-5
4.181241352055076 1.9222870219539288E-5
4.409579211742772 1.6950826721492847E-5
4.409579211742772 1.812132048107175E-5
4.409579211742772 1.2975009813035637E-5
4.409579211742772 3.1888232791203174E-5
4.673222461719944 3.496237246712146E-5
4.673222461719944 3.5638456659473426E-5
4.673222461719944 3.25183831569043E-5
4.749960675884163 3.383149045823711E-5
4.965187974695561 2.8887036253640453E-5
4.965187974695561 3.102323393839948E-5
4.965187974695561 2.9163399131476942E-5
4.965187974695561 3.2479950822971476E-5
4.965187974695561 3.600968327774242E-5
4.965187974695561 3.5824576713960693E-5
4.986329600425667 3.623423583078774E-5
5.066919363900376 3.4084728562328415E-5
5.066919363900376 3.468191762692551E-5
5.066919363900376 2.076405428459036E-5
5.120408994173299 1.8534773650088965E-5
5.227390639331805 1.97093029805859E-5
5.227390639331805 1.5443322254200644E-5
5.328713658077131 1.3397022760592406E-5
5.328713658077131 1.4434297577812073E-5
5.331884340314119 1.7449052254517755E-5
5.398872556509156 1.843567581245855E-5
5.398872556509156 1.6996209236560283E-5
5.398872556509156 1.4483486137929969E-5
5.406346158283338 1.570433990485154E-5
5.406346158283338 1.680396834782932E-5
5.434506982102313 1.532764510087233E-5
5.434506982102313 1.3499670396139068E-5
5.434506982102313 1.17416063749135E-5
5.4934605476050615 1.09293539961723E-5
5.4934605476050615 9.239315771858356E-6
5.4934605476050615 7.1800301218822875E-6
5.510350483254184 5.76805744757115E-6
5.555867201390868 3.758051334778374E-6
5.584923633627051 3.2617050121564872E-6
5.591862515972 3.885927358650901E-6
5.650417053048894 2.5886104131190793E-6
5.650417053048894 2.671382809005058E-6
5.650417053048894 2.743672768739122E-6
5.650417053048894 2.5141385163068366E-6
5.650417053048894 3.7269295158639205E-6
5.650417053048894 3.4047594364743853E-6
5.660524901877003 3.6738785521886798E-6
5.660524901877003 3.8773215233323905E-6
5.690279289093018 2.968496504888297E-6
5.699053282091909 3.3240835587292593E-6
5.699053282091909 3.0257354029344463E-6
5.699053282091909 2.3475555608339136E-6
5.706125989603931 1.9455569287781832E-6
5.7363354032870735 1.5605622967991446E-6
5.7363354032870735 1.5915953720200517E-6
5.773052502317958 9.622393989489995E-7
5.800293387975724 6.813551616313858E-7
5.800293387975724 8.498534332277029E-7
5.808967248583055 1.2020226552154104E-6
5.808967248583055 1.1979488724098028E-6
5.8287902855042075 2.0871651106373965E-6
5.8287902855042075 2.2303864491027033E-6
5.8287902855042075 2.625261514320598E-6
5.8287902855042075 2.245959347228975E-6
5.8287902855042075 2.0026798958918477E-6
5.8287902855042075 2.857919314033704E-6
5.8287902855042075 2.6461758293689147E-6
5.862766662532691 2.4254833516303574E-6
5.877168164155327 1.8596787345723284E-6
5.877168164155327 1.5648116015720893E-6
5.895021603584658 9.296634941103216E-7
5.895021603584658 8.745764578204426E-7
5.896030885152754 1.0707850041228731E-6
5.896030885152754 1.191842323624612E-6
5.899538891341179 9.107411850195742E-7
5.93790592153974 1.221579790020203E-6
5.93790592153974 1.1065293206975445E-6
5.9886588099361955 1.7039502030682795E-6
5.9886588099361955 2.180878985231759E-6
5.9886588099361955 2.3112973770928678E-6
5.9886588099361955 1.8896286670324973E-6
5.9886588099361955 2.187660279498299E-6
5.9975200978576595 2.017405685405415E-6
5.9975200978576595 1.3883451706443427E-6
6.006974842731547 1.7168561733982533E-6
6.006974842731547 1.9942616099018255E-6
6.010466073020034 1.77565990021423E-6
6.04227929454132 2.088880195361476E-6
6.04227929454132 1.5941845458565056E-6
6.04227929454132 1.854917058066539E-6
6.04227929454132 8.322197282977018E-7
6.04227929454132 8.120364500681625E-7
6.04227929454132 5.952918083028721E-7
6.04227929454132 5.475934591523814E-7
6.04227929454132 6.360728208733159E-7
6.04227929454132 7.806814124705889E-7
6.04227929454132 9.236193044108972E-7
6.04227929454132 6.451792415466086E-7
6.044767369727212 5.073714161713567E-7
6.059227873261868 4.04446333950231E-7
6.059227873261868 3.682062960117493E-7
6.059227873261868 4.468465050502988E-7
6.059227873261868 2.9185212695078166E-7
6.059227873261868 2.1914882489393782E-7
6.059227873261868 1.1523487076964995E-7
6.059227873261868 8.057664652337024E-8
6.059227873261868 1.817543866574323E-8
6.059227873261868 0.0
6.067753321741341 3.278659226337768E-8
6.067753321741341 1.7812565898679847E-8
6.067753321741341 7.346958383352594E-8
6.067753321741341 1.418662305995636E-7
6.067753321741341 1.3521925932757906E-7
6.071052327880397 1.3768421272766272E-7
6.071052327880397 8.773745500400722E-8
6.073634960453775 7.760579756672037E-8
6.073634960453775 1.0246064409204068E-7
6.073634960453775 4.538940771611797E-8
6.073634960453775 5.5813289916362377E-8
6.073634960453775 6.266853774839389E-8
6.073634960453775 4.8230008046938104E-8
6.073634960453775 4.953498402474799E-8
6.07913335397665 8.835153641729006E-8
6.080318195617329 5.295542543426431E-8
6.080318195617329 4.9091584953516794E-8
6.080318195617329 6.416996155496082E-8
6.084467395460109 7.12228998386592E-8
6.084467395460109 1.0594583591665209E-7
6.08990184260387 9.095856117328544E-8
6.0906981463557175 1.4462895695401068E-7
6.091061868813351 8.902198269006647E-8
6.091260262841582 8.504682485230523E-8
6.091260262841582 9.249224444259218E-8
6.091951086890386 8.641324906508602E-8
6.095655948571408 1.8134135082259214E-7
6.09709916051005 2.0748075381021076E-7
6.09709916051005 1.5972568631869176E-7
6.100895872093483 2.691935494701555E-7
6.100895872093483 2.296324516460372E-7
6.100895872093483 1.805802546311397E-7
6.100895872093483 1.5845298810286123E-7
6.108745632631485 1.7305412062955985E-7
6.108745632631485 1.4007121879680448E-7
6.108745632631485 1.688205270707045E-7
6.108745632631485 1.8490997286742893E-7
6.108745632631485 2.0397286942710673E-7
6.1112484255478385 1.940675326129488E-7
6.1112484255478385 2.0304103556190635E-7
6.113309813132699 1.8642899491842833E-7
6.116798757014784 1.9007176735253155E-7
6.116798757014784 1.7243551925919515E-7
6.1208686341774055 1.9811119492525782E-7
6.1208686341774055 1.717378921093323E-7
6.1208686341774055 1.851528219734961E-7
6.1208686341774055 1.794706394454356E-7
6.1208686341774055 1.6738412847037963E-7
6.1208686341774055 1.2343899815262582E-7
6.12135089004468 9.187374055101627E-8
6.12135089004468 1.0171040422184308E-7
6.123279443812761 9.306768418452152E-8
6.123279443812761 1.0923047043708118E-7
6.124685024274364 1.0602397983739443E-7
6.124685024274364 7.552141767459571E-8
6.124685024274364 9.496327918763419E-8
6.124685024274364 7.088727997534712E-8
6.126363635405255 5.7398054210681525E-8
6.126363635405255 4.924638385484641E-8
6.126363635405255 7.796954157892262E-8
6.126363635405255 6.093756046664689E-8
6.126923596788323 6.696963606133643E-8
6.127633601717277 6.834865983492069E-8
6.127633601717277 8.116103610853052E-8
6.1277200255087685 6.558450600402917E-8
6.127869455624295 7.071671530936028E-8
6.128246914853966 5.5358333556076616E-8
6.128427625004726 4.9591428370176574E-8
6.129212025691775 4.821690045919833E-8
6.129487752616722 4.292868432341945E-8
6.129487752616722 4.829598096441478E-8
6.129686705443048 5.563374823196137E-8
6.129686705443048 5.3093085667837167E-8
6.1301477395431005 5.939403989673626E-8
6.1301477395431005 6.229706623656146E-8
6.130161118491887 6.520348148356177E-8
6.130416127649162 5.2427392856539743E-8
6.130571157934118 6.146927417214008E-8
6.131257674113348 5.966149977871227E-8
6.131257674113348 6.193133359192922E-8
6.131257674113348 5.069008311693659E-8
6.131257674113348 4.475449369519733E-8
6.131257674113348 3.980220255006341E-8
6.131257674113348 4.113010928642776E-8
6.131257674113348 3.8803621760170754E-8
6.131397285395143 3.879210965466053E-8
6.131397285395143 3.315684516740808E-8
6.131397285395143 2.8850590987572528E-8
6.131397285395143 2.444010132056979E-8
6.131397285395143 1.8911552332532966E-8
6.131397285395143 1.4847563771252635E-8
6.13157809465111 1.3178926798894241E-8
6.13157809465111 9.751974137632364E-9
6.131726223452238 5.834146657321707E-9
6.131726223452238 3.1665481538479654E-9
6.131726223452238 2.1521569926346536E-9
6.131858629669164 2.3260856052784645E-9
6.131858629669164 2.8458868871709265E-9
6.131858629669164 3.927378936792553E-9
6.131858629669164 3.7425436478959165E-9
6.131858629669164 4.173355697630191E-9
6.1319750406203095 4.841533495434975E-9
6.1319750406203095 5.217532771134197E-9
6.132140569299062 4.997604563782668E-9
6.132140569299062 4.121045029348233E-9
6.132140569299062 3.866710482092893E-9
6.132140569299062 2.662838513246663E-9
6.132140569299062 1.647115546822499E-9
6.132140569299062 2.2378858448095384E-9
6.132140569299062 2.0975158652813337E-9
6.132140569299062 2.3167802525783145E-9
6.132200917856561 3.17249150404427E-9
6.132200917856561 2.9622231415081625E-9
6.132200917856561 3.142313258039743E-9
6.132223625336133 2.4243154539786676E-9
6.132223625336133 2.4720829559253773E-9
6.132283441169521 1.9198045671469133E-9
6.132283441169521 1.756397336938245E-9
6.132283441169521 1.0398453992465111E-9
6.132283441169521 6.264199574803316E-10
6.132283441169521 2.35545608550641E-10
6.132283441169521 2.0583689735010983E-10
6.132283441169521 2.8485925227810013E-10
6.132283441169521 5.549302975655561E-10
6.132283441169521 5.378304584379216E-10
6.13230987041626 6.005275364819988E-10
6.132346123045088 6.254132892501379E-10
6.132359127855484 6.177237486981801E-10
6.132359127855484 6.673838328873163E-10
6.132359127855484 4.3883624234098747E-10
6.132359127855484 3.151145661392241E-10
6.132359127855484 1.9883047791852949E-10
6.132359127855484 2.888704663505242E-10
6.132359127855484 2.065567758518565E-10
6.132359127855484 1.112132406526129E-10
6.132359127855484 1.8875851736989474E-10
6.132364013949049 2.3229721281217197E-10
6.132364013949049 4.820678454722813E-10
6.132364013949049 2.6601598989931635E-10
6.132371135521869 3.0934939548443715E-10
6.132371135521869 1.9316302657054776E-10
6.132371135521869 1.466258807258434E-10
6.132371135521869 1.4895954430826857E-10
6.1323726810234405 5.5108333131295456E-11
6.1323726810234405 5.5108333131295456E-11
6.132397915010694 3.566048264507789E-11
6.132399801935511 8.126415521594996E-11
6.132399801935511 2.8266946990466E-11
6.132399801935511 4.5957239337212996E-11
6.132399801935511 5.754973570816081E-11
6.132399801935511 1.274067101394384E-10
6.132405393207689 1.2416217151675672E-10
6.132405393207689 1.628836346522621E-10
6.132405393207689 7.542115595848683E-10
6.132405393207689 5.817116908710822E-11
6.132419483310007 7.931915363322113E-11
6.132419483310007 1.644059050716356E-10
6.132419483310007 1.270706977488298E-10
6.132419483310007 2.070093912821503E-10
6.132419483310007 2.1172928441289904E-10
6.132419913156105 1.5361589446538771E-10
6.132419913156105 8.88106966082485E-11
6.132419913156105 5.916397461552204E-11
6.132419913156105 7.127733104943252E-11
6.132419913156105 3.000460821511671E-11
6.132419913156105 3.139982029175434E-11
6.1324212968177525 5.0886012559983894E-11
6.1324212968177525 6.008483948514787E-11
6.132426444334687 2.2442699624041865E-11
6.132426606106348 2.6122339960905528E-11
6.132426606106348 7.957076819035461E-11
6.132426606106348 3.49612548010703E-11
6.132426606106348 2.8874194183808974E-11
6.132426606106348 9.206865698683661E-12
6.132436500623078 3.1663626045887686E-11
6.132436500623078 1.800550052304478E-11
6.132436500623078 3.275465159804103E-11
6.132436500623078 7.265232153215449E-11
6.132436500623078 5.36829586036704E-11
6.132440366708347 1.3916014631174794E-10
6.132440366708347 1.1543264369171163E-10
6.132450464135474 1.6223760610373158E-10
6.132450464135474 1.2373084631290677E-10
6.132450464135474 1.02242753295234E-10
6.132450464135474 1.1643870039315606E-10
6.132452707700017 1.4092213732967653E-10
6.132452707700017 1.759485111542946E-10
6.132461838852377 1.4445526105834636E-10
6.132461838852377 1.8128849678718507E-10
6.132461838852377 1.491229943757055E-10
6.132461838852377 1.2497779761675244E-10
6.13246212373225 9.530458786001665E-11
6.13246212373225 1.0564999593980547E-10
6.13246212373225 1.367030649355315E-10
6.13246212373225 1.408550336822584E-10
6.13246212373225 1.0920351517395053E-10
6.132469034599147 1.6342021165532266E-10
6.132469034599147 6.014796181973604E-11
6.132469034599147 4.7805865263141764E-11
6.132469034599147 4.6549470477914295E-11
6.132469034599147 5.606933994462789E-11
6.132469034599147 5.6670578001053105E-11
6.132469034599147 4.70370342566421E-11
6.132469034599147 3.6935189304880006E-11
6.1324695063746235 1.670787659235313E-11
6.1324695063746235 4.807520138190209E-12
6.1324695063746235 3.831134643084908E-12
6.1324695063746235 5.029835352985692E-12
6.132469873450353 9.751808430399484E-12
6.132469873450353 1.708314460617976E-11
6.132470144922372 9.669883985536414E-12
6.132470144922372 9.576821015415588E-12
6.132470924255742 5.592665977061471E-12
6.13247216244464 1.1053507732415281E-11
6.13247216244464 5.92003592257868E-12
6.13247216244464 5.790817522666424E-12
6.13247216244464 2.0220268265831193E-12
6.13247216244464 3.3529934866186304E-12
6.13247216244464 2.376253769378293E-12
6.13247216244464 6.626143276190548E-12
6.13247216244464 5.264329039565969E-12
6.13247354467091 1.233513987269356E-11
6.13247354467091 1.1235246835337669E-11
6.13247354467091 1.3818784893306502E-11
6.13247354467091 1.1422557843634725E-11
6.13247354467091 1.2265325056732301E-11
6.13247354467091 1.0326302445022135E-11
6.13247354467091 1.0136143632940596E-11
6.13247354467091 7.328298375790565E-12
6.132473608111533 6.442926002463157E-12
6.132473638216141 5.214240306353985E-12
6.132473799304745 4.996772873747262E-12
6.132474254125608 5.230940915091497E-12
6.132474254125608 6.489848537102962E-12
6.132474254125608 4.725622099709779E-12
6.132474254125608 4.726248706804817E-12
6.132474254125608 2.1565190433564456E-12
6.132474254125608 9.537949657084227E-13
6.132474254125608 8.914364084937536E-13
6.132474416337339 6.982937691153168E-13
6.132474416337339 1.6194851369523647E-12
6.132474502424429 2.0856817741573367E-12
6.132474502424429 2.9525791644209366E-12
6.132474502424429 2.3290314286243967E-12
6.132474502424429 2.509936208373512E-12
6.132474567204911 2.9476531148033604E-12
6.132474592839818 2.4008251969038998E-12
6.132474845175197 2.575368847168007E-12
6.132474845175197 1.6509276233860163E-12
6.132474953388596 2.219379004979886E-12
6.132474953388596 1.9995257680451636E-12
6.132474953388596 2.268722015717777E-12
6.132475017071217 1.8355485587278934E-12
6.132475017071217 2.4517497938055245E-12
6.132475041505648 3.3680891508145915E-12
6.132475041505648 4.080887450209362E-12
6.132475041505648 4.819973414432406E-12
6.132475075715929 4.1678372846559844E-12
6.132475075715929 4.48243415227173E-12
6.132475140386023 4.3871815534451915E-12
6.132475145735915 3.27324554609833E-12
6.1324752008366135 2.9270570880340087E-12
6.1324752008366135 1.949489059727538E-12
6.132475332212217 1.819141629113141E-12
6.132475377154648 1.9726562356972706E-12
6.132475377154648 1.5948562809983327E-12
6.132475377154648 1.0590033644697412E-12
6.132475377154648 8.992394169999247E-13
6.132475377154648 1.0581197092296964E-12
6.132475377154648 1.2834010505359664E-12
6.132475392072433 1.5134091523054152E-12
6.132475392072433 1.9613935196579577E-12
6.132475468716399 1.626375530529334E-12
6.132475468716399 1.9646319756773363E-12
6.132475468716399 1.7800365170598975E-12
6.132475482373304 1.8589290083659874E-12
6.132475507074151 1.3655145841001965E-12
6.132475509463631 9.86596806085274E-13
6.132475509463631 8.277918768619788E-13
6.132475509463631 4.630075674770015E-13
6.132475525368671 4.773786806979761E-13
6.132475525368671 5.446962445524351E-13
6.132475538985526 9.182458832340182E-13
6.132475546971961 8.596802326035514E-13
6.132475546971961 8.33125196538528E-13
6.132475546971961 6.048080677610177E-13
6.132475574262783 6.571205322458302E-13
6.132475574262783 6.052030361100165E-13
6.132475574262783 5.48006403095876E-13
6.132475596678301 6.265142970461732E-13
6.132475596678301 7.182934804864298E-13
6.132475596678301 5.410986932631385E-13
6.132475596678301 4.779857117695755E-13
6.132475596678301 4.697615788821964E-13
6.132475603149736 4.4830730252082003E-13
6.132475603149736 4.57088118477729E-13
6.132475603149736 3.713666804361507E-13
6.13247560404507 4.711544387153997E-13
6.13247560404507 4.761454318896916E-13
6.132475613424889 2.567334929640719E-13
6.132475613424889 1.5084184648442656E-13
6.132475613424889 1.599456410107863E-13
6.132475613424889 1.4956576355332312E-13
6.132475613424889 1.2223575495365676E-13
6.132475624708935 8.103915492677954E-14
6.132475624708935 7.587833943407262E-14
6.1324756323949305 1.0171949290127183E-13
6.1324756323949305 5.390728393995877E-14
6.1324756323949305 8.113126869319465E-14
6.1324756323949305 7.33275880896709E-14
6.1324756323949305 4.729056670677776E-14
6.1324756323949305 4.506227914320793E-14
6.132475634556821 5.1956368777736443E-14
6.132475634556821 8.549352411697043E-14
6.132475634556821 7.924706890892451E-14
6.132475634556821 9.462871406420244E-14
6.132475634556821 6.253955527585675E-14
6.132475634556821 4.452206124988915E-14
6.132475638309577 4.9105447296928113E-14
6.1324756389580966 2.5552226846692398E-14
6.1324756389580966 4.3666125992587606E-14
6.1324756389580966 3.841069646104045E-14
6.1324756389580966 2.160121937541949E-14
6.132475640405735 4.355431525656763E-14
6.1324756426588864 5.756989554929913E-14
6.1324756426588864 4.5537677018259476E-14
6.1324756426588864 4.265223245678021E-14
6.1324756433345975 5.5769475423601644E-14
6.1324756433345975 6.961915560878657E-14
6.1324756449381015 9.3206442080408E-14
6.1324756449381015 8.008235984434203E-14
6.132475645381299 6.76282520274559E-14
6.132475647915103 6.557064399993139E-14
6.132475647915103 6.831683596086892E-14
6.132475647915103 8.547352485991191E-14
6.132475647915103 6.681448765984582E-14
6.1324756495593755 6.721657508718002E-14
Score: 6.1324756495593755
Runtime: 38276ms
