5.0308221783217944E-5 2.7265695553790414
3.666079929753863E-4 1.689090914845213
8.540653924887735E-4 1.1278250376353478
0.001850059812400643 0.7694875550630127
0.15532970464120552 0.4975467601187273
0.15532970464120552 0.36607592218677776
0.15532970464120552 0.24298631194193376
0.15532970464120552 0.14220397009222904
0.15532970464120552 0.08263177226676247
0.15532970464120552 0.0710012350696553
0.15532970464120552 0.06021846051397318
0.15532970464120552 0.02943348074669282
0.15532970464120552 0.03942973769141113
2.1930278772260596 0.016047246357109506
2.1930278772260596 0.01256020914746641
2.1930278772260596 0.006256160231305251
2.1930278772260596 0.004484773576273539
2.1930278772260596 0.01341306353799686
2.1930278772260596 0.025689176419596605
2.1930278772260596 0.01223477514158522
2.1930278772260596 0.006149188231863643
2.1930278772260596 0.004914480595072236
2.1930278772260596 1.2787537071011533E-4
2.1930278772260596 1.5656320106779463E-4
2.1930278772260596 1.677878865342984E-4
2.1930278772260596 1.730995337587502E-4
2.1930278772260596 1.5569661312044993E-4
2.1930278772260596 8.692846368531718E-5
2.1930278772260596 0.006784064057317765
2.1930278772260596 1.0574278758355008E-5
2.1930278772260596 0.0
2.1930278772260596 0.0
2.1930278772260596 0.0
2.2625326680446003 4.345876587822524E-6
2.2625326680446003 0.0
2.2625326680446003 0.0
2.2625326680446003 0.0
2.2625326680446003 0.0
2.2625326680446003 0.0
2.2625326680446003 0.0
2.2625326680446003 0.0
2.2625326680446003 0.0
2.2625326680446003 0.0
2.3382809899935784 1.79651733952929E-6
2.5119556412794934 2.1568540729310797E-6
2.5119556412794934 3.3703499977884692E-6
2.5119556412794934 6.0887678444076345E-6
2.6360964849800106 1.4132685278023483E-6
2.6360964849800106 2.728823029412705E-6
2.6404529556304936 4.906967418398189E-6
2.889812743841743 1.0223278968020176E-5
2.889812743841743 5.195178996152668E-6
2.889812743841743 0.0
2.889812743841743 2.867046661996664E-6
2.889812743841743 2.867046661996664E-6
2.889812743841743 1.179957053706248E-5
3.009137690909212 1.4910770196154766E-5
3.009137690909212 1.0033195347368996E-5
3.009137690909212 0.0
3.009137690909212 5.0430292565586175E-6
3.009137690909212 2.124210896242293E-6
3.080446456719477 6.782852641469246E-6
3.080446456719477 5.489439943803702E-6
3.080446456719477 3.208583408948096E-6
3.080446456719477 1.3723267302488582E-6
3.415546047468946 9.774629951051055E-6
3.9765575521735714 7.2210436014503065E-6
3.9765575521735714 1.9890706081797546E-6
3.9765575521735714 1.9890706081797546E-6
3.9765575521735714 6.31928245659223E-6
3.9765575521735714 5.403258923564245E-6
3.9765575521735714 1.0262983665649571E-5
3.9765575521735714 9.26253337107997E-6
3.9765575521735714 1.4632869239785441E-5
4.2268434662860574 1.48145584284008E-5
4.2268434662860574 9.045458044290916E-6
4.2268434662860574 1.0879977990751837E-5
4.466637621110255 6.741063197251815E-6
4.6905300926312945 2.1935202998867372E-5
4.6905300926312945 1.7918099130367503E-5
4.6905300926312945 7.635043511111017E-6
4.6905300926312945 6.199851856712702E-6
4.82774833752171 3.152589362828407E-6
4.82774833752171 9.143223337415157E-7
4.82774833752171 5.448855866030883E-6
4.82774833752171 4.398208011974108E-6
4.82774833752171 1.0860009875588299E-5
5.006007269761682 1.3444993140729112E-5
5.098188174404266 1.0361857169468373E-5
5.098188174404266 1.622150153458984E-5
5.288290054302727 1.711485729076983E-5
5.520428245439637 1.2688310225705623E-5
5.520428245439637 1.2081433263090034E-5
5.520428245439637 1.81603299494003E-5
5.520428245439637 1.4963480548987398E-5
5.520428245439637 1.797737108544856E-5
5.621765587839279 2.0411042514405467E-5
5.621765587839279 1.6252902345123883E-5
5.621765587839279 1.6653460466473475E-5
5.621765587839279 1.765462769514381E-5
5.621765587839279 1.9078964547892992E-5
5.632146087013626 1.3634714788849612E-5
5.632146087013626 1.1086186076667753E-5
5.772280596760312 9.219742224362808E-6
5.801140062211542 6.886539280161818E-6
5.846130931236047 3.6721413795850883E-6
5.846130931236047 3.1755439737832485E-6
5.846130931236047 4.402565351227657E-6
5.85907044499838 2.6933793567982015E-6
5.966920670671904 3.465995262415705E-6
5.966920670671904 2.019177689123777E-6
5.966920670671904 1.5733890905857333E-6
5.966920670671904 3.4279181326440775E-6
5.966920670671904 5.640349724440893E-6
5.966920670671904 6.7820835134657365E-6
6.163295987780247 7.211899618370566E-6
6.163295987780247 5.948098390839684E-6
6.163295987780247 3.884810531418674E-6
6.163295987780247 4.51000905617977E-6
6.163295987780247 3.173789189707871E-6
6.194974101572576 3.4448566660802974E-6
6.194974101572576 3.5441600791421914E-6
6.237474333023197 3.6639241619162847E-6
6.237474333023197 3.057317182579941E-6
6.237474333023197 3.454194833346528E-6
6.237474333023197 3.7334358243734577E-6
6.237474333023197 4.145867962313885E-6
6.237474333023197 4.524827019575833E-6
6.237474333023197 4.1215508050715055E-6
6.237474333023197 2.457408614846643E-6
6.263674334814066 1.968820523195159E-6
6.263674334814066 1.1355997771939044E-6
6.274532046068701 5.119913164471612E-7
6.274532046068701 3.376229085760858E-7
6.277226783883903 3.600604043727296E-7
6.302427644162222 7.774119500190991E-7
6.302427644162222 2.7343456279566634E-7
6.302427644162222 6.164903191652337E-7
6.302427644162222 2.6868548929802293E-7
6.302427644162222 1.7064075099523718E-7
6.302427644162222 4.0732859762718266E-7
6.303400543313893 4.149326634960611E-7
6.332738020684962 4.1950030369759437E-7
6.332738020684962 4.860635531589387E-7
6.332738020684962 4.420020724151174E-7
6.332738020684962 3.2002153598835525E-7
6.332738020684962 4.2806499281107676E-7
6.332738020684962 3.388236015868209E-7
6.332738020684962 2.4172256428303977E-7
6.332738020684962 1.8848416294624122E-7
6.332738020684962 5.156511715025293E-7
6.332738020684962 3.011197065654113E-8
6.351422713982856 1.0203962518719899E-7
6.351422713982856 1.196644136495112E-7
6.351422713982856 1.2982919226526933E-7
6.351422713982856 1.7042118658766505E-7
6.351422713982856 2.168602877326807E-7
6.351422713982856 2.3436029212553408E-7
6.351422713982856 1.1054594053013834E-7
6.358942317628705 6.110138832162735E-8
6.358942317628705 0.0
6.358942317628705 0.0
6.358942317628705 1.5882311315631564E-8
6.360841718526558 3.534068403200613E-8
6.360841718526558 6.604368339217254E-8
6.360841718526558 2.6136714786114916E-8
6.36957360169026 6.269028208413944E-8
6.36957360169026 4.4514780169245615E-8
6.36957360169026 3.436483474061853E-8
6.36957360169026 2.091214190508722E-8
6.37283755543365 6.075774028134458E-8
6.37283755543365 6.003111326333704E-8
6.37283755543365 9.749165686617553E-8
6.3844906762205955 1.393555934252818E-7
6.3844906762205955 1.367433961548042E-7
6.3844906762205955 1.5295676283678646E-7
6.390188769273742 1.4598968568817834E-7
6.390188769273742 4.6130188664028445E-8
6.390188769273742 1.3348964492109742E-7
6.390188769273742 1.0080218967306527E-7
6.403594794554771 1.6980067509684253E-7
6.403594794554771 1.98894023882973E-7
6.403594794554771 1.117251216019784E-7
6.403594794554771 1.033723416404704E-7
6.403594794554771 1.2084292677355982E-7
6.403594794554771 8.220638481793202E-8
6.403594794554771 6.204226531464412E-8
6.403594794554771 8.38630268972833E-8
6.403594794554771 6.181855900098505E-8
6.403594794554771 7.886867683592033E-8
6.403594794554771 1.4049698410216717E-7
6.403594794554771 7.399689417786387E-8
6.403594794554771 2.2332185837937746E-8
6.403594794554771 3.2643789018763196E-8
6.403594794554771 2.5675240404092338E-8
6.403810811255939 2.886150963688165E-8
6.412405371439754 2.459225558879071E-8
6.412405371439754 1.3422608439234832E-8
6.412405371439754 1.764595283123613E-8
6.412405371439754 2.092436442826197E-8
6.412405371439754 0.0
6.412405371439754 1.0916029114411515E-8
6.412405371439754 0.0
6.412405371439754 2.143312338668234E-8
6.412405371439754 1.3951213571225175E-8
6.412405371439754 1.297406658632314E-8
6.412405371439754 8.550794925391286E-9
6.412405371439754 8.550794925391286E-9
6.4131210877968705 1.3036016618168554E-8
6.4131210877968705 1.3951213571225175E-8
6.419201403521725 1.569950472434325E-8
6.419201403521725 2.2919523678000326E-8
6.419201403521725 2.4304753433310956E-8
6.419201403521725 9.718907294258519E-9
6.421385713398356 3.24114328597092E-9
6.421385713398356 6.413744726798124E-9
6.421385713398356 2.3978758101498944E-9
6.421385713398356 4.681529200616381E-9
6.421385713398356 9.30710924663955E-9
6.421385713398356 4.62558004602317E-9
6.421385713398356 4.593850214877568E-9
6.421385713398356 2.296925107438784E-9
6.421385713398356 6.978454308055165E-9
6.421385713398356 6.657557161700003E-9
6.421385713398356 1.3916305293656734E-8
6.421385713398356 1.0021107719555875E-8
6.421385713398356 5.2253560992560865E-9
6.421385713398356 0.0
6.421385713398356 0.0
6.421385713398356 2.296925107438784E-9
6.421385713398356 2.6789313782002046E-9
6.421385713398356 0.0
6.421385713398356 0.0
6.421385713398356 0.0
6.421385713398356 0.0
6.421385713398356 0.0
6.421385713398356 0.0
6.421385713398356 0.0
6.421385713398356 0.0
6.421385713398356 0.0
6.424485915694543 4.5931563200698695E-9
6.424485915694543 4.5931563200698695E-9
6.424485915694543 0.0
6.424485915694543 0.0
6.426580698025083 6.055806513558436E-9
6.426580698025083 3.127787242564156E-9
6.426580698025083 0.0
6.426580698025083 0.0
6.426580698025083 0.0
6.426580698025083 0.0
6.426580698025083 0.0
6.430812196209525 2.561885705475391E-9
6.430812196209525 4.741540756450349E-9
6.430812196209525 4.741540756450349E-9
6.430812196209525 2.179655050974958E-9
6.430812196209525 0.0
6.430812196209525 0.0
6.430812196209525 0.0
6.430812196209525 2.9280192709942804E-9
6.430812196209525 0.0
6.430812196209525 2.1490525883711266E-9
6.430812196209525 2.561885705475391E-9
6.430812196209525 0.0
6.430812196209525 0.0
6.430812196209525 1.6935394761257642E-9
6.430812196209525 1.4625103395336232E-9
6.431886243493694 2.6874584463785632E-9
6.431886243493694 4.196518030486219E-9
6.431886243493694 1.2249481068449396E-9
6.431886243493694 2.1490525883711266E-9
6.431886243493694 1.906602690553545E-9
6.431886243493694 0.0
6.431886243493694 0.0
6.431886243493694 0.0
6.431886243493694 0.0
6.431886243493694 0.0
6.431886243493694 0.0
6.43308657477462 1.343697266101782E-9
6.43308657477462 1.343697266101782E-9
6.43308657477462 0.0
6.43308657477462 1.7731065077079018E-9
6.43308657477462 0.0
6.43308657477462 1.5090595841076556E-9
6.43308657477462 2.4835816303216635E-9
6.43308657477462 0.0
6.43308657477462 0.0
6.43308657477462 0.0
6.43308657477462 0.0
6.43308657477462 0.0
6.43308657477462 7.950993258624277E-10
6.43308657477462 0.0
6.43308657477462 0.0
6.433488849029434 6.041667171708064E-10
6.433488849029434 6.041667171708064E-10
6.433488849029434 0.0
6.433488849029434 0.0
6.433488849029434 0.0
6.433488849029434 0.0
6.433488849029434 0.0
6.433488849029434 0.0
6.433488849029434 0.0
6.433488849029434 0.0
6.434790229566727 7.870097405022444E-10
6.434790229566727 7.870097405022444E-10
6.434790229566727 1.0848328236469355E-9
6.434790229566727 9.772702036318363E-10
6.434790229566727 1.2292727106061688E-9
6.434790229566727 1.7782977146010543E-9
6.435065409074896 1.4168830158957233E-9
6.435065409074896 0.0
6.435135257125264 1.3263094700941868E-9
6.435135257125264 6.77461961771098E-10
6.435135257125264 2.8348422904182554E-9
6.4352014775958555 4.797465230909006E-9
6.4352014775958555 4.157522629203169E-9
6.4352014775958555 4.419725130371575E-9
6.4352014775958555 5.4483722985065384E-9
6.435415742666977 4.934401739522699E-9
6.435415742666977 3.2248348816223164E-9
6.435415742666977 2.7564494078299413E-9
6.435415742666977 1.650516259896379E-9
6.435415742666977 5.449200790870012E-10
6.43548636334924 1.161387026591758E-9
6.43548636334924 7.299130926497836E-10
6.43548636334924 1.0187358668767639E-9
6.43548636334924 9.287463373075017E-10
6.43548636334924 2.5577457622591025E-10
6.435506544268005 9.60265811396223E-10
6.435506544268005 4.1922317885495055E-10
6.435506544268005 2.878080181972062E-10
6.435799006527809 6.497826373182136E-10
6.435799006527809 1.2817005730014837E-9
6.435799006527809 9.911871663087547E-10
6.435980501047815 1.2712165965424117E-9
6.435980501047815 1.1787025249760294E-9
6.435980501047815 1.0323481837503976E-9
6.436073165396222 8.344077357758045E-10
6.436078504907568 5.999677408927316E-10
6.436078504907568 1.2143440369181938E-9
6.436078504907568 8.745180148817681E-10
6.436148122072432 1.1163359660671602E-9
6.436148122072432 7.056027325473862E-10
6.436148122072432 7.815252540454795E-10
6.436148122072432 1.626782406429797E-9
6.436148122072432 6.95438513122833E-10
6.436240904101657 7.620295096334453E-10
6.436240904101657 6.233992875174377E-10
6.436240904101657 6.414577010944911E-10
6.436240904101657 6.996365476052001E-10
6.4362583963378714 1.2008325434698819E-9
6.4362583963378714 1.1974199320310525E-9
6.4362583963378714 9.3549446887491E-10
6.436408847869091 9.356930894484275E-10
6.436408847869091 8.148968799641675E-10
6.436408847869091 1.0245048583421634E-9
6.4365277810547505 8.924899792663047E-10
6.4365277810547505 1.0760825111400731E-9
6.4365277810547505 1.8585888140390083E-9
6.4365277810547505 1.2606254110630568E-9
6.4365277810547505 1.2746668657970043E-9
6.4365277810547505 1.418570284242162E-9
6.4365277810547505 9.622795982715314E-10
6.436663638989365 1.4329152915651727E-9
6.436663638989365 1.5176193673912867E-9
6.436663638989365 1.367061607628287E-9
6.436663638989365 1.1229531644141655E-9
6.436663638989365 9.92722456593221E-10
6.436663638989365 9.440081199338707E-10
6.4366660648143466 5.992546375232791E-10
6.4366660648143466 6.17869797213038E-10
6.436681608927399 1.0100866419516165E-9
6.436710371748074 7.473318567986047E-10
6.436815602384478 5.552479802126672E-10
6.43692853757469 2.4277203993122006E-10
6.43692853757469 4.994109396328344E-10
6.43692853757469 4.176705050098264E-10
6.43692853757469 5.416295340444561E-10
6.43692853757469 3.0135095932564745E-10
6.43692853757469 5.514048817961153E-10
6.43692853757469 5.689334885766705E-10
6.43692853757469 7.748253793470643E-10
6.43692853757469 9.925675953794808E-10
6.43692853757469 1.202691760428384E-9
6.43692853757469 1.7092263623614464E-9
6.43692853757469 1.663324571566576E-9
6.43692853757469 1.5629835256986258E-9
6.437009429186964 1.675961486796284E-9
6.437009429186964 1.370890865854025E-9
6.437009429186964 9.246558174130514E-10
6.437009429186964 2.997331021387597E-10
6.437009429186964 1.8946077408477927E-10
6.437009429186964 2.9203261600544584E-11
6.437009429186964 4.433515823123938E-11
6.437009429186964 8.009950369021363E-11
6.437009429186964 1.1246269273730627E-10
6.437009429186964 2.2639241975200402E-10
6.437009429186964 1.4594440104259263E-10
6.437009429186964 2.474300469274671E-10
6.437009429186964 3.0854658977293504E-10
6.4370474426778195 3.808967779564694E-10
6.4370474426778195 4.5592247012103E-10
6.4370474426778195 1.5413373478105817E-10
6.4370474426778195 2.0672923783601422E-10
6.437071552742103 9.289663998536973E-11
6.437071552742103 6.03911919059135E-11
6.437071552742103 0.0
6.437071552742103 1.7454349541495462E-11
6.437071552742103 3.5591641007737125E-11
6.437071552742103 5.3649094005588766E-11
6.437071552742103 0.0
6.437071552742103 1.602521142269156E-11
6.437089776425756 1.0530695150286913E-10
6.437089776425756 7.834666342165391E-11
6.437089776425756 9.151290887924521E-11
6.437089776425756 1.4886776280219905E-10
6.437089776425756 1.1413261063493692E-10
6.437089776425756 1.3424553868841912E-10
6.437089776425756 4.2573569922504583E-11
6.437089776425756 0.0
6.437101879437849 3.524504355334724E-11
6.437101879437849 1.5791983437138127E-11
6.437101879437849 0.0
6.437101879437849 0.0
6.437101879437849 0.0
6.437101879437849 0.0
6.437101879437849 0.0
6.437101879437849 0.0
6.437101879437849 0.0
6.437101879437849 1.1451858230227364E-11
6.437101879437849 0.0
6.437101879437849 0.0
6.437101879437849 0.0
6.437101879437849 0.0
6.437101879437849 0.0
6.437101879437849 0.0
6.437101879437849 0.0
6.437101879437849 2.0502762296458105E-11
6.437101879437849 0.0
6.437101879437849 0.0
6.437101879437849 0.0
6.437101879437849 0.0
6.437101879437849 0.0
6.437101879437849 0.0
6.437101879437849 0.0
6.437101879437849 0.0
6.437101879437849 0.0
6.437101879437849 0.0
6.4371020362780005 1.762558966885925E-11
6.4371020362780005 0.0
6.4371020362780005 0.0
6.4371020362780005 0.0
6.4371020362780005 0.0
6.4371020362780005 0.0
6.4371020362780005 0.0
6.4371020362780005 0.0
6.437111824324574 9.302401422783586E-12
6.437111824324574 0.0
6.437111824324574 0.0
6.437111824324574 0.0
6.437111824324574 0.0
6.437111824324574 0.0
6.437111824324574 0.0
6.4371136597865375 1.9320194977715706E-11
6.4371136597865375 1.9320194977715706E-11
6.4371136597865375 1.9575936279760295E-11
6.4371136597865375 0.0
6.4371136597865375 0.0
6.4371136597865375 1.039265284602056E-11
6.4371136597865375 1.039265284602056E-11
6.4371136597865375 1.039265284602056E-11
6.4371136597865375 9.046660120739003E-12
6.4371136597865375 0.0
6.4371136597865375 1.1478172656985722E-11
6.437126950068502 2.6923251911606703E-11
6.437126950068502 0.0
6.437126950068502 0.0
6.437126950068502 0.0
6.437126950068502 0.0
6.437126950068502 0.0
6.437126950068502 0.0
6.437126950068502 1.039265284602056E-11
6.437126950068502 1.1644377993632322E-11
6.437126950068502 1.1644377993632322E-11
6.437131412452698 6.096737869963059E-12
6.437131412452698 0.0
6.437131412452698 4.881421183644102E-12
6.437131412452698 0.0
6.437131412452698 0.0
6.437131412452698 0.0
6.437131412452698 1.6970207343905523E-11
6.437131412452698 5.368435725481271E-12
6.437133536845247 1.473613083810959E-11
6.437133536845247 0.0
6.437133536845247 0.0
6.437133536845247 0.0
6.437133536845247 0.0
6.437133536845247 0.0
6.437133536845247 0.0
Score: 6.437133536845247
Runtime: 33741ms
