7.026705528496699E-4 2.720144072747383
7.026705528496699E-4 1.6936154731762683
0.003521163110873176 1.0778023685101652
0.01426321883443259 0.7352769124972932
0.01426321883443259 0.4979681220512106
0.01426321883443259 0.3438655448746851
0.022614285448592234 0.24138679529181767
0.022614285448592234 0.17805648101741514
0.022614285448592234 0.1285561069101288
0.10006024704322262 0.07330837897794582
0.10006024704322262 0.06359778205059159
0.10006024704322262 0.04101167775320525
0.10006024704322262 0.04353686646665328
0.3815442659790583 0.010900100091776728
0.3815442659790583 0.006848789339378515
0.3815442659790583 0.028434243287825414
0.3815442659790583 0.022657142034005068
0.8805664987395029 0.007450450269717131
0.8805664987395029 2.3410140967693874E-4
0.8805664987395029 0.0031723736793066383
0.8805664987395029 2.1181225798980104E-4
0.8805664987395029 2.8831319957762445E-4
0.8805664987395029 0.002805393988891619
0.8805664987395029 0.004029553602581206
0.8805664987395029 0.01753122210212925
1.5962209456686483 0.008765612085061306
1.5962209456686483 0.006539559994726703
1.5962209456686483 1.3805697672006475E-4
1.5962209456686483 1.0266025658197657E-4
1.5962209456686483 0.006557737925301674
1.5962209456686483 4.2954321186059434E-5
1.5962209456686483 4.806263839319944E-5
1.5962209456686483 3.9062728589019784E-5
1.5962209456686483 5.830883183788687E-6
1.5962209456686483 5.830883183788687E-6
1.5962209456686483 2.492725282806602E-6
1.5962209456686483 0.0
1.5962209456686483 0.0
1.844885365979966 3.6745905970767395E-6
1.844885365979966 0.0
1.844885365979966 0.0
1.844885365979966 8.303636845023607E-6
1.844885365979966 3.0219016718366145E-6
1.844885365979966 0.0
1.844885365979966 0.0
1.844885365979966 0.0
1.844885365979966 0.0
1.844885365979966 0.0
1.844885365979966 0.0
1.844885365979966 0.0
1.844885365979966 2.9725569833133175E-6
1.844885365979966 2.9725569833133175E-6
1.844885365979966 0.0
1.844885365979966 0.0
1.844885365979966 0.0
1.844885365979966 6.068996244984937E-6
1.8855527328691246 1.8544798517442218E-6
1.8855527328691246 0.0
1.8855527328691246 0.0
1.8855527328691246 0.0
1.8855527328691246 0.0
1.8855527328691246 0.0
1.8855527328691246 0.0
1.8855527328691246 0.0
1.8855527328691246 0.0
1.8855527328691246 0.0
1.8855527328691246 0.0
1.8855527328691246 0.0
2.0256645025883295 6.947340373176638E-6
2.0256645025883295 0.0
2.0256645025883295 0.0
2.080203939021362 1.0678539529680803E-6
2.080203939021362 0.0
2.080203939021362 0.0
2.080203939021362 1.8544798517442218E-6
2.080203939021362 0.0
2.080203939021362 0.0
2.080203939021362 0.0
2.080203939021362 0.0
2.080203939021362 0.0
2.080203939021362 0.0
2.080203939021362 0.0
2.080203939021362 0.0
2.2914760710307673 3.26217955388953E-6
2.631662569715875 2.267906057448844E-6
2.631662569715875 4.247247354963073E-6
2.631662569715875 5.543334118581257E-6
2.631662569715875 2.7702883873110228E-6
2.631662569715875 2.129855452272477E-6
2.631662569715875 9.505427976680211E-6
2.631662569715875 0.0
2.631662569715875 4.545848193879929E-6
2.677890968137868 7.845737586368503E-6
2.7924005585422917 7.145222103804294E-6
2.7924005585422917 8.528801375862822E-6
2.8536930135090777 6.133184557429799E-6
2.8536930135090777 8.91640387209621E-6
2.8536930135090777 3.955390474430102E-6
2.8536930135090777 6.504755778522879E-6
2.8536930135090777 2.9990501698695282E-6
2.8536930135090777 4.971555918538739E-6
2.8536930135090777 1.3475486507704062E-6
2.87664036013493 2.040781111993036E-6
2.87664036013493 3.174045396685193E-6
2.9728787907219405 3.4759522462501543E-6
2.9728787907219405 2.6163307547920163E-6
2.9728787907219405 3.072081736025601E-6
2.9728787907219405 2.0671583352719285E-6
2.9728787907219405 4.006574077974239E-6
3.0389367099997475 1.246999043147084E-6
3.0389367099997475 1.8078699134306334E-6
3.0389367099997475 1.4445141668487245E-6
3.1516756243023876 1.6893144846685401E-6
3.1516756243023876 1.055449883690793E-6
3.1516756243023876 3.6038855092291714E-7
3.1516756243023876 1.0335000678970903E-6
3.1940899383123837 2.139393360979716E-6
3.1940899383123837 8.378602650347181E-7
3.1940899383123837 1.19025204401844E-6
3.1940899383123837 5.944315719164934E-7
3.1940899383123837 1.1146737467281537E-6
3.1940899383123837 4.917031647065479E-7
3.1940899383123837 6.066944665474316E-7
3.1940899383123837 6.625134312612692E-7
3.1940899383123837 1.171118909785616E-6
3.1940899383123837 9.080603088467601E-7
3.1940899383123837 9.435993685433742E-7
3.1940899383123837 6.980524909578832E-7
3.1940899383123837 8.277227532305141E-7
3.1940899383123837 0.0
3.1940899383123837 0.0
3.1940899383123837 0.0
3.1940899383123837 0.0
3.1940899383123837 0.0
3.1940899383123837 0.0
3.1940899383123837 0.0
3.1940899383123837 0.0
3.1940899383123837 0.0
3.1940899383123837 0.0
3.1940899383123837 0.0
3.1940899383123837 0.0
3.1940899383123837 0.0
3.1940899383123837 0.0
3.1940899383123837 0.0
3.1940899383123837 0.0
3.1940899383123837 0.0
3.1940899383123837 0.0
3.1940899383123837 0.0
3.1940899383123837 0.0
3.1940899383123837 0.0
3.2137843129210797 1.506222011094873E-7
3.2137843129210797 0.0
3.2137843129210797 0.0
3.2137843129210797 0.0
3.2137843129210797 0.0
3.2137843129210797 0.0
3.2137843129210797 0.0
3.2137843129210797 0.0
3.2137843129210797 0.0
3.2137843129210797 0.0
3.2137843129210797 0.0
3.2137843129210797 0.0
3.2137843129210797 0.0
3.2137843129210797 0.0
3.2137843129210797 0.0
3.2137843129210797 0.0
3.2137843129210797 0.0
3.2137843129210797 1.506222011094873E-7
3.2137843129210797 0.0
3.2137843129210797 0.0
3.2137843129210797 0.0
3.2137843129210797 0.0
3.2137843129210797 0.0
3.2137843129210797 0.0
3.2332049633290714 1.8113400523370171E-7
3.2332049633290714 0.0
3.2332049633290714 0.0
3.2332049633290714 0.0
3.2332049633290714 0.0
3.2332049633290714 0.0
3.2332049633290714 0.0
3.2332049633290714 0.0
3.2332049633290714 0.0
3.2332049633290714 0.0
3.2332049633290714 0.0
3.2332049633290714 1.2704881129647047E-7
3.2332049633290714 1.2704881129647047E-7
3.259354956683155 2.2173697062459992E-7
3.259354956683155 1.2704881129647047E-7
3.259354956683155 0.0
3.259354956683155 0.0
3.259354956683155 0.0
3.259354956683155 0.0
3.259354956683155 0.0
3.259354956683155 0.0
3.259354956683155 0.0
3.259354956683155 0.0
3.259354956683155 0.0
3.259354956683155 0.0
3.259354956683155 0.0
3.259354956683155 0.0
3.259354956683155 0.0
3.259354956683155 0.0
3.259354956683155 0.0
3.259354956683155 9.468815932812943E-8
3.259354956683155 0.0
3.259354956683155 0.0
3.259354956683155 0.0
3.259354956683155 0.0
3.259354956683155 0.0
3.259354956683155 0.0
3.259354956683155 0.0
3.259354956683155 0.0
3.259354956683155 0.0
3.259354956683155 0.0
3.259354956683155 0.0
3.259354956683155 0.0
3.259354956683155 0.0
3.259354956683155 0.0
3.259354956683155 0.0
3.259354956683155 0.0
3.259354956683155 0.0
3.259354956683155 0.0
3.259354956683155 0.0
3.259354956683155 0.0
3.259354956683155 0.0
3.2675160745297465 1.0075296312323193E-7
3.2675160745297465 0.0
3.2675160745297465 0.0
3.2675160745297465 0.0
3.2675160745297465 0.0
3.2675160745297465 0.0
3.2675160745297465 0.0
3.2675160745297465 0.0
3.2675160745297465 0.0
3.2675160745297465 0.0
3.2675160745297465 0.0
3.276868081306703 5.516845340586378E-8
3.276868081306703 0.0
3.276868081306703 2.8672253546333437E-8
3.2884218753174292 1.766856106195328E-8
3.2884218753174292 7.232190200437293E-8
3.2884218753174292 6.506436402388648E-8
3.300590272225831 2.322033648191225E-7
3.300590272225831 6.051291715341155E-8
3.300590272225831 3.482602486376653E-8
3.3136155544664794 1.5435799218946122E-7
3.3136155544664794 1.7286514712491278E-7
3.3136155544664794 1.4184010553201342E-7
3.3136155544664794 2.483038969935276E-7
3.3136155544664794 1.654275357339063E-7
3.3136155544664794 9.852829755334074E-8
3.3258296704460566 1.531518812545496E-7
3.3258296704460566 2.336016551931E-7
3.3258296704460566 1.1940327918090647E-7
3.3258296704460566 1.4816884937433485E-7
3.3258296704460566 2.3717721731385054E-7
3.3258296704460566 1.6159307263378166E-7
3.3258296704460566 1.5496855640451286E-7
3.3258296704460566 7.588299023762494E-8
3.328333020709711 1.7162454545680603E-7
3.328333020709711 5.2131974244144176E-8
3.328333020709711 8.607622512755586E-8
3.328333020709711 0.0
3.328333020709711 0.0
3.328333020709711 0.0
3.3368333301396276 3.082812624201808E-8
3.3368333301396276 2.0827526258010677E-8
3.3368333301396276 0.0
3.3368333301396276 0.0
3.3368333301396276 9.572046692632924E-8
3.3368333301396276 1.8877228224076813E-8
3.3368333301396276 0.0
3.3368333301396276 0.0
3.3368333301396276 0.0
3.3368333301396276 3.722136205330161E-8
3.3389954557594876 3.323815625221484E-8
3.344517775982663 1.6794846217141035E-8
3.344517775982663 3.0961757137629985E-8
3.344517775982663 2.9336190012496872E-8
3.344517775982663 2.817118527625564E-8
3.344517775982663 3.4184010587294887E-8
3.344517775982663 1.4166910920488953E-8
3.344517775982663 1.4166910920488953E-8
3.344517775982663 0.0
3.344517775982663 0.0
3.344517775982663 0.0
3.344517775982663 0.0
3.344517775982663 0.0
3.344517775982663 0.0
3.344517775982663 0.0
3.344517775982663 1.479821536432407E-8
3.344517775982663 2.1935807836826988E-8
3.344517775982663 0.0
3.344517775982663 0.0
3.344517775982663 0.0
3.344517775982663 0.0
3.344517775982663 0.0
3.344517775982663 0.0
3.344517775982663 0.0
3.344517775982663 0.0
3.3457926451379745 1.2924451044251466E-8
3.3457926451379745 0.0
3.3457926451379745 0.0
3.3457926451379745 0.0
3.3457926451379745 0.0
3.3457926451379745 0.0
3.3488642263791597 8.102275587344711E-9
3.3488642263791597 0.0
3.353532769072844 1.2207908910522331E-8
3.353532769072844 0.0
3.353532769072844 6.832675387052854E-9
3.353532769072844 6.832675387052854E-9
3.353532769072844 6.832675387052854E-9
3.353532769072844 0.0
3.353532769072844 0.0
3.353532769072844 1.1317884569269733E-8
3.353532769072844 7.826284364293084E-9
3.353532769072844 2.2217834784809253E-8
3.353532769072844 2.4314823652242947E-8
3.353532769072844 2.431482365224295E-8
3.353532769072844 3.084624799725975E-8
3.3560740325869833 1.64328209195832E-8
3.3560740325869833 1.549371026920952E-8
3.3560740325869833 1.6092829191457582E-8
3.3560740325869833 1.398235971817381E-8
3.3560740325869833 0.0
3.3560740325869833 0.0
3.3560740325869833 0.0
3.3560740325869833 0.0
3.3560740325869833 7.269940014383724E-9
3.3560740325869833 0.0
3.3560740325869833 0.0
3.361919679975322 1.2649661434759592E-8
3.361919679975322 1.5206269564566137E-8
3.361919679975322 8.209391797299965E-9
3.3625355644510564 2.33723786502374E-8
3.3625355644510564 2.2250401783801087E-8
3.3625355644510564 1.9130954647151604E-8
3.3625355644510564 2.4601365525420367E-8
3.3625355644510564 8.667290225272104E-9
3.3625355644510564 1.0505168986704312E-8
3.3625355644510564 0.0
3.3625355644510564 3.744832510508817E-9
3.3625355644510564 1.776797686553636E-8
3.364793346784082 3.687588982613004E-8
3.364793346784082 3.787442819756023E-8
3.364793346784082 3.793627940428619E-8
3.364793346784082 3.042789838460368E-8
3.364793346784082 2.4083264612611877E-8
3.364793346784082 1.0520727100633377E-8
3.364793346784082 7.228712078736034E-9
3.364793346784082 6.280572454148087E-9
3.364793346784082 2.369338878509755E-9
3.366648264748815 2.5931976263664604E-9
3.366648264748815 4.639774710010684E-9
3.366648264748815 6.946023376042346E-9
3.366648264748815 4.639774710010684E-9
3.366648264748815 7.1279769750862426E-9
3.366648264748815 0.0
3.3675209931911003 1.952794492356888E-8
3.3675209931911003 0.0
3.3675209931911003 7.67116686714615E-9
3.3675209931911003 4.888098042099858E-9
3.3675209931911003 0.0
3.3675209931911003 1.7101521187761924E-9
3.3675209931911003 1.7101521187761924E-9
3.3675209931911003 1.7101521187761924E-9
3.3675209931911003 2.045706347088555E-9
3.3675209931911003 0.0
3.3675209931911003 3.2665138408656353E-9
3.3675209931911003 3.2665138408656353E-9
3.368511407145573 2.1757869617446853E-9
3.368511407145573 0.0
3.368511407145573 0.0
3.368511407145573 0.0
3.368511407145573 1.9962969190561395E-9
3.368511407145573 5.8597514337996315E-9
3.3696348210685723 4.926736592475838E-9
3.3696348210685723 1.2404624740176877E-9
3.3696348210685723 0.0
3.3696348210685723 0.0
3.3696348210685723 1.119208227973184E-9
3.3696348210685723 0.0
3.3696348210685723 0.0
3.3696348210685723 7.1210537298469706E-9
3.3696348210685723 3.9535558215759194E-9
3.3696348210685723 2.426386000536749E-9
3.3696348210685723 2.411967260145987E-9
3.3696563115438964 4.935859655715134E-9
3.3696563115438964 4.935859655715134E-9
3.3696563115438964 1.6256215757317884E-9
3.3696563115438964 3.946452280246392E-9
3.3696563115438964 4.938701719553269E-9
3.3696563115438964 0.0
3.3696563115438964 1.009990263107288E-9
3.3696563115438964 0.0
3.3698608386395925 1.292328307226712E-9
3.3700300331542934 2.2250762280407564E-9
3.3700300331542934 5.963601993386948E-10
3.3706049993717695 1.044769734326899E-9
3.370921342114782 4.033854452304452E-9
3.370921342114782 4.205885658647829E-9
3.371773071316056 3.699653176657129E-9
3.371773071316056 6.968692073386757E-9
3.371773071316056 4.2904952861217305E-9
3.371773071316056 4.240549093737453E-9
3.371798103376882 5.470263857933398E-9
3.371798103376882 5.480779648906909E-9
3.371798103376882 5.661876189074459E-9
3.371798103376882 5.889092660193035E-9
3.371798103376882 8.253078488993746E-9
3.371798103376882 7.835115940050976E-9
3.3718915508384226 5.268950119441586E-9
3.3718915508384226 5.365236543322469E-9
3.3718915508384226 5.893500585021247E-9
3.3718915508384226 5.8625661371346895E-9
3.3718915508384226 3.934197972966718E-9
3.3718915508384226 3.974535626484934E-9
3.3718915508384226 3.3506861345277245E-9
3.3718915508384226 5.248644824743435E-10
3.3718915508384226 3.8092763289085225E-10
3.3718915508384226 0.0
3.3718915508384226 0.0
3.3718915508384226 0.0
3.3718915508384226 0.0
3.3718915508384226 0.0
3.3718915508384226 0.0
3.3718915508384226 0.0
3.3718915508384226 0.0
3.3718915508384226 3.290415629201003E-9
3.372077565577096 8.830446428099132E-10
3.372077565577096 0.0
3.372077565577096 0.0
3.372077565577096 2.1708077597298697E-10
3.372077565577096 0.0
3.372077565577096 0.0
3.372077565577096 0.0
3.372077565577096 3.392102897110286E-10
3.372077565577096 0.0
3.372077565577096 0.0
3.372077565577096 0.0
3.3720857232638095 2.319236112655125E-10
3.3720857232638095 0.0
3.3720857232638095 0.0
3.3720857232638095 3.063586271391459E-10
3.3723343799222194 7.864633581447258E-10
3.3723343799222194 1.5737694967653897E-10
3.3723343799222194 2.319236112655125E-10
3.3723343799222194 0.0
3.3723343799222194 1.4986192281795176E-10
3.3723343799222194 1.7427161974338478E-10
3.3723343799222194 0.0
3.3723343799222194 1.7515927705513343E-10
3.3723343799222194 1.7515927705513343E-10
3.3723343799222194 3.1482037978430794E-10
3.3723343799222194 1.396611027291745E-10
3.3723343799222194 2.981851045370532E-10
3.3723343799222194 2.981851045370532E-10
3.3723343799222194 3.4174899803502297E-10
3.3723343799222194 3.4943089679851824E-10
3.3723343799222194 3.952254698011159E-10
3.3723343799222194 3.597444772584289E-10
3.3723343799222194 3.597444772584289E-10
3.3723343799222194 3.597444772584289E-10
3.3723343799222194 0.0
3.3723343799222194 0.0
3.3725569584518693 3.774426772001592E-10
3.3725569584518693 3.774426772001592E-10
3.3725569584518693 3.774426772001592E-10
3.3725569584518693 0.0
3.3725569584518693 0.0
3.3725569584518693 0.0
3.3725569584518693 0.0
3.3725569584518693 0.0
3.3725569584518693 0.0
3.3725569584518693 0.0
3.3725569584518693 0.0
3.3725569584518693 0.0
3.3725569584518693 0.0
3.3725569584518693 0.0
3.3725569584518693 4.628760701799134E-10
3.3725569584518693 4.628760701799134E-10
3.3725569584518693 0.0
3.3725569584518693 0.0
3.3725569584518693 0.0
3.3725569584518693 3.774426772001592E-10
3.3725569584518693 0.0
3.3725569584518693 0.0
3.3725569584518693 0.0
3.3725569584518693 0.0
3.3725569584518693 0.0
3.3725569584518693 0.0
3.3725569584518693 0.0
3.3725569584518693 0.0
3.3725569584518693 0.0
3.3725569584518693 0.0
3.3725569584518693 0.0
Score: 3.3725569584518693
Runtime: 32148ms
