5.0308221783217944E-5 2.7061777572728474
1.0237322897554796E-4 1.6790369933107052
2.8080497434461026E-4 1.1274655427541551
2.8080497434461026E-4 0.7336125392009468
9.062006582861212E-4 0.5080630705371139
0.038398512825411554 0.34868648967982413
0.038398512825411554 0.2078412335206891
0.038398512825411554 0.15213340513148102
0.038398512825411554 0.10409858367512784
0.038398512825411554 0.08669421555712546
0.05790760754279435 0.07960141228760624
0.05790760754279435 0.04701194183310619
0.11461923529730086 0.0166100389864276
0.11461923529730086 0.022485706622789446
0.4117915272136804 0.01231433755405118
0.4117915272136804 0.021772974288307653
0.4117915272136804 0.00851029882854107
0.5740167770294843 0.008302223416238345
0.7717331318282107 0.016457281444555605
1.0600567904928038 0.017310360788357817
1.0600567904928038 0.007694381644889014
1.328432904363265 0.004966803894955568
1.328432904363265 5.385990096587009E-4
1.9143175733201045 5.563607568898183E-4
1.9143175733201045 5.800952709021454E-4
2.4693585175565502 0.007523148740105601
3.368117768510694 0.0074381648159224985
3.368117768510694 4.4164241209351774E-4
3.368117768510694 3.9453468059166667E-4
3.368117768510694 4.0484385503431695E-4
3.368117768510694 3.969830369469859E-4
3.3896600571456053 0.006348708132111426
3.3896600571456053 0.006604410950790724
3.3896600571456053 2.6015308792998133E-4
3.49532732850455 2.4289881659797372E-4
3.9213028915505186 2.253453509236787E-4
3.9404374768560775 1.812486552786453E-4
3.9404374768560775 1.696414795333224E-4
3.9958254176993195 1.4488892395138106E-4
4.087732023606502 9.600579165913717E-5
4.087732023606502 5.5922018394137224E-5
4.087732023606502 2.8783347570474255E-5
4.387363196700904 3.018460266449462E-5
4.387363196700904 3.37105702742385E-5
4.387363196700904 2.975657514092016E-5
5.015193871134812 4.7649201431660296E-5
5.015193871134812 5.231025336863211E-5
5.015193871134812 5.313389635594399E-5
5.015193871134812 4.5681471060582534E-5
5.015193871134812 3.597795775197121E-5
5.272541701160948 2.9201693902384778E-5
5.272541701160948 2.843172441079869E-5
5.272541701160948 2.8549456922211934E-5
5.272541701160948 2.7304758706299367E-5
5.272541701160948 2.7244866646913876E-5
5.272541701160948 2.9925945211579022E-5
5.272541701160948 2.331200190411261E-5
5.475908987129285 2.8200670734733916E-5
5.475908987129285 2.8570288242152754E-5
5.475908987129285 2.093062577562158E-5
5.475908987129285 1.526731443696367E-5
5.475908987129285 6.403520879655671E-6
5.475908987129285 6.142370352418722E-6
5.475908987129285 0.004510935640675444
5.475908987129285 0.004510604671614061
5.507690379437642 1.6051755635911664E-6
5.507690379437642 7.370025478895644E-7
5.507690379437642 9.379015465332591E-7
5.507690379437642 6.126868518214789E-7
5.507690379437642 1.0915414891567802E-6
5.507690379437642 1.3256780083337802E-6
5.507690379437642 1.9181987282563975E-6
5.507690379437642 1.194146550106444E-6
5.507690379437642 6.764077102293136E-7
5.507690379437642 2.066949005631163E-7
5.524909831754046 3.312281494741269E-7
5.546793767601637 2.8064556130212544E-7
5.549136168623214 4.2355424169456795E-7
5.549136168623214 1.7065689705997738E-7
5.645000635235718 1.7452238378575196E-7
5.645000635235718 2.486650571936487E-7
5.645000635235718 1.5910426129909574E-7
5.645000635235718 1.8705910427401057E-7
5.645000635235718 1.9248301106276319E-7
5.645000635235718 3.6738873445867673E-7
5.645000635235718 8.940586960082957E-7
5.652837839006182 1.0764901123872166E-6
5.652837839006182 1.4448116528973607E-6
5.662607217558662 1.02636639431952E-6
5.662607217558662 1.0663289751408531E-6
5.662607217558662 1.2215185837871613E-6
5.662607217558662 9.948662440292283E-7
5.662607217558662 9.001433845882784E-7
5.687714920957129 1.615333091127161E-6
5.687714920957129 1.3832024021531982E-6
5.687714920957129 5.05454524516226E-7
5.687714920957129 2.2972379754490308E-7
5.687714920957129 1.0578882456740898E-7
5.687714920957129 4.657619252211631E-8
5.710043128552121 1.7010336380405025E-7
5.710043128552121 6.231725750060008E-8
5.710043128552121 3.5806807056866085E-8
5.710043128552121 5.8219556317767744E-8
5.710043128552121 1.287148119860991E-7
5.734378914411468 1.4311159926934215E-7
5.734378914411468 4.176647348697034E-7
5.734378914411468 3.5440091906573325E-7
5.734378914411468 2.3268708213430327E-7
5.734378914411468 1.4388263089267603E-7
5.734378914411468 4.176764397696145E-7
5.734378914411468 2.366368802903538E-7
5.764912691056465 4.888542997730612E-7
5.77612426137545 6.532601944011748E-7
5.77612426137545 7.983808997758398E-7
5.77612426137545 5.61648676578829E-7
5.77612426137545 5.394125712836243E-7
5.77612426137545 3.192783321806331E-7
5.7776043856647625 2.5191916026862905E-7
5.7776043856647625 3.934704177846936E-7
5.854559517605979 4.4739944253981567E-7
5.854559517605979 3.9665674882270755E-7
5.854559517605979 2.5834384042920105E-7
5.854559517605979 4.210699520173066E-7
5.854559517605979 4.0507016450470847E-7
5.854559517605979 5.566547372361025E-7
5.854559517605979 5.455709080793044E-7
5.854559517605979 5.688649160782481E-7
5.916322699023038 6.017474699600285E-7
5.916322699023038 4.25592900509985E-7
5.916322699023038 7.35329039503025E-7
5.916322699023038 7.41031814804171E-7
5.916322699023038 7.605622239052758E-7
5.916322699023038 7.570496410267101E-7
5.916322699023038 6.285810110947356E-7
5.916322699023038 7.669223090140382E-7
5.916322699023038 4.916834862045202E-7
5.916322699023038 4.0787329938801744E-7
5.91816522295305 3.87697654276461E-7
5.929049375556032 4.5126975001001297E-7
5.930392606905469 5.414516135101503E-7
5.930392606905469 5.975501804606827E-7
5.932090911151615 4.2942335180258973E-7
5.932090911151615 2.792819852400675E-7
5.932090911151615 1.432737059369616E-7
5.932090911151615 6.004646387848948E-8
5.932090911151615 3.165087276851895E-8
5.932090911151615 8.761047865713223E-8
5.933968183742762 6.422070723803194E-8
5.933968183742762 6.981002343285019E-8
5.933968183742762 4.548419541349326E-8
5.933968183742762 6.328610488549407E-8
5.933968183742762 8.35093486882103E-8
5.933968183742762 5.144914164037126E-8
5.933968183742762 4.970915436571856E-8
5.935656194068343 1.7525468464575545E-8
5.935656194068343 1.4693246776102577E-8
5.935656194068343 6.843077013157625E-9
5.942488090623171 1.3717625616387105E-8
5.942488090623171 1.900744168390221E-8
5.942488090623171 0.0
5.942488090623171 0.0
5.942488090623171 0.0
5.942488090623171 0.0
5.942488090623171 1.4335784703439908E-8
5.942488090623171 7.2613642364493265E-9
5.942488090623171 0.0
5.942488090623171 9.833723493116342E-9
5.942488090623171 4.96538350455042E-9
5.942488090623171 2.2593458354459095E-8
5.942488090623171 1.2742681681064757E-8
5.942488090623171 6.8501017478019796E-9
5.942488090623171 1.7708065185615177E-8
5.942488090623171 1.5823346942363617E-8
5.942488090623171 1.178596253394744E-8
5.942488090623171 0.0
5.942488090623171 1.4761498505428795E-8
5.942974255098967 4.557131758457906E-9
5.942974255098967 0.0
5.9433594317853 3.2128593751964895E-9
5.945184243869531 7.2205540446287655E-9
5.945184243869531 3.2128593751964895E-9
5.945184243869531 3.2128593751964895E-9
5.951148793469412 6.9759977589755995E-9
5.951148793469412 3.284602107060678E-9
5.951148793469412 8.90131661053527E-9
5.951148793469412 8.393119462988222E-9
5.951148793469412 2.0491492159303484E-8
5.951148793469412 9.682578445022034E-9
5.951148793469412 2.9529197780782073E-8
5.9541979651382455 1.6291693679141186E-8
5.9541979651382455 1.274968774087493E-8
5.95516464094022 2.3232585272966757E-8
5.95516464094022 3.335984390120181E-8
5.95516464094022 6.297380307193342E-8
5.95516464094022 5.410474586138408E-8
5.95516464094022 4.6038412317756844E-8
5.95516464094022 3.645636606453881E-8
5.95516464094022 2.528201609146784E-8
5.958640290691455 2.3400448525593233E-8
5.958640290691455 7.759692003671604E-9
5.958640290691455 1.0372031435218436E-8
5.958640290691455 7.772857633773515E-9
5.958640290691455 1.252509726541412E-8
5.958640290691455 1.9977348298502205E-8
5.958640290691455 1.9295055411720073E-8
5.958830256281233 1.8864155835978396E-8
5.958830256281233 1.1463025888198612E-8
5.958830256281233 1.2055654029184463E-8
5.958830256281233 1.3315184550494714E-8
5.959426245634868 1.3990624262269502E-8
5.959426245634868 1.2247883778355158E-8
5.959426245634868 1.3993455290782958E-8
5.959426245634868 2.2559057471922896E-8
5.960136326327071 1.539084822056067E-8
5.960136326327071 6.623104511058785E-9
5.960136326327071 4.504200722755585E-9
5.9609118625753466 2.5829785634242054E-9
5.9609118625753466 5.753463358043016E-9
5.9609118625753466 4.615580727879736E-9
5.961289886087437 8.907760969239473E-9
5.961289886087437 6.219779325046746E-9
5.96152409653243 6.606872728745399E-9
5.96152409653243 3.851114023975374E-9
5.9615641562591435 8.336237358316867E-9
5.9615641562591435 7.330421647370344E-9
5.961777465870531 1.1062372998560595E-8
5.961777465870531 1.1012083386885147E-8
5.9624996290314245 1.2991533465971727E-8
5.9624996290314245 8.986944205167121E-9
5.9624996290314245 1.0234781442965407E-8
5.962666525336423 7.187008588184115E-9
5.962666525336423 9.532314359357819E-9
5.962666525336423 1.1284841722637027E-8
5.962801061504659 7.147562403666931E-9
5.963866062551953 8.762743463216191E-9
5.963866062551953 6.052537604051214E-9
5.963866062551953 1.330050035934231E-8
5.963866062551953 1.5193842503550105E-8
5.963866062551953 1.8357828232804166E-8
5.963866062551953 2.4727174736192234E-8
5.964107538253726 1.987139108112645E-8
5.964107538253726 1.4549916590574343E-8
5.964107538253726 7.508694320766725E-9
5.964107538253726 1.0630800559570769E-8
5.964369688594409 8.65828435043953E-9
5.965516992446455 1.1762265921249147E-8
5.965516992446455 1.0743592402216704E-8
5.965516992446455 8.175800541054434E-9
5.9665905481281225 1.0870413897922627E-8
5.9665905481281225 1.0611440444695652E-8
5.9665905481281225 4.825933541772309E-9
5.9665905481281225 1.6536169649709556E-9
5.9665905481281225 2.6372632427907515E-9
5.9665905481281225 5.0754663717524584E-9
5.9665905481281225 7.0876795282645414E-9
5.9665905481281225 4.734492010770323E-9
5.9665905481281225 6.493051385553147E-9
5.9665905481281225 7.716270688924577E-9
5.9665905481281225 7.986939184528795E-9
5.9665905481281225 6.84587519652483E-9
5.966679831765949 4.461816657558792E-9
5.966679831765949 1.2075075269330323E-9
5.966679831765949 1.2084356236342717E-9
5.966679831765949 1.6809978484638688E-9
5.966679831765949 2.516558226265926E-9
5.967261402477568 1.535281100050824E-9
5.9678501446163965 1.223998344203475E-9
5.9678501446163965 4.594524548655894E-10
5.9678501446163965 0.0
5.967952215969662 2.482222416996187E-9
5.967952215969662 2.24003840488853E-9
5.967952215969662 3.3389565467666767E-9
5.968095298134849 6.288526105302424E-9
5.968095298134849 7.745565261518655E-9
5.96829051254104 8.149023211637984E-9
5.96829051254104 1.0444672364685128E-8
5.96829051254104 1.0894066663943253E-8
5.96829051254104 1.0998882578838866E-8
5.968292106028584 1.245200815516693E-8
5.968292106028584 7.607054631352616E-9
5.968292106028584 3.962304851979398E-9
5.968580530932661 2.020824780005773E-9
5.968580530932661 1.0356889267002896E-9
5.968580530932661 2.363054753614099E-9
5.968580530932661 9.338200048695672E-10
5.968580530932661 1.6362572679033475E-9
5.968580530932661 1.0200022636964711E-9
5.968692625108049 2.0226009289749845E-9
5.968692625108049 1.258483998290989E-9
5.968692625108049 7.398671926790272E-10
5.968692625108049 8.439825016110805E-10
5.968692625108049 1.52045884749632E-10
5.968692625108049 4.2244755488895844E-10
5.968730450118304 2.7700147738826056E-10
5.968730450118304 1.470761924113827E-10
5.968730450118304 3.1286102536552275E-10
5.968730450118304 8.449374840374164E-10
5.968730450118304 8.008234615184719E-10
5.968730450118304 1.4998730523019933E-10
5.968730450118304 0.0
5.968798873994209 1.8157178291908189E-10
5.968798873994209 1.7972379609957545E-10
5.968798873994209 1.7972379609957545E-10
5.968798873994209 0.0
5.968798873994209 1.2992528497687784E-10
5.968798873994209 1.2992528497687784E-10
5.968798873994209 0.0
5.968798873994209 1.2995641406970358E-10
5.968798873994209 0.0
5.968798873994209 0.0
5.968798873994209 4.949819961765065E-10
5.968798873994209 0.0
5.968798873994209 1.7967374949215525E-10
5.96890983252638 2.7170317311106083E-10
5.96890983252638 0.0
5.96890983252638 0.0
5.96890983252638 0.0
5.96890983252638 1.1366282376605541E-10
5.96890983252638 1.1366282376605541E-10
5.96890983252638 0.0
5.96890983252638 0.0
5.96890983252638 0.0
5.9689947954084035 6.865548065562202E-11
5.9689947954084035 6.865548065562202E-11
5.9689947954084035 0.0
5.9689947954084035 0.0
5.9689947954084035 1.5189269931609848E-10
5.9689947954084035 2.801420378615097E-10
5.9689947954084035 1.8457868858387106E-10
5.9690007337326065 4.5507818187419435E-10
5.9690007337326065 6.865548065562202E-11
5.9690007337326065 0.0
5.9690007337326065 3.1692456880093265E-10
5.969022772190801 2.756881069666277E-10
5.969023298313999 1.887318380123759E-10
5.969023298313999 0.0
5.969023298313999 0.0
5.969125441497635 1.258330247676718E-10
5.969125441497635 1.258330247676718E-10
5.969125441497635 6.253830652942936E-10
5.969182784785987 8.73490153972969E-11
5.969182784785987 1.244472173443766E-10
5.969182784785987 2.1156842882084823E-10
5.969195278114374 4.0141810077456454E-10
5.969395942262937 7.758105167744038E-10
5.969395942262937 8.907342239088702E-10
5.969395942262937 8.994772323284155E-10
5.969395942262937 1.916080584954957E-9
5.969395942262937 2.319326095298669E-9
5.969395942262937 2.9135766405344308E-9
5.969395942262937 3.171028932607629E-9
5.969395942262937 3.283963937034226E-9
5.969395942262937 2.950578637407245E-9
5.969401006411451 2.598061466145613E-9
5.969401006411451 2.6550822584343502E-9
5.969433122918566 2.406738978939577E-9
5.969433122918566 1.6977595964767274E-9
5.969433122918566 1.8824077818037843E-9
5.969472470591867 1.5124471818315327E-9
5.9694739069651614 6.373287771911843E-10
5.9694739069651614 4.919707280526069E-10
5.969517991750584 4.091403441721955E-10
5.969588161290246 3.558792928893532E-10
5.969588161290246 4.6322817947100747E-10
5.969588161290246 6.216412129181132E-10
5.969621158684889 1.0632196219531702E-9
5.969621158684889 1.1744030799077601E-9
5.969621158684889 1.1219955701738498E-9
5.969621158684889 1.4675996192610785E-9
5.969621158684889 1.3275208678937944E-9
5.969621158684889 1.3535312196337445E-9
5.969625857476606 1.517844186970181E-9
5.969649654709432 2.0378552158540116E-9
5.969685351360889 1.969691428711466E-9
5.969685351360889 1.644764360866431E-9
5.969685351360889 1.1842733908510587E-9
5.969685351360889 8.397671473193387E-10
5.969685351360889 3.9190932675009155E-10
5.969685351360889 2.7954122726746147E-10
5.969726910938103 3.711166452238084E-10
5.969726910938103 3.215025053539923E-10
5.969726910938103 2.226434452495023E-10
5.969726910938103 1.8833200500731923E-10
5.969726910938103 1.428844405926036E-10
5.969726910938103 2.1982046104382509E-10
5.969726910938103 1.6999571715022756E-10
5.9697291097641525 2.968448978142744E-10
5.9697291097641525 2.3763528659310365E-10
5.969751089083633 1.2472988744573704E-10
5.969751089083633 1.4214816585143403E-10
5.969751089083633 4.952208610442652E-11
5.969752604365645 2.0660067425941483E-10
5.969770279576343 2.701312607101258E-10
5.969798486317934 2.7227557583902253E-10
5.969798486317934 2.801040784468322E-10
5.969798486317934 3.773836521873958E-10
5.969798486317934 4.043633218583902E-10
5.969798486317934 3.9529740863499344E-10
5.969798486317934 5.598385199261022E-10
5.969798486317934 5.822618280627283E-10
5.969798486317934 5.247243071985296E-10
5.969798486317934 4.0102730860195167E-10
5.969798486317934 3.937005569616181E-10
5.969812961359258 4.5244673115295617E-10
5.969812961359258 3.864022773120478E-10
5.969812961359258 3.957342390857539E-10
5.969812961359258 2.6826365639390874E-10
5.969812961359258 1.6427721247407923E-10
5.969812961359258 2.230616367877657E-10
5.969819153608765 1.604084041284511E-10
5.969819153608765 1.0536699048013588E-10
5.969819153608765 3.1412240149819236E-11
5.969819153608765 4.6377486883793986E-11
5.969819153608765 7.009266374704173E-11
5.969822072982346 9.570055372146208E-11
5.969822072982346 6.391356174578711E-11
5.969828315952461 6.51940941906368E-11
5.969828315952461 1.545743182467035E-10
5.969828315952461 9.626974924835516E-11
5.969828315952461 7.341203645768228E-11
5.969833922156758 5.7630490929864504E-11
5.969833922156758 9.224931774300978E-11
5.969839096896735 6.30892504002815E-11
5.969842582735955 1.4785623382267554E-10
5.969844184298746 8.353671064809556E-11
5.969846421261899 1.1272443963522095E-10
5.969846421261899 1.1454235188072998E-10
5.969846421261899 1.5505293587944761E-10
5.969846421261899 1.9260274463612494E-10
5.969846421261899 2.0025579949595206E-10
5.9698474406052515 2.0425310043231894E-10
5.969850589076594 2.194558314903573E-10
5.969850589076594 2.011037386938603E-10
5.969850589076594 2.38094734590433E-10
5.969850589076594 2.12414889873106E-10
5.969850589076594 1.5183776237790186E-10
5.969852746529415 9.807426999814436E-11
5.969852746529415 4.581457498408218E-11
5.96985314858726 4.599688797928433E-11
5.969857054338943 7.200052539730182E-11
5.969857054338943 6.209542101613401E-11
5.969857054338943 4.3016194919579825E-11
5.969857054338943 4.280794846003091E-11
5.969860650706216 4.484202614757075E-11
5.969860650706216 3.3143007749413336E-11
5.969860650706216 1.2777726839465898E-11
5.969860650706216 3.022110368398264E-11
5.969860650706216 1.7053841648541536E-11
5.969860650706216 1.4501868623946476E-11
5.969860650706216 2.5663436315029198E-11
5.969860650706216 2.94333259683776E-11
5.969860650706216 1.6015841317680724E-11
5.9698632790334365 2.025086452542845E-11
5.9698651353847705 4.462341108077796E-11
5.9698651353847705 3.567877265983688E-11
5.9698651353847705 3.406223125969625E-11
5.9698651353847705 2.3836200267891652E-11
5.9698651353847705 1.3848876066828957E-11
5.96986978904118 1.026590687720065E-11
5.96986978904118 1.8466117058988336E-11
5.96986978904118 7.219269761054548E-12
5.96986978904118 2.9723406573856476E-11
5.96986978904118 1.7297285726530343E-11
5.969872008593348 2.8418796572017873E-11
5.969872008593348 5.2881833185863316E-11
5.969872008593348 3.0947754992743975E-11
5.969873338007109 4.69270256892194E-11
5.969873338007109 6.532446968538215E-11
5.969875644788015 6.000849930468129E-11
5.969875644788015 8.978867043654906E-11
5.969877443468112 1.0572111621681857E-10
5.969877443468112 1.0081682184114252E-10
5.969877443468112 1.0261363609461271E-10
5.969877443468112 7.854738986391299E-11
5.969878828018162 7.142488229939788E-11
5.969878828018162 7.240234246163401E-11
5.969878828018162 8.027419676598883E-11
5.969878828018162 9.037074422588864E-11
5.969878828018162 8.579641637533502E-11
5.9698801928321235 8.098998234988515E-11
5.969881222764396 7.287437937710756E-11
5.969881222764396 7.244420089232166E-11
5.969881222764396 6.215533867935427E-11
5.969882280998827 3.723913129997163E-11
5.969882977036759 3.0528978093384453E-11
5.969884552676225 2.9219591184810554E-11
5.969884552676225 3.365801075626629E-11
5.969884552676225 2.77414850691181E-11
5.969884552676225 3.414777989445421E-11
5.969884552676225 5.43843759535853E-11
5.969884552676225 4.7369381101273485E-11
5.969884877317765 5.461979684656447E-11
5.969884877317765 4.674131648854157E-11
5.969884877317765 4.9789550112862774E-11
5.969884877317765 4.511749598076895E-11
5.969884877317765 3.936919465117221E-11
5.969884877317765 3.677983719274203E-11
5.969885243450807 3.534115696344978E-11
Score: 5.969885243450807
Runtime: 34697ms
