5.0308221783217944E-5 2.7241797970081003
5.0308221783217944E-5 1.7141199124610909
5.697814250878476E-4 1.1248680033160057
0.0021656301999312426 0.7562041252672077
0.017100040127910755 0.5033386069568794
0.017100040127910755 0.3296126295132289
0.0179946578493823 0.21941893309509003
0.08293732400111031 0.16134523537353498
0.08293732400111031 0.09943924367667929
0.08293732400111031 0.0846111329343518
0.12622543958129134 0.06724382898509774
0.12622543958129134 0.06251082185893264
0.44220558719414405 0.033986045657887876
0.44220558719414405 0.014931136480218538
0.44220558719414405 0.011520080507678259
0.44220558719414405 0.030516417031639303
0.44220558719414405 0.0185923541205094
0.9755987438143142 5.843191684508631E-4
0.9755987438143142 0.004835954427920545
0.9755987438143142 4.2474381519849106E-4
0.9755987438143142 4.1279844057808E-4
1.1241988146187731 0.004231108548971222
1.1241988146187731 3.559786016110428E-4
1.1241988146187731 0.004231142509786706
1.1241988146187731 0.004182685358493899
1.1241988146187731 0.004427813463254931
1.1241988146187731 1.99230557047503E-4
1.7751617157966815 0.0096394359986342
1.7751617157966815 6.109989678353192E-5
1.7751617157966815 6.14937457023522E-5
1.7751617157966815 5.8764096223538884E-5
1.7751617157966815 6.478065917869556E-5
1.7751617157966815 5.251375804011388E-5
1.7751617157966815 2.703200024223253E-5
1.7751617157966815 1.9555909965946698E-5
1.7751617157966815 8.391484926232094E-6
1.865705231580278 2.833999414121716E-6
1.865705231580278 1.2546710974264266E-5
2.036742197709061 2.9634087434015392E-5
2.036742197709061 1.1972208166079148E-5
2.036742197709061 1.616641266573427E-5
2.078955511058192 1.8006108923971104E-5
2.078955511058192 1.905783140834284E-5
2.1094542125084983 1.0581363156703281E-5
2.1317554071504743 2.136491493924889E-6
2.1317554071504743 4.9114055183571896E-6
2.175506223871364 1.0671701935742592E-5
2.175506223871364 1.1584308824873997E-5
2.175506223871364 9.800439514439286E-6
2.175506223871364 1.4688384566547315E-5
2.186492919606076 1.690797269598715E-5
2.500964245196054 9.413706851127272E-6
2.64201316853144 9.29007821735076E-6
2.64201316853144 7.050071327729098E-6
2.64201316853144 6.943046515264025E-6
2.64201316853144 7.857117458256442E-6
2.64201316853144 9.407909685055438E-6
2.64201316853144 3.5358532234596875E-6
2.715197645958286 6.868963207082657E-6
2.715197645958286 5.572652066690535E-6
2.715197645958286 1.2796349503498633E-5
2.916545360269607 7.110466285377736E-6
3.1147108295681614 1.0196547247941338E-5
3.1147108295681614 7.786740991926893E-6
3.1147108295681614 1.3267717891868536E-5
3.1147108295681614 1.2042041810575416E-5
3.1147108295681614 6.758722094499029E-6
3.1147108295681614 3.576809160506155E-6
3.1147108295681614 2.5824108432877105E-6
3.1147108295681614 1.2212969475833775E-6
3.1147108295681614 1.1448544570423107E-6
3.179000375630419 3.123160572982543E-6
3.179000375630419 2.6376089500892214E-6
3.179000375630419 2.878989618187173E-6
3.179000375630419 2.926102479046103E-6
3.4704379176913474 2.769510869711602E-6
3.4704379176913474 2.1008841309416697E-6
3.4704379176913474 1.0985404756976043E-5
3.4704379176913474 3.358295790869146E-6
3.4704379176913474 8.984332540626341E-7
3.4704379176913474 0.0
3.4704379176913474 6.057788880073204E-7
3.4704379176913474 0.0
3.4704379176913474 0.0
3.4704379176913474 2.892307783088013E-7
3.4704379176913474 9.517002967330653E-7
3.4704379176913474 7.377348989290951E-7
3.4704379176913474 3.3824291524734595E-6
3.4704379176913474 2.622141270009173E-6
3.4704379176913474 1.1190483370660636E-6
3.4704379176913474 5.907992672025206E-7
3.4704379176913474 0.0
3.4704379176913474 2.6942487557186687E-7
3.4704379176913474 0.0
3.4704379176913474 0.0
3.4704379176913474 0.0
3.4704379176913474 0.0
3.4704379176913474 0.0
3.4704379176913474 0.0
3.4704379176913474 0.0
3.4704379176913474 0.0
3.4704379176913474 0.0
3.4704379176913474 0.0
3.4704379176913474 0.0
3.4704379176913474 0.0
3.4704379176913474 0.0
3.4704379176913474 0.0
3.4704379176913474 0.0
3.4704379176913474 0.0
3.4704379176913474 0.0
3.4704379176913474 0.0
3.4704379176913474 0.0
3.4704379176913474 0.0
3.4704379176913474 0.0
3.4704379176913474 0.0
3.4704379176913474 0.0
3.4704379176913474 0.0
3.4704379176913474 0.0
3.4704379176913474 0.0
3.4704379176913474 0.0
3.4704379176913474 0.0
3.4704379176913474 0.0
3.4704379176913474 0.0
3.4704379176913474 0.0
3.4704379176913474 0.0
3.4704379176913474 0.0
3.4704379176913474 0.0
3.4704379176913474 0.0
3.4704379176913474 0.0
3.4704379176913474 0.0
3.4704379176913474 0.0
3.4704379176913474 0.0
3.4704379176913474 0.0
3.4704379176913474 0.0
3.4704379176913474 0.0
3.4704379176913474 0.0
3.4704379176913474 0.0
3.4704379176913474 0.0
3.4704379176913474 0.0
3.4704379176913474 0.0
3.492693105943964 4.694101168586897E-7
3.492693105943964 0.0
3.492693105943964 0.0
3.492693105943964 0.0
3.492693105943964 0.0
3.492693105943964 0.0
3.492693105943964 0.0
3.492693105943964 0.0
3.492693105943964 0.0
3.492693105943964 0.0
3.5439042163813994 9.325170598782881E-8
3.5439042163813994 0.0
3.5439042163813994 0.0
3.5439042163813994 0.0
3.5439042163813994 0.0
3.5439042163813994 0.0
3.5439042163813994 0.0
3.5439042163813994 9.325170598782881E-8
3.5439042163813994 9.325170598782881E-8
3.5439042163813994 0.0
3.5498209268109604 1.0030765271153205E-7
3.5498209268109604 1.0030765271153205E-7
3.5498209268109604 0.0
3.5498209268109604 8.190298687284124E-8
3.5498209268109604 0.0
3.5778181550841777 1.4482061199159576E-7
3.5778181550841777 1.4482061199159576E-7
3.5778181550841777 4.049699886660161E-7
3.5778181550841777 0.0
3.5778181550841777 0.0
3.5778181550841777 1.3242877224288333E-7
3.5778181550841777 6.63535486392344E-8
3.5778181550841777 7.372224103386332E-8
3.5778181550841777 8.342831624475344E-8
3.578920687035251 1.351633633844447E-7
3.578920687035251 1.818677838172185E-7
3.578920687035251 2.398394895727916E-7
3.578920687035251 1.500240768703884E-7
3.578920687035251 2.694656109312327E-7
3.578920687035251 3.7888326584619227E-7
3.578920687035251 2.305146369960671E-7
3.578920687035251 2.1394532974495206E-7
3.578920687035251 1.2826696227541294E-7
3.578920687035251 8.459843403455235E-8
3.578920687035251 0.0
3.578920687035251 0.0
3.5981309122169165 1.8613885466866551E-7
3.5981309122169165 0.0
3.5981309122169165 0.0
3.5981309122169165 0.0
3.6051516721084376 8.034124953586759E-8
3.6051516721084376 4.3566628656433543E-8
3.6051516721084376 0.0
3.6067866034001717 1.6274143596056787E-7
3.6107648669739305 6.309581084106687E-8
3.6107648669739305 3.1547905420533434E-8
3.6107648669739305 0.0
3.6107648669739305 1.0585485512861148E-7
3.6107648669739305 4.955371871637988E-8
3.6107648669739305 4.955371871637988E-8
3.6107648669739305 4.9274802476425096E-8
3.6107648669739305 1.012667617369535E-7
3.6107648669739305 0.0
3.6107648669739305 0.0
3.611411396424743 3.628612651918163E-8
3.611411396424743 2.5757192904150618E-8
3.6210207610596257 4.693984854681293E-8
3.6210207610596257 8.205832931638222E-8
3.6210207610596257 3.737366944015268E-8
3.6210207610596257 3.737366944015268E-8
3.624260350182997 1.0572361538686206E-7
3.629429558497941 3.886007056961744E-8
3.629429558497941 7.222681428684793E-8
3.629429558497941 1.6648129918534654E-8
3.629429558497941 3.735836700117076E-8
3.629429558497941 3.82593866364685E-8
3.629429558497941 1.3091628359023379E-7
3.629429558497941 8.985878052721462E-8
3.636397438414315 1.995782634190284E-7
3.636397438414315 2.4664100908818904E-7
3.636397438414315 1.3351851861247758E-7
3.636397438414315 1.5125396948654915E-7
3.636397438414315 7.632720076768167E-8
3.636397438414315 5.289817529248388E-8
3.6414050693812126 5.333084494114676E-8
3.6414050693812126 5.587996680211032E-8
3.6414050693812126 7.028230118641252E-8
3.6414050693812126 6.994191550884593E-8
3.64167813175935 8.811286479590237E-8
3.6470326249216245 1.1905286012283519E-7
3.6504163526237616 3.033767481195965E-8
3.6504163526237616 6.654458683055253E-8
3.6504163526237616 1.5166527684920672E-8
3.657063933117298 5.052700381232783E-8
3.657063933117298 7.576053450576829E-8
3.657063933117298 1.2632323234325789E-7
3.657063933117298 1.212712993740892E-7
3.657063933117298 9.274118266334503E-8
3.657063933117298 1.4893181780209396E-7
3.661337763911164 1.9103915099614347E-7
3.661337763911164 2.3509476330539197E-7
3.661337763911164 2.155435621791061E-7
3.6617652315421982 1.5493779287903983E-7
3.6617652315421982 1.203518623174626E-7
3.6628828011388777 1.0122811886552741E-7
3.6628828011388777 8.141034844582803E-8
3.664455842972534 4.446172654607308E-8
3.664455842972534 7.894503513731064E-8
3.664455842972534 6.22666401372232E-8
3.671063573184709 7.880856560063556E-8
3.671063573184709 3.3813566191623385E-8
3.671063573184709 3.517577397782279E-8
3.672356071215475 4.817541120778179E-8
3.672356071215475 4.0807522061928707E-8
3.672356071215475 6.315673341798328E-8
3.672356071215475 8.0880379892405E-8
3.673227911739177 9.409418679593385E-8
3.673227911739177 9.34509213544458E-8
3.6736626080826547 8.262468558691217E-8
3.6747954746304523 1.5711778504359991E-7
3.6747954746304523 1.7663385078009432E-7
3.6747954746304523 1.6184269385812855E-7
3.6756763641881425 1.5587086892552302E-7
3.6756763641881425 1.245203682375919E-7
3.6756763641881425 8.243989538713198E-8
3.6764669810265955 6.337728076543965E-8
3.6774761434910626 6.96219700196064E-8
3.6774761434910626 6.443986178810156E-8
3.6774761434910626 7.14822871475937E-8
3.6774761434910626 6.074809054786671E-8
3.6774761434910626 6.076231776379971E-8
3.6774761434910626 5.087866945956093E-8
3.6774761434910626 4.967017184811076E-8
3.6774761434910626 4.281202207455322E-8
3.6775770887338073 3.200676398217071E-8
3.6776305555465627 3.4645401183291156E-8
3.6776305555465627 3.265366344606118E-8
3.678255916507574 2.572184548730877E-8
3.678279046828981 2.9065302602452484E-8
3.6784869057661003 1.9517283193218862E-8
3.6784869057661003 1.7847174938834722E-8
3.678586437310888 8.061123472598542E-9
3.678586437310888 2.9736211315213102E-9
3.678586437310888 2.9896691844567703E-9
3.6787439347459836 1.0713164872734879E-9
3.6791826885068346 2.0319119013406253E-9
3.6791826885068346 3.1724915344855325E-9
3.6791826885068346 4.210365469337852E-9
3.6791826885068346 3.4089809613129516E-9
3.6791826885068346 6.7132156160064895E-9
3.679367505284633 5.397960100834997E-9
3.679367505284633 4.282182246423202E-9
3.6796037998558733 7.96813389339509E-9
3.679657295957581 1.1649825731134611E-8
3.679657295957581 1.6908699025202257E-8
3.6799317833931178 1.793184217974686E-8
3.6799317833931178 2.2738128265235026E-8
3.6799317833931178 2.6195209841251442E-8
3.6799317833931178 2.854589450827188E-8
3.6799317833931178 2.1078183190158156E-8
3.679933498245831 1.872473769864358E-8
3.6799927507889105 1.65418920652125E-8
3.6799927507889105 1.8618138578332043E-8
3.6800725861368413 1.827496631207462E-8
3.6800725861368413 1.6468045531024324E-8
3.6800725861368413 1.294713106034132E-8
3.6800725861368413 1.1728232097047207E-8
3.680079288045431 1.100473082525005E-8
3.680079288045431 7.871332515956739E-9
3.680095291654544 6.267787788560611E-9
3.680175088232574 2.4446000334709313E-9
3.680175088232574 1.4918405538086998E-9
3.680175088232574 1.563407581727925E-9
3.680175088232574 1.672909413289772E-9
3.6802382810728265 2.412005989045059E-9
3.6802382810728265 2.403665825070303E-9
3.680240274037546 2.227155020481417E-9
3.6802698240323126 2.362555302471634E-9
3.6802936455181037 2.5970421902472327E-9
3.6802936455181037 2.869857580019764E-9
3.6803309659001187 3.5223256780846326E-9
3.6803309659001187 3.3432219834188716E-9
3.6803309659001187 3.558781461582799E-9
3.6803309659001187 3.0162991473982185E-9
3.6803309659001187 2.731576957985019E-9
3.6803309659001187 2.6137517979196326E-9
3.6803328995829023 2.9851575995730306E-9
3.6803328995829023 2.278645249451187E-9
3.680352490757606 2.2191971448950667E-9
3.6804166688226263 1.6477838607330879E-9
3.6804166688226263 1.9554874359169E-9
3.6804166688226263 1.7311351058772311E-9
3.6804166688226263 1.3557604842562055E-9
3.680424177508476 1.3288938555751005E-9
3.680424177508476 1.1424889815190879E-9
3.680424177508476 9.642600773198478E-10
3.680424177508476 5.699869850084341E-10
3.680454871880557 5.748765696445382E-10
3.680455211890934 7.947076970880236E-10
3.6804880928715447 5.078440866659835E-10
3.6804880928715447 8.671740867232188E-10
3.6804880928715447 8.85392183409725E-10
3.6804880928715447 7.605846450056453E-10
3.6804880928715447 4.5046084866240943E-10
3.6804880928715447 3.3811214802745574E-10
3.6804880928715447 3.169395738492035E-10
3.6804921285403953 4.523525708099711E-10
3.6804947924404314 4.093093614924602E-10
3.6804947924404314 5.312509640831059E-10
3.68050114253252 5.198387332148741E-10
3.680510391442952 5.369452592343894E-10
3.680535186997036 6.794015633547055E-10
3.680535186997036 4.815155243087551E-10
3.680535186997036 5.047392932030572E-10
3.680535186997036 2.1550836227856782E-10
3.680535186997036 1.2099002652664262E-10
3.680535186997036 1.3214151366067196E-10
3.680535186997036 1.325577554641182E-10
3.680535186997036 1.8334076019573335E-10
3.680535186997036 2.0853639110441134E-10
3.680535186997036 2.817584188069737E-10
3.6805377145688185 2.87249659834846E-10
3.6805377145688185 2.545609817598354E-10
3.6805377145688185 2.4968198533088756E-10
3.680544086002007 2.2994391846913529E-10
3.6805463821175417 1.6438460042703186E-10
3.6805463821175417 6.652896079561205E-11
3.6805463821175417 6.439722906801463E-11
3.680548019183943 1.5283660498420855E-11
3.680548019183943 1.9316061072395847E-11
3.6805488370337294 3.586418772936604E-11
3.6805488370337294 3.852102529481791E-11
3.6805527991357643 7.802665746431415E-11
3.6805527991357643 1.3467354071651645E-10
3.6805554695387563 1.6466475880794184E-10
3.680563112697477 1.3844154170299252E-10
3.680563112697477 1.523390532928923E-10
3.680563112697477 1.336550497656658E-10
3.680563112697477 1.4018556713653424E-10
3.680563112697477 1.0936515015927912E-10
3.680563112697477 1.2353931085981058E-10
3.680563112697477 1.245706064713949E-10
3.680563112697477 1.111643524864429E-10
3.680563112697477 1.3515652542024022E-10
3.680563112697477 1.247991676166759E-10
3.6805651493086584 1.1797739664203754E-10
3.6805651493086584 7.360399424700608E-11
3.6805655227440788 7.077385451136499E-11
3.6805655227440788 5.950257686829639E-11
3.6805655227440788 5.4589790459213095E-11
3.6805676590205905 2.2747266574261488E-11
3.6805685232304945 2.740255319744307E-11
3.6805685232304945 0.0
3.6805689544835114 3.5043113374769007E-12
3.6805689544835114 0.0
3.6805689544835114 2.4635742363895934E-12
3.68057183872508 4.545391735150181E-12
3.680572467454356 5.056265413868486E-12
3.680572467454356 8.146644953119131E-12
3.680573103279988 2.507517436684676E-11
3.680573103279988 2.7030765395823428E-11
3.680573103279988 2.925408584203855E-11
3.680573103279988 3.06365601018982E-11
3.6805752999804433 3.2434293826464786E-11
3.680576710583254 4.692104889430536E-11
3.680576710583254 3.381866470154129E-11
3.680576710583254 3.670861162318919E-11
3.680576710583254 4.025349231136308E-11
3.6805792220525904 4.7531569438768635E-11
3.6805797639940763 4.70342918984725E-11
3.6805797639940763 1.1235476505334454E-10
3.6805797639940763 5.015230579412734E-11
3.6805797639940763 5.975222802660291E-11
3.6805800311364445 7.439429582104631E-11
3.68058025271008 6.935019351800113E-11
3.68058025271008 6.137745713755906E-11
3.6805804714950616 4.8391549328731046E-11
3.680581170861357 3.896426370653461E-11
3.680581170861357 3.863303186603464E-11
3.680581170861357 3.385852283088249E-11
3.680581170861357 3.229721956532281E-11
3.6805816696716356 2.384624092722012E-11
3.6805816696716356 1.4903797578170403E-11
3.6805820847665895 6.075469569501717E-12
3.6805820847665895 6.194176180470493E-12
3.6805821107684 7.353998942331891E-12
3.6805826994689865 7.356969405526054E-12
3.6805826994689865 8.738332958504182E-12
3.6805826994689865 1.1120200416791725E-11
3.6805826994689865 1.2439252005055021E-11
3.6805826994689865 1.428629205285056E-11
3.6805826994689865 1.0275548948839829E-11
3.6805827927819665 6.093642683703706E-12
3.6805828831933827 4.405224526942478E-12
3.6805828831933827 6.4797124255015795E-12
3.6805828831933827 3.9813625040323465E-12
3.6805830495442873 4.668987215844256E-12
3.6805830495442873 2.622888291168746E-12
3.6805830495442873 2.8147190045298945E-12
3.6805830495442873 1.8867711100477608E-12
3.6805830495442873 2.417732506285435E-12
3.6805830495442873 1.9627586873203157E-12
3.680583070241446 3.1787636506626874E-12
3.6805831094988766 1.097792905348209E-12
3.6805831094988766 1.2566662081763443E-12
3.6805831094988766 1.5960291089497831E-12
3.6805834751826105 1.8180677111667751E-12
3.6805834751826105 1.00636253208212E-12
3.6805834751826105 8.821684684564051E-13
3.6805834751826105 5.52820481210514E-13
3.6805834751826105 1.1432117265816896E-12
3.6805834751826105 7.315879207627936E-13
3.6805835048454054 1.2347964860417704E-12
3.6805835048454054 1.114088752390603E-12
3.6805835048454054 8.928632880005404E-13
3.6805835048454054 1.5808857761018007E-12
3.680583733535095 1.8066925274364973E-12
3.680583733535095 3.0364827896258404E-12
3.680583733535095 3.3361299552792975E-12
3.680583733535095 3.676527752836053E-12
3.680583733535095 3.0716185894811276E-12
3.680583733535095 1.9531505580041202E-12
3.680583733535095 8.744412601012346E-13
3.6805837357760325 6.791947791387104E-13
3.6805837850002865 9.627480633406342E-13
3.6805837850002865 7.559913856303898E-13
3.6805837850002865 8.944198925755985E-13
3.6805837850002865 9.227181473261939E-13
3.680583792732866 1.524759989996232E-12
3.6805838674687505 1.328044304304747E-12
3.6805838674687505 1.0648009139164226E-12
3.6805838674687505 4.638442180160967E-13
3.680583880348936 7.437271625854672E-13
3.680583941588939 5.031924004596728E-13
3.680583941588939 5.477712761495778E-13
3.680583941588939 4.2793724815441583E-13
3.680583941588939 6.569079367784563E-13
3.6805839834462977 6.320767392569544E-13
3.6805839834462977 4.3710230498923654E-13
3.6805839834462977 6.515251375565985E-13
3.6805839834462977 6.668240716944159E-13
3.6805839834462977 6.581658643820833E-13
3.6805839834462977 6.279588388315902E-13
3.6805840088852566 5.829489287296813E-13
3.680584051626215 7.230785863417702E-13
3.680584051626215 5.618013609337439E-13
3.680584051626215 6.036952500958864E-13
3.6805840699358146 6.381471678786195E-13
3.6805840699358146 7.178075035008746E-13
3.6805840699358146 5.601581636845494E-13
3.6805840699358146 5.712051052276906E-13
3.6805841020230328 7.251899988374032E-13
3.6805841020230328 5.587721548748212E-13
3.6805841181296217 6.096380053216759E-13
3.6805841181296217 6.057727845688581E-13
3.6805841181296217 6.72691545909569E-13
3.6805841181296217 4.891582874535023E-13
3.680584123947004 5.293059824591528E-13
Score: 3.680584123947004
Runtime: 34314ms
