1.4405779532931958E-4 2.6969221879484317
0.0011254866547128544 1.7444414366974605
0.002035921795019527 1.1339555899926763
0.002035921795019527 0.7395364113287929
0.002035921795019527 0.4705731453265905
0.02977390822540414 0.3492745440940197
0.14891109336443034 0.23803908299712284
0.14891109336443034 0.16166146705450798
0.14891109336443034 0.14710704809882869
0.27493590619788977 0.0735248456057688
0.2888114662266831 0.06108611917214556
0.2888114662266831 0.032863095159468225
0.2888114662266831 0.031400112823536885
0.2888114662266831 0.029884466112019385
0.47210427730426785 0.017650473173255042
0.47210427730426785 0.010149152412876328
0.47210427730426785 0.014244321668246901
0.47210427730426785 0.011815308154311656
0.9916631842530728 0.0028154166971518678
0.9916631842530728 0.009118660201580597
0.9916631842530728 4.3186405280578097E-4
0.9916631842530728 0.005140465878059768
0.9916631842530728 0.004622972008897671
1.005074952037797 1.2359714255588523E-4
1.005074952037797 8.94304906760423E-5
1.005074952037797 9.794891557023995E-5
1.005074952037797 1.0721425306012987E-4
1.005074952037797 8.85013962802439E-5
1.623382045657753 9.020970670396055E-5
1.623382045657753 7.932279342329925E-5
1.623382045657753 0.006011314831140457
1.623382045657753 4.690482004702553E-5
1.623382045657753 3.5430947569103326E-5
1.623382045657753 3.525783896551984E-5
1.623382045657753 1.6379491188557672E-5
1.623382045657753 0.0
1.623382045657753 2.5819046629113032E-6
1.623382045657753 4.817819649024447E-6
1.623382045657753 4.3754793443005894E-6
1.7642551663685464 1.352679778553411E-5
2.5114332991968125 2.6406250145477243E-5
2.5114332991968125 1.9235167319746625E-5
2.5114332991968125 3.7454043035903316E-5
2.5114332991968125 4.5210996682376255E-5
2.5114332991968125 2.8961066835271922E-5
2.5114332991968125 2.5820806778999405E-5
2.5114332991968125 6.572937920075974E-6
2.5114332991968125 2.725858474421626E-5
2.8025278228344637 2.054557265946029E-5
2.8025278228344637 2.4970435654218768E-5
2.8025278228344637 3.5101182042902144E-5
5.401979988469909 4.444592089952631E-5
5.401979988469909 3.3976234849849204E-5
5.401979988469909 3.130985382589367E-5
5.401979988469909 2.731019656150367E-5
5.401979988469909 1.9751166486920093E-5
5.401979988469909 2.5139732919003995E-5
5.401979988469909 1.281252788175941E-5
5.401979988469909 1.3486734822454738E-5
5.401979988469909 0.0
5.401979988469909 1.9801900866882896E-6
5.401979988469909 8.32950256111438E-6
5.401979988469909 9.138674681928369E-6
5.401979988469909 1.1700421626805523E-5
5.401979988469909 1.4673802694576951E-5
5.401979988469909 1.065741212882071E-5
5.401979988469909 5.29777499555043E-6
5.401979988469909 1.2554459108024715E-5
5.401979988469909 6.66753838873839E-6
5.401979988469909 0.0
5.401979988469909 0.0
5.401979988469909 0.0
5.401979988469909 0.0
5.401979988469909 0.0
5.401979988469909 0.0
5.401979988469909 0.0
5.401979988469909 0.0
5.401979988469909 0.0
5.401979988469909 0.0
5.401979988469909 0.0
5.401979988469909 0.0
5.401979988469909 0.0
5.401979988469909 0.0
5.401979988469909 0.0
5.401979988469909 0.0
5.401979988469909 0.0
5.753816427572733 2.654805256694638E-6
5.753816427572733 0.0
5.753816427572733 0.0
5.753816427572733 0.0
5.753816427572733 0.0
5.753816427572733 0.0
5.753816427572733 0.0
5.753816427572733 0.0
5.753816427572733 0.0
5.753816427572733 0.0
5.753816427572733 0.0
5.753816427572733 0.0
6.137701336566712 3.150924496528681E-6
6.137701336566712 3.150924496528681E-6
6.137701336566712 5.960244164560348E-6
6.137701336566712 4.0785666608175155E-6
6.363222456135787 5.411716952887205E-6
6.363222456135787 3.2001555492023213E-6
6.363222456135787 1.111930495121224E-6
6.363222456135787 5.228526895506473E-6
6.363222456135787 6.587303331118409E-6
6.563202039237667 5.143928635926797E-6
6.563202039237667 0.0
6.563202039237667 4.491689869397077E-6
6.563202039237667 7.522751167953577E-6
6.563202039237667 3.4327250203968937E-6
6.563202039237667 8.440496821620787E-6
6.563202039237667 6.0146845570863524E-6
6.66664457967708 8.486481259388564E-6
6.961825322535258 5.675815864184039E-6
6.961825322535258 4.483826809422348E-6
6.961825322535258 6.300620433611393E-6
6.961825322535258 7.774793989088004E-6
6.961825322535258 1.442578711614273E-5
7.455137971412445 6.275145466760477E-6
7.455137971412445 4.657950646975128E-6
7.685800976774289 4.126764487312898E-6
7.685800976774289 5.141823293632334E-6
7.685800976774289 1.6594356170533734E-5
7.685800976774289 1.2025533537447408E-5
7.685800976774289 1.9686406097629524E-5
7.685800976774289 1.9880603492151735E-5
8.046682400350823 2.3861601254311805E-5
8.046682400350823 1.361537904313491E-5
8.046682400350823 1.9483078416187006E-5
8.054596469862414 1.885390216038775E-5
8.143951611852833 2.4690896735644483E-5
8.18167060858488 2.7199573724205556E-5
8.18167060858488 2.262423391891052E-5
8.22109494489975 1.4600600240884932E-5
8.329287554024386 1.5478263280696757E-5
8.329287554024386 1.5656687796369626E-5
8.329287554024386 1.5210575565252726E-5
8.329287554024386 1.8319664305133694E-5
8.341101986222995 1.710712990250213E-5
8.419600802649555 1.3658143364309233E-5
8.506345501239881 9.201394313847808E-6
8.510630398188452 6.083849845088899E-6
8.510630398188452 5.900113866143759E-6
8.510630398188452 6.959541827260879E-6
8.580644902594301 7.057889933014538E-6
8.581288058267283 7.717526345889868E-6
8.581288058267283 7.442604020317972E-6
8.796126290552914 7.68855805774875E-6
8.796126290552914 5.765687245403439E-6
8.796126290552914 5.23833315149946E-6
8.796126290552914 5.504252662160045E-6
8.796126290552914 6.341573510581438E-6
8.796126290552914 6.678256694978801E-6
8.796126290552914 6.091515766308888E-6
8.796126290552914 5.3274391248122394E-6
8.836669531938565 5.353097759571401E-6
8.836669531938565 6.073590420468112E-6
8.836669531938565 5.414855309989867E-6
8.836669531938565 5.158630007362494E-6
8.836669531938565 5.159438079629097E-6
8.836669531938565 3.970105848598255E-6
8.838244510845719 2.5314631190167585E-6
8.838244510845719 1.8318835227440612E-6
8.838244510845719 1.577304667934946E-6
8.861489548094907 8.606895731089071E-7
8.861489548094907 4.068004738489504E-7
8.861489548094907 9.764267472913175E-8
8.861489548094907 0.0
8.882439957401042 9.672270584352957E-8
8.882439957401042 8.642637630507657E-8
8.882439957401042 1.8985725067168052E-7
8.882439957401042 9.764267472913175E-8
8.882439957401042 1.952853494582635E-7
8.882439957401042 2.0541174006924163E-7
8.882439957401042 0.0
8.882439957401042 0.0
8.882439957401042 0.0
8.882439957401042 0.0
8.882439957401042 0.0
8.882439957401042 8.642637630507657E-8
8.92318884861266 3.706207633477742E-7
8.92318884861266 1.0086134096290907E-7
8.92318884861266 1.5422332930634497E-7
8.92318884861266 1.7636437712042833E-7
8.92318884861266 2.0817524328999785E-7
8.92318884861266 1.1898933343433994E-6
8.92318884861266 5.8911530025798996E-8
8.92318884861266 5.8911530025798996E-8
8.92318884861266 4.988323361004198E-8
8.92318884861266 4.988323361004198E-8
8.92318884861266 1.0307498539289533E-7
8.944337689502055 2.1780595567671096E-7
8.944337689502055 2.2192479376559048E-7
8.944337689502055 1.7883633973716315E-7
8.945985320570756 5.242213349035488E-7
8.945985320570756 1.5876776791451168E-7
8.945985320570756 1.0193437379034158E-7
8.945985320570756 0.0
8.945985320570756 0.0
8.945985320570756 7.856432087762092E-8
8.945985320570756 1.7187097008757425E-7
8.959530893660038 2.0597339869658762E-7
8.98902301764801 1.0818410070150343E-7
8.98902301764801 1.3319019941584706E-7
8.98902301764801 2.0516756863268697E-7
9.014002060599475 5.010936186852876E-7
9.014002060599475 3.695452092505574E-7
9.014002060599475 4.595518289190255E-7
9.045505857434843 2.7703636127258794E-7
9.045505857434843 2.303946317117694E-7
9.045505857434843 5.082028345420967E-7
9.045505857434843 5.544412347118095E-7
9.045505857434843 5.928684345354296E-7
9.047707579571567 8.433375645969286E-7
9.064603789760243 7.617765773960646E-7
9.064603789760243 7.718302891347866E-7
9.064603789760243 7.027268326514813E-7
9.064603789760243 8.006755834207529E-7
9.064603789760243 7.282271558379264E-7
9.064603789760243 5.713060801512713E-7
9.064603789760243 6.747093843759062E-7
9.072503518590002 6.050892698598942E-7
9.07899898145021 5.926019025885942E-7
9.07899898145021 4.926036921727421E-7
9.082711779746264 2.7619437273124076E-7
9.082711779746264 2.1537463945377887E-7
9.082711779746264 2.700136094791719E-7
9.096887668660957 2.9681945612882674E-7
9.096887668660957 1.6024987500763332E-7
9.097736497365847 2.617928603053395E-7
9.102309791304322 2.4780086798904136E-7
9.10668805045152 2.871078111660773E-7
9.10668805045152 2.354981988566622E-7
9.108868901712018 3.814628847338345E-7
9.112261841666172 5.389444715405508E-7
9.112261841666172 4.5553447386539835E-7
9.112261841666172 4.670963281449942E-7
9.113565782101205 4.2963452853155196E-7
9.121330254796092 3.628112973516641E-7
9.121330254796092 5.279215463499185E-7
9.121330254796092 4.2172020058188276E-7
9.121330254796092 3.8778076617466907E-7
9.121330254796092 4.165342209253049E-7
9.125226690129486 4.227738209361666E-7
9.125226690129486 3.050764209942336E-7
9.13045595826198 3.54073724297223E-7
9.137770833767265 3.889018428041613E-7
9.137770833767265 5.583359521657694E-7
9.137770833767265 5.560851449728659E-7
9.148110865485066 5.995215117798259E-7
9.148110865485066 6.723760761918055E-7
9.148110865485066 6.710621807684526E-7
9.148110865485066 6.336942586887655E-7
9.148110865485066 7.04724609191542E-7
9.148110865485066 8.333672621114942E-7
9.148186227935781 8.251235141986058E-7
9.148186227935781 7.850642771174027E-7
9.148186227935781 6.579758355217404E-7
9.150064228325386 5.484380336882407E-7
9.150064228325386 5.55224096396489E-7
9.152381098335198 4.085048819344821E-7
9.152381098335198 3.718861259065466E-7
9.15704151220453 4.0715671365622786E-7
9.15704151220453 4.181932376982677E-7
9.15704151220453 3.765784807100688E-7
9.15704151220453 2.9629167028788843E-7
9.157079327514543 2.384866921386992E-7
9.161499311785468 2.0509853711898136E-7
9.161499311785468 2.2497973538230172E-7
9.161499311785468 2.1975366972045897E-7
9.161499311785468 2.912707992003457E-7
9.161499311785468 2.907457764355699E-7
9.161499311785468 3.124159948114065E-7
9.165373978601147 2.934600897496401E-7
9.165373978601147 2.681151165380184E-7
9.165373978601147 2.3874934847180154E-7
9.165373978601147 2.2105812998000265E-7
9.165373978601147 1.9373959245918886E-7
9.165373978601147 2.0761343157538744E-7
9.165373978601147 1.8423584304549845E-7
9.166846267905958 1.470360037918901E-7
9.16829865777531 8.143365521916965E-8
9.16829865777531 5.820942921220973E-8
9.16829865777531 7.622188547245487E-8
9.16829865777531 9.974814149169158E-8
9.169062939466965 1.193997887207754E-7
9.169517020934988 9.889403980038598E-8
9.170012505361177 8.1754321067975E-8
9.171364914795703 7.495571938473389E-8
9.171364914795703 6.70956855254094E-8
9.171364914795703 5.706935618465146E-8
9.171983150658413 7.878123279064613E-8
9.172177839743453 8.865724401016791E-8
9.172177839743453 1.0278282356852541E-7
9.172177839743453 8.149373093904557E-8
9.173103546625775 7.471302440504504E-8
9.174299136744539 7.392712379125663E-8
9.17514644547426 8.695932897263509E-8
9.17514644547426 1.0332524390604773E-7
9.175287405178294 1.0604770986736764E-7
9.175287405178294 1.0404546824214556E-7
9.17612938535054 9.616423738877726E-8
9.17612938535054 9.856550379652663E-8
9.17612938535054 9.550994513826309E-8
9.17612938535054 1.0786552714646936E-7
9.17612938535054 1.1419989642432519E-7
9.176795499559669 1.2367310648703414E-7
9.177011205510725 1.1578402977559188E-7
9.17788466126707 8.56712341981155E-8
9.17788466126707 8.277529579438507E-8
9.17788466126707 6.46742959622494E-8
9.178692794361567 5.03931848865161E-8
9.178692794361567 4.768816672958669E-8
9.178692794361567 5.2824870853549764E-8
9.179138696580791 5.741134835435871E-8
9.179166950435523 6.305115997145333E-8
9.17957293386294 6.952851365823569E-8
9.17957293386294 7.652129715921682E-8
9.179583851505164 8.002838591405078E-8
9.179583851505164 8.031386680764636E-8
9.180094350621012 7.19521888523957E-8
9.180094350621012 6.782766883609451E-8
9.180156690525356 6.713853233631406E-8
9.180156690525356 5.335456060607856E-8
9.18025419765493 4.935955763075678E-8
9.180391705903354 5.010426425500074E-8
9.180391705903354 4.3974781753637885E-8
9.180391705903354 4.010297440659324E-8
9.180710385357129 3.376573160941201E-8
9.181191799878155 2.858535243008215E-8
9.181191799878155 2.7901263940302912E-8
9.181191799878155 2.3648485738840953E-8
9.181191799878155 2.3049974737754728E-8
9.181191799878155 2.0511632951435086E-8
9.181191799878155 2.0299372255698972E-8
9.181238334290573 2.1773944369744032E-8
9.181318443674927 2.4189405810742336E-8
9.18169123528335 2.4225544237631293E-8
9.18169123528335 2.5500899301240282E-8
9.18169123528335 2.756100819922399E-8
9.18169123528335 2.4940183920047087E-8
9.18199644620618 2.5526402250599785E-8
9.18199644620618 2.2508017042213486E-8
9.18199644620618 1.8787942268248284E-8
9.18199644620618 1.7509779092245205E-8
9.18199644620618 1.4974712148340312E-8
9.182195869630851 1.5446307314793287E-8
9.182270281421046 1.3736977571181739E-8
9.182270281421046 1.2777735114024447E-8
9.182270281421046 9.866148933363662E-9
9.18237019450242 8.03899098216061E-9
9.18237019450242 7.810958377529603E-9
9.18237019450242 7.158928221204015E-9
9.18237019450242 6.479823847710208E-9
9.18237019450242 4.898804751140772E-9
9.18237019450242 4.4264166514357604E-9
9.18237019450242 3.7186938633391515E-9
9.18237019450242 4.211131733826787E-9
9.18242390369144 2.678814430130338E-9
9.182575335615997 2.6016223454950204E-9
9.182575335615997 1.6871343671614842E-9
9.182575335615997 1.3383392805537735E-9
9.182575335615997 1.033871175359543E-9
9.182575335615997 1.0999918547377392E-9
9.182575335615997 9.563331860811228E-10
9.182575335615997 1.0569139940265531E-9
9.182575335615997 9.241314031437541E-10
9.182575335615997 9.027232305571881E-10
9.182575335615997 1.1045986534092407E-9
9.182575335615997 1.2244507557457503E-9
9.182575335615997 1.168552230219939E-9
9.182607822613205 8.626205253710064E-10
9.182607822613205 6.971369681799086E-10
9.182607822613205 6.676045947627333E-10
9.182607822613205 1.954329745782427E-10
9.182607822613205 8.629337162824024E-11
9.182607822613205 3.221445887104673E-11
9.182607822613205 0.0
9.182607822613205 0.0
9.182607822613205 5.1606160330697784E-11
9.182607822613205 0.0
9.182607822613205 0.0
9.182607822613205 0.0
9.182607822613205 4.381589179692235E-11
9.182607822613205 9.219228181075777E-11
9.182607822613205 1.0307259823672049E-10
9.18262831034114 1.0240435884044085E-10
9.18262831034114 2.303719611744314E-11
9.18262831034114 3.939363079369208E-11
9.18262831034114 0.0
9.18262831034114 0.0
9.18262831034114 0.0
9.18262831034114 3.7841506993542957E-11
9.18262831034114 3.7841506993542957E-11
9.18263264081888 1.0800845659231586E-10
9.18263264081888 0.0
9.18263264081888 0.0
9.18263264081888 0.0
9.18263264081888 0.0
9.182655204314505 1.4631001521347003E-11
9.182655204314505 1.4631001521347003E-11
9.182655204314505 4.8483705254018096E-11
9.182655204314505 0.0
9.182655204314505 2.4670954500112628E-11
9.182655204314505 7.2639938898166185E-12
9.182666970827665 5.601278569364502E-11
9.182666970827665 0.0
9.182666970827665 3.2048315460799454E-11
9.182670033724657 5.542167877028934E-11
9.182670033724657 3.884961966797503E-11
9.182670033724657 9.211221517694656E-11
9.182670033724657 5.143668081277961E-11
9.182670033724657 4.6003769262727614E-11
9.182670033724657 4.622388390400496E-11
9.182670033724657 1.0290168633415559E-10
9.182670033724657 7.999504591562545E-11
9.182673008698398 6.991038472053879E-11
9.182673008698398 3.566364269342976E-11
9.182673008698398 1.917010180081945E-11
9.182673008698398 0.0
9.18268065244034 5.7771672992986433E-11
9.18268065244034 5.322233246550305E-11
9.18268065244034 4.5613778349393544E-11
9.18268065244034 5.5103537209087033E-11
9.18268065244034 3.019767196960752E-11
9.18268065244034 1.9251642006497616E-11
9.182694847439567 1.3123823771958943E-11
9.182694847439567 7.669558829216423E-11
9.182694847439567 3.338378020199123E-11
9.182694847439567 2.163498906448707E-11
9.182694847439567 3.443391771955416E-11
9.182694847439567 2.163498906448707E-11
9.182694847439567 3.956946314911193E-11
9.182694847439567 6.714108746487088E-11
9.182694847439567 2.7309285102098775E-11
9.182694847439567 3.152503901540386E-11
9.18270102427504 3.178505071365703E-11
9.18270102427504 0.0
9.18270102427504 0.0
9.182707755870112 3.475898683492891E-11
9.182707755870112 2.980490231641356E-11
9.182707755870112 7.935282643105682E-11
9.18272457497048 5.930205307859437E-11
9.18272457497048 4.4285101515385924E-11
9.18272457497048 6.648671485141839E-11
9.18272457497048 6.282098187564533E-11
9.18272457497048 6.242726956842273E-11
9.18272457497048 6.407229771403799E-11
9.18272457497048 6.496870305095469E-11
9.18272457497048 7.297063561377115E-11
9.18272457497048 1.0267409040673416E-10
9.18272457497048 9.120424519746613E-11
9.18272457497048 1.2916750753027798E-10
9.18273333863144 1.3362027681270834E-10
9.18273333863144 9.736048649497463E-11
9.18273333863144 1.049790701128032E-10
9.18273333863144 9.725045224392123E-11
9.18273333863144 7.19251706538033E-11
9.18273333863144 3.680787335992091E-11
9.182733625684271 2.2988715095641396E-11
9.18274351879086 2.1394896023562465E-11
9.18274351879086 1.2727658566215643E-11
9.18274351879086 1.894914448473064E-11
9.18274351879086 1.704139899652517E-11
9.18274351879086 3.2526458319537086E-11
9.182743743557586 4.473597069294191E-11
9.182743743557586 4.509676989019248E-11
9.182743743557586 6.684121330918482E-11
9.18274800013607 9.225510930927973E-11
9.182748067295405 8.712685357718384E-11
9.182748067295405 7.733201199342419E-11
9.182748067295405 9.487081447183478E-11
9.182748067295405 1.206439301122276E-10
9.182748067295405 1.2508065756931236E-10
9.182748067295405 1.1006581334875048E-10
9.182751324054774 8.458547950277506E-11
9.182751324054774 7.129058306955064E-11
9.182751324054774 4.010104406357936E-11
9.182751324054774 1.9686365761682588E-11
9.182751324054774 2.4339369224280382E-11
9.182751324054774 2.2653279266703964E-11
9.182751324054774 1.6844064867676526E-11
9.182751324054774 2.5373932620149367E-11
9.182751324054774 4.930781872416883E-12
9.182751324054774 1.7903202959780085E-12
9.182751439247914 8.679895886231658E-13
9.182751439247914 5.7450456155919764E-12
9.182751439247914 1.9803421495369114E-12
9.182752611373374 4.424729352897992E-12
9.182752611373374 5.3877257338319836E-12
9.182752611373374 8.507113736831844E-13
9.182752611373374 3.8419953055100735E-12
9.182753141186987 3.691174690830289E-12
9.182753141186987 5.667134938178993E-13
9.182753141186987 1.1644728970956952E-12
9.182754663094592 1.6077837180951997E-12
Score: 9.182754663094592
Runtime: 38733ms
