2.799634279126822E-4 2.750550841579633
3.533655625029541E-4 1.7477509455663687
9.180565877439129E-4 1.1132039428433897
9.180565877439129E-4 0.7321047694146511
0.019919212137444447 0.4842368130144758
0.019919212137444447 0.2923925256618495
0.019919212137444447 0.23365889373282211
0.09308626802471617 0.1657579034800548
0.6142201431253407 0.12681782664289679
0.6142201431253407 0.11244872501829138
0.6142201431253407 0.04403255289082535
0.6142201431253407 0.024824712099633647
0.6142201431253407 0.018217378817798217
0.6142201431253407 0.012732821248155429
0.6142201431253407 0.011790120716306394
0.651355575345599 0.0039080425571109455
0.8920452269150458 0.0010379380094667635
1.43281179365793 0.006175456371003037
1.43281179365793 0.013013414846469241
1.43281179365793 0.02070832274760509
1.43281179365793 0.008923267133469075
1.43281179365793 5.673347100276317E-4
1.43281179365793 0.006200400362944245
1.5834260805732776 1.2186505421809845E-4
1.5834260805732776 0.005280809023982272
2.2002583818043937 4.1161352228842726E-5
2.2002583818043937 7.767875546988565E-5
2.514164919299801 1.0214373830101317E-4
2.514164919299801 8.950985710635853E-5
2.514164919299801 6.306303613549241E-5
2.514164919299801 5.0224782823170855E-5
2.514164919299801 3.822920291064464E-5
2.514164919299801 2.5306192539541393E-5
2.514164919299801 2.817457125134663E-5
2.514164919299801 2.1003755989699842E-5
3.021103838598247 2.7716972228372455E-5
3.021103838598247 2.9275696593250815E-5
3.021103838598247 2.4998564945728287E-5
3.021103838598247 2.4690864020233946E-5
3.021103838598247 2.770027329133918E-5
3.0981682042772944 2.630085368991168E-5
3.294805474365546 3.0619120519308854E-5
3.294805474365546 8.926646097535821E-6
3.3934857676932975 1.6741058488681967E-5
3.3934857676932975 3.1218731905200474E-6
3.702172488986144 5.4994692767645315E-6
3.702172488986144 6.893577744589022E-6
3.702172488986144 9.838433595419177E-6
3.702172488986144 1.0903594988142968E-5
3.702172488986144 1.608804760213745E-5
3.702172488986144 1.3878155260259098E-5
3.702172488986144 1.8416698922296592E-5
3.702172488986144 3.7273160751056507E-6
3.740016429707511 3.4842942339770554E-6
3.740016429707511 7.181700546509108E-6
3.740016429707511 7.760082786160377E-6
3.784159321649281 9.968669310721587E-6
3.784159321649281 4.922128177126519E-6
3.906172627253523 4.964487668282439E-6
3.906172627253523 5.548317601968138E-6
3.906172627253523 4.0983600174241786E-6
3.906172627253523 4.561163690025989E-6
3.906172627253523 2.08632690576333E-6
4.046361433276674 5.017900931712288E-6
4.046361433276674 4.87490184191411E-6
4.046361433276674 1.2301978581497433E-6
4.046361433276674 2.2652157974555078E-7
4.046361433276674 3.937438463295071E-6
4.391237513033163 6.695432280165146E-6
4.391237513033163 6.237822105103787E-6
4.391237513033163 8.36782678550476E-6
4.391237513033163 4.4100711651460884E-6
4.391237513033163 3.5081051401530664E-6
4.391237513033163 4.067547055772261E-6
4.391237513033163 4.259676054812826E-6
4.391237513033163 3.7850329249586674E-6
4.515856675930495 3.148932798546345E-6
4.598605663035473 6.370868054295876E-6
4.598605663035473 1.1461413245200716E-6
4.651372338250642 3.529800133181949E-6
4.660339984225824 4.639794177158609E-6
4.660339984225824 4.154934984307901E-6
4.660339984225824 1.7006709791698262E-6
4.660339984225824 3.2506948728985708E-6
4.686612920975446 3.557641950314507E-6
4.686612920975446 1.2348214634969289E-6
4.80018977350933 2.007840360121404E-6
4.80018977350933 3.0607888985863117E-6
4.80018977350933 4.001397892366597E-6
4.830844475667743 3.2710900073681E-6
4.830844475667743 3.4364753444707762E-6
4.863070590756077 4.301224220674677E-6
4.863070590756077 2.5672805071318094E-6
4.863070590756077 4.152890706747319E-6
4.914911179567923 3.6023605854021137E-6
4.956523406634006 3.4025768581803134E-6
4.956523406634006 4.312011418108902E-6
4.956523406634006 4.9262126069803624E-6
5.068973612946531 5.311305638234642E-6
5.068973612946531 6.330363447812433E-6
5.068973612946531 4.117613994364311E-6
5.068973612946531 3.4051799711658273E-6
5.068973612946531 3.437100191594532E-6
5.068973612946531 2.6069423525078304E-6
5.068973612946531 3.2949924122596323E-6
5.068973612946531 2.5533786722263697E-6
5.068973612946531 2.6754451412071843E-6
5.068973612946531 2.9545400081593046E-6
5.068999182376668 2.7532880165240226E-6
5.11187151933353 2.53457317701717E-6
5.11187151933353 2.2001288568702742E-6
5.125967341401997 1.7558556236631921E-6
5.125967341401997 1.5156070427270167E-6
5.125967341401997 1.620255018596433E-6
5.125967341401997 2.9874537692636913E-7
5.17375518380306 1.730364038941725E-7
5.17375518380306 1.466771106140827E-7
5.17375518380306 3.590289912346529E-7
5.191755695415758 5.81283047174085E-7
5.191755695415758 7.977846119689408E-7
5.191755695415758 8.320806302139027E-7
5.191755695415758 9.710124320030348E-7
5.191755695415758 9.419423537677775E-7
5.191755695415758 8.226815694496491E-7
5.191755695415758 7.061146981746993E-7
5.191755695415758 7.697620805158393E-7
5.194450311496465 5.467534794957464E-7
5.214118219790372 4.903189574569337E-7
5.214118219790372 5.605761872726593E-7
5.241229311197673 7.361648516061237E-7
5.241229311197673 6.562699002648145E-7
5.241229311197673 4.825068490338053E-7
5.241229311197673 3.2492153349521096E-7
5.241229311197673 7.97024288893004E-8
5.244495031880467 1.9430236584089618E-7
5.244495031880467 1.653177637058819E-7
5.244495031880467 2.523850475839992E-7
5.244495031880467 3.012195865203736E-7
5.249722908861537 4.0615298592879555E-7
5.249722908861537 3.2194737838488517E-7
5.249722908861537 3.554117509246814E-7
5.249722908861537 2.5506980435218587E-7
5.2551448725075645 3.0796035000636605E-7
5.2551448725075645 9.440762127087823E-8
5.2750940242248365 1.9522833829865428E-7
5.2750940242248365 1.552123074017664E-8
5.2750940242248365 1.0268834083024043E-7
5.2750940242248365 7.108917009959993E-8
5.2750940242248365 2.1397196433960066E-7
5.2750940242248365 1.28479353133117E-7
5.2750940242248365 1.7801799163078254E-7
5.2750940242248365 2.1138039618105934E-7
5.2750940242248365 1.7037507082071214E-7
5.277825778933554 1.5239563315613687E-7
5.277825778933554 1.1703977791337224E-7
5.277825778933554 2.3707328205243019E-7
5.277825778933554 2.776675936932124E-7
5.277825778933554 3.1867577368484494E-7
5.280972707236833 2.4384785170671934E-7
5.289780377231505 1.0936630059393413E-7
5.294691952210591 1.2466050557312233E-7
5.294691952210591 1.1168740407859208E-7
5.294691952210591 1.7094689976763387E-8
5.294691952210591 3.3424392813539294E-8
5.294691952210591 3.227589927105528E-8
5.294691952210591 7.459740082919802E-9
5.294691952210591 1.8719519865681017E-8
5.294691952210591 0.0
5.294691952210591 1.1452025381639827E-8
5.294691952210591 3.524016968965441E-8
5.294691952210591 1.7790755127882717E-8
5.295733038417226 3.362612574379499E-8
5.295733038417226 2.4829778088083638E-8
5.295733038417226 5.688963778133533E-8
5.295733038417226 2.460001710228918E-8
5.295733038417226 7.929026523690026E-8
5.295733038417226 0.0
5.295733038417226 0.0
5.297899939850426 1.5764974995328532E-8
5.297899939850426 0.0
5.297899939850426 4.110434498076035E-9
5.297899939850426 0.0
5.297899939850426 8.801572743837994E-9
5.297899939850426 0.0
5.297899939850426 8.650495502441298E-9
5.302111117357357 5.346771364847345E-9
5.302111117357357 6.7202880307046275E-9
5.302111117357357 1.954710281433793E-9
5.302111117357357 4.459341812900279E-9
5.302111117357357 2.0932728508284105E-8
5.302111117357357 1.5110038705296456E-8
5.302111117357357 1.2103009492264796E-8
5.302111117357357 5.529220360826292E-9
5.302111117357357 1.3546820569301555E-8
5.302111117357357 1.507010951302909E-8
5.302111117357357 3.623159794863257E-9
5.302111117357357 3.4919811206395155E-9
5.302111117357357 1.4082157645492532E-8
5.302111117357357 6.3517279617146416E-9
5.302111117357357 9.650107789936302E-9
5.302111117357357 1.066885914769694E-8
5.302111117357357 4.121406150229897E-9
5.302111117357357 3.2788556131527915E-9
5.302111117357357 0.0
5.302111117357357 0.0
5.302111117357357 0.0
5.302111117357357 0.0
5.302111117357357 0.0
5.303486501866476 2.0487108379063104E-9
5.303486501866476 2.4123781114242763E-9
5.303486501866476 0.0
5.303486501866476 0.0
5.303486501866476 0.0
5.303486501866476 0.0
5.303486501866476 0.0
5.30360975199314 3.33881150349595E-9
5.30360975199314 0.0
5.30360975199314 0.0
5.30360975199314 1.3274865676889675E-9
5.30360975199314 1.8684576578387837E-9
5.30360975199314 2.5998653717101685E-9
5.30360975199314 2.5998653717101685E-9
5.304070118480721 7.561915803216152E-9
5.304070118480721 1.2732676667902026E-9
5.304070118480721 1.3996337121863145E-9
5.304070118480721 2.014393226737485E-9
5.304070118480721 0.0
5.304070118480721 0.0
5.304070118480721 0.0
5.304070118480721 0.0
5.304070118480721 0.0
5.304070118480721 0.0
5.304070118480721 4.253932693327113E-9
5.304096918005983 1.0321949039877915E-9
5.304096918005983 0.0
5.304096918005983 1.7096922096808438E-9
5.304721025401125 1.0344100304305056E-9
5.305131011457926 1.5207818657065288E-9
5.305131011457926 2.9932250132906435E-9
5.305131011457926 3.708332455018431E-9
5.305131011457926 2.5344763085552803E-9
5.305827808479821 2.349202330439396E-9
5.305827808479821 3.573079398248238E-9
5.305827808479821 5.768149802476106E-9
5.305827808479821 4.9283656940634996E-9
5.305827808479821 2.2690165084440282E-9
5.305827808479821 4.401137480641638E-9
5.305827808479821 8.276268551522958E-9
5.305827808479821 8.152166894054725E-9
5.305827808479821 7.2955499961733145E-9
5.305827808479821 5.2394204081929715E-9
5.305827808479821 4.6026415435374585E-9
5.306691407177056 4.1029494324198825E-9
5.306691407177056 6.565626245249952E-9
5.306691407177056 3.4669625971961797E-9
5.306691407177056 3.073310796783041E-9
5.306691407177056 1.5194718949369318E-9
5.306691407177056 4.457290915482835E-9
5.306691407177056 1.2120639989227024E-9
5.306986734984239 8.364028275184014E-10
5.306986734984239 2.1702090783798693E-9
5.306986734984239 4.567397325564773E-9
5.306986734984239 4.614310668979931E-9
5.306986734984239 8.247215258942197E-9
5.3069922227287964 1.2514451321235642E-8
5.3069922227287964 1.3191884365710537E-8
5.3070555172797595 1.3152383891648046E-8
5.3073189775638285 1.206981698558594E-8
5.3073189775638285 8.290409537238133E-9
5.30737386602827 7.889844810341174E-9
5.307450565798016 6.306695174612906E-9
5.307450565798016 5.2052292080553755E-9
5.30776784587554 8.936274510529938E-9
5.30776784587554 8.966903362108854E-9
5.30776784587554 7.499052966388613E-9
5.30776784587554 9.628025476603405E-9
5.30776784587554 7.789443692593776E-9
5.307968963780038 1.0927491304031488E-8
5.307968963780038 1.1744064965783075E-8
5.307968963780038 9.9228063682966E-9
5.307968963780038 1.0601290241350572E-8
5.307985180108829 1.0067708247096136E-8
5.307985180108829 8.676506028892307E-9
5.3081477482960935 7.95288994218423E-9
5.3081477482960935 6.371262625173332E-9
5.3081477482960935 6.260322672188974E-9
5.3081477482960935 4.7521345620233225E-9
5.3081477482960935 2.703275830871392E-9
5.3081477482960935 1.2678063456840636E-9
5.3081477482960935 2.0358722936137118E-9
5.308191863726453 1.6382092652964187E-9
5.308191863726453 1.819127288364657E-9
5.308191863726453 1.574255847771129E-9
5.3082329844087734 1.3473874666620726E-9
5.308240063384684 1.2523747569197707E-9
5.308261924912307 1.4948338138155115E-9
5.308391786959959 1.4585505984865913E-9
5.308391786959959 1.951448889696132E-9
5.308391786959959 1.411817357288356E-9
5.308391786959959 1.8553728901849905E-9
5.308391786959959 1.422166365340558E-9
5.308391786959959 1.5777953408685512E-9
5.308391786959959 1.7036164944967426E-9
5.308391786959959 1.6118990348608448E-9
5.308391786959959 1.8525274372352714E-9
5.308391786959959 1.5093479250725031E-9
5.3084057101927264 1.3492139271400212E-9
5.308412982129815 1.6984213250741623E-9
5.308412982129815 1.4329400995200463E-9
5.308412982129815 1.0840556667682703E-9
5.308412982129815 7.870613533072204E-10
5.308431320163417 4.429186285273855E-10
5.308478777612029 1.7233626999738645E-10
5.308478777612029 4.457790937111428E-11
5.308478777612029 5.8107393974690394E-11
5.308478777612029 1.2825616946301438E-10
5.308478777612029 7.407095180040754E-11
5.308478777612029 3.281926466581014E-10
5.308478777612029 2.730382622431653E-10
5.308478777612029 2.8070688838574153E-10
5.308478777612029 3.6335914843646203E-10
5.308478777612029 4.0885273349628364E-10
5.308478777612029 3.741087604003516E-10
5.308478777612029 3.7590996375520996E-10
5.308479357844647 3.817988310093632E-10
5.308488345173449 2.1342395514686435E-10
5.308488345173449 2.6210824941913666E-10
5.308488345173449 1.0378057734718628E-10
5.308488345173449 4.5901846107695766E-11
5.308488345173449 0.0
5.308488345173449 8.009856986568092E-12
5.308488345173449 0.0
5.308488345173449 0.0
5.308488345173449 1.4395001837363589E-11
5.308488345173449 0.0
5.308493762533444 2.7127487308173437E-11
5.308494369036039 1.775376674594563E-11
5.308494369036039 1.224387243952304E-11
5.308496265568267 1.5963738864605816E-11
5.308496265568267 1.4395001837363589E-11
5.308496265568267 1.5971856041889127E-11
5.308496265568267 1.4442681626673894E-11
5.308496265568267 3.1637584267176027E-12
5.308496265568267 4.323791035495605E-12
5.308496265568267 2.0592836375669095E-11
5.308496265568267 2.056210194643325E-11
5.308496265568267 1.6553082884202275E-11
5.308498616929183 1.8736761590880983E-11
5.308502033581401 1.9755182358041977E-11
5.3085054861326295 2.7112035631392518E-11
5.308505744725702 2.6888964677253044E-11
5.308505744725702 2.5850392371822335E-11
5.308505744725702 1.4933778227336494E-11
5.308505744725702 3.21935207192954E-11
5.308505744725702 2.202627608525247E-11
5.308506892576058 3.0087463384943606E-11
5.308506892576058 3.955725440642353E-11
5.3085092463412 4.5650067548173786E-11
5.308509340512985 7.861126120548958E-11
5.3085094749580115 6.206811166330367E-11
5.3085094749580115 4.839899725430948E-11
5.3085094749580115 5.1918430102149366E-11
5.3085099990371365 3.271858695480704E-11
5.3085099990371365 2.3929810272449075E-11
5.3085099990371365 1.92812731025385E-11
5.308510572547874 1.551079068795556E-11
5.308510572547874 9.0119533893884E-12
5.308510572547874 1.5110511340789095E-11
5.308510597457365 1.7813031734693292E-11
5.308510597457365 2.069505146354465E-11
5.308511304707514 3.043637972202238E-11
5.308513098407456 1.0298669972964728E-11
5.308513098407456 1.5072015834310912E-11
5.308513098407456 1.3440075247148178E-11
5.308513681937016 1.488301468017841E-11
5.308513681937016 1.3829906615705976E-11
5.308513681937016 1.1413770233434154E-11
5.3085157408485735 1.3488691646743378E-11
5.3085157408485735 1.6606455597989923E-11
5.3085157408485735 1.2976590540057534E-11
5.3085157408485735 2.2002599543722172E-11
5.3085157408485735 2.0422647914328438E-11
5.3085157408485735 1.925848056406581E-11
5.3085157408485735 1.9228063750402442E-11
5.3085157408485735 1.48127757222444E-11
5.3085157408485735 1.3009211258266131E-11
5.308515906211804 8.638231849282305E-12
5.308516199878338 1.701400733324417E-11
5.308516199878338 1.2071358626713303E-11
5.308516199878338 9.410619214054736E-12
5.308516199878338 8.753169343770456E-12
5.308517140891388 4.271343877088956E-12
5.308517140891388 7.867838391796652E-12
5.308517140891388 7.420755893581922E-12
5.308517140891388 1.8960677823347732E-12
5.308517140891388 1.8428443830439025E-12
5.3085179400236315 3.142401438368566E-12
5.3085179400236315 2.663269831931151E-12
5.3085179400236315 5.768477760293737E-12
5.3085179400236315 1.0413061143674654E-11
5.308518268968182 1.007110615614447E-11
5.308518268968182 1.476652977416973E-11
5.308518268968182 1.644772499649466E-11
5.308518458423226 1.6302598072510906E-11
5.308518458423226 1.2610534482311543E-11
5.308518458423226 1.0007365034209754E-11
5.308518458423226 6.796238889994389E-12
5.308518458423226 6.240613447921049E-12
5.308518823045248 5.553478893097407E-12
5.308518875353774 4.639810956251969E-12
5.308518875353774 4.575958486846757E-12
5.308518875353774 9.85589963631714E-12
5.308518875353774 3.959814324150566E-12
5.3085189946744595 5.455272606942219E-12
5.3085189946744595 5.964946460715485E-12
5.3085189946744595 6.1567053985425684E-12
5.3085192974944695 6.781256110390834E-12
5.3085192974944695 7.926183931997559E-12
5.3085192974944695 7.215148430389873E-12
5.3085192974944695 8.515962757306159E-12
5.308519345218067 8.29709445900646E-12
5.308519345218067 9.180815718843116E-12
5.30851936810676 7.53565843007609E-12
5.3085194859228 7.713851056740338E-12
5.308519597390726 9.139959705061203E-12
5.308519597390726 9.875547188294574E-12
5.308519663349106 1.0646877694539578E-11
5.308519663349106 9.868099054991424E-12
5.308519663349106 8.518293644367975E-12
5.308519663349106 6.472827733204658E-12
5.308519681572918 5.508739228279789E-12
5.308519687460529 5.539586049175529E-12
5.308519687460529 6.458078247925665E-12
5.308519687460529 6.016727760728469E-12
5.3085197774018695 5.5367140027291476E-12
5.3085197774018695 3.897721013380317E-12
5.3085197774018695 2.8354967035889342E-12
5.3085197774018695 2.3123446522564426E-12
5.3085197774018695 2.1614996120120917E-12
5.3085197774018695 1.4836177609518628E-12
5.3085197774018695 1.156050297057847E-12
5.308519795754388 1.1100542997839095E-12
5.308519795754388 1.1034672990807323E-12
5.308519795754388 1.1194499101439483E-12
5.308519795754388 1.0997340522675797E-12
5.308519795754388 1.1259900053774324E-12
5.308519795754388 9.856986309024977E-13
5.308519795754388 7.269428162154245E-13
5.308519795754388 3.699294028607674E-13
5.308519795754388 1.91894072259936E-13
5.308519795754388 1.1527007458737575E-13
5.308519803509185 4.4197611849697604E-14
5.308519803509185 2.2455385669594613E-14
5.308519803589461 4.553343035673589E-14
5.308519817035808 5.3276498170881094E-14
5.308519817035808 5.2709887549043755E-14
5.308519817035808 2.7726572803583588E-14
5.308519817035808 5.432268559028174E-14
5.308519817035808 3.0574129871733063E-14
5.30851981739489 2.459897908838984E-14
5.30851981739489 1.8658528769225832E-14
5.308519818158009 4.007355183868094E-14
5.308519818158009 7.413962677583211E-14
5.308519818158009 7.12300472892364E-14
5.308519828091049 6.637344437353994E-14
5.308519828091049 7.370673702865758E-14
5.308519828091049 8.219942974885949E-14
5.308519829284322 1.0074281248086825E-13
5.308519829284322 9.95465108459535E-14
5.308519829284322 7.412764821637729E-14
5.308519829284322 2.4080396643263705E-14
5.3085198311268575 2.3031105103024238E-14
5.308519831517593 2.828898369309905E-14
5.308519832227477 3.88688456245776E-14
5.308519833706669 5.155293791299727E-14
5.308519833809179 5.494377811770714E-14
5.308519833809179 6.883586788854314E-14
5.308519836611708 8.116761648735758E-14
5.308519836611708 9.420528073723135E-14
5.308519836611708 9.003430631324849E-14
5.308519836611708 1.056461874195356E-13
5.308519836611708 8.704915578727359E-14
5.308519841283893 9.861296959383125E-14
5.308519841283893 8.49892515606532E-14
5.308519841283893 8.116474857215946E-14
5.308519841283893 7.450811189656198E-14
5.308519841283893 6.889513197540815E-14
5.30851984194035 7.125563912566081E-14
5.30851984194035 7.543655967254547E-14
5.30851984234436 6.141471549917517E-14
5.308519842695379 4.6044048214769245E-14
5.308519842695379 3.8890671752925796E-14
5.308519842695379 3.276250624386259E-14
5.308519843704945 3.359559552004965E-14
5.308519843704945 2.915295232658316E-14
5.308519843704945 2.0324484876423783E-14
5.308519843704945 1.901836075167994E-14
5.308519843704945 1.5349180469444598E-14
Score: 5.308519843704945
Runtime: 33054ms
