6.051911329480211E-4 2.7064053880915258
6.051911329480211E-4 1.714004025386425
0.0025855217801783927 1.1304493204184052
0.005846876640560725 0.7464109746183447
0.005846876640560725 0.47392329120092747
0.008954340037104037 0.311534460830614
0.026908957179586593 0.22289768237019927
0.026908957179586593 0.15918147718152395
0.09561904923703723 0.10033859219852595
0.09561904923703723 0.0834475608513262
0.36485015328857895 0.03857750289306834
0.36485015328857895 0.030347896580085302
0.5932767619696482 0.017333898388695052
0.5932767619696482 0.01091334349935411
0.5932767619696482 0.017678116683735427
0.5932767619696482 0.014628157614767776
0.907166477066068 0.012117738875585034
0.907166477066068 4.945024842390569E-4
1.3497091730672923 0.008156853352433473
1.3497091730672923 5.717292670753186E-4
1.3497091730672923 0.014979480528939201
1.3497091730672923 4.845634385036161E-4
1.5176374095310528 4.4544333213800515E-4
1.5248358410291487 3.03522004703422E-4
1.807717312601157 3.0347141070040677E-4
3.68594226937929 2.4088414861734455E-4
3.68594226937929 2.468274290923399E-4
3.68594226937929 0.006006522846932283
3.68594226937929 2.0304169901543784E-4
3.68594226937929 1.833869610426313E-4
3.68594226937929 1.943737931643881E-4
3.68594226937929 0.0049265722462482385
3.68594226937929 1.9707921646418348E-4
4.167362588216933 2.0089051176603323E-4
4.167362588216933 0.006620259010249242
4.167362588216933 1.9205496044281454E-4
4.39771940689403 1.4894825648971397E-4
5.398953131155469 1.443478002449833E-4
5.398953131155469 9.739272420354212E-5
5.398953131155469 7.327355688572657E-5
5.398953131155469 2.7765476318036692E-5
5.398953131155469 1.8710946622024557E-5
5.398953131155469 1.5521016799001862E-5
5.398953131155469 0.0
5.398953131155469 0.0
5.398953131155469 0.0
5.398953131155469 0.0
5.398953131155469 0.0
5.398953131155469 1.4883640354291195E-6
5.982607131272499 5.739281826464703E-6
5.982607131272499 9.839782023697096E-6
6.086996229675716 2.5121399504211824E-6
6.086996229675716 2.8922481080744453E-6
6.122800598623046 4.877914179199539E-6
6.122800598623046 2.77659686026398E-6
6.122800598623046 3.813523098041092E-6
6.122800598623046 1.2924598849717423E-6
6.122800598623046 6.877984073964374E-7
6.334818122523042 2.9234347349269757E-6
6.416324010329531 4.567854599978225E-6
6.416324010329531 4.653064451489577E-6
6.416324010329531 5.5525433878483574E-6
6.416324010329531 2.2359649934064007E-6
6.416324010329531 8.782425621828072E-6
6.416324010329531 4.473545515488451E-6
6.416324010329531 1.586230382612196E-6
6.416324010329531 0.0
6.416324010329531 1.1003191486246636E-6
6.65237277127564 6.427612329644342E-7
6.65237277127564 3.464078864240056E-7
6.65237277127564 0.0
6.706469121736607 6.598288337041678E-7
6.706469121736607 0.0
6.706469121736607 6.726782181577755E-7
6.706469121736607 3.0770103299417143E-6
6.706469121736607 6.726782181577755E-7
6.706469121736607 6.581066535983844E-7
6.706469121736607 2.162048249105051E-6
6.706469121736607 1.0847662844295915E-6
6.716423334279239 4.463034201614196E-6
6.735614011120298 4.693651380683161E-6
6.883184352749487 5.091180154488443E-6
7.086004019735661 3.689607842054093E-6
7.086004019735661 2.7695052403410894E-6
7.086004019735661 1.2391510643776806E-6
7.086004019735661 6.552116824343829E-7
7.086004019735661 1.2536442181528558E-6
7.29891671885765 1.7422475458473576E-6
7.29891671885765 1.5442158721443723E-6
7.29891671885765 1.5821574030811028E-6
7.316762000670344 2.613594138435689E-6
7.316762000670344 5.267919890957374E-6
7.361653367895632 6.8161424551612245E-6
7.362524700338591 5.799742139708415E-6
7.362524700338591 3.9902721637619126E-6
7.366647454025755 5.435375015148277E-6
7.42139335899827 5.2102925043761265E-6
7.4850184270034035 4.101320405732227E-6
7.505598748818042 3.743150690943277E-6
7.505598748818042 5.205885043500317E-6
7.505598748818042 5.760905363021957E-6
7.505598748818042 4.015502537173633E-6
7.505598748818042 3.5651434627048427E-6
7.505598748818042 2.461630381811051E-6
7.549008934437658 3.4328225592986115E-6
7.549008934437658 2.4746663650740676E-6
7.549008934437658 2.865928751017248E-6
7.6019404906690635 2.9773575623202785E-6
7.6123357511927345 2.9647021567396905E-6
7.6123357511927345 3.3964618913168385E-6
7.717314260801761 2.7556775099765097E-6
7.717314260801761 2.8735658429582E-6
7.717314260801761 2.3745287351576333E-6
7.717314260801761 1.810430396572825E-6
7.717314260801761 2.086980062577735E-6
7.717314260801761 2.3654130409178823E-6
7.717314260801761 2.991995534697811E-6
7.717314260801761 3.157667848998191E-6
7.717314260801761 3.1191148566897847E-6
7.717314260801761 2.486840585598149E-6
7.719039379111656 3.0187535166974704E-6
7.7247031785769735 2.9608944333278034E-6
7.7247031785769735 2.8620179116712657E-6
7.7266648610776905 2.310536563444406E-6
7.7460909759965455 1.525924469781221E-6
7.7460909759965455 8.600774511199388E-7
7.749583537722026 2.535761719570601E-7
7.749583537722026 0.0
7.749583537722026 3.1797901943200234E-8
7.754618450225273 1.7699778228247E-7
7.761433559541634 2.748539629564785E-7
7.769639212330638 3.695674301037831E-7
7.769639212330638 4.882085530336303E-7
7.770087721383309 3.873867720076928E-7
7.7765840694642865 6.435747029592276E-7
7.7765840694642865 6.417840911979977E-7
7.777446674391053 6.475723592519621E-7
7.790590807426159 8.451720801476382E-7
7.794310994247015 8.164825418616873E-7
7.812662066140908 8.857678689783906E-7
7.812662066140908 9.230982266924967E-7
7.812662066140908 9.071713442577404E-7
7.812662066140908 9.255279960774386E-7
7.812662066140908 9.473565590923323E-7
7.812662066140908 1.0478920645015421E-6
7.812662066140908 1.0308739291899096E-6
7.812958262601905 1.073871733474554E-6
7.819500966890778 9.899273116402857E-7
7.822335435674289 8.898026382355225E-7
7.822335435674289 7.279855927063703E-7
7.822335435674289 4.837827704096724E-7
7.822335435674289 4.353688177710069E-7
7.822335435674289 4.5397294466542566E-7
7.822335435674289 4.5963282120165235E-7
7.822335435674289 2.0496555291544552E-7
7.822335435674289 8.402708542686382E-8
7.828287704082309 1.2945819019181653E-7
7.828287704082309 1.3354340134941855E-7
7.828287704082309 1.3196000796290205E-7
7.8293054670450495 1.60654658198579E-7
7.829775898448034 1.6110667891815294E-7
7.83051288781099 1.2230608295317035E-7
7.832943077021715 8.845659075046184E-8
7.832943077021715 3.6917844276532583E-8
7.832943077021715 4.859568927197152E-8
7.837065143146978 7.945038062940872E-8
7.837248687492106 9.444957109301596E-8
7.837248687492106 9.459155655102153E-8
7.837248687492106 1.4065000999962356E-7
7.839258673457871 1.2626153348953644E-7
7.839258673457871 1.3031904669509943E-7
7.839373510665473 1.4068707458854263E-7
7.840771066278656 1.459307057965978E-7
7.842115659699123 1.547264027194372E-7
7.842115659699123 1.6690040139953217E-7
7.8427195167432595 2.0109475793705538E-7
7.844533758023612 1.946713457199518E-7
7.844533758023612 1.6228891660430948E-7
7.846626407390551 1.847597652011599E-7
7.848424039409071 1.8014294293850975E-7
7.848424039409071 1.6361781166325698E-7
7.848424039409071 1.7085922910674176E-7
7.848424039409071 1.930023663545352E-7
7.848424039409071 1.5761439239898904E-7
7.848424039409071 1.5872589785486357E-7
7.848424039409071 1.3407968008793504E-7
7.848424039409071 1.1273973278056137E-7
7.848424039409071 1.1145961504435043E-7
7.848424039409071 9.554582364025155E-8
7.848424039409071 1.065689614812954E-7
7.848424039409071 9.011920417300027E-8
7.850647384243038 6.064695301060186E-8
7.850647384243038 5.8935538115203685E-8
7.850647384243038 4.130968681957876E-8
7.850647384243038 1.3337697713428556E-8
7.850647384243038 6.4869512157972734E-9
7.850647384243038 5.043067805624661E-9
7.850647384243038 4.205631573888378E-9
7.850647384243038 3.0708139859815436E-9
7.850647384243038 1.934116196080467E-9
7.850647384243038 2.804838779412405E-9
7.850647384243038 9.256511013008242E-9
7.850647384243038 1.2098284203836273E-8
7.851173083843941 1.4609906981278135E-8
7.851173083843941 1.2862677838777303E-8
7.851173083843941 1.4723616767937264E-8
7.851173083843941 7.768337321648032E-9
7.851173083843941 5.5318363273911615E-9
7.851173083843941 1.4734556620572903E-9
7.851173083843941 1.9982380544865992E-9
7.851173083843941 0.0
7.851173083843941 0.0
7.851229606804965 9.485422201348055E-10
7.851229606804965 0.0
7.851493956480356 1.1626750420836553E-9
7.852398277475504 2.753535805021481E-9
7.852398277475504 1.1357586827626876E-9
7.852398277475504 1.197751276652384E-9
7.852398277475504 4.303039811883386E-9
7.852398277475504 4.423272255902398E-9
7.852398277475504 2.826390159072136E-9
7.853007693965468 3.3752629727630202E-9
7.853007693965468 5.2870200843013025E-9
7.854144476640782 6.325516702029454E-9
7.854144476640782 1.0121700712104427E-8
7.854144476640782 1.3054562864732901E-8
7.854144476640782 1.1768656634125494E-8
7.854144476640782 1.0965366129669556E-8
7.854144476640782 1.209289305904522E-8
7.854144476640782 9.721676963845546E-9
7.854144476640782 9.000557068827454E-9
7.854144476640782 9.322381711739534E-9
7.854144476640782 2.9608713138029986E-9
7.854896808239164 3.551029174157792E-9
7.854896808239164 5.8883463174163415E-9
7.854896808239164 1.2332431877663603E-8
7.854896808239164 1.198186826752434E-8
7.855278123436113 8.742443439217077E-9
7.855278123436113 5.8904407848663726E-9
7.855484290647691 3.991052766964542E-9
7.855484290647691 4.461033205103665E-9
7.855677296450072 6.1194542828485905E-9
7.856040214847194 2.8955361910451534E-9
7.856040214847194 6.743721838335371E-9
7.856040214847194 8.536050434777205E-9
7.856040214847194 1.3035181345500112E-8
7.856040214847194 1.3612289768518283E-8
7.856040214847194 1.687612961014563E-8
7.856040214847194 1.526221770341073E-8
7.856040214847194 1.3191408346221044E-8
7.856346546313521 1.2718340757047498E-8
7.856408064382572 9.703133034438937E-9
7.856408064382572 1.1245183630497525E-8
7.856408064382572 8.94529671531351E-9
7.856455919690164 9.34983462951159E-9
7.856630436912974 9.804190727363268E-9
7.856630436912974 7.70589101893255E-9
7.856630436912974 7.954658752459091E-9
7.856630436912974 4.962315268070556E-9
7.8567410181990995 3.6884739527004513E-9
7.8567410181990995 2.895146131832727E-9
7.8567410181990995 2.3470383639850393E-9
7.8567410181990995 3.2808696613053107E-9
7.8567410181990995 4.1888445573475455E-9
7.856845451141705 2.9572540484595696E-9
7.856980944004781 3.3905527768903593E-9
7.857366861827768 3.219556519644428E-9
7.857366861827768 3.671895446309211E-9
7.857366861827768 3.72219989340034E-9
7.857366861827768 4.232797380399452E-9
7.857366861827768 4.606420250321784E-9
7.857490270936993 6.754096949838801E-9
7.857490270936993 9.29759672925208E-9
7.857490270936993 1.0827490438595744E-8
7.857490270936993 1.3377248939439374E-8
7.857490270936993 1.138667802131263E-8
7.857490270936993 1.0685575526090654E-8
7.857883243231123 7.522210716689843E-9
7.857883243231123 7.17637379291373E-9
7.857883243231123 5.979887997823343E-9
7.857883243231123 4.137674659441361E-9
7.857883243231123 3.1019270331970763E-9
7.857891652901902 1.9391900521697632E-9
7.857891652901902 1.930030104111716E-9
7.857898322115112 2.2322331380371147E-9
7.857904092435442 3.0767081462968543E-9
7.857942961430031 2.072464712168728E-9
7.857942961430031 1.9043330090166156E-9
7.857942961430031 2.154526941324273E-9
7.858039810147365 2.5447511645279285E-9
7.858039810147365 3.2394783504904043E-9
7.858197620589227 2.8547937167072474E-9
7.858197620589227 3.1479847630058422E-9
7.858197620589227 1.1792415367790582E-9
7.858281054538121 1.1368078443409965E-9
7.858281054538121 7.738477544803897E-10
7.858284981053694 9.298051019732852E-10
7.858284981053694 1.38020935585265E-9
7.858284981053694 1.5533450531036585E-9
7.858284981053694 2.0047432824194057E-9
7.858284981053694 1.8320513296899645E-9
7.858284981053694 1.4253459272912878E-9
7.858307606734877 1.338355742237294E-9
7.858307606734877 1.5740469957068216E-9
7.858333814199128 1.610586409905017E-9
7.858333814199128 1.6234322958822498E-9
7.858333814199128 7.159539708684846E-10
7.858358198399085 7.984399159176316E-10
7.858358198399085 4.4298828245775794E-10
7.858358198399085 1.1361075243285691E-10
7.858375106062296 1.000514249754382E-10
7.858384769571761 2.5872921674588753E-10
7.858384769571761 2.5118342802700046E-10
7.858384769571761 2.1246860010169773E-10
7.858384769571761 2.0279022319020776E-10
7.858387240722329 1.664438133631159E-10
7.858393581076275 3.072814634977393E-10
7.858403404643922 4.884207789645682E-10
7.858412651708173 4.3207345869442857E-10
7.858412651708173 4.0506569516386586E-10
7.858412651708173 2.5291897956017054E-10
7.858412651708173 1.7857998833663794E-10
7.858412651708173 2.187660460786381E-10
7.858414220370033 1.9389651234790687E-10
7.858414220370033 1.7575845426364652E-10
7.858422972604531 2.2134495159251185E-10
7.858454465684385 1.7542976862868875E-10
7.858454465684385 2.0262599779652203E-10
7.858459133358595 1.9728166382969085E-10
7.858463165480057 1.823424333334654E-10
7.858463165480057 2.2818646994343246E-10
7.858500428415485 4.4280408362680285E-10
7.858500428415485 4.832602213224921E-10
7.858500428415485 4.3434873893865404E-10
7.858504371516128 5.838790184330711E-10
7.858504371516128 6.841294880554638E-10
7.858504371516128 8.035136228149396E-10
7.858504371516128 8.995161139609838E-10
7.858505213806457 7.728025330487245E-10
7.858505213806457 5.946587698217245E-10
7.858505213806457 4.153898516204345E-10
7.858505213806457 2.8264760342473594E-10
7.858511281046726 2.949156519733123E-10
7.858511281046726 2.933983058007454E-10
7.858516385155482 2.8191491447726165E-10
7.85851725411769 2.9746978097131385E-10
7.85851725411769 2.6232350135187793E-10
7.85852409466996 1.182881001482316E-10
7.85852409466996 9.192894503820441E-11
7.858526916283041 1.0514259189963464E-10
7.858527412025973 1.1103225468482705E-10
7.858527412025973 1.2201196125451103E-10
7.858527412025973 1.1041298895127885E-10
7.858527412025973 1.4664962780585753E-10
7.858528636097388 2.3173697703547323E-10
7.858530056955848 2.381101753775287E-10
7.858530056955848 2.124621900127885E-10
7.858531935982652 2.2056036169863088E-10
7.858531935982652 1.9818677324452124E-10
7.858531935982652 1.929900944038069E-10
7.858532678496902 1.858726810295153E-10
7.8585334281171555 1.7007372140463952E-10
7.858534032406871 1.4061184183037E-10
7.858534896857242 1.1599937601821343E-10
7.858536178926672 1.190491063664893E-10
7.858542678316343 1.4149906874705474E-10
7.858542678316343 1.4363093087787294E-10
7.858542678316343 1.4262619887543835E-10
7.858542678316343 1.2134726970646236E-10
7.858542678316343 1.0882298633386998E-10
7.858545772667304 1.1062700187761686E-10
7.858545772667304 1.1397987512548006E-10
7.858545772667304 1.1002207526597005E-10
7.858545772667304 1.1254747565855479E-10
7.858545772667304 1.0715229856344168E-10
7.858545772667304 9.462609342561305E-11
7.858545772667304 8.805634516039505E-11
7.858545772667304 8.219768437330066E-11
7.858550331136406 7.973168549528725E-11
7.858550331136406 5.760860466642777E-11
7.858550331136406 4.432426295507948E-11
7.858550331136406 2.045215868654281E-11
7.858550331136406 7.281522637170143E-12
7.858550331136406 4.387861568683309E-12
7.858550331136406 5.653945487477177E-12
7.858550331136406 1.02543256464589E-11
7.858550331136406 4.756930865147684E-12
7.858550331136406 8.903985254962668E-12
7.8585510457755126 4.589267836335811E-12
7.85855194152656 4.9200725155654985E-12
7.85855194152656 9.278179421549632E-12
7.85855194152656 9.328342577402348E-12
7.858552332232975 9.850443379253852E-12
7.858552332232975 6.495617887149497E-12
7.858552332232975 4.534598338689709E-12
7.858552332232975 1.2251178949554172E-11
7.858552332232975 2.8001911464994963E-12
7.858552332232975 1.1076800017767767E-12
7.858552438545688 2.836128286025081E-12
7.858552532734927 2.691269601534166E-12
7.858552837368337 3.4386218504778588E-12
7.858552837368337 2.668058951937856E-12
7.858553828372309 5.2386501684809094E-12
7.858553828372309 6.981908314003199E-12
7.858553828372309 3.4234480723986313E-12
7.858553828372309 3.6193495739000223E-12
7.858554052109872 3.488501291676049E-12
7.858554052109872 3.665712198051745E-12
7.858554073214736 6.145399049094779E-12
7.858554073214736 5.5710577478630296E-12
7.858554401346652 8.711559462134415E-12
7.858554401346652 6.559563291630509E-12
7.858554401346652 1.0734602609760984E-11
7.8585550664513715 9.599139548414088E-12
7.8585550664513715 1.0144230507352016E-11
7.8585550664513715 1.0158201851530492E-11
7.858555643511841 8.929042601526311E-12
7.858555643511841 7.325175609429433E-12
7.858555643511841 5.5643307663093275E-12
7.858555643511841 8.699196673148951E-12
7.858555643511841 6.952038245041624E-12
7.858555643511841 8.819662647454695E-12
7.858555717858087 9.636450184960828E-12
7.858555727045159 1.0182679263986297E-11
7.858555926198434 1.2376872143993209E-11
7.858556108410566 1.2260781397856387E-11
7.858556434345023 1.1863677951163103E-11
7.858556434345023 9.446009248560254E-12
7.858556434345023 6.525448625369463E-12
7.8585570126443605 6.3714158857840445E-12
7.8585570126443605 4.4926447545041726E-12
7.8585570126443605 3.948208716806984E-12
7.8585570126443605 4.919360450382139E-12
7.8585570126443605 4.623323509076644E-12
7.8585570126443605 6.142122920271037E-12
7.8585570126443605 6.8012000748682535E-12
7.858557304127084 7.824172714930612E-12
7.858557304127084 7.053758509241773E-12
7.858557304127084 5.433177714499933E-12
7.858557316240679 4.834056772676641E-12
7.858557458004276 4.4354929832832516E-12
7.858557458004276 3.239958539479927E-12
7.858557518771551 3.643964128703619E-12
7.858557673132375 1.856273547901716E-12
7.858557673132375 1.3651085105399634E-12
7.858557673132375 1.8457265090830167E-12
7.858557673132375 1.2152773618686832E-12
7.858557673132375 9.855474799975653E-13
7.858557741192245 1.2120568926478832E-12
7.858557741192245 1.0382055697393625E-12
7.858557761412651 1.3797694268838834E-12
7.858557761412651 1.2022844337216406E-12
7.858557761412651 8.274038266619077E-13
7.858557761412651 7.760100527965104E-13
7.858557768320279 1.2619854783306415E-12
7.858557768320279 6.484358936704983E-13
7.858557768320279 4.3263848309458257E-13
7.858557768320279 6.71205679463527E-13
7.858557768320279 3.1420436486505296E-13
7.858557768320279 1.3232991554774813E-13
7.858557787501051 1.6428187849068227E-13
7.858557842550199 4.021867436524227E-13
7.858557914309495 2.909488117542354E-13
7.858557914309495 4.0694934416179077E-13
7.858557914309495 6.697804087073685E-13
7.858557921766499 5.627869793954026E-13
7.858557996998801 7.451744742157558E-13
7.858557996998801 5.920156173605309E-13
7.858557996998801 9.174971755920277E-13
7.858557996998801 1.3465047426107214E-12
7.858558000186829 1.4325698981736017E-12
7.858558100861944 1.5554137076671523E-12
7.858558100861944 1.934809903188381E-12
7.858558100861944 1.4843499210252455E-12
7.858558111620026 1.9280213996969717E-12
7.858558111620026 1.4770307153066543E-12
7.8585581867999235 1.3606375506606509E-12
7.8585581867999235 1.361979823708692E-12
7.8585581867999235 1.4292302317031846E-12
7.858558224141446 1.3246270376269572E-12
7.85855824202108 1.7323283010940203E-12
7.858558245474512 1.8779835450330866E-12
7.85855826925019 2.2678669255933587E-12
7.858558296486534 2.4435368228427813E-12
7.858558316351997 2.608526245100349E-12
7.858558373873782 2.488183809397072E-12
7.858558373873782 2.439226316395929E-12
7.858558373873782 2.454331705591675E-12
7.858558373873782 2.470648999379455E-12
7.8585584643075235 2.485193681046188E-12
7.8585584643075235 2.0878689531062024E-12
7.8585584643075235 2.1820799791031914E-12
7.8585584643075235 2.16620178779906E-12
7.8585584643075235 2.1515316444322654E-12
7.858558493731445 2.4459289195490103E-12
7.858558493731445 2.464874592342054E-12
7.858558505995347 2.302773241464425E-12
7.858558505995347 1.86680267335337E-12
Score: 7.858558505995347
Runtime: 33763ms
