0.0027032742234849656 2.7227181377042893
0.0027032742234849656 1.6939003711974236
0.0027032742234849656 1.0946479738143275
0.0027032742234849656 0.7177055981328716
0.05718680183557711 0.49802123674918164
0.05718680183557711 0.35317187053420074
0.08583266434419883 0.2110863387663194
0.08583266434419883 0.1488196648336867
0.08583266434419883 0.10188700609662103
0.08723164382152504 0.07195889369779868
0.08723164382152504 0.05259512496339371
0.09984679298384805 0.03927818935754962
0.16444759899540318 0.02785978765485814
0.1923899683380031 0.02121707462810535
0.1923899683380031 0.030960120984081033
0.44528602866100164 0.009767028563117768
0.556142759539651 0.008515246125272928
0.556142759539651 0.0041850626274817886
0.556142759539651 0.021103661373543622
0.6235664502159668 0.00397403519268521
0.6235664502159668 2.829587732789983E-4
0.6655710773057684 2.6447735379829437E-4
0.773883524387438 2.927117391428998E-4
0.773883524387438 2.631236869884279E-4
0.773883524387438 3.100437519112916E-4
0.8482491818790749 3.255048159003823E-4
0.8808130473623381 2.5560744765976986E-4
1.0056584591966413 2.099978935354875E-4
1.0056584591966413 0.0063343499301535934
1.3885127112343914 0.006289806816241134
1.3885127112343914 9.65091558192636E-5
1.3885127112343914 7.852849260801452E-5
1.4086431049579629 8.074361884469559E-5
1.4086431049579629 7.75397312272503E-5
1.4086431049579629 8.422743256282935E-5
1.5602371805668112 6.700628201980546E-5
1.5884499729748778 1.0086179262052783E-4
1.661852141929089 1.256100633939768E-4
1.661852141929089 1.1988550309012081E-4
1.9244248103671515 1.0589152790152384E-4
2.248549140340187 9.860273467013637E-5
2.248549140340187 8.171364023548164E-5
2.248549140340187 5.379097754453448E-5
2.248549140340187 5.784421949092609E-5
2.248549140340187 4.3518240346991535E-5
2.248549140340187 4.103055065959854E-5
2.248549140340187 3.92762746061676E-5
2.4072404322788503 4.83540613969319E-5
2.4072404322788503 3.59867363991234E-5
2.422388707283948 3.762355036054941E-5
2.422388707283948 2.8469357894001745E-5
2.654978004679936 2.518778407309711E-5
2.6986061980718756 2.3757402355485314E-5
2.952051297302728 2.1115177775547826E-5
3.1600798423781846 1.3976591548718106E-5
3.1600798423781846 1.8967107193788893E-5
3.1600798423781846 1.313083918965749E-5
3.1600798423781846 2.040886658657852E-5
3.1600798423781846 3.436411613045571E-5
3.28130734167349 4.266803117788358E-5
3.28130734167349 5.096797493970316E-5
3.28130734167349 6.003896229318079E-5
3.3403786129976716 0.0035599316485954405
3.3403786129976716 6.214639809713829E-5
3.3403786129976716 5.2148243096272824E-5
3.4504228051839596 4.2161910565889865E-5
3.4504228051839596 3.5666232301290244E-5
3.494575531400595 3.278754185525577E-5
3.494575531400595 2.831984148863544E-5
3.494575531400595 2.2944355975162727E-5
3.494575531400595 1.6478593081989573E-5
3.494575531400595 1.7553893461144586E-5
3.529514275311729 1.4535755204711227E-5
3.536144173962708 1.2850433347493612E-5
3.5395265207224136 1.2231859566441725E-5
3.5395265207224136 1.1571322071082023E-5
3.551919004750823 1.0217389082752262E-5
3.551919004750823 8.257316401358578E-6
3.551919004750823 6.6750486138741445E-6
3.555117509804238 5.28065787156878E-6
3.571332029156708 3.994539255656336E-6
3.5976991230622106 2.881744449080548E-6
3.5976991230622106 1.673546992919581E-6
3.603223780099474 1.1167782039723655E-6
3.603223780099474 1.7493474715972993E-6
3.6506875746688117 1.9789687292332445E-6
3.6506875746688117 3.450656720508582E-6
3.6506875746688117 3.3259173502143856E-6
3.6506875746688117 3.398344050843388E-6
3.6826719845607485 3.399008722567837E-6
3.6826719845607485 2.9162132532892014E-6
3.6826719845607485 2.9769904587563796E-6
3.6826719845607485 2.1185363234801786E-6
3.6826719845607485 1.6049647994247036E-6
3.6826719845607485 1.7053862008892278E-6
3.6826719845607485 1.4443473551775055E-6
3.6826719845607485 1.412281256853409E-6
3.6826719845607485 1.3668716039029788E-6
3.687314051545024 1.7638385749186042E-6
3.7232141315031493 1.2343555378124564E-6
3.7232141315031493 1.0387306517933573E-6
3.7232141315031493 8.035243586403265E-7
3.7232141315031493 8.000992312073878E-7
3.7232141315031493 7.169236989578166E-7
3.7232141315031493 5.378418359956256E-7
3.7232141315031493 3.7178186086745955E-7
3.7232141315031493 1.2211323498871353E-7
3.7232141315031493 1.8052761385296963E-7
3.7232141315031493 1.4611435408274453E-7
3.7315692414444417 2.1778373103053606E-7
3.7315692414444417 5.5968845871475555E-8
3.7555225323404375 1.86798097270439E-7
3.7555225323404375 4.347457936226218E-7
3.7555225323404375 3.951519294389804E-7
3.7555225323404375 4.475967063545187E-7
3.7555225323404375 0.0
3.7555225323404375 5.870310084243931E-8
3.7555225323404375 1.9889689920550514E-7
3.7555225323404375 8.182765725096052E-8
3.7555225323404375 5.397782352801175E-8
3.7555225323404375 6.143885102125497E-8
3.7555225323404375 6.296542914896836E-8
3.7555225323404375 4.4898046974676826E-8
3.7555225323404375 2.025547048936535E-8
3.7555225323404375 2.025547048936535E-8
3.7555225323404375 3.1209968302283496E-8
3.7555225323404375 3.439007156646783E-8
3.758904929818515 1.0091341921549513E-7
3.761727139515238 1.8661484021620665E-7
3.761727139515238 0.0
3.761727139515238 3.1056442439744194E-8
3.761727139515238 0.0
3.761727139515238 0.0
3.761727139515238 0.0
3.761727139515238 0.0
3.761727139515238 0.0
3.761727139515238 0.0
3.7660712186483507 6.028867919985137E-8
3.7763891597942263 2.0371027006058515E-8
3.8023382079738077 1.3462010401277302E-7
3.8023382079738077 6.885683902663233E-8
3.8023382079738077 1.6872134521804563E-7
3.8023382079738077 8.209616719022072E-8
3.8023382079738077 1.0729485483083599E-7
3.8023382079738077 2.930382167758238E-7
3.8023382079738077 2.640299248296154E-7
3.8143940324136265 1.7820670605382375E-7
3.8143940324136265 2.8739770535586907E-7
3.8143940324136265 3.0773340041975926E-7
3.8143940324136265 3.1848876111194413E-7
3.8143940324136265 4.694029915645279E-7
3.8143940324136265 4.147301860141062E-7
3.8143940324136265 4.016277395801769E-7
3.8143940324136265 3.2761348992799427E-7
3.8143940324136265 1.8453401267115984E-7
3.8143940324136265 1.9616451389690285E-7
3.822833712136876 1.570754195942073E-7
3.822833712136876 6.803500088400338E-8
3.8262235766578327 1.273478842054261E-7
3.8262235766578327 6.944216239710777E-8
3.8262235766578327 4.6219276649049697E-8
3.8262235766578327 0.0
3.8262235766578327 4.703582723790837E-8
3.8262235766578327 2.2803577857316167E-8
3.8286596397678974 3.477228750130522E-8
3.8286596397678974 0.0
3.8286596397678974 0.0
3.8286596397678974 7.110908366377926E-8
3.8286700899777615 8.303317962681439E-8
3.8286700899777615 3.0313451676981676E-8
3.8316291137719287 4.841278606020877E-8
3.8328814445881862 8.462776987651437E-8
3.838418367005552 1.3318633366053832E-7
3.838418367005552 3.5343220879645276E-8
3.838418367005552 9.063655505962277E-8
3.838418367005552 4.2511571257858226E-8
3.838418367005552 7.212093398750285E-8
3.8401667465679514 5.57768043748139E-8
3.8408714178023837 5.09552710837411E-8
3.8408714178023837 3.219636282624621E-8
3.8408714178023837 3.6046856440140507E-8
3.8408714178023837 5.01245633024175E-8
3.8412727600047436 9.873270559661876E-8
3.844092185262652 1.3205032479720984E-7
3.844092185262652 1.823897200787698E-7
3.844092185262652 1.2269217066176295E-7
3.84620212233947 1.2166115055590347E-7
3.847826455407973 6.776469041526028E-8
3.849959027725585 8.123363332306234E-8
3.849959027725585 1.1196465725355881E-7
3.849959027725585 8.894952464134874E-8
3.8547072451825453 7.611528349185551E-8
3.85581737719145 7.81267595744934E-8
3.85581737719145 8.776534731169506E-8
3.85581737719145 1.2427215327861168E-7
3.85581737719145 1.0551024856170776E-7
3.85581737719145 1.3641769860277142E-7
3.85581737719145 1.8910778630388984E-7
3.85581737719145 1.2810650207364937E-7
3.8564908254053636 1.3505861451341536E-7
3.8564908254053636 1.6693868910746087E-7
3.8564908254053636 9.179238633046796E-8
3.8564908254053636 6.65597711747206E-8
3.8564908254053636 5.148233078609436E-8
3.8564908254053636 4.778590791854368E-8
3.856930558098102 3.089127308117802E-8
3.856930558098102 1.6781105927431684E-8
3.856930558098102 6.2149418042015955E-9
3.856930558098102 2.106392770938788E-9
3.856930558098102 1.0012303846065334E-8
3.857720370701503 5.628730843208737E-9
3.8581020761569422 5.818201882499705E-9
3.8581020761569422 2.957178508427356E-9
3.8581020761569422 0.0
3.8581020761569422 3.46475973524358E-9
3.8581020761569422 1.5084597714559452E-9
3.860475862127691 1.0137221177115745E-8
3.860475862127691 9.93649649241461E-9
3.860475862127691 6.867378107919324E-9
3.860475862127691 8.548627458904689E-9
3.860475862127691 1.7662074891619064E-8
3.860475862127691 1.7294658518277147E-8
3.860475862127691 2.0726555744529078E-8
3.860475862127691 1.617541723697273E-8
3.860475862127691 1.4198292607443926E-8
3.860475862127691 1.191301298576144E-8
3.860475862127691 1.119227745725867E-8
3.8612492619664813 7.861757831592084E-9
3.8612492619664813 1.551426152405005E-8
3.8612492619664813 1.4730381825795167E-8
3.8612492619664813 5.873967635174169E-9
3.8614748135702053 7.349853736365902E-9
3.8614748135702053 1.0671220812915634E-8
3.8614748135702053 2.183431342920696E-9
3.8614748135702053 7.028271485094776E-10
3.86176324247234 1.128658085550712E-9
3.8620405862248193 3.103673165969893E-9
3.8620405862248193 3.3496622918174654E-9
3.8620405862248193 4.20521958441301E-9
3.8620405862248193 7.973324967143884E-9
3.862213812623747 1.0802140384605371E-8
3.8624726024630345 9.002180865920008E-9
3.8624726024630345 8.612935034670918E-9
3.8624918740660688 1.2643475580506795E-8
3.8624918740660688 1.3079991651199424E-8
3.8624918740660688 1.9304221449377534E-8
3.86251625506918 2.010049304578577E-8
3.862579874691182 2.6365400927289948E-8
3.862670634386266 2.5048685358256926E-8
3.862670634386266 1.752500150550842E-8
3.8627094215716777 1.1952380245540424E-8
3.862845995992987 7.65220182632127E-9
3.862845995992987 9.487677939759414E-9
3.862845995992987 8.808326488109304E-9
3.862845995992987 7.2230543666195635E-9
3.862845995992987 9.128224664702975E-9
3.862915514024797 7.296321249918589E-9
3.862915514024797 5.959827851740814E-9
3.862941236785792 6.7461352940659665E-9
3.862941236785792 7.15019796455204E-9
3.862977691151518 8.5502306568615E-9
3.862977691151518 8.8942965060584E-9
3.862977691151518 8.523108773679207E-9
3.8630389849038544 9.296518898881451E-9
3.863047500563609 8.200508368106068E-9
3.863047500563609 7.3045085348033434E-9
3.863047500563609 7.014119449018309E-9
3.863047500563609 6.4445508988827726E-9
3.863047500563609 4.800462799239229E-9
3.8630685355132237 4.549352866084532E-9
3.8630945164255923 3.3338508802303175E-9
3.8630945164255923 2.609232888079206E-9
3.8630957821693883 2.9632931734329727E-9
3.8630957821693883 2.0528406963806583E-9
3.863100214644807 2.149625649619431E-9
3.8631048513744886 1.889021126378777E-9
3.863118125606194 1.373601045903715E-9
3.863124923956822 1.0146640650245144E-9
3.863126242042372 6.316061447847103E-10
3.863126242042372 4.602631043749544E-10
3.863126242042372 4.472184484319784E-10
3.863126242042372 5.773941060292422E-10
3.863126242042372 4.729675391387602E-10
3.863133255625675 4.2742827661291887E-10
3.8631366909835503 5.431144205381002E-10
3.8631366909835503 3.4371349410947933E-10
3.8631394561863726 3.401833045636495E-10
3.8631394561863726 2.8408011210374606E-10
3.8631394561863726 4.6025687627257245E-10
3.8631394561863726 5.585620306712827E-10
3.863147164609035 4.645442445886327E-10
3.863147164609035 2.456690276840537E-10
3.863147164609035 1.7285070532283974E-10
3.8631493358418227 1.2679223266686906E-10
3.8631499614173133 1.378900959964868E-10
3.8631499614173133 1.7577173389359408E-10
3.8631499614173133 1.6696857813623508E-10
3.8631506276415433 2.1506495108052309E-10
3.8631534043232634 2.1265070437544195E-10
3.863156414355853 1.3153778783246685E-10
3.863156414355853 2.715734921690202E-10
3.863156414355853 2.393086765070683E-10
3.863156414355853 1.0446725998642567E-10
3.863156414355853 8.369485252147394E-11
3.863156414355853 3.421189061239187E-11
3.863156414355853 2.926435976701802E-11
3.863156414355853 2.612940132736571E-11
3.863156414355853 1.3462500567228261E-11
3.863156414355853 2.0465727119226282E-11
3.863156414355853 3.157852585690683E-11
3.863156414355853 2.8667552298535346E-11
3.863156414355853 2.674447424509597E-11
3.863156414355853 2.5153238160813676E-11
3.863156414355853 1.3794471492863544E-11
3.863156414355853 1.1941799168055851E-11
3.863156414355853 1.0330655621919821E-11
3.863156414355853 5.003557834587828E-12
3.863156414355853 0.0
3.8631567961887443 3.335313477049204E-12
3.8631567961887443 0.0
3.8631567961887443 0.0
3.8631567961887443 0.0
3.8631577523305523 1.635491264481552E-12
3.8631577523305523 1.635491264481552E-12
3.8631577523305523 0.0
3.8631577523305523 0.0
3.863158336276886 2.5495908811684114E-12
3.863158336276886 0.0
3.863158336276886 3.2436599795987998E-12
3.863158336276886 3.2436599795987998E-12
3.8631616545060554 2.3767963011536876E-12
3.8631616545060554 0.0
3.8631616545060554 1.946970632501496E-12
3.8631616545060554 3.1332150464302417E-12
3.8631616545060554 4.3365546705249905E-12
3.8631616545060554 0.0
3.8631616545060554 4.355760108031204E-12
3.8631616545060554 5.9952982554665995E-12
3.8631616545060554 4.0236260877844775E-12
3.8631616545060554 3.9340625619704535E-12
3.8631616545060554 1.5015780236361777E-12
3.8631622859715886 4.153666745565211E-12
3.8631622859715886 0.0
3.8631622859715886 1.971018871591243E-12
3.8631622859715886 4.042275379010396E-12
3.8631622859715886 3.286017319758723E-12
3.8631622859715886 4.58706348832327E-12
3.8631622859715886 3.129070105079452E-12
3.8631622859715886 0.0
3.8631622859715886 0.0
3.863162691324893 6.972418645918134E-13
3.863162691324893 1.0208530668098075E-12
3.863162691324893 0.0
3.863162691324893 0.0
3.863162691324893 0.0
3.863162691324893 5.104265334049037E-13
3.863162691324893 0.0
3.863162691324893 0.0
3.863162691324893 6.972418645918134E-13
3.863162691324893 0.0
3.86316358346277 1.3770660269921973E-12
3.86316358346277 0.0
3.86316358346277 0.0
3.86316358346277 6.881282248907288E-13
3.86316358346277 0.0
3.86316358346277 9.110213356339319E-13
3.86316358346277 0.0
3.86316358346277 0.0
3.86316358346277 0.0
3.86316358346277 0.0
3.86316358346277 0.0
3.86316358346277 0.0
3.8631636879496805 5.972819158173914E-13
3.8631636879496805 0.0
3.8631636879496805 0.0
3.8631636879496805 0.0
3.8631636879496805 9.110213356339319E-13
3.8631637056761807 4.567850907435483E-13
3.8631637909706917 3.0914814854441536E-13
3.8631638260709478 1.6570124157506366E-13
3.863163900111001 7.203804266617729E-13
3.863163900111001 0.0
3.863163900111001 4.413534969170566E-13
3.8631639001649942 1.2001880854358306E-12
3.863163913376573 7.763294470564846E-13
3.863163913376573 0.0
3.863163913376573 0.0
3.8631641491032065 1.2144646771021332E-12
3.863164329571331 1.889543672657548E-12
3.863164566761167 2.7229045914909957E-12
3.863164566761167 2.553454307771098E-12
3.863164566761167 1.826001744480928E-12
3.863164595345272 2.3143844127795642E-12
3.863164595345272 1.6800077356891624E-12
3.863165051120918 9.571991469985573E-13
3.863165051120918 2.3253497874666117E-12
3.863165051120918 2.138564347631119E-12
3.863165051120918 1.3646947601257746E-12
3.863165051120918 2.2067124886900663E-12
3.863165051120918 4.468454071449785E-12
3.863165051120918 3.438821348654135E-12
3.863165051120918 3.4606149099767503E-12
3.863165051120918 2.6441981727588855E-12
3.863165051120918 1.310328704000721E-12
3.863165051120918 1.459127469988952E-12
3.863165051120918 6.20846008232041E-13
3.863165051120918 1.56129047541282E-12
3.863165051120918 1.589805022582556E-12
3.8631650615556614 1.1155151778411587E-12
3.8631650615556614 1.556985471220603E-12
3.8631650615556614 1.5400750341456552E-12
3.8631650615556614 8.834299917389655E-13
3.8631650615556614 3.179790468908072E-13
3.8631650615556614 0.0
3.8631650615556614 0.0
3.8631650615556614 0.0
3.8631650615556614 0.0
3.8631650615556614 0.0
3.8631651174107704 1.5318394417564725E-13
3.8631651174107704 4.545898398233384E-13
3.8631651174107704 2.6570446371857196E-13
3.8631651538221927 4.2790587935165673E-13
3.8631652163128094 7.857282440225646E-13
3.8631652163128094 6.772023884544131E-13
3.8631652170119386 6.015233357377454E-13
3.863165251724217 6.727471972151288E-13
3.863165289886921 8.506000417145411E-13
3.863165396593122 9.57642338590064E-13
3.863165396593122 1.0404820958143302E-12
3.863165396593122 9.12961300613111E-13
3.863165396593122 1.000087471010253E-12
3.863165432427411 9.206880424215005E-13
3.863165432427411 1.1457709007115987E-12
3.863165432427411 1.2441112416551434E-12
3.863165432427411 1.4160432549884338E-12
3.863165432427411 1.0644628895979043E-12
3.863165432427411 1.0375993840129923E-12
3.863165467861976 1.1262163999398153E-12
3.863165467861976 1.298138428473762E-12
3.8631654747493718 1.4300597047551127E-12
3.8631654747493718 6.61032197678027E-13
3.863165559251543 7.453030371391373E-13
3.863165559251543 6.319913008935884E-13
3.863165559251543 2.5455518016680974E-13
3.863165559251543 3.103857940322568E-13
3.863165559251543 3.497651641217193E-13
3.863165559251543 2.746838816020663E-13
3.863165559251543 3.079934878479468E-13
3.863165559251543 3.002698874087435E-13
3.863165559251543 2.95572439211086E-13
3.863165559251543 4.854211739126319E-13
3.863165559251543 4.5215387772735565E-13
3.863165559251543 4.977201523352004E-13
3.863165559251543 3.377489538491826E-13
3.863165559251543 1.8914851893491204E-13
3.863165559251543 1.9449609015167197E-13
3.863165559251543 2.0476039467299814E-13
3.863165559251543 1.744099205229253E-13
3.863165559251543 5.453709116860307E-14
3.8631655871404 6.433967569415189E-14
3.8631655871404 0.0
3.8631655871404 0.0
3.8631655871404 0.0
3.8631655871404 0.0
3.8631655871404 1.6802068133405087E-14
3.8631655871404 0.0
3.8631655871404 0.0
3.8631655871404 0.0
3.8631655871404 0.0
3.8631655871404 0.0
3.8631655871404 2.0621244480662354E-14
3.8631655871404 0.0
3.8631655871404 0.0
3.8631655871404 2.0621244480662354E-14
3.8631655871404 0.0
3.8631655871404 0.0
3.8631655871404 3.0601336201964203E-14
3.8631655871404 0.0
3.8631655871404 0.0
3.8631655871404 0.0
3.8631655871404 0.0
3.8631655871404 0.0
3.8631655871404 0.0
3.8631655871404 0.0
3.8631655871404 0.0
3.8631655871404 0.0
3.8631655871404 0.0
3.8631655871404 0.0
3.8631655871404 0.0
3.8631655871404 0.0
3.8631655871404 0.0
3.8631655871404 0.0
3.8631655871404 0.0
3.8631655871404 0.0
3.8631655871404 0.0
3.8631655871404 0.0
3.8631655871404 0.0
3.8631655871404 0.0
Score: 3.8631655871404
Runtime: 34753ms
