1.570044332523941E-4 2.737731349499198
1.570044332523941E-4 1.7367185230087336
4.1765485509570415E-4 1.0979805759751209
0.0015375711168859277 0.6840682732469481
0.008001419091250473 0.47905366292267987
0.008001419091250473 0.33210137611735213
0.03081556704551986 0.21386898246366784
0.03081556704551986 0.1495458955059961
0.03081556704551986 0.10464994402674695
0.06314144209541413 0.08403926764766168
0.07748601948126568 0.056285833562926546
0.1925407170879909 0.04201219918576649
0.1925407170879909 0.02605202504533223
0.37400191956663675 0.017360371534170548
0.4317399185803906 0.012246029655759624
0.5614985988879707 0.0047667605064481994
0.5614985988879707 0.018592170918592586
0.566473955280328 0.016401049356704556
0.5793812399131012 0.003942002999147105
0.6262533010101273 0.004916324285812609
0.6319872939216814 0.019398215701837467
1.1349929016538587 0.004913663598877209
1.2495155010672376 3.405512606968669E-4
1.3528638066087955 3.165013576329072E-4
1.3528638066087955 0.004628963507777221
1.3528638066087955 2.202416151822201E-4
1.52084689478311 1.971599515188678E-4
1.52084689478311 1.2397161523133786E-4
1.52084689478311 1.0042173883778756E-4
1.52084689478311 9.965820742961709E-5
1.5948403365439967 1.1523878740880868E-4
1.678464932534145 1.0392930297438984E-4
2.2238589917711904 1.063881037892282E-4
2.2238589917711904 8.57227651372933E-5
2.2238589917711904 9.356854454805512E-5
2.347874733826813 9.169550275683894E-5
2.347874733826813 7.121854960050936E-5
2.347874733826813 9.598559284222634E-5
2.347874733826813 0.006012569655986826
2.3516057889205126 8.365811864532668E-5
2.750541761440985 7.405617869386306E-5
2.7750231166284096 1.0387162648856717E-4
2.9359265181037357 0.005640102542258687
2.9359265181037357 7.619405552828524E-5
2.9359265181037357 7.11969298324274E-5
2.9359265181037357 6.186390072993264E-5
2.9359265181037357 4.9019238973345404E-5
3.2687265346900785 3.095615627311326E-5
3.2687265346900785 2.0325897502402007E-5
3.2687265346900785 2.430017045650255E-5
3.2687265346900785 3.128960001857912E-5
3.2687265346900785 2.6135327610586306E-5
3.2687265346900785 1.9447072723269723E-5
3.2687265346900785 2.2435990628440814E-5
3.323930777854704 1.0135914352592107E-5
3.323930777854704 9.904033648185286E-6
3.323930777854704 5.030119725751256E-6
3.4009045083012217 4.05736230107984E-6
3.5742151634383874 4.737696716513763E-6
3.5742151634383874 2.257060678441376E-6
3.5742151634383874 3.904299832247911E-6
3.588747307424602 3.873948751718789E-6
3.588747307424602 1.5740766211931372E-6
3.588747307424602 3.6880310335475775E-6
3.588747307424602 2.680746690964317E-6
3.5957219877318822 2.521016628372352E-6
3.5957219877318822 1.5955902762409352E-6
3.5957219877318822 2.284691761187662E-6
3.660678369781966 1.8215286831394195E-6
3.660678369781966 3.2468193378419733E-6
3.6742216901182405 4.191967570122582E-6
3.7611431433825127 2.8803627558020276E-6
3.7611431433825127 2.0313140674176307E-6
3.768345587892793 2.3841543346708947E-6
3.768345587892793 1.653965561018129E-6
3.8281102897293557 6.387468674299508E-7
3.8281102897293557 8.571705628923408E-7
3.8281102897293557 6.778609314705845E-7
3.8281102897293557 1.0682790751886967E-6
3.8281102897293557 1.733779345462112E-6
3.8283459624902454 1.3357197344881283E-6
3.8283459624902454 1.554535013593603E-6
3.8946341801048185 2.324440087529247E-6
3.9306992665835425 1.6003458712449827E-6
3.9306992665835425 2.4760677344834656E-6
3.9306992665835425 1.6772312996509674E-6
3.9306992665835425 1.8022124505187422E-6
3.9306992665835425 1.045902947331769E-6
3.9306992665835425 7.71471085774061E-7
3.9667322599999295 2.176171152434622E-6
3.9667322599999295 2.089951965327374E-6
3.9667322599999295 1.458812376797872E-6
3.9667322599999295 2.2186776191070767E-6
3.9759460873123493 1.990092303656649E-6
3.9985380974134537 1.7694554543110622E-6
4.034860051368259 1.9300665751173004E-6
4.034860051368259 1.7752970132449018E-6
4.039222520866429 9.562869852442313E-7
4.039222520866429 9.572255495298847E-7
4.039222520866429 7.088218904375272E-7
4.065600099710221 9.106996689856708E-7
4.065600099710221 1.2942626324844775E-6
4.065600099710221 1.3773354183406274E-6
4.065600099710221 1.4340397181558795E-6
4.06882938535368 2.307934494409722E-6
4.11599357316481 2.9384827709108123E-6
4.116483694288671 3.1925292090652396E-6
4.116483694288671 3.010530795796128E-6
4.116483694288671 3.139414707182805E-6
4.125984058782929 2.5925461110765204E-6
4.125984058782929 2.5397891151646355E-6
4.125984058782929 3.088270149011059E-6
4.143492534937692 2.7283796090383393E-6
4.143492534937692 2.672053033836742E-6
4.143492534937692 2.621026009098198E-6
4.143492534937692 2.301483621980574E-6
4.143492534937692 2.303338794749501E-6
4.150183255757848 1.9194728688067775E-6
4.150486049911812 1.408070365014151E-6
4.150486049911812 1.2723250216013766E-6
4.161486858519706 1.2109400108446771E-6
4.161486858519706 1.2228765059505886E-6
4.167081199328632 1.2786490890079833E-6
4.172608832042236 1.1389792625647467E-6
4.172608832042236 1.1247863065022402E-6
4.172608832042236 9.942353432435405E-7
4.172608832042236 8.361722927559412E-7
4.173264358383308 7.139042862324075E-7
4.177727006930022 7.719491273163592E-7
4.177727006930022 7.765886614099538E-7
4.179948759718948 8.420332498159284E-7
4.179948759718948 6.721642847450842E-7
4.180873696117032 4.7628191047337545E-7
4.180873696117032 4.0421001305724215E-7
4.1833868737732125 3.768933425717908E-7
4.1833868737732125 3.67191982052613E-7
4.184768939441439 3.3490947941820546E-7
4.190597511138634 3.3383499214156506E-7
4.190597511138634 3.0180351857029867E-7
4.190597511138634 3.116027592715711E-7
4.190597511138634 2.785926939898014E-7
4.190597511138634 2.463165763960085E-7
4.190597511138634 1.8957745875803432E-7
4.190597511138634 1.518511404011082E-7
4.191309724844933 1.47647639562647E-7
4.191309724844933 1.1015963233110389E-7
4.191309724844933 1.0208546237847151E-7
4.191309724844933 1.0050632185041776E-7
4.191309724844933 9.29701442343563E-8
4.191309724844933 7.04765329717262E-8
4.192009375003282 6.808596763606099E-8
4.192009375003282 2.7940742691321394E-8
4.192009375003282 1.3369743176648406E-8
4.192009375003282 0.0
4.192009375003282 7.67541063273833E-9
4.192009375003282 3.9388936538459975E-9
4.192009375003282 3.002334858945677E-9
4.192009375003282 0.0
4.192009375003282 1.3930282103167698E-9
4.19276971564817 2.76479969577411E-9
4.194196149638 8.29465433889146E-9
4.194196149638 1.5458800840817868E-8
4.194196149638 8.302040634103942E-9
4.194196149638 9.271406480838048E-9
4.194796737322838 8.916895372873567E-9
4.194796737322838 1.2226931887988357E-8
4.194796737322838 3.5396297032022254E-9
4.194796737322838 6.557544131513889E-9
4.194796737322838 1.0335827287187929E-8
4.195025630003688 1.060878308699867E-8
4.195025630003688 1.2418493200219541E-8
4.195025630003688 1.4189641759092782E-8
4.195025630003688 1.5016450566894212E-8
4.195025630003688 2.2550621836560903E-8
4.195099423831093 1.9768895991758693E-8
4.19585839081538 1.87142975435487E-8
4.19585839081538 1.3139024335032183E-8
4.19585839081538 1.0860912374464718E-8
4.195946741810562 1.4463471747479725E-8
4.196461078488886 9.505105625880253E-9
4.196461078488886 1.1261408083602609E-8
4.196486854461731 1.7130968864327622E-8
4.196486854461731 1.9639919783634338E-8
4.19650361632053 1.851515631476445E-8
4.19650361632053 2.2674250106483932E-8
4.196810802962123 3.086317095956671E-8
4.196810802962123 2.920380954852767E-8
4.196873614413007 2.552938654101819E-8
4.1969016794053555 2.6586237596511508E-8
4.1969016794053555 2.0548156558720465E-8
4.197014773504877 1.655381357276525E-8
4.197014773504877 1.4386940107594235E-8
4.197148201307166 1.271795117463406E-8
4.197148201307166 8.064317075060665E-9
4.197148201307166 5.647025648486123E-9
4.197148201307166 5.4656546267502135E-9
4.197148201307166 5.573599389814335E-9
4.19726372861649 6.100246045283316E-9
4.19726372861649 7.711658639564484E-9
4.1972795638779425 5.700445992494223E-9
4.1972795638779425 4.585507053645078E-9
4.1972795638779425 4.360047584553615E-9
4.197327510622452 3.9866290137463046E-9
4.197327510622452 2.734876475166557E-9
4.197372968218561 2.468236787032559E-9
4.197454400324791 2.7215170048508305E-9
4.197454400324791 1.611533516855693E-9
4.197454400324791 1.471422280180208E-9
4.197454400324791 1.0295289472519548E-9
4.197454400324791 1.5595163515484816E-9
4.197454400324791 1.4562124111929937E-9
4.197454400324791 1.223147578285109E-9
4.197511023374295 1.8303178537595782E-9
4.197579855857295 1.5860225020747289E-9
4.197579855857295 2.002376450588017E-9
4.1976243640775825 2.443946170679566E-9
4.197694804723998 2.7989977537442157E-9
4.197694804723998 2.7211371193569866E-9
4.197694804723998 3.1812946574869752E-9
4.197694804723998 2.4375433598415733E-9
4.197694804723998 3.0360923119751445E-9
4.197709944402865 3.5285604744925994E-9
4.197709944402865 3.055149211990062E-9
4.197709944402865 2.6763098923515032E-9
4.197709944402865 2.4570148946384253E-9
4.197709944402865 2.271846194784636E-9
4.197709944402865 1.5862700610510053E-9
4.197709944402865 8.320192074482133E-10
4.197709944402865 6.75519409418405E-10
4.197709944402865 7.329273171310199E-10
4.197727020957515 7.381131223598006E-10
4.197727020957515 5.184294611211091E-10
4.197727020957515 3.035899074777531E-10
4.197727020957515 2.340076395487658E-10
4.197727020957515 9.642993786506433E-11
4.197727020957515 0.0
4.197727020957515 6.313029544665477E-11
4.197729070025484 5.350929155918965E-11
4.197729070025484 6.563494274787805E-11
4.197729070025484 1.0003762707306619E-11
4.197729070025484 0.0
4.197729070025484 0.0
4.197738224291981 2.5072022700566963E-11
4.197739707048741 2.7867408315779326E-11
4.197745225431911 9.525157066474879E-11
4.197746642655 1.0450510253282118E-10
4.197746642655 8.022278455751163E-11
4.19774907107498 1.1338963615710378E-10
4.197755699189721 5.946881302216133E-11
4.197755699189721 5.119961921474308E-11
4.197755699189721 3.7067777025092347E-11
4.197767549075112 8.271056786554016E-11
4.197767549075112 1.4767452790928643E-10
4.197767549075112 1.203062372360823E-10
4.197769972375241 1.0159306041528626E-10
4.197771242578827 1.4200492007008926E-10
4.197776672664764 1.7117134759159213E-10
4.197791137588664 2.052837577966306E-10
4.197791137588664 2.2268560534772357E-10
4.197791137588664 2.9265602701104355E-10
4.197797275229514 3.0751267800872563E-10
4.197797275229514 3.278094645390255E-10
4.197797275229514 2.9392065625156617E-10
4.19780135479562 2.951180661223772E-10
4.197804145400289 3.4397617870425324E-10
4.197804392701853 3.4061962007979224E-10
4.197804392701853 2.9237758800117703E-10
4.197808999515737 3.721878370855234E-10
4.197808999515737 3.4643384440981374E-10
4.197811930421941 4.009727976962748E-10
4.197811930421941 3.4599422880876137E-10
4.1978212350517 3.4645610715121784E-10
4.1978212350517 3.410407052983399E-10
4.1978228049616915 3.4709377403917135E-10
4.1978228049616915 3.0350027555048536E-10
4.1978228049616915 2.839087411282759E-10
4.1978228049616915 2.2011274499261026E-10
4.197825044614783 2.1576802657263727E-10
4.197827833694001 2.330071071369072E-10
4.197834621500794 2.0314716505854392E-10
4.19783915885127 2.4224600968491437E-10
4.19783915885127 1.8724210216363618E-10
4.19783915885127 1.9063458063658918E-10
4.19783915885127 2.2624191760199457E-10
4.19783915885127 2.315803478753435E-10
4.19783915885127 2.307206502836548E-10
4.197843518300867 1.959975716975881E-10
4.197847714351727 2.104353997180023E-10
4.197847714351727 2.3254981054257397E-10
4.197847714351727 2.485592770289958E-10
4.197847714351727 2.366564843317417E-10
4.197847714351727 2.1070904316372974E-10
4.197847714351727 2.268194674370028E-10
4.197849931245968 1.7594178880879897E-10
4.197851690425979 9.950586827578971E-11
4.1978544466347225 8.854425719692123E-11
4.197856771087119 7.415296410371679E-11
4.197856771087119 9.020448691109389E-11
4.197856771087119 8.211681018465705E-11
4.197856771087119 1.2075673278438762E-10
4.197856771087119 1.0072811677258912E-10
4.197856771087119 7.174109916571222E-11
4.197857605215096 7.949479846404188E-11
4.197857605215096 6.623908865345473E-11
4.197857605215096 6.773997499987448E-11
4.197858591976927 6.709893033692566E-11
4.197858591976927 7.896810082528448E-11
4.197858892117913 8.143867480430786E-11
4.197858892117913 5.43941378196031E-11
4.197859475952901 4.314052313319413E-11
4.197859653428825 3.316275079736711E-11
4.197860899160203 1.6808691291912466E-11
4.197863246098056 1.3471603816799762E-11
4.197863246098056 2.440564630392399E-11
4.197863922966616 2.997975471279379E-11
4.197863922966616 4.0156953033847726E-11
4.197863922966616 6.016663497844055E-11
4.197863922966616 6.306487414175166E-11
4.197864130135592 9.425651871092275E-11
4.197865068893961 1.1115093337232559E-10
4.197865202860279 1.234177262137775E-10
4.197866031331137 1.0869411881511315E-10
4.197866031331137 1.1040620266800622E-10
4.197866031331137 1.0139245867873467E-10
4.197866068376917 9.140571851280115E-11
4.197866068376917 6.316392856681142E-11
4.197866282966051 4.354793987085129E-11
4.197866282966051 2.780481812601518E-11
4.197866282966051 2.3877878291394322E-11
4.197866730454298 2.7497539207724917E-11
4.197866730454298 2.7008975944826804E-11
4.197866730454298 2.2850362253952235E-11
4.197866976030685 2.2650602871046093E-11
4.197867094987596 1.6700067230171298E-11
4.19786742522535 1.3159328797890274E-11
4.19786742522535 1.2508056882493989E-11
4.19786742522535 1.1006643767066756E-11
4.19786742522535 6.425809475665352E-12
4.19786742522535 5.411486732210784E-12
4.197867497011724 6.7631870966462325E-12
4.197867497011724 6.548728800495737E-12
4.197867497011724 8.020999245716843E-12
4.197867681887712 6.639517409422378E-12
4.197867681887712 6.7094880307210675E-12
4.197867681887712 4.39201651330949E-12
4.197867686840434 3.998412969378093E-12
4.197867686840434 4.813127032378383E-12
4.197867686840434 2.955622557287637E-12
4.197867707388246 1.8532009080161463E-12
4.197867707388246 1.9187746855371123E-12
4.197867787775022 1.474194659123018E-12
4.197867787775022 1.7107011329376318E-12
4.197867787775022 1.5698913692488576E-12
4.1978678676519605 1.880167964169227E-12
4.1978678676519605 1.0865053669006242E-12
4.1978678676519605 7.744378593544901E-13
4.1978678676519605 1.0530767999053817E-12
4.197868019110331 8.993476785295093E-13
4.197868019110331 8.148107966612115E-13
4.197868019110331 8.515646297554411E-13
4.197868019110331 5.975841627145443E-13
4.197868019110331 7.817602628136625E-13
4.197868019110331 1.0809835714980755E-12
4.197868019110331 1.0224593279914885E-12
4.197868019110331 1.0274738024891812E-12
4.197868019110331 5.537566863945735E-13
4.1978680341081445 7.562180028695492E-13
4.197868103436985 8.543573768163609E-13
4.197868103436985 8.309080258257517E-13
4.197868103436985 7.963253895441562E-13
4.197868130170888 4.81663898735598E-13
4.197868130170888 6.257633342265836E-13
4.197868130170888 7.274739075982633E-13
4.197868132724544 2.3562474432416505E-13
4.19786813873129 3.855327039937377E-13
4.19786813873129 1.572289551662213E-13
4.19786813873129 2.8664067433255164E-13
4.197868149631123 2.478919584971211E-13
4.197868172712285 3.333784037220786E-13
4.197868185767202 3.241887453305041E-13
4.197868185767202 4.3595635019096256E-13
4.197868185767202 5.047838212429779E-13
4.197868193976543 6.250277563684959E-13
4.197868213067254 3.389111412270417E-13
4.197868213067254 2.412723048129017E-13
4.197868213067254 2.295871518402361E-13
4.197868213067254 3.0120362592505615E-13
4.197868234769498 3.066668474589307E-13
4.197868234769498 2.7137144489257357E-13
4.197868234769498 2.9913573134125976E-13
4.19786824123134 3.2494901973979343E-13
4.19786824123134 3.4091272416883986E-13
4.19786824123134 3.1742475169843706E-13
4.19786824123134 2.5174052209823486E-13
4.19786824123134 1.2025579464643162E-13
4.19786824123134 7.70693035583164E-14
4.197868262507277 1.4514604570066552E-13
4.197868262507277 9.213811749972526E-14
4.19786829363117 1.2483862312268676E-13
4.19786829363117 1.7114167964399709E-13
4.19786829363117 1.6538764464215523E-13
4.19786829363117 1.1850469907851028E-13
4.19786829363117 1.3089519266368313E-13
4.19786829363117 1.515493529016332E-13
4.19786829363117 1.6732760514156648E-13
4.19786829363117 1.1849618203753167E-13
4.197868300239701 1.2225564349988203E-13
4.197868300239701 1.2441678418063558E-13
4.197868300239701 1.6687141210534055E-13
4.197868300239701 1.9094540234190798E-13
4.197868300239701 1.8151306762360082E-13
4.197868300239701 1.4514445766368956E-13
4.19786830035054 8.999263687476835E-14
4.197868305911702 6.122224827632963E-14
4.197868305911702 5.111284390204038E-14
4.197868305911702 4.087411374241931E-14
4.197868305911702 3.0460456575475795E-14
4.197868305911702 1.9161309331725166E-14
4.197868305911702 1.708326441867803E-14
4.197868305911702 1.3327944399880466E-14
4.197868305911702 2.2020806153834655E-14
4.197868305911702 4.274231007591346E-15
4.197868305911702 1.1699539059846698E-14
4.197868305911702 1.3293794452540881E-14
4.197868316317345 2.4388703063747147E-14
4.197868316317345 2.270093117424189E-14
4.197868316317345 2.912390940339548E-14
4.197868316317345 1.6100159645639584E-14
4.197868316317345 6.9004528777501275E-15
4.197868316317345 3.038296231820579E-15
4.197868316317345 7.0779480459250034E-15
4.197868316317345 0.0
4.197868316317345 4.212875463453248E-15
4.197868316317345 6.196425502061401E-15
4.197868316317345 3.794634293694498E-15
4.197868321109167 6.434641054830906E-15
4.197868321109167 6.9223261916171835E-15
4.197868323386642 5.47034043401153E-15
4.197868323386642 1.796861416373825E-15
4.197868323386642 1.9696695487847665E-15
4.197868323386642 0.0
4.197868323386642 3.856952579114036E-15
4.197868323386642 2.660902752672142E-15
4.197868323386642 3.868731012020338E-15
4.197868323386642 1.2078282593481955E-15
4.197868323386642 3.4426790656109565E-15
4.197868323386642 3.2443352804266336E-15
4.197868323386642 5.116406100371206E-15
4.197868323386642 3.497707807437798E-15
4.197868323386642 2.833465246841421E-15
4.197868323386642 1.2078282593481955E-15
4.197868323386642 0.0
4.197868323386642 0.0
4.197868326007556 1.7563596863669284E-15
4.197868326007556 1.7563596863669284E-15
4.197868326007556 0.0
4.197868326007556 0.0
4.197868326007556 0.0
4.197868326400437 7.174560008164419E-16
4.197868326400437 3.312281267608441E-15
4.197868326400437 0.0
4.197868326400437 0.0
4.197868326400437 0.0
4.197868326400437 2.198789926617957E-15
4.197868326400437 1.7459965718771718E-15
4.197868326400437 6.267124455468288E-16
4.197868326619817 6.237733827563591E-16
4.197868326619817 2.089536485613471E-15
4.197868326619817 2.430382023354693E-15
4.197868326619817 0.0
4.197868326619817 2.0969965382194788E-15
4.1978683268337855 9.487479612031048E-16
4.1978683268337855 4.820741807311404E-16
4.197868328154698 2.9042467669081883E-15
4.197868328154698 1.99131289845737E-15
4.197868328154698 9.198425994718857E-16
4.197868328154698 1.185730614546755E-15
4.197868328226637 3.78628443163659E-15
4.19786832917504 2.938823538551923E-15
4.19786832917504 4.322950980001348E-15
4.19786832917504 2.9161171431575036E-15
4.19786832917504 3.599450607966343E-15
4.19786832917504 6.7852056424827445E-15
4.19786832917504 7.406532372793714E-15
4.19786832917504 4.212685674119104E-15
4.19786832917504 2.5772625891407916E-15
4.19786832917504 3.683226495532415E-15
4.19786832917504 1.7412243489248791E-15
4.19786832917504 1.266529729594438E-15
4.19786832917504 5.474374234426595E-16
4.197868330000562 9.88193601979356E-16
4.197868330072886 1.2551516229138733E-15
4.197868330072886 9.021434454899016E-16
4.197868330072886 6.995976651123923E-16
4.197868330072886 3.1115195477214204E-15
4.197868330072886 1.458026324531687E-15
4.197868330072886 4.943504907716227E-16
4.197868330072886 4.061253631682387E-16
Score: 4.197868330072886
Runtime: 34454ms
