5.0308221783217944E-5 2.7176507916710384
5.433414621749423E-5 1.7047473638468178
5.7793970002925605E-5 1.1321231537127816
0.0022387453232094357 0.6980756721680537
0.010927044726597073 0.4540224638431312
0.010927044726597073 0.3439750525754999
0.029656789078355335 0.23415856831117227
0.029656789078355335 0.1505905048360651
0.0500774604812646 0.11338206001121504
0.0500774604812646 0.0862477288982662
0.0500774604812646 0.07012821473622873
0.4131422614825566 0.05495833392138056
0.4131422614825566 0.02969092202714196
0.4131422614825566 0.02375705007580225
0.4131422614825566 0.028555246055790386
0.4131422614825566 0.021569775987990706
0.4131422614825566 5.655139843906088E-4
0.4131422614825566 0.008131969715904125
1.1815148068213357 0.011130517793050567
1.1815148068213357 0.012660346865184524
1.1815148068213357 2.3670502729376757E-4
1.1815148068213357 0.00735224669825631
1.1815148068213357 1.5229885464650906E-4
1.1815148068213357 1.7963518838623552E-4
1.1815148068213357 0.003559925753403807
1.1815148068213357 0.004934587359873547
1.2195640244869286 0.010156067066314011
1.2195640244869286 3.7968852977758703E-5
1.594568870088024 7.603314250967105E-5
2.6733430328299157 8.478647305787976E-5
2.6733430328299157 1.1965879234844707E-4
2.8542296445955246 9.075412705765337E-5
3.163355048855974 6.384260154348121E-5
3.163355048855974 0.0028895667412524124
3.163355048855974 0.004355346633159559
3.163355048855974 2.522239061590682E-5
3.2289700587641064 4.630121047292484E-5
3.2289700587641064 4.2749415918717734E-5
3.2289700587641064 4.967680165633937E-5
3.2289700587641064 4.312781722193763E-5
3.2289700587641064 6.339650591693408E-5
3.2289700587641064 0.007509346510004491
3.2289700587641064 6.007031425697317E-5
4.118850646077991 3.679267950900988E-5
4.118850646077991 1.1243035893630947E-5
4.118850646077991 1.0840166333419173E-5
4.118850646077991 1.193364090368524E-5
4.118850646077991 1.3581655279115409E-5
4.118850646077991 1.1277998325670625E-5
4.118850646077991 3.5948603050216773E-6
4.118850646077991 3.553718244433369E-6
4.118850646077991 0.0
4.118850646077991 2.4306183887529385E-6
4.731217867883383 1.0239664149455822E-5
4.731217867883383 8.036244766230464E-6
4.731217867883383 7.1740890119627695E-6
4.731217867883383 1.0126462413687617E-5
4.731217867883383 8.897499997121187E-7
4.731217867883383 5.333218243857607E-6
4.731217867883383 5.256664126453818E-6
4.731217867883383 1.7801666723852862E-6
4.731217867883383 0.0
4.988360804134769 1.5993055221375052E-6
4.988360804134769 3.0305901939638487E-6
5.338746607320232 3.849485419670389E-6
5.338746607320232 4.7360240838061935E-6
5.338746607320232 1.5918091168267497E-6
5.338746607320232 1.5264320935459127E-6
5.338746607320232 0.0
5.338746607320232 2.3843632903772003E-6
5.338746607320232 4.598794526783934E-6
5.338746607320232 3.663340018114856E-6
5.338746607320232 0.0
5.350403617556822 2.718788550984024E-6
5.390462881690543 5.110658916916052E-6
5.390462881690543 1.5853471996107926E-6
5.390462881690543 2.69502794459747E-6
5.390462881690543 5.180992981682734E-6
5.588377390146505 3.6243153230138223E-6
5.588377390146505 3.7661089584889374E-6
5.951673763198433 4.869481991509489E-6
5.951673763198433 6.837760082443175E-7
5.951673763198433 1.896064352640094E-6
5.951673763198433 9.335743021244928E-7
5.951673763198433 1.433747212973954E-6
5.951673763198433 2.8032376155685716E-6
5.951673763198433 2.3201832356789622E-6
5.951673763198433 3.5366553848297085E-6
5.951673763198433 5.086784230733524E-6
5.951673763198433 4.427578435326646E-6
5.951673763198433 4.258153097752033E-6
5.951673763198433 5.4153584425918716E-6
5.951673763198433 5.402366976294815E-6
5.951673763198433 6.3387677132948414E-6
5.951673763198433 1.8960823175374037E-6
5.951673763198433 0.0
5.952963495238932 2.3137758824666065E-6
5.952963495238932 0.0
5.952963495238932 0.0
6.188789268685403 9.674161518671964E-7
6.188789268685403 9.674161518671964E-7
6.188789268685403 6.718116453506513E-7
6.188789268685403 6.314257397612611E-7
6.188789268685403 0.0
6.188789268685403 0.0
6.188789268685403 0.0
6.216643361418248 5.920058064364104E-7
6.419712747572014 7.910372092202041E-7
6.419712747572014 0.0
6.419712747572014 4.5969534825679745E-7
6.419712747572014 1.2896367735184218E-6
6.419712747572014 2.1772958373120634E-6
6.419712747572014 1.683530048614005E-6
6.419712747572014 2.7591030295735347E-6
6.419712747572014 1.2238347003572077E-6
6.419712747572014 4.937657886980585E-7
6.487167734532044 2.3894672345600528E-6
6.487167734532044 6.314257397612611E-7
6.487167734532044 5.661773954495636E-7
6.487167734532044 0.0
6.487167734532044 2.622496376364795E-7
6.561615602376265 6.817305267713138E-7
6.561615602376265 8.345284770386229E-7
6.720354601497944 1.5882141736859836E-6
6.720354601497944 1.010714721079853E-6
6.720354601497944 9.714359777945032E-7
6.720354601497944 2.0890116018807882E-7
6.720354601497944 3.678966691592233E-7
6.720354601497944 4.51179174523759E-7
6.720354601497944 4.172516341770148E-7
6.720354601497944 3.630951093330521E-7
6.720354601497944 2.92115056173386E-7
6.720354601497944 7.589510553635386E-7
6.720354601497944 2.92115056173386E-7
6.720354601497944 2.0409960036190754E-7
6.720354601497944 4.506284883246161E-7
6.720354601497944 6.113023625421301E-7
6.720354601497944 4.2018030313644423E-7
6.720354601497944 0.0
6.720354601497944 0.0
6.720354601497944 3.662756073761311E-7
6.76383187154821 1.4061093985211901E-7
6.76383187154821 2.282521729028154E-7
6.794097522222792 5.542065831433045E-8
6.794097522222792 0.0
6.794097522222792 1.3024291378703367E-7
6.794097522222792 0.0
6.794097522222792 0.0
6.794097522222792 7.471130807071692E-8
6.794097522222792 7.471130807071692E-8
6.839677236128478 6.98255005661253E-8
6.839677236128478 9.678643116959638E-8
6.839677236128478 0.0
6.839677236128478 4.780035889265228E-8
6.839677236128478 0.0
6.839677236128478 0.0
6.839677236128478 3.207168948951855E-7
6.839677236128478 3.324316991172746E-7
6.839677236128478 2.9135827693924067E-7
6.8524562218280956 2.1418915944289297E-7
6.8524562218280956 0.0
6.891220327400372 1.471571960325499E-7
6.891220327400372 3.962598163868139E-8
6.891220327400372 1.0256562779865821E-7
6.8918667283538415 3.256708265934149E-7
6.896085684060868 4.79327154705515E-7
6.899430553957244 7.517771521281442E-8
6.899430553957244 4.719167421524683E-8
6.899430553957244 0.0
6.899430553957244 8.906573704426031E-8
6.899430553957244 7.069332575096138E-8
6.899430553957244 1.0732141498422394E-7
6.899430553957244 1.0041884305721794E-7
6.899430553957244 1.282914649883194E-7
6.937138519204698 3.719356491190762E-7
6.940419754122745 3.4843693372417617E-7
6.940419754122745 1.7614813911685598E-7
6.940419754122745 3.729339960028498E-7
6.9485392599634865 3.730330547828891E-7
6.958711544889837 4.897742814815324E-7
6.958711544889837 5.384871798433333E-7
6.958711544889837 5.556386717459232E-7
6.976902072350898 7.555575698821943E-7
6.976902072350898 6.702566702642802E-7
6.976902072350898 8.604046618695986E-7
6.996096803451389 8.251659677731659E-7
6.996096803451389 8.759381566440694E-7
6.996096803451389 6.200040598515688E-7
6.996096803451389 3.437714197101613E-7
6.996096803451389 3.7087721217917584E-7
6.996096803451389 4.2189249515646273E-7
6.996096803451389 4.268131531518681E-7
6.996096803451389 3.2346216796334607E-7
6.996096803451389 3.8875222828575717E-7
7.000167251382292 3.7070481372590606E-7
7.002211454174601 2.6436811636378104E-7
7.004525228085704 2.636821716511312E-7
7.004525228085704 1.8502153129481143E-7
7.007153342446532 1.3884231941976622E-7
7.007153342446532 5.639824758798887E-8
7.007153342446532 7.063800244033264E-8
7.007153342446532 5.4924368771388684E-8
7.014853610931715 1.3957649340460063E-7
7.014853610931715 4.6969918230874404E-8
7.014853610931715 4.9228871466838184E-8
7.014853610931715 6.389994831390065E-8
7.015164964805992 7.198510805600996E-8
7.015164964805992 5.6890755389446804E-8
7.015164964805992 8.16269440270282E-8
7.015164964805992 3.7869676298152617E-8
7.015164964805992 2.1469777891703815E-8
7.015164964805992 2.1602315627841105E-8
7.015164964805992 1.9682096371243316E-8
7.022450643133315 2.5868964339951313E-8
7.022450643133315 4.837855296420023E-8
7.022450643133315 3.780160353301106E-8
7.022450643133315 1.1996970278776553E-8
7.022450643133315 2.5226030929470323E-8
7.022450643133315 1.635707818603357E-8
7.022450643133315 4.622672312858531E-9
7.022450643133315 0.0
7.022450643133315 1.0808191483786479E-8
7.022450643133315 5.127953975323671E-9
7.022450643133315 0.0
7.022450643133315 2.2540413986495977E-9
7.022450643133315 0.0
7.022450643133315 6.077737484382008E-9
7.022450643133315 1.1649792407655785E-8
7.022450643133315 1.0255907950647342E-8
7.022450643133315 1.8402243485328408E-8
7.022450643133315 8.592309715188429E-9
7.022450643133315 0.0
7.022450643133315 0.0
7.022450643133315 0.0
7.022450643133315 0.0
7.022450643133315 0.0
7.022851808400259 4.311776918191311E-9
7.022851808400259 0.0
7.022851808400259 0.0
7.022851808400259 0.0
7.022851808400259 0.0
7.022851808400259 0.0
7.022851808400259 0.0
7.022851808400259 0.0
7.022851808400259 0.0
7.022851808400259 0.0
7.022851808400259 0.0
7.022851808400259 0.0
7.022851808400259 0.0
7.022851808400259 0.0
7.024787767171756 9.880155991828387E-9
7.024787767171756 8.08768619519373E-9
7.024787767171756 0.0
7.024787767171756 4.311776918191311E-9
7.025635128317461 7.934167149420551E-9
7.025635128317461 3.7103008902430926E-9
7.025635128317461 2.3729812406183555E-9
7.025635128317461 0.0
7.025635128317461 4.0259423398750394E-9
7.02831212458236 2.2836298507698726E-9
7.02831212458236 4.818721640278464E-9
7.02831212458236 2.5350917895085907E-9
7.02831212458236 1.979482083493555E-9
7.02831212458236 0.0
7.02831212458236 3.27340831342823E-9
7.02831212458236 0.0
7.02831212458236 3.7103008902430926E-9
7.02831212458236 4.76230248693616E-9
7.02831212458236 3.27340831342823E-9
7.02831212458236 2.3108749325571695E-9
7.02831212458236 2.3108749325571695E-9
7.02831212458236 1.5046042541879784E-8
7.030411202275808 1.2712156655957961E-8
7.030411202275808 1.413222996073421E-8
7.030411202275808 5.572737218512018E-9
7.030411202275808 4.700196178874975E-9
7.030411202275808 1.4035157848903937E-8
7.030411202275808 0.0
7.030411202275808 0.0
7.030411202275808 0.0
7.030411202275808 0.0
7.030411202275808 0.0
7.030411202275808 3.4920298240657644E-9
7.030411202275808 3.4920298240657644E-9
7.030411202275808 3.4920298240657644E-9
7.030411202275808 3.4920298240657644E-9
7.030411202275808 3.4920298240657644E-9
7.030754507511471 2.8877538951707666E-9
7.030754507511471 0.0
7.030754507511471 3.0424578906540134E-9
7.030754507511471 0.0
7.030754507511471 1.7365098672987407E-9
7.032060955932704 7.151443279873594E-10
7.032060955932704 0.0
7.032060955932704 0.0
7.032060955932704 0.0
7.032060955932704 0.0
7.032060955932704 2.027287607210199E-9
7.032060955932704 0.0
7.032060955932704 3.8364495832403346E-9
7.032060955932704 3.6835272961112663E-9
7.032060955932704 0.0
7.032060955932704 1.9311522132349545E-9
7.032060955932704 4.7830611461822085E-9
7.032060955932704 6.800773338793426E-9
7.032060955932704 5.497900001850911E-9
7.032060955932704 0.0
7.032060955932704 2.5667926876338165E-9
7.032220854082701 1.26431979077844E-9
7.032220854082701 0.0
7.032220854082701 0.0
7.032220854082701 0.0
7.032220854082701 0.0
7.032220854082701 0.0
7.032220854082701 0.0
7.032220854082701 0.0
7.032220854082701 0.0
7.032220854082701 0.0
7.032220854082701 0.0
7.032220854082701 0.0
7.032220854082701 0.0
7.032220854082701 0.0
7.032318017841942 1.1082195704940269E-9
7.032318017841942 1.1082195704940269E-9
7.032318017841942 5.371611845813953E-10
7.032318017841942 9.775306461807982E-10
7.03277431247368 1.165253866589934E-9
7.03277431247368 0.0
7.03277431247368 8.030386349479626E-10
7.03277431247368 8.030386349479626E-10
7.03277431247368 0.0
7.03277431247368 0.0
7.03277431247368 0.0
7.033501713841074 6.433732137948979E-10
7.033501713841074 0.0
7.033501713841074 3.898487625063795E-9
7.033501713841074 2.3670423148601955E-9
7.033761461781208 2.149849502097053E-9
7.033761461781208 1.3933359492442086E-9
7.033761461781208 0.0
7.033761461781208 1.7009397108505064E-9
7.033761461781208 1.1512837859079343E-9
7.033761461781208 5.420999789779463E-10
7.033761461781208 6.433732137948979E-10
7.033761461781208 0.0
7.033761461781208 6.157843283251495E-10
7.034204038573021 1.335454560750896E-9
7.034204038573021 1.1512837859079343E-9
7.034204038573021 1.2485731499901883E-9
7.034204038573021 0.0
7.034204038573021 1.1967880214965675E-9
7.034204038573021 1.1967880214965675E-9
7.034361308071823 6.706775161500378E-10
7.034361308071823 0.0
7.034361308071823 6.022825830628048E-10
7.034361308071823 5.78703185491914E-10
7.034361308071823 0.0
7.034361308071823 0.0
7.035099633885745 9.185159487436737E-10
7.035099633885745 2.6364592165693156E-9
7.035099633885745 4.75969882534355E-10
7.035099633885745 2.1717122355900018E-10
7.035099633885745 5.258969469690141E-10
7.035099633885745 2.1664453678859364E-9
7.035099633885745 1.4275794326823466E-9
7.035161590920975 1.9121354235875256E-9
7.035161590920975 1.6340169571803082E-9
7.03537353317508 1.1547651381933315E-9
7.03537353317508 5.097495247089768E-10
7.03537353317508 1.50720031330914E-9
7.03537353317508 6.039430259265483E-10
7.03537353317508 1.5197973525166615E-9
7.03537353317508 1.1201936699689175E-9
7.035802086264241 4.221916239738701E-9
7.035802086264241 3.5095824674886716E-9
7.035802086264241 7.561388478674092E-10
7.035802086264241 6.704999366278119E-10
7.035802086264241 1.1513006422983626E-9
7.035861658528212 1.0682196776261729E-9
7.035861658528212 1.6110564980970695E-9
7.035861658528212 9.517728917119722E-10
7.035861658528212 1.443177990736949E-9
7.035861658528212 7.430032626641222E-10
7.035861658528212 7.069547708716641E-10
7.035861658528212 9.129172429151546E-10
7.035861658528212 6.697872008858751E-10
7.035861658528212 6.697872008858751E-10
7.035861658528212 8.611060068944094E-10
7.035861658528212 5.034176639878574E-10
7.035892751456803 4.843141184619348E-10
7.035892751456803 5.976160406973429E-10
7.035892751456803 0.0
7.035892751456803 0.0
7.036416226499597 5.104645417619847E-10
7.036416226499597 1.7491700894581957E-10
7.036416226499597 3.842177927001479E-10
7.036416226499597 0.0
7.036416226499597 0.0
7.036416226499597 6.406559901835057E-10
7.036416226499597 2.737933104196245E-10
7.036416226499597 2.737933104196245E-10
7.036416226499597 4.928853923274229E-10
7.036416226499597 1.7955870131565912E-10
7.036649899744728 4.5255135944846674E-10
7.03667672183114 8.755810317642983E-10
7.03667672183114 3.8734905250546387E-10
7.03667672183114 2.702377529476015E-10
7.03667672183114 4.2019010295565504E-10
7.03667672183114 5.176364613361569E-10
7.03667672183114 3.7079448280893297E-10
7.0367402715783145 3.8710668974793543E-10
7.0367607487491455 9.119371611182554E-11
7.0367607487491455 9.119371611182554E-11
7.0367607487491455 0.0
7.0367607487491455 2.6111651874284365E-10
7.0367607487491455 9.49787868125123E-11
7.0367607487491455 1.911664876754778E-10
7.036881207877995 5.241053493162495E-10
7.036881207877995 2.0822784153978116E-10
7.036881207877995 3.305571902993422E-10
7.036881207877995 4.5692810767382284E-10
7.036881207877995 6.824900166598277E-10
7.036881207877995 5.520746395230525E-10
7.036908259891385 7.932358250468175E-10
7.036908259891385 1.037776284194271E-9
7.036941870734407 9.701989828005815E-10
7.03700440044996 1.1274256130337484E-9
7.03700440044996 1.0941876734073936E-9
7.03700440044996 1.2897143243398805E-9
7.03700440044996 1.4414147803231047E-9
7.03700440044996 1.1508499154527502E-9
7.03700440044996 7.654562659521526E-10
7.03700440044996 4.99315746738348E-10
7.037009337253593 6.195463651838797E-10
7.0370128744348905 5.985218282643124E-10
7.0370128744348905 4.52194360521405E-10
7.0370128744348905 4.1969324962625837E-10
7.037021560297813 6.927219664617505E-10
7.037021560297813 1.0398093725037947E-9
7.037021560297813 6.224092475722507E-10
7.037021560297813 4.2128759615558883E-10
7.037038433248925 2.2805014659083564E-10
7.037038433248925 1.2043029778184752E-10
7.037038433248925 4.883289322972805E-11
7.0370537284903865 1.569590027530341E-10
7.037084216931335 2.0150441744468008E-10
7.037084216931335 2.3479122987142534E-10
7.037084216931335 2.9824046721938307E-10
7.037090265202563 3.10954757694855E-10
7.037090265202563 2.997249471584256E-10
7.037090265202563 2.437503513774166E-10
7.037090265202563 1.8807007366502624E-10
7.037090265202563 2.858815235799607E-10
7.037090265202563 2.9226661504244924E-10
7.037090265202563 4.1971511446960184E-10
7.037090265202563 4.468162443657371E-10
7.037090265202563 3.7790128439563227E-10
7.037090265202563 4.190744619746171E-10
7.03709739441361 3.916507322325763E-10
7.03709739441361 2.739027712333767E-10
7.03709739441361 1.4409493190155033E-10
7.03709739441361 8.830120782026776E-11
7.03709739441361 4.761768922917381E-11
7.03709739441361 1.462373825487508E-11
7.03709739441361 1.900850648909065E-11
7.03709739441361 7.972552816648832E-12
7.03709739441361 0.0
7.037097685853651 5.683249125074115E-12
7.0371102362552564 7.587602091730039E-12
7.0371102362552564 2.4009592722139796E-11
7.0371102362552564 1.9466695333277522E-11
7.0371102362552564 2.557123348352326E-11
7.037115525931008 2.4493496590756437E-11
7.037115525931008 4.5155673159150105E-11
7.037115525931008 3.046480557061933E-11
7.037119373698051 3.820952238294579E-11
7.037119373698051 7.03598603541706E-11
7.037119373698051 9.170447107896012E-11
7.037119373698051 8.166278407684614E-11
7.037121103868498 1.2404397424768287E-10
7.037124621633418 1.4217756629472404E-10
7.037124621633418 1.4398574358325117E-10
7.037126971846487 1.4481849352364371E-10
7.037126971846487 1.0693878574166165E-10
7.037126971846487 8.997583710606955E-11
7.037127055059992 6.420671042204849E-11
7.037127055059992 8.063986448380373E-11
7.037127055059992 6.876510788646281E-11
7.037130225933835 9.498521871852798E-11
7.037130225933835 6.107899608596571E-11
7.037130225933835 5.839982338101258E-11
7.037131632159509 6.443409098896171E-11
7.037131632159509 5.477541628308363E-11
7.037131632159509 5.0288648803204385E-11
7.037131632159509 4.885263578004554E-11
7.037131632159509 3.98617454781944E-11
7.037131632159509 3.0839491933454306E-11
7.037131632159509 2.482573926357503E-11
Score: 7.037131632159509
Runtime: 32362ms
